#   index    LocalEnergy         LocalEnergy_sq      LocalPotential      Kinetic             ElecElec            IonElec             BlockWeight         BlockCPU            AcceptRatio         
         0   -7.3669911456e+00    5.7283792258e+01   -1.4382297517e+01    7.0153063710e+00    2.7525998904e+00   -1.7134897407e+01    3.0000000000e+03    2.6098687800e-01    6.3893750000e-01
         1   -7.4477604468e+00    5.6934064968e+01   -1.4877300177e+01    7.4295397306e+00    2.7461967833e+00   -1.7623496961e+01    3.0000000000e+03    2.5152568900e-01    6.3840625000e-01
         2   -7.3904311057e+00    5.6911954743e+01   -1.4510595699e+01    7.1201645932e+00    2.7748794203e+00   -1.7285475119e+01    3.0000000000e+03    2.4293168200e-01    6.3567708333e-01
         3   -7.3519953977e+00    5.6687165731e+01   -1.4815233928e+01    7.4632385308e+00    2.7927432194e+00   -1.7607977148e+01    3.0000000000e+03    2.2757536600e-01    6.3782291667e-01
         4   -7.4040186557e+00    5.6847199882e+01   -1.4297914833e+01    6.8938961777e+00    2.7476293315e+00   -1.7045544165e+01    3.0000000000e+03    2.3165037400e-01    6.4166666667e-01
         5   -7.4087767761e+00    5.6765641333e+01   -1.5159022808e+01    7.7502460324e+00    2.7833949298e+00   -1.7942417738e+01    3.0000000000e+03    2.9364447600e-01    6.3918750000e-01
         6   -7.3999066259e+00    5.7091083497e+01   -1.4970207025e+01    7.5703003989e+00    2.7805357085e+00   -1.7750742733e+01    3.0000000000e+03    2.8811573200e-01    6.3811458333e-01
         7   -7.3487157984e+00    5.6028169974e+01   -1.4253134570e+01    6.9044187714e+00    2.7805052561e+00   -1.7033639826e+01    3.0000000000e+03    2.3407109400e-01    6.4334375000e-01
         8   -7.4052978634e+00    5.8872781639e+01   -1.5073313729e+01    7.6680158658e+00    2.8209983913e+00   -1.7894312121e+01    3.0000000000e+03    2.4573772300e-01    6.3884375000e-01
         9   -7.3492173830e+00    5.9965072497e+01   -1.4577453011e+01    7.2282356277e+00    2.8170549803e+00   -1.7394507991e+01    3.0000000000e+03    2.2447002600e-01    6.4117708333e-01
        10   -7.3513179540e+00    5.6191190270e+01   -1.4145219843e+01    6.7939018886e+00    2.7704815838e+00   -1.6915701426e+01    3.0000000000e+03    2.2074819700e-01    6.4266666667e-01
        11   -7.4157890912e+00    5.8702309453e+01   -1.5179534930e+01    7.7637458392e+00    2.7356598114e+00   -1.7915194742e+01    3.0000000000e+03    2.2015812900e-01    6.3928125000e-01
        12   -7.4968779196e+00    5.7805450798e+01   -1.4544675030e+01    7.0477971101e+00    2.7284727318e+00   -1.7273147761e+01    3.0000000000e+03    2.3867217700e-01    6.4287500000e-01
        13   -7.1757684229e+00    7.0304259951e+01   -1.5337076948e+01    8.1613085248e+00    2.9200233250e+00   -1.8257100273e+01    3.0000000000e+03    2.2123128600e-01    6.3727083333e-01
        14   -7.3985857619e+00    5.7139988780e+01   -1.4332731447e+01    6.9341456848e+00    2.7031763615e+00   -1.7035907808e+01    3.0000000000e+03    2.2222632500e-01    6.3979166667e-01
        15   -7.3803227065e+00    5.6573777599e+01   -1.4813121458e+01    7.4327987517e+00    2.7150886583e+00   -1.7528210117e+01    3.0000000000e+03    2.2581174300e-01    6.4102083333e-01
        16   -7.4558722707e+00    5.7429855939e+01   -1.4449119214e+01    6.9932469434e+00    2.7835382456e+00   -1.7232657460e+01    3.0000000000e+03    2.2050165200e-01    6.3916666667e-01
        17   -7.4270177703e+00    5.8054999907e+01   -1.5507569948e+01    8.0805521775e+00    2.7157060557e+00   -1.8223276004e+01    3.0000000000e+03    2.3680988400e-01    6.3862500000e-01
        18   -7.3573798412e+00    5.6795672542e+01   -1.4616906814e+01    7.2595269729e+00    2.7669017702e+00   -1.7383808584e+01    3.0000000000e+03    2.2352910300e-01    6.3834375000e-01
        19   -7.4204297092e+00    5.7332264065e+01   -1.4828432319e+01    7.4080026098e+00    2.7058971697e+00   -1.7534329489e+01    3.0000000000e+03    2.1975260100e-01    6.4327083333e-01
        20   -7.5858524266e+00    6.0729707418e+01   -1.4970538884e+01    7.3846864570e+00    2.7070529853e+00   -1.7677591869e+01    3.0000000000e+03    2.2284289400e-01    6.3760416667e-01
        21   -7.2819279554e+00    5.6087029715e+01   -1.4721800555e+01    7.4398725995e+00    2.6988156696e+00   -1.7420616224e+01    3.0000000000e+03    2.4277853500e-01    6.3994791667e-01
        22   -7.3866118103e+00    5.6727462322e+01   -1.4697586145e+01    7.3109743346e+00    2.7740970377e+00   -1.7471683182e+01    3.0000000000e+03    2.1998434300e-01    6.3912500000e-01
        23   -7.4347843938e+00    5.7136015356e+01   -1.4496374018e+01    7.0615896240e+00    2.6755436909e+00   -1.7171917709e+01    3.0000000000e+03    2.3657224100e-01    6.4290625000e-01
        24   -7.3855372300e+00    5.6754574477e+01   -1.4938934430e+01    7.5533972002e+00    2.7564059327e+00   -1.7695340363e+01    3.0000000000e+03    2.2441337800e-01    6.3957291667e-01
        25   -7.3820449697e+00    5.8101221282e+01   -1.5177774947e+01    7.7957299769e+00    2.7629388851e+00   -1.7940713832e+01    3.0000000000e+03    2.3307608400e-01    6.3860416667e-01
        26   -7.4015700565e+00    5.7020409330e+01   -1.5691177178e+01    8.2896071217e+00    2.7730830630e+00   -1.8464260241e+01    3.0000000000e+03    2.1927858100e-01    6.3788541667e-01
        27   -7.2395024319e+00    5.6685705710e+01   -1.6106894749e+01    8.8673923176e+00    2.8540672245e+00   -1.8960961974e+01    3.0000000000e+03    2.2922829000e-01    6.3421875000e-01
        28   -7.4615667445e+00    5.7522832092e+01   -1.4795708882e+01    7.3341421373e+00    2.7519280467e+00   -1.7547636928e+01    3.0000000000e+03    2.2124582100e-01    6.4051041667e-01
        29   -7.4542677035e+00    5.7452165138e+01   -1.4543639081e+01    7.0893713773e+00    2.7379165760e+00   -1.7281555657e+01    3.0000000000e+03    2.4024255900e-01    6.4151041667e-01
        30   -7.4105154340e+00    5.7117665491e+01   -1.4552359365e+01    7.1418439307e+00    2.6957839445e+00   -1.7248143309e+01    3.0000000000e+03    2.2736533300e-01    6.4361458333e-01
        31   -7.4223827981e+00    5.6308251428e+01   -1.4445702304e+01    7.0233195057e+00    2.7110139208e+00   -1.7156716225e+01    3.0000000000e+03    2.2208933400e-01    6.4072916667e-01
        32   -7.4512602857e+00    5.6447117642e+01   -1.3817908886e+01    6.3666486004e+00    2.6405206253e+00   -1.6458429511e+01    3.0000000000e+03    2.1735590800e-01    6.4278125000e-01
        33   -7.5236445887e+00    6.0330707168e+01   -1.5732746068e+01    8.2091014791e+00    2.7645504130e+00   -1.8497296481e+01    3.0000000000e+03    2.4629411300e-01    6.3850000000e-01
        34   -7.3211849493e+00    5.6014544739e+01   -1.4156062084e+01    6.8348771347e+00    2.8031619467e+00   -1.6959224031e+01    3.0000000000e+03    2.2301203400e-01    6.4123958333e-01
        35   -7.3781409424e+00    5.6033076509e+01   -1.4486970204e+01    7.1088292618e+00    2.7733899382e+00   -1.7260360142e+01    3.0000000000e+03    2.3060006300e-01    6.3942708333e-01
        36   -7.3906359904e+00    5.7476874514e+01   -1.4560390337e+01    7.1697543462e+00    2.7402205420e+00   -1.7300610879e+01    3.0000000000e+03    2.2694624500e-01    6.4075000000e-01
        37   -7.3915212885e+00    5.6207044659e+01   -1.4531343338e+01    7.1398220500e+00    2.7201400135e+00   -1.7251483352e+01    3.0000000000e+03    2.4456786700e-01    6.4228125000e-01
        38   -7.1885890443e+00    5.6612695793e+01   -1.6905680819e+01    9.7170917748e+00    2.8444144869e+00   -1.9750095306e+01    3.0000000000e+03    2.4211827500e-01    6.3917708333e-01
        39   -7.4270470561e+00    5.7102188810e+01   -1.4317334886e+01    6.8902878297e+00    2.7174290397e+00   -1.7034763925e+01    3.0000000000e+03    2.2499882300e-01    6.4018750000e-01
        40   -7.4509263549e+00    5.8107072289e+01   -1.5082684046e+01    7.6317576915e+00    2.7376893845e+00   -1.7820373431e+01    3.0000000000e+03    2.4044314500e-01    6.3944791667e-01
        41   -7.3285638588e+00    5.6384234523e+01   -1.5125665456e+01    7.7971015976e+00    2.7916600784e+00   -1.7917325535e+01    3.0000000000e+03    2.4003402200e-01    6.3830208333e-01
        42   -7.3183384761e+00    5.5664816868e+01   -1.4214942354e+01    6.8966038779e+00    2.6984788802e+00   -1.6913421234e+01    3.0000000000e+03    2.3709868100e-01    6.4166666667e-01
        43   -7.4714156649e+00    5.8300780318e+01   -1.5198668886e+01    7.7272532212e+00    2.8044486065e+00   -1.8003117493e+01    3.0000000000e+03    2.4063296300e-01    6.3697916667e-01
        44   -7.4940270539e+00    6.0992296762e+01   -1.4801479570e+01    7.3074525165e+00    2.8135693540e+00   -1.7615048924e+01    3.0000000000e+03    2.3370519300e-01    6.3777083333e-01
        45   -7.3346597683e+00    5.6572057119e+01   -1.4402229440e+01    7.0675696719e+00    2.7218792998e+00   -1.7124108740e+01    3.0000000000e+03    2.5362384100e-01    6.4132291667e-01
        46   -7.3901117939e+00    5.6647714815e+01   -1.4775803778e+01    7.3856919838e+00    2.7862584459e+00   -1.7562062224e+01    3.0000000000e+03    2.3130510700e-01    6.3818750000e-01
        47   -7.3391416985e+00    5.7616246302e+01   -1.5119749273e+01    7.7806075745e+00    2.7669866821e+00   -1.7886735955e+01    3.0000000000e+03    2.3177659800e-01    6.4117708333e-01
        48   -7.3685179375e+00    5.7129346442e+01   -1.5352463471e+01    7.9839455331e+00    2.7759152420e+00   -1.8128378713e+01    3.0000000000e+03    2.4744613000e-01    6.3698958333e-01
        49   -7.3906306426e+00    5.7222972934e+01   -1.4953578179e+01    7.5629475365e+00    2.7941005640e+00   -1.7747678743e+01    3.0000000000e+03    2.5183246400e-01    6.3888541667e-01
        50   -7.3801575887e+00    5.6956413144e+01   -1.4071609303e+01    6.6914517144e+00    2.7690790321e+00   -1.6840688335e+01    3.0000000000e+03    2.7271633700e-01    6.4244791667e-01
        51   -7.2789422453e+00    5.6734198218e+01   -1.5152635120e+01    7.8736928743e+00    2.7395938317e+00   -1.7892228951e+01    3.0000000000e+03    2.7169663900e-01    6.4058333333e-01
        52   -7.4136091733e+00    5.6529729237e+01   -1.4336566238e+01    6.9229570650e+00    2.7571747871e+00   -1.7093741025e+01    3.0000000000e+03    2.3197543300e-01    6.3967708333e-01
        53   -7.4145847041e+00    5.7777215530e+01   -1.5109583942e+01    7.6949992382e+00    2.7437660627e+00   -1.7853350005e+01    3.0000000000e+03    2.3244308300e-01    6.3950000000e-01
        54   -7.3846088391e+00    5.6365833679e+01   -1.4428739751e+01    7.0441309118e+00    2.7755886149e+00   -1.7204328366e+01    3.0000000000e+03    2.2517363100e-01    6.4101041667e-01
        55   -7.3985747169e+00    5.6842744131e+01   -1.4523418164e+01    7.1248434476e+00    2.7808016184e+00   -1.7304219783e+01    3.0000000000e+03    2.2191241700e-01    6.4057291667e-01
        56   -7.4496746521e+00    5.7477446920e+01   -1.4659907079e+01    7.2102324270e+00    2.8052927327e+00   -1.7465199812e+01    3.0000000000e+03    2.3040604000e-01    6.3860416667e-01
        57   -7.3960975900e+00    5.6259704663e+01   -1.4335264413e+01    6.9391668229e+00    2.7542768204e+00   -1.7089541233e+01    3.0000000000e+03    2.4342497900e-01    6.3907291667e-01
        58   -7.3403683716e+00    5.5839943560e+01   -1.4111814000e+01    6.7714456287e+00    2.7952021245e+00   -1.6907016125e+01    3.0000000000e+03    2.3038954300e-01    6.4036458333e-01
        59   -7.4107396745e+00    5.6638835666e+01   -1.3909786144e+01    6.4990464700e+00    2.7041949470e+00   -1.6613981091e+01    3.0000000000e+03    2.3128138700e-01    6.4178125000e-01
        60   -7.3858077993e+00    5.6898464825e+01   -1.4612368606e+01    7.2265608063e+00    2.7074416724e+00   -1.7319810278e+01    3.0000000000e+03    2.2746953600e-01    6.4525000000e-01
        61   -7.3765290422e+00    5.6844237530e+01   -1.4720707351e+01    7.3441783085e+00    2.6974844377e+00   -1.7418191788e+01    3.0000000000e+03    2.5299212000e-01    6.4079166667e-01
        62   -7.3517428562e+00    5.7175958898e+01   -1.4523035175e+01    7.1712923185e+00    2.8648022306e+00   -1.7387837405e+01    3.0000000000e+03    2.3159095600e-01    6.3878125000e-01
        63   -7.4418969295e+00    5.7826370378e+01   -1.4565953049e+01    7.1240561191e+00    2.6673856409e+00   -1.7233338689e+01    3.0000000000e+03    2.3493282800e-01    6.4483333333e-01
        64   -7.3716208629e+00    5.6632179385e+01   -1.4841559389e+01    7.4699385265e+00    2.7409447745e+00   -1.7582504164e+01    3.0000000000e+03    2.3877252500e-01    6.3776041667e-01
        65   -7.3067041065e+00    5.6138692040e+01   -1.4823570545e+01    7.5168664382e+00    2.8046742464e+00   -1.7628244791e+01    3.0000000000e+03    2.5470791000e-01    6.4228125000e-01
        66   -7.3788248169e+00    5.6030311983e+01   -1.4872075298e+01    7.4932504813e+00    2.8416700555e+00   -1.7713745354e+01    3.0000000000e+03    2.6254053700e-01    6.3617708333e-01
        67   -7.3058433320e+00    5.6752835559e+01   -1.5127856967e+01    7.8220136353e+00    2.8394973223e+00   -1.7967354290e+01    3.0000000000e+03    2.6615568200e-01    6.3657291667e-01
        68   -7.4441373931e+00    5.8276024734e+01   -1.5348956596e+01    7.9048192029e+00    2.8208911352e+00   -1.8169847731e+01    3.0000000000e+03    2.2212882900e-01    6.3691666667e-01
        69   -7.4231903478e+00    5.6587939723e+01   -1.4092290308e+01    6.6690999604e+00    2.7239337121e+00   -1.6816224020e+01    3.0000000000e+03    2.5393683700e-01    6.4043750000e-01
        70   -7.4274645734e+00    5.7794810313e+01   -1.5376410475e+01    7.9489459013e+00    2.6783099116e+00   -1.8054720386e+01    3.0000000000e+03    2.5364993600e-01    6.3834375000e-01
        71   -7.3604725190e+00    5.6109795574e+01   -1.4273125358e+01    6.9126528386e+00    2.8041135867e+00   -1.7077238944e+01    3.0000000000e+03    2.2947125800e-01    6.3362500000e-01
        72   -7.4666965970e+00    5.7436235591e+01   -1.4201586637e+01    6.7348900401e+00    2.7149501151e+00   -1.6916536752e+01    3.0000000000e+03    2.3089971600e-01    6.4142708333e-01
        73   -7.4388347739e+00    5.7156119919e+01   -1.4386040654e+01    6.9472058797e+00    2.7401294255e+00   -1.7126170079e+01    3.0000000000e+03    2.5829908400e-01    6.3737500000e-01
        74   -7.3126162512e+00    5.6052495002e+01   -1.5057974484e+01    7.7453582332e+00    2.8607908767e+00   -1.7918765361e+01    3.0000000000e+03    2.5260269800e-01    6.3346875000e-01
        75   -7.4072172472e+00    5.7927818144e+01   -1.4360581597e+01    6.9533643500e+00    2.6850554837e+00   -1.7045637081e+01    3.0000000000e+03    2.3767142900e-01    6.4090625000e-01
        76   -7.5196737086e+00    5.8267651129e+01   -1.4712977951e+01    7.1933042426e+00    2.7085866814e+00   -1.7421564633e+01    3.0000000000e+03    2.2081773800e-01    6.3985416667e-01
        77   -7.4463691673e+00    5.7050694300e+01   -1.4356566559e+01    6.9101973913e+00    2.6395065363e+00   -1.6996073095e+01    3.0000000000e+03    2.3850216300e-01    6.4331250000e-01
        78   -9.9581402472e+00    1.0146888803e+03   -1.8422962033e+01    8.4648217855e+00    2.8076412887e+00   -2.1230603321e+01    3.0000000000e+03    2.2406415400e-01    6.4088541667e-01
        79   -7.2719078125e+00    6.5061177691e+01   -1.5415327933e+01    8.1434201201e+00    2.8868634356e+00   -1.8302191368e+01    3.0000000000e+03    2.1635283400e-01    6.3578125000e-01
        80   -7.3758851741e+00    5.6071856102e+01   -1.4753734116e+01    7.3778489416e+00    2.7503190839e+00   -1.7504053200e+01    3.0000000000e+03    2.2340270100e-01    6.4016666667e-01
        81   -7.4178489264e+00    5.9200263638e+01   -1.5131619405e+01    7.7137704783e+00    2.8146375574e+00   -1.7946256962e+01    3.0000000000e+03    2.7482697500e-01    6.3677083333e-01
        82   -7.4413301477e+00    5.7400278753e+01   -1.4803796024e+01    7.3624658763e+00    2.7487128948e+00   -1.7552508919e+01    3.0000000000e+03    2.2335156000e-01    6.3889583333e-01
        83   -7.3035255767e+00    5.5784596834e+01   -1.4347726829e+01    7.0442012520e+00    2.7547966624e+00   -1.7102523491e+01    3.0000000000e+03    2.3119870100e-01    6.4093750000e-01
        84   -7.5058525335e+00    5.8028213085e+01   -1.4145987279e+01    6.6401347457e+00    2.6794176319e+00   -1.6825404911e+01    3.0000000000e+03    2.2659465800e-01    6.4301041667e-01
        85   -7.3781879418e+00    5.8252757361e+01   -1.4958472487e+01    7.5802845451e+00    2.8372649098e+00   -1.7795737397e+01    3.0000000000e+03    2.7873709600e-01    6.4041666667e-01
        86   -7.3417811213e+00    5.6203413851e+01   -1.4166163285e+01    6.8243821634e+00    2.7637077788e+00   -1.6929871063e+01    3.0000000000e+03    2.9961474800e-01    6.4181250000e-01
        87   -7.4573388329e+00    5.7240546536e+01   -1.3752451770e+01    6.2951129375e+00    2.6736046845e+00   -1.6426056455e+01    3.0000000000e+03    2.9959322300e-01    6.4105208333e-01
        88   -7.3783659126e+00    5.6940625470e+01   -1.5081103238e+01    7.7027373259e+00    2.7371297942e+00   -1.7818233033e+01    3.0000000000e+03    2.9417202400e-01    6.4292708333e-01
        89   -7.3591784384e+00    5.6833407241e+01   -1.4826387063e+01    7.4672086244e+00    2.7853184640e+00   -1.7611705527e+01    3.0000000000e+03    2.2459422100e-01    6.4079166667e-01
        90   -7.3350760719e+00    5.7392106225e+01   -1.5199358754e+01    7.8642826820e+00    2.7788507230e+00   -1.7978209477e+01    3.0000000000e+03    2.3851072900e-01    6.3532291667e-01
        91   -7.4018370524e+00    6.0596064366e+01   -1.5188657144e+01    7.7868200911e+00    2.8012991515e+00   -1.7989956295e+01    3.0000000000e+03    2.5297261200e-01    6.3993750000e-01
        92   -7.3867805520e+00    5.8047106643e+01   -1.5685317431e+01    8.2985368795e+00    2.6963479807e+00   -1.8381665412e+01    3.0000000000e+03    2.5873626700e-01    6.3880208333e-01
        93   -7.3997257039e+00    5.6753300740e+01   -1.5159343402e+01    7.7596176984e+00    2.7806539483e+00   -1.7939997351e+01    3.0000000000e+03    2.2139908300e-01    6.4080208333e-01
        94   -7.4177437701e+00    5.7372804773e+01   -1.5111997294e+01    7.6942535243e+00    2.7904012878e+00   -1.7902398582e+01    3.0000000000e+03    2.1986150900e-01    6.3675000000e-01
        95   -7.4035914185e+00    5.7577225757e+01   -1.5041661464e+01    7.6380700457e+00    2.7650456329e+00   -1.7806707097e+01    3.0000000000e+03    2.2440393400e-01    6.4090625000e-01
        96   -7.3895902523e+00    5.5965593327e+01   -1.4395621299e+01    7.0060310467e+00    2.7452685980e+00   -1.7140889897e+01    3.0000000000e+03    2.3536083300e-01    6.4076041667e-01
        97   -7.4123387503e+00    5.7520543161e+01   -1.5152898257e+01    7.7405595062e+00    2.7221741800e+00   -1.7875072437e+01    3.0000000000e+03    2.1781948700e-01    6.3741666667e-01
        98   -7.4764268294e+00    5.8141575670e+01   -1.4966355531e+01    7.4899287013e+00    2.8066714590e+00   -1.7773026990e+01    3.0000000000e+03    2.2374534000e-01    6.3747916667e-01
        99   -7.4882024902e+00    5.8047049966e+01   -1.4495521147e+01    7.0073186566e+00    2.6982600887e+00   -1.7193781235e+01    3.0000000000e+03    2.2235438600e-01    6.3950000000e-01
       100   -7.2510508763e+00    5.6502329612e+01   -1.4614837032e+01    7.3637861559e+00    2.7567008248e+00   -1.7371537857e+01    3.0000000000e+03    2.4270916200e-01    6.3857291667e-01
       101   -7.4155487958e+00    5.6719539886e+01   -1.4692742443e+01    7.2771936469e+00    2.7223536169e+00   -1.7415096060e+01    3.0000000000e+03    2.3636533400e-01    6.3977083333e-01
       102   -7.2946315938e+00    5.5008046288e+01   -1.4439000943e+01    7.1443693488e+00    2.7367687520e+00   -1.7175769695e+01    3.0000000000e+03    2.3674872500e-01    6.4158333333e-01
       103   -7.4589226066e+00    5.8898393989e+01   -1.6349471316e+01    8.8905487091e+00    2.7683391839e+00   -1.9117810500e+01    3.0000000000e+03    2.3255809800e-01    6.3784375000e-01
       104   -7.3190241646e+00    5.6768870128e+01   -1.5041844567e+01    7.7228204021e+00    2.8013777915e+00   -1.7843222358e+01    3.0000000000e+03    2.2559448000e-01    6.4061458333e-01
       105   -7.4713627221e+00    5.7381529294e+01   -1.4120315344e+01    6.6489526214e+00    2.7056062500e+00   -1.6825921594e+01    3.0000000000e+03    2.5883703000e-01    6.4171875000e-01
       106   -7.3976729961e+00    5.8636389244e+01   -1.4440000304e+01    7.0423273076e+00    2.8167290326e+00   -1.7256729336e+01    3.0000000000e+03    2.3104137600e-01    6.3934375000e-01
       107   -7.3508855379e+00    5.7104040840e+01   -1.5463520572e+01    8.1126350337e+00    2.8289669015e+00   -1.8292487473e+01    3.0000000000e+03    2.1845904900e-01    6.3593750000e-01
       108   -7.4382742376e+00    5.7294490229e+01   -1.4509518415e+01    7.0712441773e+00    2.7196357272e+00   -1.7229154142e+01    3.0000000000e+03    2.3551633400e-01    6.4218750000e-01
       109   -7.4607692493e+00    5.7806716889e+01   -1.5103836597e+01    7.6430673478e+00    2.7438738241e+00   -1.7847710421e+01    3.0000000000e+03    2.2954808500e-01    6.3871875000e-01
       110   -7.4458628159e+00    5.7942258348e+01   -1.5688947793e+01    8.2430849768e+00    2.8347966449e+00   -1.8523744438e+01    3.0000000000e+03    2.2620690300e-01    6.3246875000e-01
       111   -7.4149986834e+00    5.7998262001e+01   -1.4605953269e+01    7.1909545852e+00    2.7888423374e+00   -1.7394795606e+01    3.0000000000e+03    2.3380836400e-01    6.4034375000e-01
       112   -7.4092338981e+00    5.6677633627e+01   -1.4746538694e+01    7.3373047957e+00    2.7970006795e+00   -1.7543539373e+01    3.0000000000e+03    2.2658807700e-01    6.3877083333e-01
       113   -7.3966131543e+00    5.6905113192e+01   -1.4031027338e+01    6.6344141838e+00    2.7166270406e+00   -1.6747654379e+01    3.0000000000e+03    2.4380034500e-01    6.4397916667e-01
       114   -7.3369308029e+00    5.6604090603e+01   -1.5178810419e+01    7.8418796164e+00    2.8323287470e+00   -1.8011139166e+01    3.0000000000e+03    2.1864554200e-01    6.3662500000e-01
       115   -7.4800908114e+00    5.7655083748e+01   -1.4521526506e+01    7.0414356947e+00    2.6749687689e+00   -1.7196495275e+01    3.0000000000e+03    2.3861553500e-01    6.3901041667e-01
       116   -7.3910514901e+00    5.7099269409e+01   -1.5118272238e+01    7.7272207475e+00    2.7184763914e+00   -1.7836748629e+01    3.0000000000e+03    2.3833375900e-01    6.3900000000e-01
       117   -7.4052299953e+00    5.6569092239e+01   -1.4030684646e+01    6.6254546510e+00    2.7252750680e+00   -1.6755959714e+01    3.0000000000e+03    2.6814660600e-01    6.4035416667e-01
       118   -7.4359096778e+00    5.6622784937e+01   -1.3784484025e+01    6.3485743472e+00    2.6794555017e+00   -1.6463939527e+01    3.0000000000e+03    2.4756531900e-01    6.4458333333e-01
       119   -7.3084436010e+00    5.7038926888e+01   -1.4971730800e+01    7.6632871987e+00    2.8170036705e+00   -1.7788734470e+01    3.0000000000e+03    2.4379519500e-01    6.3855208333e-01
       120   -7.3211393251e+00    5.6587124573e+01   -1.4867549995e+01    7.5464106702e+00    2.7066621486e+00   -1.7574212144e+01    3.0000000000e+03    2.6871783500e-01    6.4247916667e-01
       121   -7.4210486469e+00    5.7928116369e+01   -1.5043779310e+01    7.6227306633e+00    2.7423475348e+00   -1.7786126845e+01    3.0000000000e+03    2.5434226400e-01    6.3910416667e-01
       122   -7.4333821652e+00    5.7161397470e+01   -1.4316394959e+01    6.8830127933e+00    2.7380702296e+00   -1.7054465188e+01    3.0000000000e+03    2.3337749800e-01    6.4107291667e-01
       123   -7.4976632070e+00    7.4261334155e+01   -1.5436293264e+01    7.9386300569e+00    2.7673277207e+00   -1.8203620984e+01    3.0000000000e+03    2.4903392800e-01    6.3819791667e-01
       124   -7.4108737828e+00    5.6422161863e+01   -1.4597457323e+01    7.1865835401e+00    2.7235401456e+00   -1.7320997469e+01    3.0000000000e+03    2.4292280100e-01    6.3942708333e-01
       125   -7.4527190740e+00    5.7530650656e+01   -1.4632516087e+01    7.1797970126e+00    2.7600528045e+00   -1.7392568891e+01    3.0000000000e+03    2.8202697600e-01    6.4022916667e-01
       126   -7.4684879489e+00    5.7331240566e+01   -1.4538030830e+01    7.0695428811e+00    2.7664394810e+00   -1.7304470311e+01    3.0000000000e+03    2.5390689800e-01    6.3962500000e-01
       127   -7.4484564558e+00    5.7321003475e+01   -1.4744590694e+01    7.2961342383e+00    2.7445764629e+00   -1.7489167157e+01    3.0000000000e+03    2.2687049300e-01    6.4163541667e-01
       128   -7.3368918923e+00    5.5707632532e+01   -1.3958257442e+01    6.6213655496e+00    2.6669366442e+00   -1.6625194086e+01    3.0000000000e+03    2.3211288100e-01    6.4395833333e-01
       129   -7.4542385736e+00    5.7447672150e+01   -1.4728689669e+01    7.2744510953e+00    2.8134016622e+00   -1.7542091331e+01    3.0000000000e+03    2.2685445100e-01    6.3630208333e-01
       130   -7.4265196095e+00    5.7237272197e+01   -1.4324366120e+01    6.8978465105e+00    2.7732869851e+00   -1.7097653105e+01    3.0000000000e+03    2.5730429300e-01    6.4054166667e-01
       131   -7.2118651669e+00    5.5908123438e+01   -1.5169097984e+01    7.9572328170e+00    2.8378505060e+00   -1.8006948490e+01    3.0000000000e+03    2.6862944900e-01    6.3614583333e-01
       132   -7.4523929675e+00    5.7720322254e+01   -1.4204036339e+01    6.7516433719e+00    2.7551422593e+00   -1.6959178599e+01    3.0000000000e+03    2.5396074800e-01    6.4062500000e-01
       133   -7.3110381242e+00    5.6034764154e+01   -1.5231088639e+01    7.9200505153e+00    2.7891764209e+00   -1.8020265060e+01    3.0000000000e+03    2.2251505000e-01    6.3807291667e-01
       134   -7.3488389057e+00    5.5795674844e+01   -1.4674832954e+01    7.3259940479e+00    2.7528689447e+00   -1.7427701898e+01    3.0000000000e+03    2.2167785300e-01    6.3753125000e-01
       135   -7.3859404228e+00    5.7215491261e+01   -1.4473826371e+01    7.0878859481e+00    2.7712588712e+00   -1.7245085242e+01    3.0000000000e+03    2.3336066900e-01    6.3969791667e-01
       136   -7.4110051092e+00    5.6612563803e+01   -1.4102311399e+01    6.6913062897e+00    2.7775341881e+00   -1.6879845587e+01    3.0000000000e+03    2.4398839900e-01    6.4359375000e-01
       137   -7.3278627257e+00    5.6045195698e+01   -1.4791265444e+01    7.4634027180e+00    2.7332385059e+00   -1.7524503950e+01    3.0000000000e+03    2.4942581700e-01    6.3928125000e-01
       138   -7.3391208332e+00    5.9125653436e+01   -1.4552019720e+01    7.2128988866e+00    2.8100429766e+00   -1.7362062696e+01    3.0000000000e+03    2.5368015700e-01    6.4140625000e-01
       139   -7.3341424394e+00    5.8097534128e+01   -1.5872739673e+01    8.5385972340e+00    2.7480822491e+00   -1.8620821922e+01    3.0000000000e+03    2.2915850700e-01    6.4114583333e-01
       140   -7.3012653774e+00    5.7159947454e+01   -1.5136377591e+01    7.8351122132e+00    2.8092569525e+00   -1.7945634543e+01    3.0000000000e+03    2.6491297600e-01    6.3771875000e-01
       141   -7.3710763505e+00    5.6445757701e+01   -1.4901136019e+01    7.5300596681e+00    2.7729625412e+00   -1.7674098560e+01    3.0000000000e+03    2.5241613800e-01    6.4260416667e-01
       142   -7.3023981501e+00    5.7444080724e+01   -1.5660599413e+01    8.3582012627e+00    2.7848121621e+00   -1.8445411575e+01    3.0000000000e+03    2.2011008100e-01    6.3951041667e-01
       143   -7.3280108047e+00    5.6919373346e+01   -1.5159935263e+01    7.8319244584e+00    2.7402058228e+00   -1.7900141086e+01    3.0000000000e+03    2.3694699300e-01    6.4069791667e-01
       144   -7.4485671296e+00    5.7285339817e+01   -1.5101600861e+01    7.6530337315e+00    2.7142864087e+00   -1.7815887270e+01    3.0000000000e+03    2.2843287200e-01    6.4063541667e-01
       145   -7.4656955798e+00    5.8094867615e+01   -1.5056952483e+01    7.5912569033e+00    2.8045575263e+00   -1.7861510009e+01    3.0000000000e+03    2.2572021100e-01    6.3644791667e-01
       146   -7.4548383831e+00    5.7400519445e+01   -1.4550578650e+01    7.0957402672e+00    2.7873767753e+00   -1.7337955426e+01    3.0000000000e+03    2.3100186400e-01    6.4165625000e-01
       147   -7.4281033607e+00    5.6499179773e+01   -1.3872376362e+01    6.4442730009e+00    2.7080743537e+00   -1.6580450715e+01    3.0000000000e+03    2.5879254200e-01    6.4264583333e-01
       148   -7.5216477282e+00    5.8520575078e+01   -1.4515412995e+01    6.9937652667e+00    2.7217336556e+00   -1.7237146651e+01    3.0000000000e+03    2.4567346500e-01    6.4237500000e-01
       149   -7.4389910565e+00    5.7493082231e+01   -1.4793889801e+01    7.3548987448e+00    2.7276736407e+00   -1.7521563442e+01    3.0000000000e+03    2.2762096300e-01    6.3778125000e-01
       150   -7.4318527395e+00    5.6724532812e+01   -1.3982354987e+01    6.5505022472e+00    2.7451081724e+00   -1.6727463159e+01    3.0000000000e+03    2.3066290100e-01    6.4105208333e-01
       151   -7.3212927906e+00    5.6954434676e+01   -1.5094331168e+01    7.7730383776e+00    2.7824718081e+00   -1.7876802976e+01    3.0000000000e+03    2.4061803000e-01    6.4105208333e-01
       152   -7.4048034448e+00    5.6960778327e+01   -1.4326442593e+01    6.9216391483e+00    2.7725646864e+00   -1.7099007279e+01    3.0000000000e+03    2.3570197100e-01    6.4016666667e-01
       153   -7.4514415034e+00    5.8164743168e+01   -1.4784904745e+01    7.3334632420e+00    2.7862823487e+00   -1.7571187094e+01    3.0000000000e+03    2.3721221700e-01    6.3607291667e-01
       154   -7.4109391124e+00    5.7785307425e+01   -1.4666547901e+01    7.2556087886e+00    2.7663039831e+00   -1.7432851884e+01    3.0000000000e+03    2.3315023000e-01    6.3963541667e-01
       155   -7.5452859605e+00    5.9600196669e+01   -1.4741530092e+01    7.1962441310e+00    2.7886240423e+00   -1.7530154134e+01    3.0000000000e+03    2.7948001900e-01    6.3783333333e-01
       156   -7.4747823288e+00    5.7450631964e+01   -1.4439719076e+01    6.9649367467e+00    2.7131964712e+00   -1.7152915547e+01    3.0000000000e+03    2.5108065000e-01    6.4087500000e-01
       157   -7.3681243030e+00    5.6671782168e+01   -1.4358334295e+01    6.9902099917e+00    2.7761447741e+00   -1.7134479069e+01    3.0000000000e+03    2.2795411800e-01    6.3906250000e-01
       158   -7.3339361867e+00    5.6117580371e+01   -1.5105730522e+01    7.7717943352e+00    2.7935426472e+00   -1.7899273169e+01    3.0000000000e+03    2.3077843400e-01    6.3912500000e-01
       159   -7.4316224405e+00    5.8294559328e+01   -1.5377022827e+01    7.9454003865e+00    2.7896102548e+00   -1.8166633082e+01    3.0000000000e+03    2.8080347800e-01    6.4002083333e-01
       160   -7.4227065394e+00    5.7183865702e+01   -1.4710407571e+01    7.2877010320e+00    2.7681824599e+00   -1.7478590031e+01    3.0000000000e+03    2.6663881400e-01    6.3916666667e-01
       161   -7.3844727341e+00    5.6070658731e+01   -1.5124227561e+01    7.7397548271e+00    2.7859929744e+00   -1.7910220536e+01    3.0000000000e+03    2.6884737500e-01    6.3982291667e-01
       162   -7.3692346839e+00    5.6525330961e+01   -1.4261778368e+01    6.8925436838e+00    2.7985250158e+00   -1.7060303383e+01    3.0000000000e+03    2.7991768300e-01    6.4045833333e-01
       163   -7.4471838697e+00    5.8044337859e+01   -1.4870213836e+01    7.4230299665e+00    2.7643120373e+00   -1.7634525874e+01    3.0000000000e+03    2.9571486200e-01    6.4066666667e-01
       164   -7.4330947090e+00    5.7133759346e+01   -1.4210567606e+01    6.7774728966e+00    2.7563910995e+00   -1.6966958705e+01    3.0000000000e+03    2.8334100300e-01    6.4062500000e-01
       165   -7.3656741969e+00    5.6261117292e+01   -1.4385876772e+01    7.0202025750e+00    2.7633265281e+00   -1.7149203300e+01    3.0000000000e+03    2.5410818500e-01    6.4177083333e-01
       166   -7.4787799937e+00    5.7735847371e+01   -1.4999105564e+01    7.5203255704e+00    2.7082137833e+00   -1.7707319347e+01    3.0000000000e+03    3.0771557200e-01    6.3963541667e-01
       167   -7.4396108401e+00    5.7887505230e+01   -1.5249359052e+01    7.8097482119e+00    2.7188055318e+00   -1.7968164584e+01    3.0000000000e+03    3.6962695200e-01    6.4061458333e-01
       168   -7.3909801514e+00    5.6625291809e+01   -1.4710252616e+01    7.3192724647e+00    2.7530612893e+00   -1.7463313905e+01    3.0000000000e+03    3.2147925200e-01    6.3664583333e-01
       169   -7.3789133177e+00    5.6986452658e+01   -1.4754320645e+01    7.3754073276e+00    2.7415655280e+00   -1.7495886173e+01    3.0000000000e+03    3.5169419600e-01    6.4104166667e-01
       170   -7.5483503453e+00    5.9233800655e+01   -1.4988171404e+01    7.4398210587e+00    2.7423952909e+00   -1.7730566695e+01    3.0000000000e+03    3.5068806700e-01    6.4184375000e-01
       171   -7.4204346202e+00    5.7673515529e+01   -1.4932146989e+01    7.5117123691e+00    2.6831322010e+00   -1.7615279190e+01    3.0000000000e+03    2.8677717100e-01    6.4088541667e-01
       172   -7.4329003239e+00    5.7581185310e+01   -1.4710865344e+01    7.2779650197e+00    2.7605158776e+00   -1.7471381221e+01    3.0000000000e+03    3.2244463400e-01    6.3968750000e-01
       173   -7.3055817788e+00    5.7651117184e+01   -1.4885566692e+01    7.5799849129e+00    2.7521920082e+00   -1.7637758700e+01    3.0000000000e+03    3.2116366000e-01    6.4014583333e-01
       174   -7.4718897469e+00    6.0488695944e+01   -1.6477711372e+01    9.0058216253e+00    2.8094348631e+00   -1.9287146235e+01    3.0000000000e+03    3.1348034500e-01    6.3495833333e-01
       175   -7.4544528645e+00    5.7106991260e+01   -1.4272376413e+01    6.8179235490e+00    2.7165326659e+00   -1.6988909079e+01    3.0000000000e+03    2.8312127100e-01    6.4180208333e-01
       176   -7.5046363270e+00    6.0094783560e+01   -1.4815754750e+01    7.3111184233e+00    2.7115810646e+00   -1.7527335815e+01    3.0000000000e+03    3.3929997200e-01    6.4106250000e-01
       177   -7.4522786700e+00    5.7637537887e+01   -1.4403719987e+01    6.9514413167e+00    2.7249431620e+00   -1.7128663149e+01    3.0000000000e+03    2.4594406800e-01    6.4228125000e-01
       178   -7.5212487603e+00    1.2174350632e+02   -1.4813580368e+01    7.2923316078e+00    2.8198342710e+00   -1.7633414639e+01    3.0000000000e+03    2.8328799100e-01    6.3847916667e-01
       179   -7.4749457961e+00    5.8646382909e+01   -1.4959332031e+01    7.4843862351e+00    2.7356518545e+00   -1.7694983886e+01    3.0000000000e+03    2.8452381500e-01    6.4076041667e-01
       180   -7.3430769592e+00    5.6458180663e+01   -1.5149656666e+01    7.8065797064e+00    2.7129419513e+00   -1.7862598617e+01    3.0000000000e+03    3.2369082400e-01    6.4035416667e-01
       181   -7.4933203648e+00    5.7928035705e+01   -1.4480646513e+01    6.9873261486e+00    2.6845303629e+00   -1.7165176876e+01    3.0000000000e+03    4.0203197100e-01    6.4013541667e-01
       182   -7.4008785827e+00    7.3984251421e+01   -1.5880327777e+01    8.4794491946e+00    2.8047207050e+00   -1.8685048482e+01    3.0000000000e+03    3.1996464800e-01    6.3656250000e-01
       183   -7.3409667489e+00    5.5502442065e+01   -1.4106431484e+01    6.7654647354e+00    2.7322883465e+00   -1.6838719831e+01    3.0000000000e+03    3.0442926900e-01    6.4167708333e-01
       184   -7.4635346841e+00    5.7732842810e+01   -1.4533764260e+01    7.0702295761e+00    2.7615452859e+00   -1.7295309546e+01    3.0000000000e+03    2.5199904600e-01    6.4007291667e-01
       185   -7.4528969509e+00    5.7415157883e+01   -1.4908491903e+01    7.4555949524e+00    2.7175880128e+00   -1.7626079916e+01    3.0000000000e+03    2.4146571000e-01    6.4163541667e-01
       186   -7.4568446919e+00    5.7537850915e+01   -1.4319892545e+01    6.8630478530e+00    2.7066090988e+00   -1.7026501644e+01    3.0000000000e+03    2.2672803000e-01    6.4202083333e-01
       187   -7.3613260506e+00    5.8610886693e+01   -1.4649593872e+01    7.2882678216e+00    2.7224165371e+00   -1.7372010409e+01    3.0000000000e+03    2.5861623000e-01    6.4222916667e-01
       188   -7.4921966291e+00    5.7774047711e+01   -1.4582136373e+01    7.0899397443e+00    2.7345488148e+00   -1.7316685188e+01    3.0000000000e+03    2.3139763700e-01    6.3951041667e-01
       189   -7.4036443637e+00    5.7448232756e+01   -1.5437698038e+01    8.0340536745e+00    2.7015111842e+00   -1.8139209222e+01    3.0000000000e+03    2.2751337200e-01    6.3864583333e-01
       190   -7.4193354489e+00    5.7439981040e+01   -1.4987829886e+01    7.5684944370e+00    2.7933503928e+00   -1.7781180279e+01    3.0000000000e+03    2.5555443800e-01    6.4070833333e-01
       191   -7.3762792767e+00    5.6420096053e+01   -1.5204657034e+01    7.8283777573e+00    2.7650664454e+00   -1.7969723479e+01    3.0000000000e+03    2.3593589800e-01    6.3788541667e-01
       192   -7.4106778948e+00    5.6754736936e+01   -1.4555642200e+01    7.1449643049e+00    2.7626343213e+00   -1.7318276521e+01    3.0000000000e+03    2.5248897500e-01    6.3770833333e-01
       193   -7.3956306836e+00    5.6872087275e+01   -1.5149834667e+01    7.7542039836e+00    2.7982384519e+00   -1.7948073119e+01    3.0000000000e+03    2.6519591200e-01    6.3539583333e-01
       194   -7.4974405878e+00    5.8742780873e+01   -1.3995581367e+01    6.4981407788e+00    2.7175474937e+00   -1.6713128860e+01    3.0000000000e+03    2.7993315600e-01    6.4284375000e-01
       195   -7.4065785569e+00    5.6792663452e+01   -1.4538708000e+01    7.1321294432e+00    2.7744496585e+00   -1.7313157659e+01    3.0000000000e+03    2.5990786600e-01    6.3886458333e-01
       196   -7.5610148834e+00    6.1965970188e+01   -1.5569096210e+01    8.0080813268e+00    2.7666195318e+00   -1.8335715742e+01    3.0000000000e+03    2.7070316600e-01    6.3755208333e-01
       197   -7.3948126416e+00    6.5502974873e+01   -1.5525811052e+01    8.1309984104e+00    2.8343424625e+00   -1.8360153515e+01    3.0000000000e+03    3.2066507200e-01    6.3714583333e-01
       198   -7.4124683425e+00    5.7578357195e+01   -1.4827612520e+01    7.4151441779e+00    2.7966919023e+00   -1.7624304423e+01    3.0000000000e+03    2.7545917300e-01    6.4051041667e-01
       199   -7.3865755816e+00    5.7144500317e+01   -1.4517115903e+01    7.1305403215e+00    2.7300419636e+00   -1.7247157867e+01    3.0000000000e+03    3.4432609900e-01    6.4096875000e-01
       200   -7.4402143861e+00    5.7473502496e+01   -1.4900149746e+01    7.4599353595e+00    2.7719160266e+00   -1.7672065772e+01    3.0000000000e+03    2.3747219000e-01    6.3675000000e-01
       201   -7.4200268993e+00    5.7138684899e+01   -1.4429886885e+01    7.0098599857e+00    2.7900597070e+00   -1.7219946592e+01    3.0000000000e+03    2.1906032300e-01    6.3967708333e-01
       202   -7.3774787086e+00    5.7886026181e+01   -1.5884310133e+01    8.5068314248e+00    2.7964630282e+00   -1.8680773162e+01    3.0000000000e+03    2.5370714900e-01    6.3641666667e-01
       203   -7.5032468678e+00    5.7984452069e+01   -1.4397877507e+01    6.8946306387e+00    2.7095636175e+00   -1.7107441124e+01    3.0000000000e+03    2.3773731100e-01    6.3768750000e-01
       204   -7.4175822345e+00    5.6913096195e+01   -1.4564078474e+01    7.1464962392e+00    2.7728594661e+00   -1.7336937940e+01    3.0000000000e+03    2.3903864800e-01    6.3848958333e-01
       205   -7.4532795802e+00    5.7014739600e+01   -1.4547064061e+01    7.0937844812e+00    2.7562103245e+00   -1.7303274386e+01    3.0000000000e+03    2.2474562100e-01    6.3837500000e-01
       206   -7.4212633629e+00    5.7040330113e+01   -1.4444116448e+01    7.0228530852e+00    2.7251671042e+00   -1.7169283552e+01    3.0000000000e+03    2.3226956200e-01    6.4152083333e-01
       207   -7.7405406837e+00    1.7715936302e+02   -1.4773122610e+01    7.0325819261e+00    2.7716655707e+00   -1.7544788180e+01    3.0000000000e+03    2.6502258600e-01    6.3992708333e-01
       208   -7.5573274259e+00    6.5749419512e+01   -1.5505094106e+01    7.9477666803e+00    2.7906107436e+00   -1.8295704850e+01    3.0000000000e+03    2.9676928100e-01    6.3975000000e-01
       209   -7.3783013071e+00    5.5981684720e+01   -1.4386683834e+01    7.0083825274e+00    2.6629748481e+00   -1.7049658683e+01    3.0000000000e+03    2.9460281000e-01    6.4362500000e-01
       210   -7.4296836712e+00    5.7207897914e+01   -1.4516336633e+01    7.0866529618e+00    2.7278464176e+00   -1.7244183051e+01    3.0000000000e+03    2.4667105100e-01    6.4389583333e-01
       211   -7.3586147832e+00    5.6697102282e+01   -1.5361901024e+01    8.0032862409e+00    2.7697900290e+00   -1.8131691053e+01    3.0000000000e+03    2.2478837700e-01    6.3786458333e-01
       212   -7.3713377476e+00    5.6477596982e+01   -1.5079904017e+01    7.7085662692e+00    2.7695887751e+00   -1.7849492792e+01    3.0000000000e+03    2.5350230600e-01    6.3880208333e-01
       213   -7.4408109754e+00    5.7206179338e+01   -1.4779195853e+01    7.3383848780e+00    2.7495031967e+00   -1.7528699050e+01    3.0000000000e+03    2.3461648900e-01    6.3817708333e-01
       214   -7.5115888984e+00    5.9145506660e+01   -1.4689045813e+01    7.1774569148e+00    2.7030382412e+00   -1.7392084054e+01    3.0000000000e+03    2.2926363000e-01    6.4083333333e-01
       215   -7.4006858941e+00    5.6711117129e+01   -1.4488615683e+01    7.0879297892e+00    2.7713679072e+00   -1.7259983591e+01    3.0000000000e+03    2.3301661600e-01    6.4035416667e-01
       216   -7.3377403683e+00    5.6622561370e+01   -1.5507350325e+01    8.1696099565e+00    2.7780984777e+00   -1.8285448803e+01    3.0000000000e+03    2.9668283000e-01    6.4033333333e-01
       217   -7.4623816103e+00    5.7457506625e+01   -1.4454703934e+01    6.9923223234e+00    2.7327391508e+00   -1.7187443084e+01    3.0000000000e+03    2.4538939300e-01    6.4104166667e-01
       218   -7.3430515687e+00    5.6128537549e+01   -1.4830770921e+01    7.4877193522e+00    2.8024213551e+00   -1.7633192276e+01    3.0000000000e+03    2.3022648500e-01    6.4042708333e-01
       219   -7.4109538644e+00    5.6996515942e+01   -1.4586773097e+01    7.1758192327e+00    2.7344961481e+00   -1.7321269245e+01    3.0000000000e+03    2.3555520500e-01    6.3819791667e-01
       220   -7.4143940821e+00    5.7307017954e+01   -1.4756290206e+01    7.3418961237e+00    2.7019818167e+00   -1.7458272022e+01    3.0000000000e+03    2.4000267600e-01    6.3945833333e-01
       221   -7.4720438292e+00    5.8144559097e+01   -1.4780103052e+01    7.3080592232e+00    2.7971954278e+00   -1.7577298480e+01    3.0000000000e+03    2.2073974900e-01    6.3956250000e-01
       222   -7.4180907247e+00    5.6684081563e+01   -1.4289599377e+01    6.8715086521e+00    2.7086781734e+00   -1.6998277550e+01    3.0000000000e+03    2.2556440300e-01    6.4203125000e-01
       223   -7.3675631967e+00    5.6967207487e+01   -1.4338526290e+01    6.9709630935e+00    2.7499107201e+00   -1.7088437010e+01    3.0000000000e+03    2.2809909200e-01    6.4336458333e-01
       224   -7.3307738914e+00    5.6994209935e+01   -1.4451051871e+01    7.1202779795e+00    2.7845111987e+00   -1.7235563070e+01    3.0000000000e+03    2.3070393700e-01    6.4205208333e-01
       225   -7.4815577323e+00    5.8266286259e+01   -1.4590014836e+01    7.1084571040e+00    2.7403974940e+00   -1.7330412330e+01    3.0000000000e+03    2.4129916500e-01    6.4110416667e-01
       226   -7.4560087029e+00    5.7361143819e+01   -1.4866544179e+01    7.4105354760e+00    2.7179377362e+00   -1.7584481915e+01    3.0000000000e+03    2.2934843200e-01    6.4017708333e-01
       227   -8.1307199899e+00    3.3397996554e+02   -1.6014835428e+01    7.8841154380e+00    2.7530971144e+00   -1.8767932542e+01    3.0000000000e+03    2.2366346300e-01    6.4085416667e-01
       228   -7.4508371158e+00    5.7731514412e+01   -1.4144036050e+01    6.6931989345e+00    2.7433600222e+00   -1.6887396073e+01    3.0000000000e+03    2.5184655600e-01    6.4187500000e-01
       229   -7.2053785615e+00    5.5762654045e+01   -1.5333384300e+01    8.1280057380e+00    2.7312247873e+00   -1.8064609087e+01    3.0000000000e+03    2.4759894200e-01    6.3955208333e-01
       230   -7.3681984814e+00    5.6684527473e+01   -1.4764099714e+01    7.3959012325e+00    2.8226921044e+00   -1.7586791818e+01    3.0000000000e+03    2.2823844500e-01    6.3954166667e-01
       231   -7.4158550416e+00    5.7089273506e+01   -1.4531827441e+01    7.1159723995e+00    2.7980375619e+00   -1.7329865003e+01    3.0000000000e+03    2.2878603500e-01    6.3917708333e-01
       232   -7.4187920279e+00    5.6805749907e+01   -1.4657671379e+01    7.2388793507e+00    2.7420811088e+00   -1.7399752488e+01    3.0000000000e+03    2.2963634400e-01    6.3945833333e-01
       233   -7.4806170174e+00    5.8332645393e+01   -1.4571952914e+01    7.0913358966e+00    2.6461194953e+00   -1.7218072409e+01    3.0000000000e+03    3.3038889300e-01    6.4746875000e-01
       234   -7.3981007988e+00    5.6983702842e+01   -1.4101348074e+01    6.7032472756e+00    2.7174997376e+00   -1.6818847812e+01    3.0000000000e+03    3.3209260500e-01    6.4127083333e-01
       235   -7.4402139667e+00    5.7196915105e+01   -1.5059922869e+01    7.6197089025e+00    2.7396402291e+00   -1.7799563098e+01    3.0000000000e+03    3.3973911200e-01    6.3790625000e-01
       236   -7.4642130081e+00    5.8134997871e+01   -1.4943724359e+01    7.4795113508e+00    2.7563425602e+00   -1.7700066919e+01    3.0000000000e+03    2.5019077900e-01    6.3885416667e-01
       237   -7.3257351667e+00    5.6527357056e+01   -1.4630006943e+01    7.3042717758e+00    2.7637607280e+00   -1.7393767671e+01    3.0000000000e+03    2.2715003600e-01    6.3708333333e-01
       238   -7.3746510485e+00    5.6500842120e+01   -1.4803103311e+01    7.4284522628e+00    2.7671622297e+00   -1.7570265541e+01    3.0000000000e+03    2.3400636100e-01    6.3856250000e-01
       239   -7.3911864304e+00    5.6471513208e+01   -1.4724118555e+01    7.3329321249e+00    2.7488917706e+00   -1.7473010326e+01    3.0000000000e+03    2.2653818100e-01    6.3855208333e-01
       240   -7.4793106144e+00    8.3571664996e+01   -1.4530561186e+01    7.0512505721e+00    2.7443655295e+00   -1.7274926716e+01    3.0000000000e+03    2.6405554200e-01    6.4233333333e-01
       241   -7.4135810400e+00    6.6837364666e+01   -1.4459343949e+01    7.0457629090e+00    2.8081848360e+00   -1.7267528785e+01    3.0000000000e+03    2.2437430500e-01    6.3864583333e-01
       242   -7.3783582108e+00    5.6634136947e+01   -1.4777858312e+01    7.3995001012e+00    2.7747392576e+00   -1.7552597570e+01    3.0000000000e+03    2.2475396000e-01    6.3798958333e-01
       243   -7.4736846646e+00    5.8096797782e+01   -1.4524892591e+01    7.0512079263e+00    2.7369133397e+00   -1.7261805931e+01    3.0000000000e+03    2.2073763200e-01    6.4062500000e-01
       244   -7.4095566101e+00    5.8161277429e+01   -1.4692205092e+01    7.2826484822e+00    2.7778393469e+00   -1.7470044439e+01    3.0000000000e+03    2.6093309100e-01    6.3727083333e-01
       245   -7.4998410267e+00    5.9423252147e+01   -1.5016389999e+01    7.5165489727e+00    2.7561174065e+00   -1.7772507406e+01    3.0000000000e+03    2.5095792500e-01    6.3762500000e-01
       246   -7.4605084186e+00    5.7725487748e+01   -1.4725018491e+01    7.2645100727e+00    2.7731352376e+00   -1.7498153729e+01    3.0000000000e+03    2.4630833800e-01    6.4134375000e-01
       247   -7.5183785239e+00    5.8191121171e+01   -1.4584732559e+01    7.0663540353e+00    2.7272711413e+00   -1.7312003700e+01    3.0000000000e+03    2.1816447600e-01    6.4020833333e-01
       248   -7.3627937212e+00    5.6683962999e+01   -1.5053646034e+01    7.6908523125e+00    2.7531559407e+00   -1.7806801974e+01    3.0000000000e+03    2.4308725200e-01    6.4080208333e-01
       249   -7.4294837256e+00    5.7230215455e+01   -1.4607011978e+01    7.1775282525e+00    2.7299990257e+00   -1.7337011004e+01    3.0000000000e+03    2.3422742700e-01    6.4253125000e-01
       250   -7.4303094073e+00    5.6617047501e+01   -1.5145540404e+01    7.7152309962e+00    2.7161183086e+00   -1.7861658712e+01    3.0000000000e+03    2.5021261000e-01    6.3945833333e-01
       251   -7.4052183584e+00    5.6858026753e+01   -1.4342687601e+01    6.9374692428e+00    2.7774546606e+00   -1.7120142262e+01    3.0000000000e+03    2.4314314600e-01    6.4032291667e-01
       252   -7.5113871674e+00    5.8191834015e+01   -1.4922449983e+01    7.4110628161e+00    2.7773008382e+00   -1.7699750822e+01    3.0000000000e+03    2.3027578400e-01    6.3813541667e-01
       253   -7.3901662245e+00    5.6986295897e+01   -1.4450990686e+01    7.0608244611e+00    2.7758132155e+00   -1.7226803901e+01    3.0000000000e+03    2.2498728400e-01    6.3702083333e-01
       254   -7.5042591880e+00    6.2018175130e+01   -1.4602623243e+01    7.0983640547e+00    2.7620141412e+00   -1.7364637384e+01    3.0000000000e+03    2.2467100400e-01    6.4289583333e-01
       255   -7.4415526971e+00    5.7627419057e+01   -1.4647859810e+01    7.2063071131e+00    2.7532507941e+00   -1.7401110604e+01    3.0000000000e+03    2.3390840000e-01    6.3983333333e-01
       256   -7.4217729140e+00    5.6582010973e+01   -1.4880050880e+01    7.4582779658e+00    2.7509485288e+00   -1.7630999408e+01    3.0000000000e+03    2.6269068000e-01    6.3523958333e-01
       257   -7.2095143937e+00    5.6033734626e+01   -1.4775719514e+01    7.5662051201e+00    2.8103237241e+00   -1.7586043238e+01    3.0000000000e+03    2.2111466200e-01    6.3818750000e-01
       258   -7.4697060192e+00    6.5527980221e+01   -1.6521627153e+01    9.0519211339e+00    2.7806139292e+00   -1.9302241082e+01    3.0000000000e+03    2.2891572800e-01    6.3778125000e-01
       259   -7.4207450707e+00    5.8372589386e+01   -1.4232487348e+01    6.8117422775e+00    2.7891269363e+00   -1.7021614284e+01    3.0000000000e+03    3.3320443400e-01    6.4092708333e-01
       260   -7.4046228422e+00    5.7292430000e+01   -1.5012690337e+01    7.6080674946e+00    2.7748172664e+00   -1.7787507603e+01    3.0000000000e+03    2.7626141200e-01    6.4169791667e-01
       261   -7.5541910557e+00    7.2070639031e+01   -1.5509831313e+01    7.9556402576e+00    2.7075436170e+00   -1.8217374930e+01    3.0000000000e+03    2.2058242000e-01    6.4396875000e-01
       262   -7.3876039076e+00    5.8372739025e+01   -1.5321552572e+01    7.9339486646e+00    2.7490801563e+00   -1.8070632729e+01    3.0000000000e+03    2.2607404700e-01    6.4152083333e-01
       263   -7.3345821208e+00    5.5691399621e+01   -1.3768739842e+01    6.4341577210e+00    2.7653488820e+00   -1.6534088724e+01    3.0000000000e+03    2.3844286300e-01    6.3900000000e-01
       264   -7.3292239188e+00    5.5867274201e+01   -1.4927498765e+01    7.5982748459e+00    2.6948977203e+00   -1.7622396485e+01    3.0000000000e+03    2.4505021400e-01    6.4204166667e-01
       265   -7.3630886443e+00    6.8562653153e+01   -1.5340722750e+01    7.9776341054e+00    2.8033350606e+00   -1.8144057810e+01    3.0000000000e+03    2.2442369100e-01    6.3991666667e-01
       266   -7.3828820305e+00    5.6947273737e+01   -1.4474143974e+01    7.0912619436e+00    2.7427271062e+00   -1.7216871080e+01    3.0000000000e+03    2.6342729600e-01    6.4075000000e-01
       267   -7.4444640211e+00    5.7221599563e+01   -1.4331079100e+01    6.8866150793e+00    2.7941595231e+00   -1.7125238624e+01    3.0000000000e+03    2.5661594200e-01    6.3973958333e-01
       268   -7.4100032191e+00    5.6770414420e+01   -1.4188212233e+01    6.7782090138e+00    2.7573103213e+00   -1.6945522554e+01    3.0000000000e+03    2.7081246800e-01    6.4129166667e-01
       269   -7.4329876444e+00    5.7995558397e+01   -1.4873641125e+01    7.4406534807e+00    2.7331637927e+00   -1.7606804918e+01    3.0000000000e+03    2.3859476900e-01    6.3868750000e-01
       270   -7.4843539958e+00    5.7512591685e+01   -1.4113663054e+01    6.6293090587e+00    2.6914186024e+00   -1.6805081657e+01    3.0000000000e+03    2.3114026100e-01    6.4185416667e-01
       271   -7.4041423816e+00    5.7741931507e+01   -1.4454478541e+01    7.0503361599e+00    2.7066943125e+00   -1.7161172854e+01    3.0000000000e+03    2.2859072800e-01    6.4180208333e-01
       272   -7.3917562744e+00    5.7101900946e+01   -1.5535167034e+01    8.1434107598e+00    2.7836854164e+00   -1.8318852451e+01    3.0000000000e+03    2.2274806500e-01    6.3900000000e-01
       273   -7.3926352293e+00    5.6850358079e+01   -1.4596741679e+01    7.2041064496e+00    2.7986806004e+00   -1.7395422279e+01    3.0000000000e+03    2.2494277600e-01    6.3557291667e-01
       274   -7.4076818541e+00    5.7936570650e+01   -1.5285768370e+01    7.8780865155e+00    2.7571928537e+00   -1.8042961223e+01    3.0000000000e+03    2.2562421800e-01    6.3875000000e-01
       275   -7.4335472220e+00    5.7807060963e+01   -1.4787554697e+01    7.3540074747e+00    2.7774240076e+00   -1.7564978704e+01    3.0000000000e+03    2.5889528900e-01    6.4095833333e-01
       276   -7.4307818048e+00    5.7257917577e+01   -1.4854946744e+01    7.4241649396e+00    2.7889660705e+00   -1.7643912815e+01    3.0000000000e+03    2.3670461600e-01    6.3881250000e-01
       277   -7.3785194498e+00    5.7455751342e+01   -1.4894314817e+01    7.5157953668e+00    2.7794278011e+00   -1.7673742618e+01    3.0000000000e+03    2.5385243800e-01    6.4179166667e-01
       278   -7.3717557982e+00    5.6618385835e+01   -1.3698540530e+01    6.3267847323e+00    2.7357621388e+00   -1.6434302669e+01    3.0000000000e+03    2.5033380600e-01    6.4215625000e-01
       279   -7.3863614207e+00    5.6532974070e+01   -1.4707301083e+01    7.3209396623e+00    2.7590785192e+00   -1.7466379602e+01    3.0000000000e+03    2.3711238900e-01    6.4063541667e-01
       280   -7.4282605350e+00    6.1863332823e+01   -1.5592334962e+01    8.1640744266e+00    2.8302786621e+00   -1.8422613624e+01    3.0000000000e+03    2.2316419500e-01    6.4017708333e-01
       281   -7.3745115886e+00    5.6558350287e+01   -1.4515209278e+01    7.1406976898e+00    2.7374490445e+00   -1.7252658323e+01    3.0000000000e+03    2.2705940000e-01    6.4116666667e-01
       282   -7.4647142561e+00    5.8424703770e+01   -1.5142081641e+01    7.6773673854e+00    2.8326339876e+00   -1.7974715629e+01    3.0000000000e+03    2.2264297500e-01    6.3641666667e-01
       283   -7.4550055891e+00    5.7330805180e+01   -1.3959726446e+01    6.5047208570e+00    2.7077244441e+00   -1.6667450890e+01    3.0000000000e+03    2.3559681000e-01    6.4375000000e-01
       284   -7.4725781081e+00    5.7736174017e+01   -1.4467865518e+01    6.9952874100e+00    2.7139631945e+00   -1.7181828713e+01    3.0000000000e+03    2.2441356600e-01    6.4135416667e-01
       285   -7.4361036419e+00    5.7112587930e+01   -1.4290623047e+01    6.8545194046e+00    2.6958510495e+00   -1.6986474096e+01    3.0000000000e+03    2.4525220900e-01    6.4165625000e-01
       286   -7.4398768525e+00    5.7364866646e+01   -1.4876157697e+01    7.4362808440e+00    2.7897019293e+00   -1.7665859626e+01    3.0000000000e+03    2.5799630000e-01    6.3993750000e-01
       287   -7.5315022033e+00    6.0643737432e+01   -1.5831242602e+01    8.2997403983e+00    2.6504141834e+00   -1.8481656785e+01    3.0000000000e+03    3.0248167700e-01    6.3905208333e-01
       288   -7.4218281433e+00    5.6432477258e+01   -1.4795765441e+01    7.3739372976e+00    2.7698882372e+00   -1.7565653678e+01    3.0000000000e+03    3.4066595700e-01    6.4059375000e-01
       289   -7.5169451779e+00    5.9096291710e+01   -1.4904487905e+01    7.3875427276e+00    2.6777176365e+00   -1.7582205542e+01    3.0000000000e+03    2.6205495600e-01    6.4267708333e-01
       290   -7.4173654605e+00    5.6704684491e+01   -1.4178633704e+01    6.7612682433e+00    2.7129993036e+00   -1.6891633008e+01    3.0000000000e+03    2.3985110300e-01    6.4240625000e-01
       291   -7.4243354164e+00    5.6713837129e+01   -1.4433537181e+01    7.0092017646e+00    2.8000216678e+00   -1.7233558849e+01    3.0000000000e+03    2.7822191200e-01    6.3512500000e-01
       292   -7.7575289199e+00    1.1676311373e+02   -1.5101373050e+01    7.3438441305e+00    2.7227106182e+00   -1.7824083669e+01    3.0000000000e+03    2.5506942500e-01    6.3991666667e-01
       293   -7.4541886271e+00    5.8026108310e+01   -1.4706818793e+01    7.2526301661e+00    2.7712917524e+00   -1.7478110546e+01    3.0000000000e+03    2.6223179600e-01    6.3762500000e-01
       294   -7.3169011703e+00    5.7261165532e+01   -1.4961650216e+01    7.6447490457e+00    2.7480914350e+00   -1.7709741651e+01    3.0000000000e+03    2.4189307800e-01    6.3637500000e-01
       295   -7.3804710251e+00    5.6587706130e+01   -1.4605924877e+01    7.2254538514e+00    2.7960217900e+00   -1.7401946667e+01    3.0000000000e+03    2.5823854600e-01    6.3931250000e-01
       296   -7.4245527022e+00    5.6644563207e+01   -1.4583616876e+01    7.1590641737e+00    2.8014688005e+00   -1.7385085676e+01    3.0000000000e+03    2.2948939000e-01    6.3769791667e-01
       297   -7.2954634258e+00    5.6897779773e+01   -1.6252822599e+01    8.9573591730e+00    2.7435403225e+00   -1.8996362921e+01    3.0000000000e+03    2.4366465300e-01    6.3687500000e-01
       298   -7.9547510980e+00    1.4478790389e+02   -1.5569247820e+01    7.6144967220e+00    2.7233167454e+00   -1.8292564565e+01    3.0000000000e+03    2.6942739900e-01    6.4027083333e-01
       299   -7.4083669416e+00    5.6921557278e+01   -1.4561957374e+01    7.1535904321e+00    2.7885584586e+00   -1.7350515832e+01    3.0000000000e+03    2.4851814800e-01    6.3762500000e-01
       300   -7.4182966519e+00    5.8721353108e+01   -1.5697278714e+01    8.2789820622e+00    2.7761462654e+00   -1.8473424980e+01    3.0000000000e+03    2.3930742400e-01    6.3604166667e-01
       301   -7.4609585800e+00    5.7504907124e+01   -1.4602804064e+01    7.1418454839e+00    2.7670463852e+00   -1.7369850449e+01    3.0000000000e+03    2.3127061100e-01    6.4043750000e-01
       302   -7.3784827504e+00    5.6483442475e+01   -1.4379169624e+01    7.0006868739e+00    2.7515412249e+00   -1.7130710849e+01    3.0000000000e+03    2.3377441300e-01    6.4037500000e-01
       303   -7.3753266311e+00    5.6760703459e+01   -1.4828075752e+01    7.4527491204e+00    2.7878004904e+00   -1.7615876242e+01    3.0000000000e+03    2.5958237500e-01    6.3962500000e-01
       304   -7.3747855818e+00    5.6494490189e+01   -1.5056604508e+01    7.6818189259e+00    2.7363658189e+00   -1.7792970326e+01    3.0000000000e+03    2.4470112900e-01    6.3780208333e-01
       305   -7.4963606816e+00    5.8660596172e+01   -1.5288236265e+01    7.7918755832e+00    2.8128394432e+00   -1.8101075708e+01    3.0000000000e+03    2.3476894300e-01    6.3723958333e-01
       306   -7.4114417363e+00    5.6970957013e+01   -1.4997944577e+01    7.5865028411e+00    2.6906659159e+00   -1.7688610493e+01    3.0000000000e+03    2.4822717800e-01    6.4063541667e-01
       307   -7.5009505556e+00    6.1774436830e+01   -1.4470025027e+01    6.9690744709e+00    2.7191973678e+00   -1.7189222394e+01    3.0000000000e+03    2.5336776600e-01    6.4219791667e-01
       308   -7.3769946291e+00    5.6420319470e+01   -1.4883708893e+01    7.5067142636e+00    2.7482911200e+00   -1.7632000013e+01    3.0000000000e+03    2.4185722900e-01    6.3839583333e-01
       309   -7.5611780759e+00    6.8946354964e+01   -1.5969109730e+01    8.4079316541e+00    2.7843919459e+00   -1.8753501676e+01    3.0000000000e+03    2.2673042100e-01    6.3947916667e-01
       310   -7.3252664422e+00    5.6284763675e+01   -1.4543820476e+01    7.2185540340e+00    2.7611192379e+00   -1.7304939714e+01    3.0000000000e+03    2.2718643700e-01    6.4081250000e-01
       311   -7.5572090864e+00    8.6640784216e+01   -1.6369795784e+01    8.8125866976e+00    2.7847484216e+00   -1.9154544206e+01    3.0000000000e+03    3.2781263500e-01    6.3939583333e-01
       312   -7.4122722243e+00    5.6836768234e+01   -1.4984237885e+01    7.5719656607e+00    2.7096751542e+00   -1.7693913039e+01    3.0000000000e+03    3.1846863800e-01    6.3838541667e-01
       313   -7.4396794499e+00    5.7973411240e+01   -1.4266080654e+01    6.8264012040e+00    2.6819628269e+00   -1.6948043481e+01    3.0000000000e+03    3.8804781200e-01    6.4177083333e-01
       314   -7.4444112609e+00    5.7781297074e+01   -1.5346928875e+01    7.9025176144e+00    2.8140169875e+00   -1.8160945863e+01    3.0000000000e+03    3.0400907800e-01    6.3503125000e-01
       315   -7.4230202836e+00    5.7422719804e+01   -1.4740527821e+01    7.3175075376e+00    2.8017308773e+00   -1.7542258698e+01    3.0000000000e+03    2.4567717900e-01    6.4133333333e-01
       316   -7.4555237139e+00    5.7236593134e+01   -1.4898005293e+01    7.4424815794e+00    2.6912823698e+00   -1.7589287663e+01    3.0000000000e+03    2.2848218400e-01    6.4114583333e-01
       317   -7.4074625993e+00    5.6837685276e+01   -1.4402519121e+01    6.9950565213e+00    2.7744539892e+00   -1.7176973110e+01    3.0000000000e+03    2.3663979700e-01    6.3914583333e-01
       318   -7.4385326593e+00    5.6981197842e+01   -1.4459065381e+01    7.0205327219e+00    2.7754515906e+00   -1.7234516972e+01    3.0000000000e+03    2.6983003500e-01    6.3941666667e-01
       319   -7.2882762575e+00    5.5993079917e+01   -1.4616561653e+01    7.3282853959e+00    2.7818158109e+00   -1.7398377464e+01    3.0000000000e+03    2.6017259600e-01    6.4006250000e-01
       320   -7.4700644575e+00    5.7288287109e+01   -1.4515382648e+01    7.0453181903e+00    2.6718881709e+00   -1.7187270819e+01    3.0000000000e+03    2.3001013900e-01    6.4011458333e-01
       321   -7.3890605625e+00    5.7729149253e+01   -1.4485584166e+01    7.0965236036e+00    2.7589814727e+00   -1.7244565639e+01    3.0000000000e+03    2.4727553100e-01    6.4125000000e-01
       322   -7.4573358115e+00    5.7881009069e+01   -1.4446429536e+01    6.9890937242e+00    2.7380619703e+00   -1.7184491506e+01    3.0000000000e+03    2.6028692000e-01    6.4127083333e-01
       323   -7.3513136639e+00    5.6394031287e+01   -1.5705322597e+01    8.3540089331e+00    2.8111676193e+00   -1.8516490216e+01    3.0000000000e+03    2.3755992900e-01    6.3712500000e-01
       324   -7.3750044790e+00    5.6005216880e+01   -1.4729861943e+01    7.3548574643e+00    2.7838725498e+00   -1.7513734493e+01    3.0000000000e+03    2.3342758400e-01    6.3860416667e-01
       325   -7.3456015519e+00    5.6289033777e+01   -1.4391653868e+01    7.0460523157e+00    2.7252512324e+00   -1.7116905100e+01    3.0000000000e+03    2.4173086000e-01    6.4282291667e-01
       326   -7.5261588901e+00    5.8663450879e+01   -1.4667272051e+01    7.1411131607e+00    2.7286663114e+00   -1.7395938362e+01    3.0000000000e+03    2.5696386400e-01    6.3969791667e-01
       327   -7.3670381193e+00    5.6960095826e+01   -1.4668842083e+01    7.3018039638e+00    2.7085015820e+00   -1.7377343665e+01    3.0000000000e+03    2.3641677600e-01    6.4100000000e-01
       328   -7.3575571552e+00    5.7798306175e+01   -1.5723443598e+01    8.3658864425e+00    2.7165600079e+00   -1.8440003606e+01    3.0000000000e+03    2.2755825600e-01    6.4018750000e-01
       329   -7.3877126529e+00    5.6221109558e+01   -1.3695634284e+01    6.3079216315e+00    2.6371460619e+00   -1.6332780346e+01    3.0000000000e+03    2.3293673900e-01    6.4609375000e-01
       330   -7.4550195761e+00    5.7538953343e+01   -1.4745103707e+01    7.2900841313e+00    2.6983141457e+00   -1.7443417853e+01    3.0000000000e+03    2.5315208100e-01    6.4266666667e-01
       331   -7.3788308930e+00    5.6715612809e+01   -1.5348915615e+01    7.9700847216e+00    2.8246659491e+00   -1.8173581564e+01    3.0000000000e+03    2.2053365900e-01    6.3643750000e-01
       332   -7.4998504238e+00    5.8179238371e+01   -1.4592041549e+01    7.0921911251e+00    2.7290619841e+00   -1.7321103533e+01    3.0000000000e+03    2.2908549200e-01    6.4043750000e-01
       333   -7.3929485880e+00    5.7337748115e+01   -1.4485496603e+01    7.0925480152e+00    2.7663964286e+00   -1.7251893032e+01    3.0000000000e+03    2.2099963800e-01    6.4297916667e-01
       334   -7.4984231076e+00    5.8452228341e+01   -1.4323858639e+01    6.8254355316e+00    2.7182165924e+00   -1.7042075232e+01    3.0000000000e+03    2.2057642800e-01    6.4072916667e-01
       335   -7.3825242228e+00    5.6665731539e+01   -1.4455004409e+01    7.0724801863e+00    2.6617941669e+00   -1.7116798576e+01    3.0000000000e+03    2.4418817300e-01    6.4159375000e-01
       336   -7.3270936811e+00    5.8485041855e+01   -1.5579163859e+01    8.2520701780e+00    2.7389777176e+00   -1.8318141577e+01    3.0000000000e+03    2.2155566500e-01    6.3881250000e-01
       337   -7.4526009088e+00    5.7415352077e+01   -1.4292584148e+01    6.8399832394e+00    2.6969193167e+00   -1.6989503465e+01    3.0000000000e+03    2.9557082100e-01    6.4062500000e-01
       338   -7.2692456726e+00    6.0209075498e+01   -1.5926546301e+01    8.6573006286e+00    2.9127769023e+00   -1.8839323204e+01    3.0000000000e+03    3.3476945100e-01    6.3779166667e-01
       339   -7.3231612310e+00    5.6348558701e+01   -1.5702179701e+01    8.3790184698e+00    2.7989237785e+00   -1.8501103479e+01    3.0000000000e+03    2.5214327500e-01    6.3371875000e-01
       340   -7.4067116877e+00    5.6383169282e+01   -1.3607779046e+01    6.2010673581e+00    2.6939895503e+00   -1.6301768596e+01    3.0000000000e+03    2.1850477400e-01    6.4342708333e-01
       341   -7.3812640293e+00    5.6247091978e+01   -1.4095468049e+01    6.7142040199e+00    2.7359411268e+00   -1.6831409176e+01    3.0000000000e+03    2.3186529600e-01    6.4139583333e-01
       342   -7.4486595565e+00    5.7409975566e+01   -1.4443261788e+01    6.9946022314e+00    2.7077290171e+00   -1.7150990805e+01    3.0000000000e+03    2.3235419100e-01    6.4125000000e-01
       343   -7.4469397707e+00    5.7471459933e+01   -1.4653891278e+01    7.2069515071e+00    2.7937885164e+00   -1.7447679794e+01    3.0000000000e+03    2.4252962700e-01    6.3943750000e-01
       344   -7.4281595598e+00    5.6937610920e+01   -1.4292485634e+01    6.8643260738e+00    2.7563253578e+00   -1.7048810991e+01    3.0000000000e+03    2.1883825800e-01    6.3672916667e-01
       345   -7.4593266187e+00    5.7658159468e+01   -1.4731809774e+01    7.2724831549e+00    2.8045894957e+00   -1.7536399269e+01    3.0000000000e+03    3.3877060700e-01    6.3966666667e-01
       346   -7.3227078509e+00    5.5432007079e+01   -1.3901176595e+01    6.5784687439e+00    2.7600351808e+00   -1.6661211776e+01    3.0000000000e+03    2.9886454100e-01    6.4160416667e-01
       347   -7.4132165672e+00    5.7344073974e+01   -1.5306032775e+01    7.8928162075e+00    2.8122945938e+00   -1.8118327368e+01    3.0000000000e+03    2.6200296900e-01    6.3554166667e-01
       348   -7.3613174513e+00    5.5767908740e+01   -1.3766231847e+01    6.4049143959e+00    2.7178501383e+00   -1.6484081986e+01    3.0000000000e+03    2.4570898100e-01    6.4156250000e-01
       349   -7.4222430946e+00    5.7241912228e+01   -1.4326631781e+01    6.9043886864e+00    2.7740813176e+00   -1.7100713099e+01    3.0000000000e+03    2.2870747600e-01    6.3847916667e-01
       350   -7.3879704531e+00    5.6902982960e+01   -1.5303705912e+01    7.9157354592e+00    2.7962932077e+00   -1.8099999120e+01    3.0000000000e+03    2.6140422300e-01    6.3767708333e-01
       351   -7.4370848533e+00    5.6835589917e+01   -1.3344260380e+01    5.9071755271e+00    2.6603258171e+00   -1.6004586198e+01    3.0000000000e+03    2.4461104400e-01    6.4539583333e-01
       352   -7.4493976344e+00    5.7045796588e+01   -1.4127238297e+01    6.6778406622e+00    2.7125278486e+00   -1.6839766145e+01    3.0000000000e+03    2.3043611700e-01    6.4156250000e-01
       353   -7.5194557086e+00    5.9645224767e+01   -1.6294778241e+01    8.7753225328e+00    2.8100909246e+00   -1.9104869166e+01    3.0000000000e+03    2.6613510500e-01    6.3636458333e-01
       354   -7.5441373354e+00    5.9570650661e+01   -1.5377095987e+01    7.8329586517e+00    2.7989961058e+00   -1.8176092093e+01    3.0000000000e+03    2.4028980800e-01    6.3985416667e-01
       355   -7.4475835794e+00    5.8057414442e+01   -1.4975680459e+01    7.5280968795e+00    2.7920155752e+00   -1.7767696034e+01    3.0000000000e+03    2.2142609100e-01    6.3877083333e-01
       356   -7.4900484681e+00    5.8174002763e+01   -1.4817379956e+01    7.3273314881e+00    2.7415078650e+00   -1.7558887821e+01    3.0000000000e+03    2.2226226800e-01    6.4076041667e-01
       357   -7.5067363648e+00    5.8726970532e+01   -1.5102835877e+01    7.5960995119e+00    2.7789509632e+00   -1.7881786840e+01    3.0000000000e+03    2.3262123000e-01    6.3936458333e-01
       358   -7.3874368036e+00    5.8322726562e+01   -1.5282711344e+01    7.8952745406e+00    2.7432931620e+00   -1.8026004506e+01    3.0000000000e+03    2.5561941500e-01    6.3989583333e-01
       359   -7.4262661270e+00    5.7942128853e+01   -1.5422977002e+01    7.9967108748e+00    2.7163943646e+00   -1.8139371366e+01    3.0000000000e+03    2.3394268000e-01    6.3834375000e-01
       360   -7.4733021134e+00    5.8333034986e+01   -1.5079065095e+01    7.6057629814e+00    2.7908008728e+00   -1.7869865968e+01    3.0000000000e+03    2.5817006300e-01    6.3843750000e-01
       361   -7.3061701793e+00    5.6526036892e+01   -1.4986706598e+01    7.6805364186e+00    2.8294288813e+00   -1.7816135479e+01    3.0000000000e+03    2.2768633900e-01    6.3847916667e-01
       362   -7.3319432080e+00    6.0079931465e+01   -1.5501180549e+01    8.1692373405e+00    2.7672599137e+00   -1.8268440462e+01    3.0000000000e+03    2.2398154300e-01    6.3933333333e-01
       363   -7.3494251474e+00    5.6378247566e+01   -1.4453937687e+01    7.1045125395e+00    2.7366786714e+00   -1.7190616358e+01    3.0000000000e+03    2.4481571900e-01    6.4077083333e-01
       364   -7.3998011409e+00    5.7342963463e+01   -1.4420643264e+01    7.0208421227e+00    2.7843372816e+00   -1.7204980545e+01    3.0000000000e+03    2.2530165200e-01    6.3960416667e-01
       365   -7.3565138887e+00    5.7033316160e+01   -1.4833713356e+01    7.4771994669e+00    2.7582647499e+00   -1.7591978106e+01    3.0000000000e+03    2.2132436100e-01    6.4209375000e-01
       366   -7.4201776850e+00    5.6723727969e+01   -1.4495518267e+01    7.0753405823e+00    2.7413000491e+00   -1.7236818316e+01    3.0000000000e+03    2.3715459900e-01    6.4180208333e-01
       367   -7.5010362942e+00    6.1930706254e+01   -1.4612241600e+01    7.1112053060e+00    2.7348773592e+00   -1.7347118959e+01    3.0000000000e+03    2.6159216800e-01    6.3912500000e-01
       368   -7.3719998015e+00    5.9145933292e+01   -1.6104116570e+01    8.7321167690e+00    2.7943227117e+00   -1.8898439282e+01    3.0000000000e+03    2.4814005400e-01    6.3822916667e-01
       369   -7.3618676150e+00    5.7663581520e+01   -1.3729936329e+01    6.3680687144e+00    2.7180738799e+00   -1.6448010209e+01    3.0000000000e+03    2.6847487700e-01    6.4288541667e-01
       370   -7.3459466207e+00    5.6634429248e+01   -1.5101830986e+01    7.7558843652e+00    2.8083792662e+00   -1.7910210252e+01    3.0000000000e+03    3.5684640600e-01    6.3656250000e-01
       371   -7.4545753550e+00    5.7291173424e+01   -1.5003736521e+01    7.5491611657e+00    2.7698888741e+00   -1.7773625395e+01    3.0000000000e+03    2.5955316800e-01    6.4013541667e-01
       372   -7.4491531383e+00    5.8333405655e+01   -1.5009017955e+01    7.5598648171e+00    2.7873584091e+00   -1.7796376364e+01    3.0000000000e+03    2.4612814800e-01    6.3965625000e-01
       373   -7.3961168910e+00    5.9137871525e+01   -1.3736761803e+01    6.3406449125e+00    2.7203704679e+00   -1.6457132271e+01    3.0000000000e+03    2.5969486500e-01    6.4183333333e-01
       374   -7.3208479693e+00    5.7000006769e+01   -1.5600709197e+01    8.2798612276e+00    2.7392797875e+00   -1.8339988984e+01    3.0000000000e+03    2.5980811800e-01    6.3793750000e-01
       375   -7.3715024250e+00    5.6500064268e+01   -1.4833707166e+01    7.4622047409e+00    2.7621701626e+00   -1.7595877328e+01    3.0000000000e+03    2.3803156200e-01    6.3956250000e-01
       376   -7.4305547015e+00    5.7817967044e+01   -1.4538277647e+01    7.1077229457e+00    2.7725944253e+00   -1.7310872073e+01    3.0000000000e+03    2.3031412900e-01    6.4019791667e-01
       377   -7.4283948707e+00    5.6885833788e+01   -1.4647810489e+01    7.2194156187e+00    2.6964781510e+00   -1.7344288640e+01    3.0000000000e+03    2.3221532700e-01    6.4205208333e-01
       378   -7.3961902299e+00    5.7463492379e+01   -1.5431472575e+01    8.0352823451e+00    2.7595398400e+00   -1.8191012415e+01    3.0000000000e+03    2.4311237000e-01    6.3902083333e-01
       379   -7.3266702190e+00    5.5857770535e+01   -1.4291196281e+01    6.9645260620e+00    2.7808931928e+00   -1.7072089474e+01    3.0000000000e+03    2.4086422200e-01    6.4108333333e-01
       380   -7.4386448371e+00    5.8421785427e+01   -1.5109687824e+01    7.6710429865e+00    2.7698368173e+00   -1.7879524641e+01    3.0000000000e+03    2.2695010200e-01    6.3900000000e-01
       381   -7.4209851896e+00    5.7240058318e+01   -1.5272786734e+01    7.8518015444e+00    2.6892627674e+00   -1.7962049501e+01    3.0000000000e+03    2.3518681800e-01    6.3702083333e-01
       382   -7.4522522775e+00    6.5571677612e+01   -1.4470103303e+01    7.0178510251e+00    2.7345253726e+00   -1.7204628675e+01    3.0000000000e+03    2.4295542700e-01    6.4159375000e-01
       383   -7.4172759061e+00    6.1721162659e+01   -1.5204075746e+01    7.7867998398e+00    2.7984760852e+00   -1.8002551831e+01    3.0000000000e+03    2.3029504700e-01    6.3863541667e-01
       384   -7.4621575077e+00    5.7382902475e+01   -1.4491757934e+01    7.0296004267e+00    2.7445232942e+00   -1.7236281228e+01    3.0000000000e+03    2.3887480900e-01    6.4046875000e-01
       385   -7.4279624692e+00    5.6473458555e+01   -1.4328796001e+01    6.9008335314e+00    2.7792642830e+00   -1.7108060284e+01    3.0000000000e+03    2.4795652500e-01    6.3919791667e-01
       386   -7.4321784380e+00    5.7212029357e+01   -1.4759530422e+01    7.3273519839e+00    2.7210758933e+00   -1.7480606315e+01    3.0000000000e+03    2.9966001900e-01    6.4109375000e-01
       387   -7.3182989305e+00    5.6405121514e+01   -1.4870188538e+01    7.5518896071e+00    2.8112547745e+00   -1.7681443312e+01    3.0000000000e+03    3.0239600500e-01    6.4070833333e-01
       388   -7.3370606818e+00    5.7346821354e+01   -1.4700898043e+01    7.3638373611e+00    2.7760971621e+00   -1.7476995205e+01    3.0000000000e+03    2.4354746500e-01    6.3941666667e-01
       389   -7.4560490749e+00    5.8869382186e+01   -1.5095223713e+01    7.6391746384e+00    2.7875250396e+00   -1.7882748753e+01    3.0000000000e+03    2.5427786800e-01    6.3992708333e-01
       390   -7.4146922269e+00    5.7050825485e+01   -1.4576175787e+01    7.1614835598e+00    2.7314264151e+00   -1.7307602202e+01    3.0000000000e+03    2.4728020500e-01    6.4262500000e-01
       391   -7.4996499203e+00    5.8369704513e+01   -1.5552688554e+01    8.0530386334e+00    2.7831688138e+00   -1.8335857367e+01    3.0000000000e+03    2.4715749800e-01    6.3655208333e-01
       392   -7.3991401651e+00    5.7145615432e+01   -1.4839372806e+01    7.4402326409e+00    2.8010268032e+00   -1.7640399609e+01    3.0000000000e+03    2.5242031000e-01    6.3746875000e-01
       393   -7.5091754406e+00    5.8498988775e+01   -1.4903839987e+01    7.3946645465e+00    2.7714235103e+00   -1.7675263497e+01    3.0000000000e+03    2.6193465900e-01    6.4195833333e-01
       394   -7.3400510194e+00    5.6191480009e+01   -1.3793470640e+01    6.4534196206e+00    2.7039469479e+00   -1.6497417588e+01    3.0000000000e+03    2.3620426000e-01    6.4350000000e-01
       395   -7.4628294110e+00    5.7260759121e+01   -1.4604698013e+01    7.1418686024e+00    2.7386999514e+00   -1.7343397965e+01    3.0000000000e+03    2.5325936200e-01    6.4187500000e-01
       396   -7.3962252705e+00    5.7517481251e+01   -1.5073289896e+01    7.6770646250e+00    2.7240664845e+00   -1.7797356380e+01    3.0000000000e+03    2.3144226100e-01    6.3798958333e-01
       397   -7.4616190662e+00    5.7668170682e+01   -1.4791263855e+01    7.3296447893e+00    2.7512186796e+00   -1.7542482535e+01    3.0000000000e+03    2.3228499800e-01    6.3855208333e-01
       398   -7.4796355036e+00    5.7631955186e+01   -1.4938494441e+01    7.4588589378e+00    2.6854550925e+00   -1.7623949534e+01    3.0000000000e+03    2.1852324700e-01    6.4220833333e-01
       399   -7.4526210826e+00    5.7381816828e+01   -1.5009948968e+01    7.5573278859e+00    2.7783000849e+00   -1.7788249053e+01    3.0000000000e+03    2.5647324000e-01    6.3886458333e-01
       400   -7.4162360108e+00    5.6339784981e+01   -1.4068955052e+01    6.6527190410e+00    2.7192347644e+00   -1.6788189816e+01    3.0000000000e+03    2.6781692700e-01    6.3773958333e-01
       401   -7.5334682206e+00    6.3427117051e+01   -1.4798202352e+01    7.2647341311e+00    2.7174470075e+00   -1.7515649359e+01    3.0000000000e+03    2.8719393200e-01    6.3861458333e-01
       402   -7.4162440948e+00    5.7833080503e+01   -1.4369148975e+01    6.9529048800e+00    2.6854112239e+00   -1.7054560199e+01    3.0000000000e+03    2.6867170900e-01    6.3969791667e-01
       403   -7.3049790717e+00    5.5848768045e+01   -1.4699671429e+01    7.3946923575e+00    2.7480569622e+00   -1.7447728391e+01    3.0000000000e+03    2.6614489800e-01    6.4204166667e-01
       404   -7.4552372535e+00    5.8397081620e+01   -1.4212779694e+01    6.7575424401e+00    2.6991989708e+00   -1.6911978664e+01    3.0000000000e+03    2.1870877500e-01    6.3970833333e-01
       405   -7.4512453972e+00    5.7510092055e+01   -1.4280278503e+01    6.8290331054e+00    2.7310577732e+00   -1.7011336276e+01    3.0000000000e+03    2.6775111500e-01    6.4409375000e-01
       406   -7.3085186285e+00    5.6777429513e+01   -1.4983800075e+01    7.6752814465e+00    2.8221183070e+00   -1.7805918382e+01    3.0000000000e+03    2.4104415500e-01    6.3731250000e-01
       407   -7.4288465650e+00    5.7026256059e+01   -1.4859421772e+01    7.4305752066e+00    2.7735594138e+00   -1.7632981185e+01    3.0000000000e+03    2.4545150800e-01    6.3676041667e-01
       408   -7.5023013518e+00    5.8280943676e+01   -1.4706481796e+01    7.2041804445e+00    2.7203569689e+00   -1.7426838765e+01    3.0000000000e+03    2.5098101600e-01    6.4157291667e-01
       409   -7.4535357802e+00    5.7319276699e+01   -1.4143201786e+01    6.6896660053e+00    2.7204344175e+00   -1.6863636203e+01    3.0000000000e+03    2.2086902100e-01    6.4203125000e-01
       410   -7.6468170017e+00    8.1546325895e+01   -1.4729727447e+01    7.0829104454e+00    2.7161912877e+00   -1.7445918735e+01    3.0000000000e+03    2.3616909300e-01    6.4040625000e-01
       411   -7.5193109627e+00    5.8034392068e+01   -1.4715447560e+01    7.1961365973e+00    2.7248066027e+00   -1.7440254163e+01    3.0000000000e+03    2.4223499100e-01    6.4117708333e-01
       412   -7.5460470116e+00    6.2252831913e+01   -1.5798625999e+01    8.2525789877e+00    2.7757356822e+00   -1.8574361681e+01    3.0000000000e+03    2.3817345900e-01    6.3952083333e-01
       413   -7.3928237372e+00    5.6879108538e+01   -1.4093380548e+01    6.7005568113e+00    2.7637351536e+00   -1.6857115702e+01    3.0000000000e+03    2.3566875500e-01    6.4314583333e-01
       414   -7.4378026273e+00    5.7215039398e+01   -1.4496954945e+01    7.0591523174e+00    2.7286686588e+00   -1.7225623603e+01    3.0000000000e+03    2.1761944400e-01    6.4029166667e-01
       415   -7.3944947242e+00    5.6735175827e+01   -1.4209115249e+01    6.8146205247e+00    2.7597475077e+00   -1.6968862757e+01    3.0000000000e+03    2.2616224100e-01    6.3854166667e-01
       416   -7.4667707509e+00    5.7777743142e+01   -1.5246348426e+01    7.7795776756e+00    2.7769324662e+00   -1.8023280893e+01    3.0000000000e+03    2.4984989200e-01    6.3946875000e-01
       417   -7.4400232337e+00    5.7229170438e+01   -1.4039928734e+01    6.5999055007e+00    2.7420730578e+00   -1.6782001792e+01    3.0000000000e+03    2.2703952200e-01    6.4333333333e-01
       418   -7.4697453320e+00    5.7968754056e+01   -1.4865001431e+01    7.3952560991e+00    2.7813391368e+00   -1.7646340568e+01    3.0000000000e+03    2.3523789100e-01    6.3967708333e-01
       419   -7.4519064357e+00    5.7358633945e+01   -1.5172513705e+01    7.7206072693e+00    2.7296231833e+00   -1.7902136888e+01    3.0000000000e+03    2.3405199700e-01    6.3798958333e-01
       420   -7.2984929812e+00    6.2719333354e+01   -1.5370049320e+01    8.0715563393e+00    2.8671620187e+00   -1.8237211339e+01    3.0000000000e+03    2.3363565100e-01    6.4040625000e-01
       421   -7.3782151817e+00    5.6769383361e+01   -1.4675888467e+01    7.2976732855e+00    2.8031009416e+00   -1.7478989409e+01    3.0000000000e+03    2.7666742200e-01    6.3825000000e-01
       422   -7.4364443345e+00    5.7351350805e+01   -1.4385086242e+01    6.9486419076e+00    2.7836133327e+00   -1.7168699575e+01    3.0000000000e+03    2.5255317300e-01    6.4043750000e-01
       423   -7.3872794722e+00    5.6701994052e+01   -1.4172560999e+01    6.7852815264e+00    2.7831937756e+00   -1.6955754774e+01    3.0000000000e+03    2.2068947100e-01    6.3972916667e-01
       424   -7.5240633066e+00    7.7367305089e+01   -1.4190003211e+01    6.6659399042e+00    2.7194718262e+00   -1.6909475037e+01    3.0000000000e+03    2.5548470700e-01    6.4232291667e-01
       425   -7.3620947427e+00    5.6334111031e+01   -1.4538303591e+01    7.1762088486e+00    2.7707207309e+00   -1.7309024322e+01    3.0000000000e+03    2.3390750800e-01    6.3906250000e-01
       426   -7.5004588974e+00    5.8750647297e+01   -1.5108869708e+01    7.6084108103e+00    2.7015791933e+00   -1.7810448901e+01    3.0000000000e+03    2.1711449200e-01    6.4154166667e-01
       427   -7.3972728148e+00    5.7416641514e+01   -1.4569942754e+01    7.1726699397e+00    2.7426967797e+00   -1.7312639534e+01    3.0000000000e+03    2.5278657800e-01    6.4083333333e-01
       428   -7.3842801635e+00    5.6177339984e+01   -1.4921060241e+01    7.5367800776e+00    2.7561408205e+00   -1.7677201062e+01    3.0000000000e+03    2.9652872400e-01    6.3921875000e-01
       429   -7.2496245478e+00    5.6137499760e+01   -1.5167110699e+01    7.9174861515e+00    2.8662925107e+00   -1.8033403210e+01    3.0000000000e+03    2.1423324000e-01    6.3734375000e-01
       430   -7.4786896379e+00    5.8088811276e+01   -1.5055008531e+01    7.5763188929e+00    2.7315465298e+00   -1.7786555061e+01    3.0000000000e+03    2.2280079100e-01    6.3928125000e-01
       431   -7.3789588640e+00    5.6541886023e+01   -1.4364029196e+01    6.9850703323e+00    2.6977585422e+00   -1.7061787738e+01    3.0000000000e+03    2.1754790800e-01    6.3958333333e-01
       432   -7.4544380399e+00    5.7397564933e+01   -1.4517339854e+01    7.0629018140e+00    2.7416205948e+00   -1.7258960449e+01    3.0000000000e+03    2.6091708200e-01    6.4092708333e-01
       433   -7.4577342741e+00    5.7357877536e+01   -1.4393966196e+01    6.9362319222e+00    2.7523410702e+00   -1.7146307266e+01    3.0000000000e+03    2.4787420400e-01    6.3995833333e-01
       434   -7.4400513063e+00    5.7049401777e+01   -1.4158702774e+01    6.7186514679e+00    2.7418497620e+00   -1.6900552536e+01    3.0000000000e+03    2.2560301900e-01    6.4206250000e-01
       435   -7.4244542220e+00    5.8303646191e+01   -1.5919064469e+01    8.4946102471e+00    2.8349037374e+00   -1.8753968206e+01    3.0000000000e+03    2.4293297100e-01    6.3417708333e-01
       436   -7.4594726068e+00    5.8609971536e+01   -1.5081291927e+01    7.6218193202e+00    2.7530796658e+00   -1.7834371593e+01    3.0000000000e+03    2.7210980200e-01    6.4061458333e-01
       437   -7.3969653465e+00    5.7423849925e+01   -1.5410991237e+01    8.0140258909e+00    2.7539309031e+00   -1.8164922141e+01    3.0000000000e+03    2.2994620000e-01    6.3750000000e-01
       438   -7.3681594528e+00    5.6332452387e+01   -1.5101565074e+01    7.7334056212e+00    2.7470512437e+00   -1.7848616318e+01    3.0000000000e+03    2.1380161800e-01    6.3808333333e-01
       439   -7.4052899530e+00    5.6471842916e+01   -1.3954193229e+01    6.5489032760e+00    2.7203998181e+00   -1.6674593047e+01    3.0000000000e+03    2.2085512900e-01    6.4171875000e-01
       440   -7.3483545946e+00    5.6717471355e+01   -1.5908689766e+01    8.5603351716e+00    2.7243210165e+00   -1.8633010783e+01    3.0000000000e+03    2.3702275700e-01    6.3762500000e-01
       441   -7.4395693063e+00    5.7154833669e+01   -1.4475373520e+01    7.0358042136e+00    2.7732079135e+00   -1.7248581433e+01    3.0000000000e+03    2.1889959900e-01    6.3784375000e-01
       442   -7.4530344149e+00    5.7667206633e+01   -1.5051660325e+01    7.5986259099e+00    2.7424491780e+00   -1.7794109503e+01    3.0000000000e+03    2.3345443200e-01    6.3994791667e-01
       443   -7.4759355316e+00    5.7995509598e+01   -1.4632326183e+01    7.1563906510e+00    2.6862403155e+00   -1.7318566498e+01    3.0000000000e+03    2.4214242500e-01    6.3863541667e-01
       444   -7.4450396981e+00    5.7680021303e+01   -1.5193793418e+01    7.7487537203e+00    2.7471086098e+00   -1.7940902028e+01    3.0000000000e+03    2.4333169100e-01    6.3733333333e-01
       445   -7.4341054505e+00    5.6804934272e+01   -1.4576554369e+01    7.1424489182e+00    2.7594567321e+00   -1.7336011101e+01    3.0000000000e+03    2.2304981000e-01    6.3964583333e-01
       446   -7.3465556705e+00    5.6173467532e+01   -1.4053399211e+01    6.7068435404e+00    2.7645712198e+00   -1.6817970431e+01    3.0000000000e+03    2.1847326200e-01    6.4152083333e-01
       447   -7.3623964673e+00    5.5586376688e+01   -1.3949972977e+01    6.5875765094e+00    2.7539671625e+00   -1.6703940139e+01    3.0000000000e+03    2.2774453200e-01    6.3935416667e-01
       448   -7.3391741600e+00    5.7828712282e+01   -1.5415210363e+01    8.0760362028e+00    2.7929716721e+00   -1.8208182035e+01    3.0000000000e+03    2.7494331300e-01    6.3890625000e-01
       449   -7.4066152255e+00    5.6810189080e+01   -1.4718230554e+01    7.3116153285e+00    2.7617053246e+00   -1.7479935879e+01    3.0000000000e+03    2.2777290900e-01    6.4178125000e-01
       450   -7.4676986585e+00    5.7831750310e+01   -1.4899208200e+01    7.4315095418e+00    2.7928996841e+00   -1.7692107884e+01    3.0000000000e+03    2.2575783400e-01    6.4126041667e-01
       451   -7.4985861293e+00    5.9153151431e+01   -1.5177137897e+01    7.6785517676e+00    2.7136848115e+00   -1.7890822708e+01    3.0000000000e+03    2.3331313400e-01    6.4003125000e-01
       452   -7.4110595910e+00    5.6832419956e+01   -1.4623424568e+01    7.2123649768e+00    2.7613230550e+00   -1.7384747623e+01    3.0000000000e+03    2.6169621300e-01    6.3728125000e-01
       453   -7.4975460042e+00    5.8576186843e+01   -1.4909788924e+01    7.4122429197e+00    2.7109750573e+00   -1.7620763981e+01    3.0000000000e+03    2.3182130900e-01    6.3811458333e-01
       454   -7.4478359350e+00    5.8004282121e+01   -1.4449472318e+01    7.0016363828e+00    2.7913046937e+00   -1.7240777011e+01    3.0000000000e+03    2.1586146700e-01    6.4102083333e-01
       455   -7.3786376959e+00    5.6995982409e+01   -1.4609755421e+01    7.2311177250e+00    2.7518585507e+00   -1.7361613972e+01    3.0000000000e+03    2.2195323200e-01    6.4042708333e-01
       456   -7.3553596846e+00    5.5845344619e+01   -1.4155378674e+01    6.8000189899e+00    2.7861192115e+00   -1.6941497886e+01    3.0000000000e+03    2.4168401900e-01    6.3978125000e-01
       457   -7.4470028783e+00    5.7600781510e+01   -1.4765407975e+01    7.3184050964e+00    2.7492113860e+00   -1.7514619361e+01    3.0000000000e+03    2.3791993600e-01    6.3868750000e-01
       458   -7.4331175062e+00    5.7014906122e+01   -1.4281933609e+01    6.8488161027e+00    2.7069261430e+00   -1.6988859752e+01    3.0000000000e+03    2.2819987600e-01    6.4177083333e-01
       459   -7.4513823700e+00    5.7328254516e+01   -1.4593847596e+01    7.1424652262e+00    2.7304326175e+00   -1.7324280214e+01    3.0000000000e+03    2.3084575500e-01    6.3902083333e-01
       460   -7.3680260678e+00    5.5861292761e+01   -1.4254679860e+01    6.8866537920e+00    2.7585533322e+00   -1.7013233192e+01    3.0000000000e+03    2.4142803300e-01    6.4011458333e-01
       461   -7.3976890795e+00    5.6929225478e+01   -1.4390232599e+01    6.9925435197e+00    2.7944292648e+00   -1.7184661864e+01    3.0000000000e+03    2.5284015600e-01    6.3985416667e-01
       462   -7.4031182178e+00    5.8357085167e+01   -1.5237716742e+01    7.8345985242e+00    2.8099082244e+00   -1.8047624966e+01    3.0000000000e+03    2.5697502000e-01    6.3727083333e-01
       463   -7.4199758112e+00    5.7544130655e+01   -1.4668478776e+01    7.2485029643e+00    2.7229788207e+00   -1.7391457596e+01    3.0000000000e+03    2.3351937400e-01    6.4090625000e-01
       464   -7.4380358696e+00    5.7461627139e+01   -1.4570883895e+01    7.1328480257e+00    2.7347543334e+00   -1.7305638229e+01    3.0000000000e+03    2.3994711000e-01    6.3931250000e-01
       465   -7.3779301719e+00    5.6998088702e+01   -1.4954345295e+01    7.5764151228e+00    2.8272164578e+00   -1.7781561752e+01    3.0000000000e+03    2.2361697800e-01    6.3839583333e-01
       466   -7.3905799287e+00    5.6959976311e+01   -1.5099051984e+01    7.7084720548e+00    2.7858160862e+00   -1.7884868070e+01    3.0000000000e+03    2.2374406000e-01    6.3675000000e-01
       467   -7.3982677993e+00    5.7810321372e+01   -1.5143231079e+01    7.7449632798e+00    2.7991167156e+00   -1.7942347795e+01    3.0000000000e+03    2.4374135600e-01    6.3755208333e-01
       468   -7.4012342053e+00    5.6119088031e+01   -1.4360373120e+01    6.9591389145e+00    2.7325284515e+00   -1.7092901571e+01    3.0000000000e+03    2.6996634300e-01    6.4175000000e-01
       469   -7.4060307073e+00    5.7016130259e+01   -1.4084382322e+01    6.6783516143e+00    2.6712813071e+00   -1.6755663629e+01    3.0000000000e+03    2.1947664900e-01    6.4461458333e-01
       470   -7.5462699072e+00    5.9009083373e+01   -1.5790026840e+01    8.2437569327e+00    2.7697728068e+00   -1.8559799647e+01    3.0000000000e+03    2.2625865200e-01    6.3740625000e-01
       471   -7.5043695477e+00    5.9360777252e+01   -1.5905285590e+01    8.4009160423e+00    2.7923026709e+00   -1.8697588261e+01    3.0000000000e+03    2.2746915100e-01    6.3792708333e-01
       472   -7.4257909484e+00    5.7734817927e+01   -1.5066154978e+01    7.6403640300e+00    2.8233216087e+00   -1.7889476587e+01    3.0000000000e+03    2.5684113600e-01    6.3668750000e-01
       473   -7.3801322515e+00    5.6799853873e+01   -1.4619958625e+01    7.2398263733e+00    2.8156992721e+00   -1.7435657897e+01    3.0000000000e+03    2.3634738400e-01    6.3888541667e-01
       474   -7.3914320471e+00    5.6653000515e+01   -1.4830246247e+01    7.4388142002e+00    2.7523398862e+00   -1.7582586133e+01    3.0000000000e+03    2.1577314400e-01    6.3851041667e-01
       475   -7.4034888247e+00    5.7146214749e+01   -1.4726131211e+01    7.3226423865e+00    2.7867834671e+00   -1.7512914678e+01    3.0000000000e+03    2.2006470100e-01    6.4116666667e-01
       476   -7.4076679023e+00    5.9048264736e+01   -1.4460217560e+01    7.0525496578e+00    2.7793015238e+00   -1.7239519084e+01    3.0000000000e+03    2.4251834100e-01    6.3872916667e-01
       477   -7.4240883331e+00    5.7328864065e+01   -1.4608267607e+01    7.1841792739e+00    2.7801368444e+00   -1.7388404451e+01    3.0000000000e+03    2.4415112900e-01    6.4018750000e-01
       478   -7.4081561379e+00    5.6817170129e+01   -1.4847291398e+01    7.4391352604e+00    2.7318295131e+00   -1.7579120911e+01    3.0000000000e+03    2.7130743700e-01    6.3832291667e-01
       479   -7.4187123323e+00    5.8043012012e+01   -1.4030222953e+01    6.6115106211e+00    2.7673902855e+00   -1.6797613239e+01    3.0000000000e+03    2.2642108100e-01    6.4115625000e-01
       480   -7.3616559316e+00    5.6128828337e+01   -1.4730387486e+01    7.3687315543e+00    2.7683263677e+00   -1.7498713854e+01    3.0000000000e+03    2.6771846700e-01    6.3958333333e-01
       481   -7.5474893538e+00    5.9552556633e+01   -1.5472530761e+01    7.9250414073e+00    2.8082300914e+00   -1.8280760853e+01    3.0000000000e+03    2.3508076200e-01    6.3719791667e-01
       482   -7.4061144271e+00    5.7097476806e+01   -1.4292914721e+01    6.8868002942e+00    2.7524600540e+00   -1.7045374775e+01    3.0000000000e+03    2.4900856800e-01    6.3938541667e-01
       483   -7.3716453537e+00    5.5919770943e+01   -1.4159142820e+01    6.7874974664e+00    2.7266502948e+00   -1.6885793115e+01    3.0000000000e+03    2.8033471700e-01    6.3952083333e-01
       484   -7.4119593150e+00    5.6772576188e+01   -1.4261325234e+01    6.8493659186e+00    2.7015591543e+00   -1.6962884388e+01    3.0000000000e+03    2.4423154400e-01    6.4195833333e-01
       485   -7.3897988357e+00    5.6205177663e+01   -1.4281522202e+01    6.8917233661e+00    2.7709868921e+00   -1.7052509094e+01    3.0000000000e+03    2.4180408800e-01    6.3861458333e-01
       486   -7.4252215844e+00    5.7045812110e+01   -1.5048418057e+01    7.6231964730e+00    2.8017694716e+00   -1.7850187529e+01    3.0000000000e+03    2.2959664000e-01    6.4107291667e-01
       487   -7.3537791020e+00    5.6216551955e+01   -1.5333894824e+01    7.9801157221e+00    2.7516346868e+00   -1.8085529511e+01    3.0000000000e+03    2.2455322000e-01    6.4040625000e-01
       488   -7.4837913495e+00    5.7468018130e+01   -1.4193621399e+01    6.7098300492e+00    2.6913297802e+00   -1.6884951179e+01    3.0000000000e+03    2.4915265800e-01    6.3838541667e-01
       489   -7.4672420519e+00    5.8811868022e+01   -1.4767121652e+01    7.2998796003e+00    2.8320336281e+00   -1.7599155280e+01    3.0000000000e+03    2.4943316000e-01    6.3568750000e-01
       490   -7.4154265407e+00    5.6778136906e+01   -1.5272783367e+01    7.8573568265e+00    2.7574392081e+00   -1.8030222575e+01    3.0000000000e+03    2.4341016600e-01    6.4116666667e-01
       491   -7.4812568425e+00    5.8022866572e+01   -1.4871598126e+01    7.3903412839e+00    2.7618215896e+00   -1.7633419716e+01    3.0000000000e+03    2.6868653700e-01    6.3633333333e-01
       492   -7.4002072667e+00    5.6587035521e+01   -1.4261320001e+01    6.8611127342e+00    2.7575360666e+00   -1.7018856068e+01    3.0000000000e+03    2.6711409200e-01    6.3875000000e-01
       493   -7.5004502734e+00    6.2146442501e+01   -1.4975631875e+01    7.4751816018e+00    2.7567196814e+00   -1.7732351557e+01    3.0000000000e+03    2.7644042000e-01    6.3825000000e-01
       494   -7.3934933336e+00    5.8745981574e+01   -1.5509075441e+01    8.1155821077e+00    2.7269001404e+00   -1.8235975582e+01    3.0000000000e+03    2.7294954500e-01    6.3853125000e-01
       495   -7.3898353223e+00    5.8285580011e+01   -1.4212192678e+01    6.8223573553e+00    2.7434926919e+00   -1.6955685369e+01    3.0000000000e+03    2.4265893500e-01    6.4186458333e-01
       496   -7.4209004016e+00    5.6886013710e+01   -1.4622059418e+01    7.2011590166e+00    2.7238742529e+00   -1.7345933671e+01    3.0000000000e+03    2.2371222600e-01    6.3790625000e-01
       497   -7.3773175265e+00    5.6476571814e+01   -1.4074486677e+01    6.6971691510e+00    2.6865995773e+00   -1.6761086255e+01    3.0000000000e+03    2.4438687600e-01    6.4373958333e-01
       498   -7.4832523724e+00    5.8084454424e+01   -1.5253807855e+01    7.7705554823e+00    2.7541151890e+00   -1.8007923044e+01    3.0000000000e+03    2.2994688100e-01    6.4265625000e-01
       499   -7.4067841139e+00    5.7194781624e+01   -1.4792838133e+01    7.3860540190e+00    2.7463553770e+00   -1.7539193510e+01    3.0000000000e+03    2.6135889700e-01    6.4037500000e-01
