#   index    LocalEnergy         LocalEnergy_sq      LocalPotential      Kinetic             ElecElec            IonElec             BlockWeight         BlockCPU            AcceptRatio         
         0   -7.4714847310e+00    5.7556345273e+01   -1.5814772129e+01    8.3432873984e+00    2.7348164274e+00   -1.8549588557e+01    3.0000000000e+03    3.1649794700e-01    6.3975000000e-01
         1   -7.4226015993e+00    5.6645818709e+01   -1.5013753078e+01    7.5911514785e+00    2.7800005562e+00   -1.7793753634e+01    3.0000000000e+03    2.8600678200e-01    6.4100000000e-01
         2   -7.3584760926e+00    6.2008136181e+01   -1.4767716748e+01    7.4092406550e+00    2.8177034890e+00   -1.7585420237e+01    3.0000000000e+03    3.6400917800e-01    6.4076041667e-01
         3   -7.4153426196e+00    5.6414375316e+01   -1.4058737417e+01    6.6433947971e+00    2.7204287378e+00   -1.6779166154e+01    3.0000000000e+03    2.9920248700e-01    6.4108333333e-01
         4   -7.4257822157e+00    6.2039071997e+01   -1.5407534725e+01    7.9817525089e+00    2.7827573425e+00   -1.8190292067e+01    3.0000000000e+03    2.7218175200e-01    6.4034375000e-01
         5   -7.4733537695e+00    5.7266338625e+01   -1.4540281530e+01    7.0669277602e+00    2.7271067587e+00   -1.7267388288e+01    3.0000000000e+03    2.5582787800e-01    6.4160416667e-01
         6   -7.4796831266e+00    5.7404202829e+01   -1.5199408450e+01    7.7197253230e+00    2.7431032291e+00   -1.7942511679e+01    3.0000000000e+03    2.5786076000e-01    6.4112500000e-01
         7   -7.4248061667e+00    5.6333504344e+01   -1.5026383009e+01    7.6015768421e+00    2.7532212460e+00   -1.7779604255e+01    3.0000000000e+03    2.6440953000e-01    6.3984375000e-01
         8   -7.4259125530e+00    5.6262416101e+01   -1.4381305344e+01    6.9553927912e+00    2.6884991139e+00   -1.7069804458e+01    3.0000000000e+03    2.5729702200e-01    6.4192708333e-01
         9   -7.4100983627e+00    5.7025150937e+01   -1.5587445169e+01    8.1773468064e+00    2.7831096624e+00   -1.8370554831e+01    3.0000000000e+03    2.5164459700e-01    6.3813541667e-01
        10   -7.3730306378e+00    5.6567882600e+01   -1.4610032348e+01    7.2370017106e+00    2.7871435970e+00   -1.7397175945e+01    3.0000000000e+03    2.5988902600e-01    6.4209375000e-01
        11   -7.4051872099e+00    5.6477416119e+01   -1.4818193232e+01    7.4130060226e+00    2.8103697261e+00   -1.7628562959e+01    3.0000000000e+03    2.7172408800e-01    6.3823958333e-01
        12   -7.3929281504e+00    5.8017015897e+01   -1.4639682537e+01    7.2467543869e+00    2.8471504986e+00   -1.7486833036e+01    3.0000000000e+03    2.5814043200e-01    6.3897916667e-01
        13   -7.3911908346e+00    5.6555075113e+01   -1.4135519935e+01    6.7443291004e+00    2.7435939078e+00   -1.6879113843e+01    3.0000000000e+03    2.5318284100e-01    6.4033333333e-01
        14   -7.4543834452e+00    5.7084060795e+01   -1.5185630056e+01    7.7312466109e+00    2.7536368836e+00   -1.7939266940e+01    3.0000000000e+03    2.5115077800e-01    6.3900000000e-01
        15   -7.4677063318e+00    5.7826024368e+01   -1.4896175919e+01    7.4284695875e+00    2.7026048022e+00   -1.7598780722e+01    3.0000000000e+03    2.6125533100e-01    6.4289583333e-01
        16   -7.4327319138e+00    5.6476177788e+01   -1.4376191111e+01    6.9434591970e+00    2.7340597033e+00   -1.7110250814e+01    3.0000000000e+03    2.6741193000e-01    6.4053125000e-01
        17   -7.4158579296e+00    5.6258005856e+01   -1.4702583042e+01    7.2867251120e+00    2.7516273640e+00   -1.7454210406e+01    3.0000000000e+03    2.5837077200e-01    6.4077083333e-01
        18   -7.3946874796e+00    5.6090201350e+01   -1.4567910542e+01    7.1732230627e+00    2.7539475688e+00   -1.7321858111e+01    3.0000000000e+03    2.7427180300e-01    6.3873958333e-01
        19   -7.4177449046e+00    5.6461677329e+01   -1.4806077293e+01    7.3883323883e+00    2.7069478113e+00   -1.7513025104e+01    3.0000000000e+03    2.6487437900e-01    6.4129166667e-01
        20   -7.4019904261e+00    5.6134670369e+01   -1.4426795829e+01    7.0248054031e+00    2.7655725693e+00   -1.7192368398e+01    3.0000000000e+03    2.5407585300e-01    6.3962500000e-01
        21   -7.4037672703e+00    5.6404110391e+01   -1.3820370327e+01    6.4166030567e+00    2.7066768699e+00   -1.6527047197e+01    3.0000000000e+03    2.6567521300e-01    6.4284375000e-01
        22   -7.4177131488e+00    5.6235990970e+01   -1.4515322094e+01    7.0976089450e+00    2.7050151376e+00   -1.7220337231e+01    3.0000000000e+03    2.5741300000e-01    6.4456250000e-01
        23   -7.4382748703e+00    5.7129475247e+01   -1.5683729327e+01    8.2454544567e+00    2.8136596583e+00   -1.8497388985e+01    3.0000000000e+03    2.5197312300e-01    6.3578125000e-01
        24   -7.4348147721e+00    5.6431929442e+01   -1.4405268756e+01    6.9704539834e+00    2.7491341995e+00   -1.7154402955e+01    3.0000000000e+03    2.5664128500e-01    6.4166666667e-01
        25   -7.4296569285e+00    5.6523688086e+01   -1.5608712833e+01    8.1790559041e+00    2.7430228485e+00   -1.8351735681e+01    3.0000000000e+03    2.5439208200e-01    6.3934375000e-01
        26   -7.4003106690e+00    5.6775577809e+01   -1.4266123657e+01    6.8658129881e+00    2.8001636160e+00   -1.7066287273e+01    3.0000000000e+03    2.8169734800e-01    6.4154166667e-01
        27   -7.3985263423e+00    5.6836085327e+01   -1.5099884004e+01    7.7013576621e+00    2.8467460615e+00   -1.7946630066e+01    3.0000000000e+03    2.5533813700e-01    6.3778125000e-01
        28   -7.4134419467e+00    5.6202048050e+01   -1.4973915909e+01    7.5604739620e+00    2.7545033274e+00   -1.7728419236e+01    3.0000000000e+03    2.7989293400e-01    6.4131250000e-01
        29   -7.4631287933e+00    5.7071894038e+01   -1.5146734699e+01    7.6836059054e+00    2.7630774944e+00   -1.7909812193e+01    3.0000000000e+03    2.6501584500e-01    6.3853125000e-01
        30   -7.4088619952e+00    5.6171125945e+01   -1.4673631434e+01    7.2647694384e+00    2.7473593341e+00   -1.7420990768e+01    3.0000000000e+03    2.6625483000e-01    6.4369791667e-01
        31   -7.3798481130e+00    5.7373058020e+01   -1.4789383013e+01    7.4095348996e+00    2.8333633245e+00   -1.7622746337e+01    3.0000000000e+03    2.6408126400e-01    6.3566666667e-01
        32   -7.4291220189e+00    5.6490145804e+01   -1.5350165378e+01    7.9210433586e+00    2.7830166207e+00   -1.8133181998e+01    3.0000000000e+03    2.5918847300e-01    6.3636458333e-01
        33   -7.3630657924e+00    6.7486807940e+01   -1.5086626413e+01    7.7235606210e+00    2.8565270602e+00   -1.7943153474e+01    3.0000000000e+03    2.6593344800e-01    6.3965625000e-01
        34   -7.4398223116e+00    5.6504259286e+01   -1.4489789811e+01    7.0499674997e+00    2.7035059471e+00   -1.7193295758e+01    3.0000000000e+03    2.5781082800e-01    6.4295833333e-01
        35   -7.4284706745e+00    5.6490420847e+01   -1.5164515596e+01    7.7360449220e+00    2.8070890929e+00   -1.7971604689e+01    3.0000000000e+03    2.6852647100e-01    6.3842708333e-01
        36   -7.3926445054e+00    5.6426371038e+01   -1.4608812041e+01    7.2161675351e+00    2.8069798251e+00   -1.7415791866e+01    3.0000000000e+03    2.5351543100e-01    6.3712500000e-01
        37   -7.4577918088e+00    5.7202378674e+01   -1.5038346370e+01    7.5805545609e+00    2.7417028209e+00   -1.7780049191e+01    3.0000000000e+03    2.5320293200e-01    6.3990625000e-01
        38   -7.3754787874e+00    5.5958554618e+01   -1.4472977667e+01    7.0974988795e+00    2.7863444628e+00   -1.7259322130e+01    3.0000000000e+03    2.5903758400e-01    6.4033333333e-01
        39   -7.3726225951e+00    5.6209873124e+01   -1.4092023941e+01    6.7194013463e+00    2.7789139238e+00   -1.6870937865e+01    3.0000000000e+03    2.6840335500e-01    6.4225000000e-01
        40   -7.4849588898e+00    5.7111497071e+01   -1.5248295030e+01    7.7633361398e+00    2.7498687280e+00   -1.7998163758e+01    3.0000000000e+03    2.6775585100e-01    6.3754166667e-01
        41   -7.4297393879e+00    5.6982255459e+01   -1.4164363919e+01    6.7346245306e+00    2.7673941771e+00   -1.6931758096e+01    3.0000000000e+03    2.8101772100e-01    6.3967708333e-01
        42   -7.4728629673e+00    5.7013822249e+01   -1.4357268654e+01    6.8844056868e+00    2.7156706030e+00   -1.7072939257e+01    3.0000000000e+03    2.6790969700e-01    6.3964583333e-01
        43   -7.4156096620e+00    5.6450463500e+01   -1.4767196977e+01    7.3515873148e+00    2.8118860827e+00   -1.7579083060e+01    3.0000000000e+03    2.5436412800e-01    6.3787500000e-01
        44   -7.4299115987e+00    5.7099150985e+01   -1.4894117700e+01    7.4642061017e+00    2.7427010748e+00   -1.7636818775e+01    3.0000000000e+03    2.5563707500e-01    6.3941666667e-01
        45   -7.3671271758e+00    5.8563201283e+01   -1.4881685407e+01    7.5145582316e+00    2.7948184123e+00   -1.7676503820e+01    3.0000000000e+03    2.6322057200e-01    6.3927083333e-01
        46   -7.4279833536e+00    5.6553531319e+01   -1.4792091023e+01    7.3641076695e+00    2.7737385842e+00   -1.7565829607e+01    3.0000000000e+03    2.5285484000e-01    6.3762500000e-01
        47   -7.4004350899e+00    5.6286687475e+01   -1.4713157021e+01    7.3127219307e+00    2.7788474079e+00   -1.7492004429e+01    3.0000000000e+03    2.5142270000e-01    6.4119791667e-01
        48   -7.4549320298e+00    5.6706556727e+01   -1.5199084256e+01    7.7441522262e+00    2.7497725249e+00   -1.7948856781e+01    3.0000000000e+03    2.7504092200e-01    6.3912500000e-01
        49   -7.4350341303e+00    5.7195093787e+01   -1.5373016565e+01    7.9379824351e+00    2.8453448182e+00   -1.8218361384e+01    3.0000000000e+03    2.6896760600e-01    6.3333333333e-01
        50   -7.4127994150e+00    5.6217821725e+01   -1.4393876779e+01    6.9810773639e+00    2.7369275318e+00   -1.7130804311e+01    3.0000000000e+03    2.5250023800e-01    6.4263541667e-01
        51   -7.4567279584e+00    5.7240146473e+01   -1.4453901224e+01    6.9971732655e+00    2.8142053279e+00   -1.7268106552e+01    3.0000000000e+03    2.6582835600e-01    6.3835416667e-01
        52   -7.4218239339e+00    5.6576506747e+01   -1.5722810241e+01    8.3009863066e+00    2.7914047540e+00   -1.8514214995e+01    3.0000000000e+03    2.5898221000e-01    6.3545833333e-01
        53   -7.4339374783e+00    5.7766452933e+01   -1.4645147619e+01    7.2112101403e+00    2.7627025237e+00   -1.7407850142e+01    3.0000000000e+03    2.5966396500e-01    6.4067708333e-01
        54   -7.4456422302e+00    5.8803034131e+01   -1.5051282631e+01    7.6056404005e+00    2.7370843258e+00   -1.7788366956e+01    3.0000000000e+03    2.7917202800e-01    6.4029166667e-01
        55   -7.4578807941e+00    5.6609886998e+01   -1.4329066738e+01    6.8711859440e+00    2.6758705964e+00   -1.7004937335e+01    3.0000000000e+03    2.7873228800e-01    6.4486458333e-01
        56   -7.4369946896e+00    5.6664717532e+01   -1.4826311090e+01    7.3893164003e+00    2.7384734392e+00   -1.7564784529e+01    3.0000000000e+03    2.5981580000e-01    6.3604166667e-01
        57   -7.4757193148e+00    5.7100215667e+01   -1.4711435265e+01    7.2357159498e+00    2.7086882454e+00   -1.7420123510e+01    3.0000000000e+03    2.5786952800e-01    6.3939583333e-01
        58   -7.3887220015e+00    5.5868655269e+01   -1.4283176924e+01    6.8944549220e+00    2.7631503670e+00   -1.7046327291e+01    3.0000000000e+03    2.6143774700e-01    6.4109375000e-01
        59   -7.4417126192e+00    5.6702479192e+01   -1.4695497492e+01    7.2537848728e+00    2.7310423188e+00   -1.7426539811e+01    3.0000000000e+03    2.6112190400e-01    6.3962500000e-01
        60   -7.4585397900e+00    5.7081752825e+01   -1.5134932921e+01    7.6763931306e+00    2.7616611140e+00   -1.7896594035e+01    3.0000000000e+03    2.6994190900e-01    6.3926041667e-01
        61   -7.4232442517e+00    5.6827026234e+01   -1.5299653797e+01    7.8764095458e+00    2.7746168218e+00   -1.8074270619e+01    3.0000000000e+03    2.8810718400e-01    6.3866666667e-01
        62   -7.4212412055e+00    5.6004134168e+01   -1.3895769686e+01    6.4745284808e+00    2.6761134820e+00   -1.6571883168e+01    3.0000000000e+03    2.6269588100e-01    6.4452083333e-01
        63   -7.3913646701e+00    5.6015024284e+01   -1.5431306798e+01    8.0399421278e+00    2.7315795851e+00   -1.8162886383e+01    3.0000000000e+03    2.9833116700e-01    6.4058333333e-01
        64   -7.4424731113e+00    5.6787036894e+01   -1.6440320629e+01    8.9978475174e+00    2.7605304103e+00   -1.9200851039e+01    3.0000000000e+03    3.2020706800e-01    6.4076041667e-01
        65   -7.4566903855e+00    5.6587168535e+01   -1.4797757654e+01    7.3410672684e+00    2.7073520060e+00   -1.7505109660e+01    3.0000000000e+03    2.7476244900e-01    6.4072916667e-01
        66   -7.4293050944e+00    5.6821102859e+01   -1.4824158006e+01    7.3948529112e+00    2.7395123974e+00   -1.7563670403e+01    3.0000000000e+03    2.8294617200e-01    6.4016666667e-01
        67   -7.4523097518e+00    5.6676486279e+01   -1.4061536516e+01    6.6092267641e+00    2.6641319051e+00   -1.6725668421e+01    3.0000000000e+03    2.8921723600e-01    6.4489583333e-01
        68   -7.4345128655e+00    5.6487738722e+01   -1.4619051691e+01    7.1845388254e+00    2.6948085593e+00   -1.7313860250e+01    3.0000000000e+03    2.4771973100e-01    6.4470833333e-01
        69   -7.4294377020e+00    5.6332806875e+01   -1.4487062776e+01    7.0576250742e+00    2.7331809119e+00   -1.7220243688e+01    3.0000000000e+03    2.6714112300e-01    6.4031250000e-01
        70   -7.3862349293e+00    5.6187705894e+01   -1.5352406303e+01    7.9661713741e+00    2.7427394083e+00   -1.8095145712e+01    3.0000000000e+03    2.7280159400e-01    6.4145833333e-01
        71   -7.4155295413e+00    5.6536473572e+01   -1.5443978744e+01    8.0284492031e+00    2.7175725147e+00   -1.8161551259e+01    3.0000000000e+03    2.6200827200e-01    6.4087500000e-01
        72   -7.4092543834e+00    5.6415428224e+01   -1.4319634779e+01    6.9103803958e+00    2.7505094966e+00   -1.7070144276e+01    3.0000000000e+03    2.5201264100e-01    6.4008333333e-01
        73   -7.4337314722e+00    5.6798057272e+01   -1.4948089848e+01    7.5143583759e+00    2.7987399830e+00   -1.7746829831e+01    3.0000000000e+03    2.5004106100e-01    6.3426041667e-01
        74   -7.4707692494e+00    5.7282132402e+01   -1.5221046033e+01    7.7502767832e+00    2.7393902890e+00   -1.7960436322e+01    3.0000000000e+03    2.7169703100e-01    6.3755208333e-01
        75   -7.3957558306e+00    5.6118926426e+01   -1.4252232713e+01    6.8564768821e+00    2.7685193646e+00   -1.7020752077e+01    3.0000000000e+03    2.5994465700e-01    6.4017708333e-01
        76   -7.4441951337e+00    5.6830261597e+01   -1.5563581637e+01    8.1193865034e+00    2.8133261669e+00   -1.8376907804e+01    3.0000000000e+03    2.6307344900e-01    6.3481250000e-01
        77   -7.4922928111e+00    5.7008645063e+01   -1.4840604080e+01    7.3483112687e+00    2.6900508414e+00   -1.7530654921e+01    3.0000000000e+03    2.6453979900e-01    6.3907291667e-01
        78   -7.4351078505e+00    5.6658042903e+01   -1.4715634057e+01    7.2805262067e+00    2.7365626640e+00   -1.7452196721e+01    3.0000000000e+03    2.5791328000e-01    6.3988541667e-01
        79   -7.3958849361e+00    5.6222976761e+01   -1.4884891356e+01    7.4890064194e+00    2.7720190185e+00   -1.7656910374e+01    3.0000000000e+03    2.8000938300e-01    6.3956250000e-01
        80   -7.4107130100e+00    5.6786943187e+01   -1.4480844647e+01    7.0701316372e+00    2.7425442767e+00   -1.7223388924e+01    3.0000000000e+03    2.6792100200e-01    6.3538541667e-01
        81   -7.4302173841e+00    5.6506402454e+01   -1.5264463212e+01    7.8342458275e+00    2.8093146783e+00   -1.8073777890e+01    3.0000000000e+03    2.5240010700e-01    6.3517708333e-01
        82   -7.4102997977e+00    5.6441129602e+01   -1.5511174215e+01    8.1008744175e+00    2.7832563120e+00   -1.8294430527e+01    3.0000000000e+03    2.6114811100e-01    6.3858333333e-01
        83   -7.4446553359e+00    5.6360777991e+01   -1.3750261471e+01    6.3056061349e+00    2.6463386089e+00   -1.6396600080e+01    3.0000000000e+03    2.5462849700e-01    6.4331250000e-01
        84   -7.3897480745e+00    5.8778799651e+01   -1.3987497689e+01    6.5977496147e+00    2.7519705857e+00   -1.6739468275e+01    3.0000000000e+03    2.5312798600e-01    6.3906250000e-01
        85   -7.4444117617e+00    5.6560343210e+01   -1.4899424957e+01    7.4550131950e+00    2.7251355839e+00   -1.7624560541e+01    3.0000000000e+03    2.5237120900e-01    6.4045833333e-01
        86   -7.4692965311e+00    5.6832438621e+01   -1.5668394987e+01    8.1990984559e+00    2.7378507200e+00   -1.8406245707e+01    3.0000000000e+03    2.6566313400e-01    6.3582291667e-01
        87   -7.4378421483e+00    5.6641696606e+01   -1.4293046751e+01    6.8552046027e+00    2.7258608099e+00   -1.7018907561e+01    3.0000000000e+03    2.5666904100e-01    6.4130208333e-01
        88   -7.4129460404e+00    5.6808202704e+01   -1.4614476383e+01    7.2015303423e+00    2.7706659154e+00   -1.7385142298e+01    3.0000000000e+03    2.5794017200e-01    6.4050000000e-01
        89   -7.4048875096e+00    5.6700033694e+01   -1.4371619670e+01    6.9667321602e+00    2.7372540556e+00   -1.7108873725e+01    3.0000000000e+03    2.6407692100e-01    6.3982291667e-01
        90   -7.4419272523e+00    5.6541231941e+01   -1.4670491315e+01    7.2285640628e+00    2.7189605837e+00   -1.7389451899e+01    3.0000000000e+03    2.7781414800e-01    6.4073958333e-01
        91   -7.4169160577e+00    5.6791606423e+01   -1.4580655484e+01    7.1637394258e+00    2.8312844490e+00   -1.7411939933e+01    3.0000000000e+03    2.8202448100e-01    6.3738541667e-01
        92   -7.3661527646e+00    7.0035619475e+01   -1.4316285942e+01    6.9501331775e+00    2.8239805409e+00   -1.7140266483e+01    3.0000000000e+03    2.9798372900e-01    6.3709375000e-01
        93   -7.3520143159e+00    5.8572678949e+01   -1.4728737704e+01    7.3767233881e+00    2.8489608348e+00   -1.7577698539e+01    3.0000000000e+03    2.7448944600e-01    6.3714583333e-01
        94   -7.3975392115e+00    5.6437289422e+01   -1.3725306718e+01    6.3277675061e+00    2.7333272065e+00   -1.6458633924e+01    3.0000000000e+03    2.6869821600e-01    6.4465625000e-01
        95   -7.4016012591e+00    5.6790189364e+01   -1.5731863959e+01    8.3302627004e+00    2.8383952703e+00   -1.8570259230e+01    3.0000000000e+03    2.6775705600e-01    6.3786458333e-01
        96   -7.4294155813e+00    5.6401393575e+01   -1.5273837123e+01    7.8444215417e+00    2.7459364888e+00   -1.8019773612e+01    3.0000000000e+03    2.5818482300e-01    6.3841666667e-01
        97   -7.4137193221e+00    5.6386022661e+01   -1.4605047850e+01    7.1913285281e+00    2.7519819102e+00   -1.7357029760e+01    3.0000000000e+03    2.6771503900e-01    6.4184375000e-01
        98   -7.3963595068e+00    5.6095455542e+01   -1.5685194196e+01    8.2888346888e+00    2.6953499117e+00   -1.8380544107e+01    3.0000000000e+03    2.5504112500e-01    6.4171875000e-01
        99   -7.3946350308e+00    5.5966644965e+01   -1.4142453424e+01    6.7478183936e+00    2.7604489388e+00   -1.6902902363e+01    3.0000000000e+03    2.5142281500e-01    6.4188541667e-01
       100   -7.4221676896e+00    5.6451403754e+01   -1.4941989253e+01    7.5198215632e+00    2.7747057584e+00   -1.7716695011e+01    3.0000000000e+03    2.5624660700e-01    6.3965625000e-01
       101   -7.4422755835e+00    5.6970045657e+01   -1.4854454399e+01    7.4121788151e+00    2.7397494186e+00   -1.7594203817e+01    3.0000000000e+03    2.4981790900e-01    6.3765625000e-01
       102   -7.4388337923e+00    5.6547301337e+01   -1.4335282329e+01    6.8964485372e+00    2.8009397503e+00   -1.7136222080e+01    3.0000000000e+03    2.9064475400e-01    6.4037500000e-01
       103   -7.4296334762e+00    5.6176803598e+01   -1.4509809133e+01    7.0801756566e+00    2.7213266784e+00   -1.7231135811e+01    3.0000000000e+03    2.6376920500e-01    6.4189583333e-01
       104   -7.3482951424e+00    7.1459581094e+01   -1.5539733354e+01    8.1914382117e+00    2.9305169892e+00   -1.8470250343e+01    3.0000000000e+03    2.7637589800e-01    6.3639583333e-01
       105   -7.4121015783e+00    5.6394661111e+01   -1.4173141555e+01    6.7610399770e+00    2.7128581179e+00   -1.6885999673e+01    3.0000000000e+03    2.7449462100e-01    6.4288541667e-01
       106   -7.4672117699e+00    5.7239738949e+01   -1.5333895427e+01    7.8666836572e+00    2.7881550077e+00   -1.8122050435e+01    3.0000000000e+03    2.6409351700e-01    6.3744791667e-01
       107   -7.4811138770e+00    5.6924958825e+01   -1.4183909517e+01    6.7027956404e+00    2.6794574381e+00   -1.6863366956e+01    3.0000000000e+03    2.6449895500e-01    6.3985416667e-01
       108   -7.4593362934e+00    5.7156851106e+01   -1.5700812341e+01    8.2414760474e+00    2.8242753580e+00   -1.8525087699e+01    3.0000000000e+03    2.6295686100e-01    6.3896875000e-01
       109   -7.4347461913e+00    5.6978237486e+01   -1.4336357174e+01    6.9016109829e+00    2.6934001031e+00   -1.7029757277e+01    3.0000000000e+03    2.7925915900e-01    6.4243750000e-01
       110   -7.4186162345e+00    5.6570196720e+01   -1.4703428522e+01    7.2848122880e+00    2.7701173638e+00   -1.7473545886e+01    3.0000000000e+03    2.8494582300e-01    6.3654166667e-01
       111   -7.4286501833e+00    5.6820630333e+01   -1.4405749909e+01    6.9770997261e+00    2.7430548853e+00   -1.7148804795e+01    3.0000000000e+03    2.5808783800e-01    6.4040625000e-01
       112   -7.5068695366e+00    5.7420720080e+01   -1.4903843236e+01    7.3969736991e+00    2.7071922226e+00   -1.7611035458e+01    3.0000000000e+03    2.9992794600e-01    6.3625000000e-01
       113   -7.3705603282e+00    5.5959259611e+01   -1.4004308216e+01    6.6337478880e+00    2.8144848074e+00   -1.6818793024e+01    3.0000000000e+03    2.8055682600e-01    6.3925000000e-01
       114   -7.4510008916e+00    5.6731888960e+01   -1.5025224505e+01    7.5742236134e+00    2.7157991719e+00   -1.7741023677e+01    3.0000000000e+03    2.6307404900e-01    6.4275000000e-01
       115   -7.4098328834e+00    5.6394755122e+01   -1.4604914517e+01    7.1950816331e+00    2.7553241090e+00   -1.7360238626e+01    3.0000000000e+03    2.8673820700e-01    6.4294791667e-01
       116   -7.4277338282e+00    5.7087941848e+01   -1.5483028459e+01    8.0552946305e+00    2.8415240241e+00   -1.8324552483e+01    3.0000000000e+03    2.8008611300e-01    6.3539583333e-01
       117   -7.4658933455e+00    5.6866584810e+01   -1.6169689945e+01    8.7037965991e+00    2.7431530386e+00   -1.8912842983e+01    3.0000000000e+03    2.7350013800e-01    6.3673958333e-01
       118   -7.4387900384e+00    5.6651839151e+01   -1.4798859006e+01    7.3600689678e+00    2.7549295352e+00   -1.7553788541e+01    3.0000000000e+03    2.5628248700e-01    6.3827083333e-01
       119   -7.4417565210e+00    5.6614474681e+01   -1.4110110954e+01    6.6683544331e+00    2.7123495871e+00   -1.6822460541e+01    3.0000000000e+03    2.6857843300e-01    6.4189583333e-01
       120   -7.4419430786e+00    5.6924032768e+01   -1.4672367044e+01    7.2304239650e+00    2.7574145953e+00   -1.7429781639e+01    3.0000000000e+03    2.8257337600e-01    6.3842708333e-01
       121   -7.4304233240e+00    5.6667765065e+01   -1.4796954533e+01    7.3665312091e+00    2.7740541243e+00   -1.7571008657e+01    3.0000000000e+03    2.4687331500e-01    6.3766666667e-01
       122   -7.4307246815e+00    5.6445179629e+01   -1.4149408254e+01    6.7186835724e+00    2.7269189387e+00   -1.6876327193e+01    3.0000000000e+03    2.5723571300e-01    6.4434375000e-01
       123   -7.4353881986e+00    5.6617337959e+01   -1.4467766788e+01    7.0323785893e+00    2.7283813362e+00   -1.7196148124e+01    3.0000000000e+03    2.4491197400e-01    6.4061458333e-01
       124   -7.4432199083e+00    5.6506872847e+01   -1.4383579179e+01    6.9403592703e+00    2.7711967556e+00   -1.7154775934e+01    3.0000000000e+03    2.7977596100e-01    6.4182291667e-01
       125   -7.4146741417e+00    5.6876453439e+01   -1.5221086715e+01    7.8064125734e+00    2.7962992211e+00   -1.8017385936e+01    3.0000000000e+03    2.6006900600e-01    6.3911458333e-01
       126   -7.3821733275e+00    5.6565268451e+01   -1.5053091128e+01    7.6709178009e+00    2.8385325692e+00   -1.7891623698e+01    3.0000000000e+03    2.5721712300e-01    6.3830208333e-01
       127   -7.4071828115e+00    5.6496356585e+01   -1.5302136293e+01    7.8949534816e+00    2.7911453951e+00   -1.8093281688e+01    3.0000000000e+03    2.6768624600e-01    6.3681250000e-01
       128   -7.4204354980e+00    5.6714150661e+01   -1.4837378755e+01    7.4169432567e+00    2.7994937026e+00   -1.7636872457e+01    3.0000000000e+03    2.7231812000e-01    6.3657291667e-01
       129   -7.4376041301e+00    5.6438395004e+01   -1.4837227109e+01    7.3996229788e+00    2.7474670141e+00   -1.7584694123e+01    3.0000000000e+03    2.5822700500e-01    6.3833333333e-01
       130   -7.4356052712e+00    5.6563046837e+01   -1.5097297448e+01    7.6616921763e+00    2.7857259159e+00   -1.7883023363e+01    3.0000000000e+03    2.4870234500e-01    6.3457291667e-01
       131   -7.4745286988e+00    5.7092148276e+01   -1.4811573281e+01    7.3370445823e+00    2.7310961245e+00   -1.7542669406e+01    3.0000000000e+03    2.7237494300e-01    6.3860416667e-01
       132   -7.4474907593e+00    5.6868739679e+01   -1.4588380101e+01    7.1408893412e+00    2.7840649842e+00   -1.7372445085e+01    3.0000000000e+03    2.7918021600e-01    6.3800000000e-01
       133   -7.3688008817e+00    5.6371647635e+01   -1.5611606706e+01    8.2428058245e+00    2.8507467991e+00   -1.8462353505e+01    3.0000000000e+03    2.8164206600e-01    6.3888541667e-01
       134   -7.4418034853e+00    5.6589121181e+01   -1.4530640679e+01    7.0888371940e+00    2.7368870059e+00   -1.7267527685e+01    3.0000000000e+03    2.5341310000e-01    6.4239583333e-01
       135   -7.3889208845e+00    5.6418497809e+01   -1.4843312963e+01    7.4543920788e+00    2.8100766219e+00   -1.7653389585e+01    3.0000000000e+03    2.6857520800e-01    6.3937500000e-01
       136   -7.4456785634e+00    5.6644417883e+01   -1.4334206737e+01    6.8885281732e+00    2.7500575570e+00   -1.7084264294e+01    3.0000000000e+03    2.6466538700e-01    6.4097916667e-01
       137   -7.4423565651e+00    5.6544856308e+01   -1.5078150571e+01    7.6357940063e+00    2.7512485921e+00   -1.7829399163e+01    3.0000000000e+03    2.5771483600e-01    6.4090625000e-01
       138   -7.4422025280e+00    5.6528315535e+01   -1.4376133167e+01    6.9339306388e+00    2.6649725638e+00   -1.7041105731e+01    3.0000000000e+03    2.5866157300e-01    6.4187500000e-01
       139   -7.4207108836e+00    5.6256690218e+01   -1.4328382265e+01    6.9076713816e+00    2.7634580114e+00   -1.7091840277e+01    3.0000000000e+03    2.5791292200e-01    6.3765625000e-01
       140   -7.4025209911e+00    5.6864841863e+01   -1.4415776460e+01    7.0132554693e+00    2.7580069541e+00   -1.7173783414e+01    3.0000000000e+03    2.7296809800e-01    6.4352083333e-01
       141   -7.4407859791e+00    5.7195106095e+01   -1.5680342278e+01    8.2395562988e+00    2.8392330969e+00   -1.8519575375e+01    3.0000000000e+03    2.6553031100e-01    6.3622916667e-01
       142   -7.4594016721e+00    5.6908706377e+01   -1.5009188117e+01    7.5497864454e+00    2.7093464544e+00   -1.7718534572e+01    3.0000000000e+03    2.5437834000e-01    6.4406250000e-01
       143   -7.4447826464e+00    5.6800385774e+01   -1.4776459565e+01    7.3316769183e+00    2.6968017878e+00   -1.7473261353e+01    3.0000000000e+03    2.7615555400e-01    6.3943750000e-01
       144   -7.4004968538e+00    5.6088805649e+01   -1.5651256937e+01    8.2507600830e+00    2.7901154353e+00   -1.8441372372e+01    3.0000000000e+03    2.5496833100e-01    6.3830208333e-01
       145   -7.4207586860e+00    5.6593866162e+01   -1.5129199127e+01    7.7084404414e+00    2.8079510975e+00   -1.7937150225e+01    3.0000000000e+03    2.7216169800e-01    6.3856250000e-01
       146   -7.3887991693e+00    5.6306242671e+01   -1.5365567030e+01    7.9767678611e+00    2.8197340982e+00   -1.8185301129e+01    3.0000000000e+03    2.6391374000e-01    6.3887500000e-01
       147   -7.4078195511e+00    5.7047321454e+01   -1.5830834449e+01    8.4230148977e+00    2.8455439616e+00   -1.8676378410e+01    3.0000000000e+03    2.4947550000e-01    6.3946875000e-01
       148   -7.4056657543e+00    5.6456610417e+01   -1.4861305442e+01    7.4556396872e+00    2.7983657639e+00   -1.7659671205e+01    3.0000000000e+03    2.4867213600e-01    6.3863541667e-01
       149   -7.3674496564e+00    5.6325807547e+01   -1.3854253430e+01    6.4868037736e+00    2.7823416322e+00   -1.6636595062e+01    3.0000000000e+03    2.5539475000e-01    6.3991666667e-01
       150   -7.4305705820e+00    5.6747153196e+01   -1.4717816495e+01    7.2872459125e+00    2.7754315838e+00   -1.7493248078e+01    3.0000000000e+03    2.5693327300e-01    6.4012500000e-01
       151   -7.4138805241e+00    5.6426044040e+01   -1.5027779496e+01    7.6138989716e+00    2.7617539850e+00   -1.7789533481e+01    3.0000000000e+03    2.6579340600e-01    6.3951041667e-01
       152   -7.4460249751e+00    5.6781909633e+01   -1.4976521331e+01    7.5304963563e+00    2.7392401940e+00   -1.7715761525e+01    3.0000000000e+03    2.5427242400e-01    6.4102083333e-01
       153   -7.4171109399e+00    5.6418879794e+01   -1.4670017476e+01    7.2529065358e+00    2.7726059416e+00   -1.7442623417e+01    3.0000000000e+03    2.7465197600e-01    6.3901041667e-01
       154   -7.4585454749e+00    5.6855440264e+01   -1.5590625979e+01    8.1320805044e+00    2.7786053255e+00   -1.8369231305e+01    3.0000000000e+03    2.7194589500e-01    6.3650000000e-01
       155   -7.4132989333e+00    5.6564575508e+01   -1.4403519514e+01    6.9902205807e+00    2.7461267920e+00   -1.7149646306e+01    3.0000000000e+03    2.4988002300e-01    6.4233333333e-01
       156   -7.4277453099e+00    5.6505531454e+01   -1.4957996575e+01    7.5302512649e+00    2.7382207399e+00   -1.7696217315e+01    3.0000000000e+03    2.6423549400e-01    6.4207291667e-01
       157   -7.4383833453e+00    5.7069086834e+01   -1.4299342982e+01    6.8609596366e+00    2.7197689554e+00   -1.7019111937e+01    3.0000000000e+03    2.7355868800e-01    6.4180208333e-01
       158   -7.4126753254e+00    5.6804193612e+01   -1.5019882861e+01    7.6072075359e+00    2.8305703826e+00   -1.7850453244e+01    3.0000000000e+03    2.6812253500e-01    6.3526041667e-01
       159   -7.4725417657e+00    5.6815876301e+01   -1.5445402533e+01    7.9728607668e+00    2.6637560175e+00   -1.8109158550e+01    3.0000000000e+03    2.4928310400e-01    6.4028125000e-01
       160   -7.3829035922e+00    5.6378332683e+01   -1.4234286054e+01    6.8513824621e+00    2.7854974053e+00   -1.7019783460e+01    3.0000000000e+03    2.4408807500e-01    6.3900000000e-01
       161   -7.4033543600e+00    5.6167218781e+01   -1.4945350775e+01    7.5419964148e+00    2.7367181250e+00   -1.7682068900e+01    3.0000000000e+03    3.2391273700e-01    6.4167708333e-01
       162   -7.4046855801e+00    5.6832050926e+01   -1.4279049406e+01    6.8743638255e+00    2.7552732893e+00   -1.7034322695e+01    3.0000000000e+03    2.7124937600e-01    6.4036458333e-01
       163   -7.4632161700e+00    5.6903976975e+01   -1.4757690443e+01    7.2944742728e+00    2.6869177524e+00   -1.7444608195e+01    3.0000000000e+03    2.6219354100e-01    6.4100000000e-01
       164   -7.3970445800e+00    5.6157989006e+01   -1.4314857183e+01    6.9178126032e+00    2.7293259834e+00   -1.7044183167e+01    3.0000000000e+03    2.5450267300e-01    6.4087500000e-01
       165   -7.4610461759e+00    5.6853191568e+01   -1.4820678654e+01    7.3596324784e+00    2.7629267157e+00   -1.7583605370e+01    3.0000000000e+03    2.5227064100e-01    6.3870833333e-01
       166   -7.4491648451e+00    5.7419815636e+01   -1.4755946842e+01    7.3067819971e+00    2.7848746022e+00   -1.7540821444e+01    3.0000000000e+03    2.7707781500e-01    6.3941666667e-01
       167   -7.3881502723e+00    5.5918825551e+01   -1.4465074123e+01    7.0769238504e+00    2.8244073098e+00   -1.7289481432e+01    3.0000000000e+03    2.5640837600e-01    6.3611458333e-01
       168   -7.4184258612e+00    5.6397300912e+01   -1.4637153353e+01    7.2187274915e+00    2.7945253565e+00   -1.7431678709e+01    3.0000000000e+03    2.6049616600e-01    6.3855208333e-01
       169   -7.4008980527e+00    5.5964374259e+01   -1.4405425803e+01    7.0045277500e+00    2.7271226437e+00   -1.7132548446e+01    3.0000000000e+03    2.6347021600e-01    6.4268750000e-01
       170   -7.4018790463e+00    5.6809997389e+01   -1.4413408441e+01    7.0115293944e+00    2.7703837989e+00   -1.7183792240e+01    3.0000000000e+03    2.6956637400e-01    6.3711458333e-01
       171   -7.4385926123e+00    5.6744292789e+01   -1.4650098124e+01    7.2115055113e+00    2.7662728977e+00   -1.7416371021e+01    3.0000000000e+03    2.6253237200e-01    6.4151041667e-01
       172   -7.3960578489e+00    5.6995710624e+01   -1.4789196781e+01    7.3931389319e+00    2.8154768870e+00   -1.7604673668e+01    3.0000000000e+03    2.5904075100e-01    6.3978125000e-01
       173   -7.4505684195e+00    5.6626594599e+01   -1.5129806151e+01    7.6792377319e+00    2.7266425281e+00   -1.7856448680e+01    3.0000000000e+03    2.5266246300e-01    6.3852083333e-01
       174   -7.4450131653e+00    5.6916201033e+01   -1.4364780540e+01    6.9197673747e+00    2.7679508271e+00   -1.7132731367e+01    3.0000000000e+03    2.7004509800e-01    6.3821875000e-01
       175   -7.4348232643e+00    5.6355668560e+01   -1.4142899030e+01    6.7080757659e+00    2.6957450335e+00   -1.6838644064e+01    3.0000000000e+03    2.6298668500e-01    6.4164583333e-01
       176   -7.4232333542e+00    5.6575256502e+01   -1.4261559656e+01    6.8383263022e+00    2.7206228314e+00   -1.6982182488e+01    3.0000000000e+03    2.5990142100e-01    6.4365625000e-01
       177   -7.3839836355e+00    5.5996660220e+01   -1.4419421903e+01    7.0354382680e+00    2.8105723040e+00   -1.7229994207e+01    3.0000000000e+03    2.6862717400e-01    6.4008333333e-01
       178   -7.4522972686e+00    5.6837763295e+01   -1.4696983070e+01    7.2446858009e+00    2.7804326142e+00   -1.7477415684e+01    3.0000000000e+03    2.9037790400e-01    6.3815625000e-01
       179   -7.4294104098e+00    5.6821529757e+01   -1.4939822809e+01    7.5104123988e+00    2.7962928492e+00   -1.7736115658e+01    3.0000000000e+03    2.6858270600e-01    6.3619791667e-01
       180   -7.4572181375e+00    5.7039910952e+01   -1.6768640098e+01    9.3114219601e+00    2.7703048555e+00   -1.9538944953e+01    3.0000000000e+03    2.5216906300e-01    6.3693750000e-01
       181   -7.4426396375e+00    5.6549223581e+01   -1.4276593853e+01    6.8339542154e+00    2.7319335576e+00   -1.7008527411e+01    3.0000000000e+03    2.6535188400e-01    6.4034375000e-01
       182   -7.4486152536e+00    5.6986141713e+01   -1.4890921994e+01    7.4423067401e+00    2.7820275679e+00   -1.7672949562e+01    3.0000000000e+03    2.8185089500e-01    6.3493750000e-01
       183   -7.4184950687e+00    5.6302967618e+01   -1.4550987283e+01    7.1324922146e+00    2.6955050955e+00   -1.7246492379e+01    3.0000000000e+03    2.5677302100e-01    6.4311458333e-01
       184   -7.4274259007e+00    5.6181694565e+01   -1.4315375244e+01    6.8879493430e+00    2.6733062735e+00   -1.6988681517e+01    3.0000000000e+03    2.6008031900e-01    6.4196875000e-01
       185   -7.3875560923e+00    5.6309577568e+01   -1.5328528349e+01    7.9409722564e+00    2.7551455329e+00   -1.8083673882e+01    3.0000000000e+03    2.5832345900e-01    6.4187500000e-01
       186   -7.4147655236e+00    5.6893366877e+01   -1.5150215164e+01    7.7354496408e+00    2.8436401726e+00   -1.7993855337e+01    3.0000000000e+03    2.4813376400e-01    6.3684375000e-01
       187   -7.4512808205e+00    5.7061875317e+01   -1.5047691755e+01    7.5964109345e+00    2.7851225797e+00   -1.7832814335e+01    3.0000000000e+03    2.5776214800e-01    6.3969791667e-01
       188   -7.4698912274e+00    5.7400068762e+01   -1.5007137835e+01    7.5372466078e+00    2.7252160665e+00   -1.7732353902e+01    3.0000000000e+03    2.6594982000e-01    6.4200000000e-01
       189   -7.4188167954e+00    5.6503060155e+01   -1.4835114887e+01    7.4162980915e+00    2.7815358029e+00   -1.7616650690e+01    3.0000000000e+03    2.6787046000e-01    6.4160416667e-01
       190   -7.3990339438e+00    5.6485937878e+01   -1.4416475149e+01    7.0174412053e+00    2.7562491456e+00   -1.7172724295e+01    3.0000000000e+03    2.5474619500e-01    6.4209375000e-01
       191   -7.4163851415e+00    5.6259398934e+01   -1.4635135313e+01    7.2187501712e+00    2.7585895106e+00   -1.7393724823e+01    3.0000000000e+03    2.5169410700e-01    6.3931250000e-01
       192   -7.4038215196e+00    5.6243642848e+01   -1.4083289633e+01    6.6794681133e+00    2.7542402329e+00   -1.6837529866e+01    3.0000000000e+03    2.6911429500e-01    6.3979166667e-01
       193   -7.3763162009e+00    5.6690811629e+01   -1.5407700196e+01    8.0313839949e+00    2.8266200044e+00   -1.8234320200e+01    3.0000000000e+03    2.5512562000e-01    6.3829166667e-01
       194   -7.4598337874e+00    5.6825541124e+01   -1.4578845503e+01    7.1190117153e+00    2.7158204125e+00   -1.7294665915e+01    3.0000000000e+03    2.7984805800e-01    6.4135416667e-01
       195   -7.4640101029e+00    5.6683957011e+01   -1.4297741442e+01    6.8337313389e+00    2.7057736106e+00   -1.7003515052e+01    3.0000000000e+03    2.5751033100e-01    6.3889583333e-01
       196   -7.4177021177e+00    5.6284660282e+01   -1.4094178023e+01    6.6764759048e+00    2.7438977195e+00   -1.6838075742e+01    3.0000000000e+03    2.7794470400e-01    6.4041666667e-01
       197   -7.3862217938e+00    5.5833246683e+01   -1.4250691428e+01    6.8644696340e+00    2.7113062803e+00   -1.6961997708e+01    3.0000000000e+03    2.5731051800e-01    6.4238541667e-01
       198   -7.4137261112e+00    5.6642066966e+01   -1.4007423341e+01    6.5936972300e+00    2.7179911059e+00   -1.6725414447e+01    3.0000000000e+03    2.4517649400e-01    6.4109375000e-01
       199   -7.4684529805e+00    5.6704844856e+01   -1.5082946730e+01    7.6144937492e+00    2.7105410596e+00   -1.7793487789e+01    3.0000000000e+03    2.4817256100e-01    6.3516666667e-01
       200   -7.3719483725e+00    5.6203450491e+01   -1.4531891789e+01    7.1599434166e+00    2.7932477007e+00   -1.7325139490e+01    3.0000000000e+03    2.7053802200e-01    6.4057291667e-01
       201   -7.3197298805e+00    5.8220614468e+01   -1.4829239055e+01    7.5095091748e+00    2.9135899987e+00   -1.7742829054e+01    3.0000000000e+03    2.7405812200e-01    6.4113541667e-01
       202   -7.4423027231e+00    5.7039086364e+01   -1.5477072925e+01    8.0347702020e+00    2.7353715394e+00   -1.8212444465e+01    3.0000000000e+03    2.9516143700e-01    6.4288541667e-01
       203   -7.4665797531e+00    5.7231412113e+01   -1.5545730894e+01    8.0791511405e+00    2.6991034776e+00   -1.8244834371e+01    3.0000000000e+03    2.5660946900e-01    6.3893750000e-01
       204   -7.4232363934e+00    5.6393857996e+01   -1.5601042811e+01    8.1778064173e+00    2.7541407973e+00   -1.8355183608e+01    3.0000000000e+03    2.5753059000e-01    6.4093750000e-01
       205   -7.4112908485e+00    5.6150723804e+01   -1.4358839051e+01    6.9475482025e+00    2.7278695778e+00   -1.7086708629e+01    3.0000000000e+03    2.5931360200e-01    6.4390625000e-01
       206   -7.3156010727e+00    5.6250990338e+01   -1.4571888905e+01    7.2562878321e+00    2.8405476265e+00   -1.7412436531e+01    3.0000000000e+03    2.6034483100e-01    6.4092708333e-01
       207   -7.3873542297e+00    5.6073540004e+01   -1.4477145404e+01    7.0897911740e+00    2.8306763704e+00   -1.7307821774e+01    3.0000000000e+03    2.6008486500e-01    6.3830208333e-01
       208   -7.4593059140e+00    5.7048004728e+01   -1.4786503796e+01    7.3271978819e+00    2.7424670560e+00   -1.7528970852e+01    3.0000000000e+03    2.7194080000e-01    6.4044791667e-01
       209   -7.3437088713e+00    6.2467919460e+01   -1.5156006317e+01    7.8122974460e+00    2.8181199755e+00   -1.7974126293e+01    3.0000000000e+03    2.6060394500e-01    6.4002083333e-01
       210   -7.3806578649e+00    5.5601106289e+01   -1.4377689220e+01    6.9970313554e+00    2.7706921993e+00   -1.7148381420e+01    3.0000000000e+03    2.5890949600e-01    6.4225000000e-01
       211   -7.4487625076e+00    5.7091774874e+01   -1.5280631836e+01    7.8318693282e+00    2.7773782063e+00   -1.8058010042e+01    3.0000000000e+03    2.4607971800e-01    6.3587500000e-01
       212   -7.4253160761e+00    5.7824838179e+01   -1.4259391880e+01    6.8340758040e+00    2.7200337290e+00   -1.6979425609e+01    3.0000000000e+03    2.4938543100e-01    6.4029166667e-01
       213   -7.4644208137e+00    5.6773760531e+01   -1.4721450113e+01    7.2570292992e+00    2.6909076943e+00   -1.7412357807e+01    3.0000000000e+03    2.6099740900e-01    6.4321875000e-01
       214   -7.3802706933e+00    5.6145740282e+01   -1.4059222082e+01    6.6789513885e+00    2.7730597874e+00   -1.6832281869e+01    3.0000000000e+03    2.7069112100e-01    6.4362500000e-01
       215   -7.4437362020e+00    5.7061757094e+01   -1.5253472395e+01    7.8097361931e+00    2.7491142439e+00   -1.8002586639e+01    3.0000000000e+03    2.7728891100e-01    6.4019791667e-01
       216   -7.4488967151e+00    5.6593890482e+01   -1.4460741094e+01    7.0118443785e+00    2.7701264182e+00   -1.7230867512e+01    3.0000000000e+03    2.9778580700e-01    6.3701041667e-01
       217   -7.3920232726e+00    5.6108492653e+01   -1.3950842284e+01    6.5588190117e+00    2.7062540027e+00   -1.6657096287e+01    3.0000000000e+03    2.5700926400e-01    6.4412500000e-01
       218   -7.4346516401e+00    5.6561486901e+01   -1.4959237522e+01    7.5245858824e+00    2.7862398049e+00   -1.7745477327e+01    3.0000000000e+03    2.7729568900e-01    6.3932291667e-01
       219   -7.4727917333e+00    5.6905473861e+01   -1.4251887032e+01    6.7790952984e+00    2.6515937366e+00   -1.6903480768e+01    3.0000000000e+03    2.5924632000e-01    6.4512500000e-01
       220   -7.4447825253e+00    5.6994841764e+01   -1.5853098375e+01    8.4083158497e+00    2.7497489475e+00   -1.8602847323e+01    3.0000000000e+03    2.6544568800e-01    6.3904166667e-01
       221   -7.4802799382e+00    5.7033908691e+01   -1.4742426015e+01    7.2621460771e+00    2.7203160454e+00   -1.7462742061e+01    3.0000000000e+03    2.6804979700e-01    6.4032291667e-01
       222   -7.4399503936e+00    5.6752428103e+01   -1.4821057125e+01    7.3811067311e+00    2.7472354954e+00   -1.7568292620e+01    3.0000000000e+03    2.6425394500e-01    6.4064583333e-01
       223   -7.4350336519e+00    5.6529276789e+01   -1.4924935352e+01    7.4899016999e+00    2.7715959728e+00   -1.7696531325e+01    3.0000000000e+03    2.5807146700e-01    6.3750000000e-01
       224   -7.4088406276e+00    5.6618715424e+01   -1.5404264996e+01    7.9954243683e+00    2.7388425037e+00   -1.8143107500e+01    3.0000000000e+03    2.6395204400e-01    6.3888541667e-01
       225   -7.4154638510e+00    5.6420256273e+01   -1.4517410027e+01    7.1019461759e+00    2.7084761505e+00   -1.7225886177e+01    3.0000000000e+03    2.6213910200e-01    6.4359375000e-01
       226   -7.4661954780e+00    5.6872240553e+01   -1.4778454606e+01    7.3122591285e+00    2.7188234615e+00   -1.7497278068e+01    3.0000000000e+03    2.8743176500e-01    6.3871875000e-01
       227   -7.3866992803e+00    5.7268026007e+01   -1.4646701980e+01    7.2600026995e+00    2.7866189818e+00   -1.7433320962e+01    3.0000000000e+03    2.8635707800e-01    6.4102083333e-01
       228   -7.4385924062e+00    5.6589186915e+01   -1.4120545853e+01    6.6819534470e+00    2.7057765891e+00   -1.6826322442e+01    3.0000000000e+03    2.7649259500e-01    6.4320833333e-01
       229   -7.3686388807e+00    5.5591434327e+01   -1.4145450994e+01    6.7768121135e+00    2.7926873315e+00   -1.6938138326e+01    3.0000000000e+03    3.2321422100e-01    6.3883333333e-01
       230   -7.4280391185e+00    5.6395585150e+01   -1.4821530194e+01    7.3934910750e+00    2.7521304185e+00   -1.7573660612e+01    3.0000000000e+03    2.5650186900e-01    6.4037500000e-01
       231   -7.4490938027e+00    5.6745859728e+01   -1.4157994537e+01    6.7089007341e+00    2.6936840651e+00   -1.6851678602e+01    3.0000000000e+03    2.5288134700e-01    6.4168750000e-01
       232   -7.4131356833e+00    5.7064673286e+01   -1.4473157106e+01    7.0600214225e+00    2.7271794043e+00   -1.7200336510e+01    3.0000000000e+03    2.6035152900e-01    6.4023958333e-01
       233   -7.4245384990e+00    5.6587770259e+01   -1.5539225966e+01    8.1146874672e+00    2.7781389769e+00   -1.8317364943e+01    3.0000000000e+03    2.6190486100e-01    6.3969791667e-01
       234   -7.4396713084e+00    5.7117466332e+01   -1.4583760891e+01    7.1440895829e+00    2.7675913397e+00   -1.7351352231e+01    3.0000000000e+03    2.6168399000e-01    6.3785416667e-01
       235   -7.3746290168e+00    5.6234590607e+01   -1.5003377429e+01    7.6287484119e+00    2.7195508592e+00   -1.7722928288e+01    3.0000000000e+03    2.6693328800e-01    6.4284375000e-01
       236   -7.4646614341e+00    5.6879209774e+01   -1.4635793030e+01    7.1711315958e+00    2.7261486211e+00   -1.7361941651e+01    3.0000000000e+03    2.4586532000e-01    6.4021875000e-01
       237   -7.4307524113e+00    5.7204206322e+01   -1.5073001725e+01    7.6422493142e+00    2.7643262607e+00   -1.7837327986e+01    3.0000000000e+03    2.5066259500e-01    6.3911458333e-01
       238   -7.3974355179e+00    5.6703704983e+01   -1.4269028676e+01    6.8715931586e+00    2.7357781350e+00   -1.7004806812e+01    3.0000000000e+03    2.5802562600e-01    6.4304166667e-01
       239   -7.4454789447e+00    5.6812778356e+01   -1.4714912932e+01    7.2694339875e+00    2.7015009888e+00   -1.7416413921e+01    3.0000000000e+03    2.5689191200e-01    6.4388541667e-01
       240   -7.4230138613e+00    5.6647004376e+01   -1.4515617743e+01    7.0926038812e+00    2.7665431612e+00   -1.7282160904e+01    3.0000000000e+03    2.5551863700e-01    6.4125000000e-01
       241   -7.4146520296e+00    5.6147950436e+01   -1.4876612498e+01    7.4619604684e+00    2.8086171656e+00   -1.7685229664e+01    3.0000000000e+03    2.8358581500e-01    6.3531250000e-01
       242   -7.4354381994e+00    5.6266863213e+01   -1.4412492753e+01    6.9770545540e+00    2.7604911754e+00   -1.7172983929e+01    3.0000000000e+03    2.5402627300e-01    6.3865625000e-01
       243   -7.4511461065e+00    5.6586256392e+01   -1.5397270862e+01    7.9461247552e+00    2.7345485805e+00   -1.8131819442e+01    3.0000000000e+03    2.5438967700e-01    6.4095833333e-01
       244   -7.4349109800e+00    5.6506133117e+01   -1.4735647138e+01    7.3007361579e+00    2.7529981029e+00   -1.7488645241e+01    3.0000000000e+03    2.4573596100e-01    6.3970833333e-01
       245   -7.4149780931e+00    5.6759235515e+01   -1.5105898734e+01    7.6909206408e+00    2.7800500464e+00   -1.7885948780e+01    3.0000000000e+03    2.5387152900e-01    6.4018750000e-01
       246   -7.4012361836e+00    5.6700142740e+01   -1.5489217344e+01    8.0879811608e+00    2.8324521819e+00   -1.8321669526e+01    3.0000000000e+03    2.6044871500e-01    6.4014583333e-01
       247   -7.4391540811e+00    5.6839006387e+01   -1.4729653676e+01    7.2904995948e+00    2.7539917674e+00   -1.7483645443e+01    3.0000000000e+03    2.5241581700e-01    6.3788541667e-01
       248   -7.4614732063e+00    5.6765685463e+01   -1.4843568417e+01    7.3820952107e+00    2.7399158385e+00   -1.7583484255e+01    3.0000000000e+03    2.6363523900e-01    6.3904166667e-01
       249   -7.4054868963e+00    5.6219365835e+01   -1.4795655364e+01    7.3901684682e+00    2.7856292547e+00   -1.7581284619e+01    3.0000000000e+03    2.5693172400e-01    6.3882291667e-01
       250   -7.3505163526e+00    5.5684553332e+01   -1.4711793300e+01    7.3612769474e+00    2.7840082035e+00   -1.7495801504e+01    3.0000000000e+03    2.5393845400e-01    6.4115625000e-01
       251   -7.4498456499e+00    5.6759913625e+01   -1.4903829063e+01    7.4539834129e+00    2.7548042207e+00   -1.7658633284e+01    3.0000000000e+03    2.6018199700e-01    6.3920833333e-01
       252   -7.3969417614e+00    5.6238296540e+01   -1.4863739510e+01    7.4667977486e+00    2.7557563798e+00   -1.7619495890e+01    3.0000000000e+03    2.7246848000e-01    6.4251041667e-01
       253   -7.4393401756e+00    5.7692292070e+01   -1.4855661021e+01    7.4163208457e+00    2.7711195106e+00   -1.7626780532e+01    3.0000000000e+03    2.7071584700e-01    6.3754166667e-01
       254   -7.4798149262e+00    5.7545607016e+01   -1.6248301160e+01    8.7684862334e+00    2.7418823926e+00   -1.8990183552e+01    3.0000000000e+03    2.6432221900e-01    6.3570833333e-01
       255   -7.3880346354e+00    5.6388156251e+01   -1.4545441201e+01    7.1574065660e+00    2.8155362727e+00   -1.7360977474e+01    3.0000000000e+03    2.6129293100e-01    6.3930208333e-01
       256   -7.4426613601e+00    5.7632698303e+01   -1.4984730067e+01    7.5420687070e+00    2.7665049300e+00   -1.7751234997e+01    3.0000000000e+03    2.6647684200e-01    6.3666666667e-01
       257   -7.4422975004e+00    5.7079714479e+01   -1.5188949552e+01    7.7466520513e+00    2.7443797729e+00   -1.7933329325e+01    3.0000000000e+03    2.8154528600e-01    6.4047916667e-01
       258   -7.4858922923e+00    5.7263971695e+01   -1.5150738743e+01    7.6648464512e+00    2.7632597196e+00   -1.7913998463e+01    3.0000000000e+03    2.4651722800e-01    6.3866666667e-01
       259   -7.3957580849e+00    5.7121058999e+01   -1.4337298301e+01    6.9415402156e+00    2.7230338745e+00   -1.7060332175e+01    3.0000000000e+03    2.6739210000e-01    6.3875000000e-01
       260   -7.3388314661e+00    5.5981951641e+01   -1.4432431274e+01    7.0935998078e+00    2.8180849460e+00   -1.7250516220e+01    3.0000000000e+03    2.6877111200e-01    6.3877083333e-01
       261   -7.4474685494e+00    5.6717662489e+01   -1.6062153782e+01    8.6146852325e+00    2.7402391899e+00   -1.8802392972e+01    3.0000000000e+03    2.8516189100e-01    6.3805208333e-01
       262   -7.3792989525e+00    5.6035468052e+01   -1.4238665255e+01    6.8593663026e+00    2.7531880699e+00   -1.6991853325e+01    3.0000000000e+03    2.7899149400e-01    6.3960416667e-01
       263   -7.4082244736e+00    5.7156833026e+01   -1.5030598721e+01    7.6223742477e+00    2.7515407374e+00   -1.7782139459e+01    3.0000000000e+03    2.7604289700e-01    6.4158333333e-01
       264   -7.4211331230e+00    5.7465476606e+01   -1.4594248087e+01    7.1731149638e+00    2.7923569813e+00   -1.7386605068e+01    3.0000000000e+03    2.6006703300e-01    6.4181250000e-01
       265   -7.4224320129e+00    5.6263449638e+01   -1.4402579280e+01    6.9801472671e+00    2.7169164995e+00   -1.7119495780e+01    3.0000000000e+03    2.9110694500e-01    6.4030208333e-01
       266   -7.4003063802e+00    5.9416855241e+01   -1.4722700316e+01    7.3223939360e+00    2.8251213246e+00   -1.7547821641e+01    3.0000000000e+03    2.7760742400e-01    6.4045833333e-01
       267   -7.3200159027e+00    5.6283649055e+01   -1.5129394116e+01    7.8093782131e+00    2.8588931201e+00   -1.7988287236e+01    3.0000000000e+03    3.1750772900e-01    6.3831250000e-01
       268   -7.4050204068e+00    5.6124998891e+01   -1.4766987192e+01    7.3619667852e+00    2.7483231684e+00   -1.7515310360e+01    3.0000000000e+03    2.8550859300e-01    6.4271875000e-01
       269   -7.4403636214e+00    5.6522979410e+01   -1.4733358523e+01    7.2929949017e+00    2.7527217337e+00   -1.7486080257e+01    3.0000000000e+03    2.5774878900e-01    6.3987500000e-01
       270   -7.4260140863e+00    5.6591522095e+01   -1.4641772927e+01    7.2157588404e+00    2.7184489442e+00   -1.7360221871e+01    3.0000000000e+03    2.6048047300e-01    6.4146875000e-01
       271   -7.3775501538e+00    5.7180221528e+01   -1.4891068662e+01    7.5135185078e+00    2.8341739011e+00   -1.7725242563e+01    3.0000000000e+03    2.7815300100e-01    6.4006250000e-01
       272   -7.3744904709e+00    5.5890160851e+01   -1.4337409812e+01    6.9629193415e+00    2.7664538449e+00   -1.7103863657e+01    3.0000000000e+03    2.5676127800e-01    6.3789583333e-01
       273   -7.4464375074e+00    5.6825671381e+01   -1.5259844258e+01    7.8134067504e+00    2.7871390654e+00   -1.8046983323e+01    3.0000000000e+03    2.7203833800e-01    6.3761458333e-01
       274   -7.4118011972e+00    5.6680367782e+01   -1.4169125218e+01    6.7573240209e+00    2.7190948894e+00   -1.6888220107e+01    3.0000000000e+03    2.6162453200e-01    6.4311458333e-01
       275   -7.4428071096e+00    5.6627184126e+01   -1.4433750005e+01    6.9909428949e+00    2.7049736322e+00   -1.7138723637e+01    3.0000000000e+03    2.7484778900e-01    6.4061458333e-01
       276   -7.4134117848e+00    5.6206805626e+01   -1.5202981499e+01    7.7895697145e+00    2.7396792325e+00   -1.7942660732e+01    3.0000000000e+03    2.7382120800e-01    6.4343750000e-01
       277   -7.4227403810e+00    5.6391658658e+01   -1.4338772361e+01    6.9160319801e+00    2.7518898703e+00   -1.7090662231e+01    3.0000000000e+03    2.7161554500e-01    6.4006250000e-01
       278   -7.4010631156e+00    6.0756785279e+01   -1.4789735845e+01    7.3886727296e+00    2.7847494839e+00   -1.7574485329e+01    3.0000000000e+03    2.6903977100e-01    6.4064583333e-01
       279   -7.4233530063e+00    5.6483119621e+01   -1.5144639285e+01    7.7212862785e+00    2.7393704604e+00   -1.7884009745e+01    3.0000000000e+03    2.6752939400e-01    6.3878125000e-01
       280   -7.4059457700e+00    5.6228338672e+01   -1.4234985013e+01    6.8290392432e+00    2.7438465268e+00   -1.6978831540e+01    3.0000000000e+03    2.6207531600e-01    6.4358333333e-01
       281   -7.4030064726e+00    5.6856428321e+01   -1.5192739010e+01    7.7897325375e+00    2.7934423408e+00   -1.7986181351e+01    3.0000000000e+03    2.6306535300e-01    6.4018750000e-01
       282   -7.4184080019e+00    5.7732084125e+01   -1.4564920472e+01    7.1465124701e+00    2.7201676129e+00   -1.7285088085e+01    3.0000000000e+03    2.5794039200e-01    6.4094791667e-01
       283   -7.4021869730e+00    5.6905846578e+01   -1.4888300708e+01    7.4861137351e+00    2.8029494367e+00   -1.7691250145e+01    3.0000000000e+03    2.5348610400e-01    6.3770833333e-01
       284   -7.4132179143e+00    5.7341737640e+01   -1.4226968929e+01    6.8137510149e+00    2.7314990497e+00   -1.6958467979e+01    3.0000000000e+03    2.6490949700e-01    6.4081250000e-01
       285   -7.4254330793e+00    5.6431877239e+01   -1.4326122698e+01    6.9006896192e+00    2.7567620410e+00   -1.7082884739e+01    3.0000000000e+03    2.6555624000e-01    6.4101041667e-01
       286   -7.4589715287e+00    5.7019775181e+01   -1.4580458250e+01    7.1214867210e+00    2.7147824666e+00   -1.7295240716e+01    3.0000000000e+03    2.6927969800e-01    6.4029166667e-01
       287   -7.3995812696e+00    5.6206222037e+01   -1.4861862711e+01    7.4622814415e+00    2.7652552006e+00   -1.7627117912e+01    3.0000000000e+03    2.5141301000e-01    6.4167708333e-01
       288   -7.4047762300e+00    5.6715751323e+01   -1.4751602726e+01    7.3468264964e+00    2.7970596658e+00   -1.7548662392e+01    3.0000000000e+03    2.6805673500e-01    6.4080208333e-01
       289   -7.4120833968e+00    5.6425368397e+01   -1.4107433582e+01    6.6953501851e+00    2.7085614186e+00   -1.6815995001e+01    3.0000000000e+03    2.5090919800e-01    6.4395833333e-01
       290   -7.4218433714e+00    5.6608280685e+01   -1.4853879259e+01    7.4320358872e+00    2.7810192558e+00   -1.7634898514e+01    3.0000000000e+03    2.7764312400e-01    6.3892708333e-01
       291   -7.3733127060e+00    5.5853982530e+01   -1.4054047217e+01    6.6807345112e+00    2.7731792311e+00   -1.6827226448e+01    3.0000000000e+03    2.6081728100e-01    6.4094791667e-01
       292   -7.4395251671e+00    5.7335011756e+01   -1.4679376454e+01    7.2398512869e+00    2.7410513177e+00   -1.7420427772e+01    3.0000000000e+03    2.5806826100e-01    6.4023958333e-01
       293   -7.3983667284e+00    5.6790912662e+01   -1.4568478752e+01    7.1701120238e+00    2.7783203034e+00   -1.7346799056e+01    3.0000000000e+03    2.6819874400e-01    6.3977083333e-01
       294   -7.4312512962e+00    5.7257674969e+01   -1.4931451968e+01    7.5002006715e+00    2.7627112664e+00   -1.7694163234e+01    3.0000000000e+03    2.6702027900e-01    6.3970833333e-01
       295   -7.4251959353e+00    5.6624080475e+01   -1.4252633347e+01    6.8274374120e+00    2.7026039862e+00   -1.6955237334e+01    3.0000000000e+03    2.7892488900e-01    6.4320833333e-01
       296   -7.4540869471e+00    5.6603332483e+01   -1.4557983091e+01    7.1038961436e+00    2.6946354766e+00   -1.7252618567e+01    3.0000000000e+03    3.1237896600e-01    6.4075000000e-01
       297   -7.3821451571e+00    5.6185460710e+01   -1.4257133651e+01    6.8749884941e+00    2.8322959983e+00   -1.7089429649e+01    3.0000000000e+03    2.5977636100e-01    6.3948958333e-01
       298   -7.4370702012e+00    5.6875465872e+01   -1.4961510721e+01    7.5244405201e+00    2.8133198762e+00   -1.7774830598e+01    3.0000000000e+03    2.6915086000e-01    6.3859375000e-01
       299   -7.4386756214e+00    5.6715241295e+01   -1.5663665755e+01    8.2249901333e+00    2.7869584138e+00   -1.8450624168e+01    3.0000000000e+03    2.5576776800e-01    6.3730208333e-01
       300   -7.4408972945e+00    5.6565893887e+01   -1.4868072971e+01    7.4271756768e+00    2.7622863177e+00   -1.7630359289e+01    3.0000000000e+03    2.6464040700e-01    6.3767708333e-01
       301   -7.3725951671e+00    5.6677788083e+01   -1.4328785912e+01    6.9561907447e+00    2.7635357819e+00   -1.7092321694e+01    3.0000000000e+03    2.5840696700e-01    6.4067708333e-01
       302   -7.4215901506e+00    5.6456132785e+01   -1.5058839891e+01    7.6372497402e+00    2.7386636485e+00   -1.7797503539e+01    3.0000000000e+03    2.7960967200e-01    6.4225000000e-01
       303   -7.4223641908e+00    5.7194024425e+01   -1.4293146730e+01    6.8707825392e+00    2.7412669142e+00   -1.7034413644e+01    3.0000000000e+03    2.4938675800e-01    6.3827083333e-01
       304   -7.4387695687e+00    5.6530734920e+01   -1.7139073505e+01    9.7003039368e+00    2.7596305342e+00   -1.9898704040e+01    3.0000000000e+03    2.6206376200e-01    6.3936458333e-01
       305   -7.4398045227e+00    5.6436444352e+01   -1.4857197140e+01    7.4173926169e+00    2.7406710133e+00   -1.7597868153e+01    3.0000000000e+03    2.5770144800e-01    6.3565625000e-01
       306   -7.4757368296e+00    5.7111028581e+01   -1.5099488712e+01    7.6237518821e+00    2.7640107921e+00   -1.7863499504e+01    3.0000000000e+03    2.5289225200e-01    6.3875000000e-01
       307   -7.3846652547e+00    6.0547223563e+01   -1.5239966637e+01    7.8553013826e+00    2.8472341315e+00   -1.8087200769e+01    3.0000000000e+03    2.6876943700e-01    6.3521875000e-01
       308   -7.4425745017e+00    5.6898752191e+01   -1.4752566308e+01    7.3099918062e+00    2.7732370618e+00   -1.7525803370e+01    3.0000000000e+03    2.5449956500e-01    6.3911458333e-01
       309   -7.4010151198e+00    5.6282872556e+01   -1.4824399952e+01    7.4233848321e+00    2.8105150175e+00   -1.7634914969e+01    3.0000000000e+03    2.6240389100e-01    6.3982291667e-01
       310   -7.4189733934e+00    5.6986718438e+01   -1.4804662846e+01    7.3856894526e+00    2.7553448119e+00   -1.7560007658e+01    3.0000000000e+03    2.5469840100e-01    6.4121875000e-01
       311   -7.3455111331e+00    5.7291236079e+01   -1.5054229332e+01    7.7087181991e+00    2.8549015688e+00   -1.7909130901e+01    3.0000000000e+03    2.5469898500e-01    6.3841666667e-01
       312   -7.4434887458e+00    5.6775682093e+01   -1.4302273739e+01    6.8587849928e+00    2.7777244677e+00   -1.7079998206e+01    3.0000000000e+03    2.5244262700e-01    6.3948958333e-01
       313   -7.4774964895e+00    5.7407130746e+01   -1.4648727916e+01    7.1712314267e+00    2.7259228569e+00   -1.7374650773e+01    3.0000000000e+03    2.5559675800e-01    6.4131250000e-01
       314   -7.4029727183e+00    5.6163152865e+01   -1.4718234766e+01    7.3152620474e+00    2.7813796270e+00   -1.7499614393e+01    3.0000000000e+03    2.5400086200e-01    6.3603125000e-01
       315   -7.4491096378e+00    5.8425769941e+01   -1.5199648757e+01    7.7505391194e+00    2.7388409737e+00   -1.7938489731e+01    3.0000000000e+03    2.8152441000e-01    6.4076041667e-01
       316   -7.4258746221e+00    5.6523060345e+01   -1.3940995661e+01    6.5151210385e+00    2.7280681913e+00   -1.6669063852e+01    3.0000000000e+03    2.4835350900e-01    6.3909375000e-01
       317   -7.4154650366e+00    5.6405220524e+01   -1.4435870423e+01    7.0204053861e+00    2.7340073411e+00   -1.7169877764e+01    3.0000000000e+03    2.5628700600e-01    6.4102083333e-01
       318   -7.4647640917e+00    5.6790423322e+01   -1.5062815921e+01    7.5980518294e+00    2.7892276231e+00   -1.7852043544e+01    3.0000000000e+03    2.5430572900e-01    6.3658333333e-01
       319   -7.4100455224e+00    5.6278573911e+01   -1.4356468244e+01    6.9464227214e+00    2.7630836867e+00   -1.7119551930e+01    3.0000000000e+03    2.5780064400e-01    6.4058333333e-01
       320   -7.4435740007e+00    5.6617682665e+01   -1.4860179856e+01    7.4166058552e+00    2.7078453065e+00   -1.7568025162e+01    3.0000000000e+03    2.7466882800e-01    6.3944791667e-01
       321   -7.4449218877e+00    5.6550457034e+01   -1.4356920190e+01    6.9119983025e+00    2.7148984668e+00   -1.7071818657e+01    3.0000000000e+03    2.6402567600e-01    6.3980208333e-01
       322   -7.3918204486e+00    5.6151742602e+01   -1.4555028872e+01    7.1632084232e+00    2.7592457676e+00   -1.7314274639e+01    3.0000000000e+03    2.5215115000e-01    6.4030208333e-01
       323   -7.4436957137e+00    5.6947501762e+01   -1.4629283697e+01    7.1855879830e+00    2.8094202980e+00   -1.7438703995e+01    3.0000000000e+03    2.5301081600e-01    6.3751041667e-01
       324   -7.4484519577e+00    5.6494841734e+01   -1.4316519699e+01    6.8680677416e+00    2.6942109910e+00   -1.7010730690e+01    3.0000000000e+03    2.6246404000e-01    6.3898958333e-01
       325   -7.3487621738e+00    5.6230473499e+01   -1.4821495974e+01    7.4727338007e+00    2.8568415454e+00   -1.7678337520e+01    3.0000000000e+03    2.5146618900e-01    6.3972916667e-01
       326   -7.4250829604e+00    5.6707796580e+01   -1.5130935233e+01    7.7058522728e+00    2.7893477956e+00   -1.7920283029e+01    3.0000000000e+03    2.3879840600e-01    6.3662500000e-01
       327   -7.4635755492e+00    5.7020459735e+01   -1.5208597272e+01    7.7450217223e+00    2.7668346415e+00   -1.7975431913e+01    3.0000000000e+03    2.6242461900e-01    6.3897916667e-01
       328   -7.4499538944e+00    5.6744344698e+01   -1.4226532285e+01    6.7765783911e+00    2.7174472619e+00   -1.6943979547e+01    3.0000000000e+03    2.7308194200e-01    6.4138541667e-01
       329   -7.4649091449e+00    5.7241543168e+01   -1.5538712206e+01    8.0738030612e+00    2.7863416309e+00   -1.8325053837e+01    3.0000000000e+03    2.6069741100e-01    6.3579166667e-01
       330   -7.4275278469e+00    5.6161975646e+01   -1.3865978122e+01    6.4384502755e+00    2.6990958407e+00   -1.6565073963e+01    3.0000000000e+03    2.8288308800e-01    6.4378125000e-01
       331   -7.4161911222e+00    5.6322956862e+01   -1.4555503043e+01    7.1393119209e+00    2.7921876362e+00   -1.7347690679e+01    3.0000000000e+03    2.6194023100e-01    6.3728125000e-01
       332   -7.3790991756e+00    5.6856102470e+01   -1.4436434428e+01    7.0573352525e+00    2.7816097512e+00   -1.7218044179e+01    3.0000000000e+03    2.5512139100e-01    6.4183333333e-01
       333   -7.4028868051e+00    5.7679774576e+01   -1.4688963096e+01    7.2860762904e+00    2.8048334266e+00   -1.7493796522e+01    3.0000000000e+03    2.5656708700e-01    6.3940625000e-01
       334   -7.3495856323e+00    5.5889722663e+01   -1.4477444385e+01    7.1278587524e+00    2.8125679281e+00   -1.7290012313e+01    3.0000000000e+03    2.6085100700e-01    6.4005208333e-01
       335   -7.4582707853e+00    5.6743969799e+01   -1.4819294614e+01    7.3610238288e+00    2.6900955595e+00   -1.7509390174e+01    3.0000000000e+03    2.5898227300e-01    6.3916666667e-01
       336   -7.4617784163e+00    5.6841518035e+01   -1.5058810861e+01    7.5970324450e+00    2.6752503753e+00   -1.7734061237e+01    3.0000000000e+03    2.8601114300e-01    6.4251041667e-01
       337   -7.4295323130e+00    5.6770774727e+01   -1.5699454499e+01    8.2699221863e+00    2.8671550505e+00   -1.8566609550e+01    3.0000000000e+03    2.7835466200e-01    6.3613541667e-01
       338   -7.3735959808e+00    5.5868157245e+01   -1.4727393717e+01    7.3537977364e+00    2.7942745539e+00   -1.7521668271e+01    3.0000000000e+03    2.6374407500e-01    6.3997916667e-01
       339   -7.3953303886e+00    5.5912143028e+01   -1.4904133318e+01    7.5088029293e+00    2.7303884598e+00   -1.7634521778e+01    3.0000000000e+03    2.7259036400e-01    6.4225000000e-01
       340   -7.4444694008e+00    5.6728747096e+01   -1.5534084769e+01    8.0896153686e+00    2.7700759247e+00   -1.8304160694e+01    3.0000000000e+03    2.9595442100e-01    6.3822916667e-01
       341   -7.3967201459e+00    5.8073960957e+01   -1.4914514191e+01    7.5177940454e+00    2.8198661623e+00   -1.7734380354e+01    3.0000000000e+03    2.8570542400e-01    6.3691666667e-01
       342   -7.4113727895e+00    5.6297539285e+01   -1.5003914043e+01    7.5925412535e+00    2.7038055154e+00   -1.7707719558e+01    3.0000000000e+03    2.6519130000e-01    6.3920833333e-01
       343   -7.4281058039e+00    5.6592616585e+01   -1.3940097524e+01    6.5119917206e+00    2.6641840795e+00   -1.6604281604e+01    3.0000000000e+03    3.0163119800e-01    6.4229166667e-01
       344   -7.4386468102e+00    5.6544643581e+01   -1.6143081311e+01    8.7044345004e+00    2.7302457604e+00   -1.8873327071e+01    3.0000000000e+03    2.5340708300e-01    6.4009375000e-01
       345   -7.4137231515e+00    5.6484477591e+01   -1.3799050561e+01    6.3853274092e+00    2.7446938766e+00   -1.6543744437e+01    3.0000000000e+03    2.7101175800e-01    6.4032291667e-01
       346   -7.4401016107e+00    5.6652123502e+01   -1.4467836962e+01    7.0277353517e+00    2.7211183279e+00   -1.7188955290e+01    3.0000000000e+03    2.5830231000e-01    6.3897916667e-01
       347   -7.4422166821e+00    5.6463634712e+01   -1.3975259511e+01    6.5330428284e+00    2.6912464699e+00   -1.6666505980e+01    3.0000000000e+03    2.5935578300e-01    6.4083333333e-01
       348   -7.4307944594e+00    5.6474419139e+01   -1.5036170539e+01    7.6053760793e+00    2.7944351875e+00   -1.7830605726e+01    3.0000000000e+03    2.5420831800e-01    6.3862500000e-01
       349   -7.4100505587e+00    5.6356286732e+01   -1.4461326877e+01    7.0512763185e+00    2.7193008012e+00   -1.7180627678e+01    3.0000000000e+03    2.5996464600e-01    6.4063541667e-01
       350   -7.4117022109e+00    5.6560279848e+01   -1.4636011942e+01    7.2243097307e+00    2.6838009928e+00   -1.7319812934e+01    3.0000000000e+03    2.6304331900e-01    6.4367708333e-01
       351   -7.4038108670e+00    5.6185161955e+01   -1.4577544226e+01    7.1737333591e+00    2.7802844165e+00   -1.7357828643e+01    3.0000000000e+03    2.7233372900e-01    6.3945833333e-01
       352   -7.4267138247e+00    5.7110419312e+01   -1.5114221046e+01    7.6875072217e+00    2.7964101518e+00   -1.7910631198e+01    3.0000000000e+03    2.5580350600e-01    6.3945833333e-01
       353   -7.4525764009e+00    5.6851996887e+01   -1.6134094803e+01    8.6815184021e+00    2.8044332090e+00   -1.8938528012e+01    3.0000000000e+03    2.4779278200e-01    6.3500000000e-01
       354   -7.4354943282e+00    5.6420155251e+01   -1.4321284779e+01    6.8857904504e+00    2.6890103520e+00   -1.7010295131e+01    3.0000000000e+03    2.5142441500e-01    6.4342708333e-01
       355   -7.4474401080e+00    5.6813017910e+01   -1.4318533252e+01    6.8710931440e+00    2.7041338542e+00   -1.7022667106e+01    3.0000000000e+03    2.5427041200e-01    6.4150000000e-01
       356   -7.4183580901e+00    5.6557985531e+01   -1.5515177287e+01    8.0968191966e+00    2.8062254502e+00   -1.8321402737e+01    3.0000000000e+03    2.5264413000e-01    6.3619791667e-01
       357   -7.4357602683e+00    5.6548427295e+01   -1.4859955365e+01    7.4241950968e+00    2.7592487085e+00   -1.7619204073e+01    3.0000000000e+03    2.5865229800e-01    6.3775000000e-01
       358   -7.5000557610e+00    5.7320408170e+01   -1.4695044516e+01    7.1949887551e+00    2.7055115482e+00   -1.7400556064e+01    3.0000000000e+03    3.1854858900e-01    6.3848958333e-01
       359   -7.4320260549e+00    5.6459604744e+01   -1.4671734133e+01    7.2397080786e+00    2.6715536046e+00   -1.7343287738e+01    3.0000000000e+03    2.4833766400e-01    6.4265625000e-01
       360   -7.4254783650e+00    5.6514149770e+01   -1.5640874496e+01    8.2153961307e+00    2.7496358079e+00   -1.8390510304e+01    3.0000000000e+03    2.5147028100e-01    6.4052083333e-01
       361   -7.4080298910e+00    5.6538437033e+01   -1.4272088899e+01    6.8640590083e+00    2.7328448096e+00   -1.7004933709e+01    3.0000000000e+03    2.5810791100e-01    6.4181250000e-01
       362   -7.3731870730e+00    5.6359339251e+01   -1.3962605265e+01    6.5894181915e+00    2.7601759696e+00   -1.6722781234e+01    3.0000000000e+03    2.4333314100e-01    6.4095833333e-01
       363   -7.4168525227e+00    5.6527403710e+01   -1.4822563378e+01    7.4057108549e+00    2.7521611763e+00   -1.7574724554e+01    3.0000000000e+03    2.4550080900e-01    6.4183333333e-01
       364   -7.3954930748e+00    5.6177724610e+01   -1.4388700600e+01    6.9932075250e+00    2.7748440025e+00   -1.7163544602e+01    3.0000000000e+03    2.7950705500e-01    6.4210416667e-01
       365   -7.4344627433e+00    5.6331538791e+01   -1.4063152990e+01    6.6286902467e+00    2.7068450675e+00   -1.6769998058e+01    3.0000000000e+03    2.8098456900e-01    6.4328125000e-01
       366   -7.3754695221e+00    5.8001628245e+01   -1.4789706765e+01    7.4142372434e+00    2.8154280635e+00   -1.7605134829e+01    3.0000000000e+03    2.8616391900e-01    6.3814583333e-01
       367   -7.3974822545e+00    5.6421372150e+01   -1.4747789580e+01    7.3503073259e+00    2.7676098224e+00   -1.7515399403e+01    3.0000000000e+03    2.5626045500e-01    6.4017708333e-01
       368   -7.3735279471e+00    5.9578871459e+01   -1.4546272511e+01    7.1727445644e+00    2.8629059890e+00   -1.7409178500e+01    3.0000000000e+03    2.6892445200e-01    6.3764583333e-01
       369   -7.3712985625e+00    5.6022003253e+01   -1.4823330664e+01    7.4520321020e+00    2.7797667190e+00   -1.7603097384e+01    3.0000000000e+03    2.5611154400e-01    6.4176041667e-01
       370   -7.4106749589e+00    5.6680788296e+01   -1.4658651778e+01    7.2479768188e+00    2.6982488881e+00   -1.7356900666e+01    3.0000000000e+03    2.4915946500e-01    6.4307291667e-01
       371   -7.3933781076e+00    5.6595135853e+01   -1.4845388814e+01    7.4520107061e+00    2.8359678610e+00   -1.7681356675e+01    3.0000000000e+03    2.5059466900e-01    6.3783333333e-01
       372   -7.3788829149e+00    5.6105891045e+01   -1.4004713055e+01    6.6258301403e+00    2.7040199421e+00   -1.6708732997e+01    3.0000000000e+03    2.7457492500e-01    6.4475000000e-01
       373   -7.4388844134e+00    5.6735464990e+01   -1.4876646205e+01    7.4377617921e+00    2.7505498639e+00   -1.7627196069e+01    3.0000000000e+03    2.7001044500e-01    6.4139583333e-01
       374   -7.4267171303e+00    5.6486055696e+01   -1.5137343928e+01    7.7106267980e+00    2.7889560072e+00   -1.7926299935e+01    3.0000000000e+03    2.6097052900e-01    6.3975000000e-01
       375   -7.4656699631e+00    5.6814891403e+01   -1.4710378305e+01    7.2447083419e+00    2.6815837608e+00   -1.7391962066e+01    3.0000000000e+03    2.8518315100e-01    6.4270833333e-01
       376   -7.4398756442e+00    5.6809715072e+01   -1.4449030277e+01    7.0091546324e+00    2.6985758352e+00   -1.7147606112e+01    3.0000000000e+03    2.4188812300e-01    6.4116666667e-01
       377   -7.4527195091e+00    5.7199717325e+01   -1.4861905338e+01    7.4091858287e+00    2.7111861620e+00   -1.7573091500e+01    3.0000000000e+03    2.5541145000e-01    6.3812500000e-01
       378   -7.4453686909e+00    5.6745235170e+01   -1.4468954774e+01    7.0235860833e+00    2.6925445197e+00   -1.7161499294e+01    3.0000000000e+03    2.4108219800e-01    6.3940625000e-01
       379   -7.4744138029e+00    5.7006597665e+01   -1.5329606274e+01    7.8551924709e+00    2.7459924662e+00   -1.8075598740e+01    3.0000000000e+03    2.5510093000e-01    6.3769791667e-01
       380   -7.4309704167e+00    5.6507462171e+01   -1.4186759347e+01    6.7557889306e+00    2.6888639628e+00   -1.6875623310e+01    3.0000000000e+03    2.6058602700e-01    6.4073958333e-01
       381   -7.4305824115e+00    5.6513511911e+01   -1.4771147536e+01    7.3405651245e+00    2.6818301733e+00   -1.7452977709e+01    3.0000000000e+03    2.6059661200e-01    6.4200000000e-01
       382   -7.4191740057e+00    5.6360911641e+01   -1.4352708644e+01    6.9335346380e+00    2.7417202638e+00   -1.7094428908e+01    3.0000000000e+03    2.4502513800e-01    6.3766666667e-01
       383   -7.3900036479e+00    5.7140377679e+01   -1.4771872838e+01    7.3818691899e+00    2.8272339791e+00   -1.7599106817e+01    3.0000000000e+03    2.4141918600e-01    6.3686458333e-01
       384   -7.4396911096e+00    5.6974273229e+01   -1.4224621440e+01    6.7849303305e+00    2.7326454337e+00   -1.6957266874e+01    3.0000000000e+03    2.5732602200e-01    6.4101041667e-01
       385   -7.4390697807e+00    5.6620742207e+01   -1.4314590789e+01    6.8755210086e+00    2.7619135702e+00   -1.7076504360e+01    3.0000000000e+03    2.5509376300e-01    6.4016666667e-01
       386   -7.4185710972e+00    5.6773236258e+01   -1.4089280168e+01    6.6707090712e+00    2.7261685959e+00   -1.6815448764e+01    3.0000000000e+03    2.5611881700e-01    6.4239583333e-01
       387   -7.3902036114e+00    5.6019765861e+01   -1.4612089765e+01    7.2218861534e+00    2.7505172882e+00   -1.7362607053e+01    3.0000000000e+03    2.6094032700e-01    6.3975000000e-01
       388   -7.4221529545e+00    5.6704824140e+01   -1.5446860584e+01    8.0247076291e+00    2.7849363671e+00   -1.8231796951e+01    3.0000000000e+03    2.5322900400e-01    6.3843750000e-01
       389   -7.4269871475e+00    5.6584496028e+01   -1.4901326512e+01    7.4743393643e+00    2.7640583017e+00   -1.7665384813e+01    3.0000000000e+03    2.9815410600e-01    6.4260416667e-01
       390   -7.4459409625e+00    5.6470429808e+01   -1.3908778007e+01    6.4628370446e+00    2.7032841870e+00   -1.6612062194e+01    3.0000000000e+03    2.6877632200e-01    6.4381250000e-01
       391   -7.4773147883e+00    5.6896639714e+01   -1.5497364025e+01    8.0200492369e+00    2.7136510563e+00   -1.8211015082e+01    3.0000000000e+03    2.5625592300e-01    6.4011458333e-01
       392   -7.4156744523e+00    5.6170223763e+01   -1.4460016110e+01    7.0443416576e+00    2.6981277182e+00   -1.7158143828e+01    3.0000000000e+03    2.6819630200e-01    6.4037500000e-01
       393   -7.4649299991e+00    5.6842677664e+01   -1.5156113679e+01    7.6911836804e+00    2.7164399225e+00   -1.7872553602e+01    3.0000000000e+03    2.7305982000e-01    6.3952083333e-01
       394   -7.3661330535e+00    5.6040162030e+01   -1.4346717290e+01    6.9805842369e+00    2.7909567340e+00   -1.7137674024e+01    3.0000000000e+03    2.7261105800e-01    6.3608333333e-01
       395   -7.3903416029e+00    5.6610222002e+01   -1.4424125355e+01    7.0337837519e+00    2.7766622712e+00   -1.7200787626e+01    3.0000000000e+03    2.5097984300e-01    6.4037500000e-01
       396   -7.4478022800e+00    5.6805430151e+01   -1.4878657925e+01    7.4308556453e+00    2.7451917953e+00   -1.7623849721e+01    3.0000000000e+03    2.6369363500e-01    6.3933333333e-01
       397   -7.4569706239e+00    5.6896096216e+01   -1.5012587580e+01    7.5556169562e+00    2.7274067915e+00   -1.7739994372e+01    3.0000000000e+03    2.5064469100e-01    6.4170833333e-01
       398   -7.4105455301e+00    5.6565130953e+01   -1.4573290303e+01    7.1627447731e+00    2.7574677181e+00   -1.7330758021e+01    3.0000000000e+03    2.5531028600e-01    6.4148958333e-01
       399   -7.4128126155e+00    5.6065475897e+01   -1.4768767346e+01    7.3559547302e+00    2.7424182170e+00   -1.7511185563e+01    3.0000000000e+03    2.6540950500e-01    6.4176041667e-01
       400   -7.3796876603e+00    5.6560711553e+01   -1.4097588244e+01    6.7179005838e+00    2.7850504987e+00   -1.6882638743e+01    3.0000000000e+03    2.6778485900e-01    6.4068750000e-01
       401   -7.4220966058e+00    5.6175343486e+01   -1.4167480938e+01    6.7453843318e+00    2.7250549563e+00   -1.6892535894e+01    3.0000000000e+03    2.5655013600e-01    6.4056250000e-01
       402   -7.3879369816e+00    5.9896433883e+01   -1.4709221493e+01    7.3212845116e+00    2.8510301584e+00   -1.7560251652e+01    3.0000000000e+03    2.5397096800e-01    6.3497916667e-01
       403   -7.4488629674e+00    5.6956139627e+01   -1.6483395685e+01    9.0345327172e+00    2.7806945901e+00   -1.9264090275e+01    3.0000000000e+03    2.7567290700e-01    6.3871875000e-01
       404   -7.4747883901e+00    5.7050179866e+01   -1.4454967261e+01    6.9801788708e+00    2.6783425106e+00   -1.7133309771e+01    3.0000000000e+03    2.6347198100e-01    6.3852083333e-01
       405   -7.4286364005e+00    5.6724654176e+01   -1.4522044469e+01    7.0934080689e+00    2.7298540807e+00   -1.7251898550e+01    3.0000000000e+03    2.7393354000e-01    6.4062500000e-01
       406   -7.4218165184e+00    5.6342113855e+01   -1.4603134864e+01    7.1813183458e+00    2.7745990157e+00   -1.7377733880e+01    3.0000000000e+03    2.5839115600e-01    6.4034375000e-01
       407   -7.4634607544e+00    5.6993108906e+01   -1.4729967101e+01    7.2665063466e+00    2.7085368068e+00   -1.7438503908e+01    3.0000000000e+03    2.6785239500e-01    6.3860416667e-01
       408   -7.4403217435e+00    5.6613325657e+01   -1.4787386791e+01    7.3470650478e+00    2.7496576143e+00   -1.7537044406e+01    3.0000000000e+03    2.6647142000e-01    6.3952083333e-01
       409   -7.3834534265e+00    5.6211865504e+01   -1.4279717743e+01    6.8962643161e+00    2.7681810041e+00   -1.7047898747e+01    3.0000000000e+03    2.6657401000e-01    6.3829166667e-01
       410   -7.3849800710e+00    5.5860742359e+01   -1.4236547810e+01    6.8515677388e+00    2.7889320403e+00   -1.7025479850e+01    3.0000000000e+03    2.5650525200e-01    6.3981250000e-01
       411   -7.3884692791e+00    5.6197783089e+01   -1.4715904882e+01    7.3274356030e+00    2.7716577378e+00   -1.7487562620e+01    3.0000000000e+03    2.6648474100e-01    6.3927083333e-01
       412   -7.4614944448e+00    5.6857901270e+01   -1.4751049617e+01    7.2895551721e+00    2.7644717426e+00   -1.7515521359e+01    3.0000000000e+03    2.6168829400e-01    6.3843750000e-01
       413   -7.4608824546e+00    5.6816287985e+01   -1.4068361610e+01    6.6074791555e+00    2.6806031950e+00   -1.6748964805e+01    3.0000000000e+03    2.5742012900e-01    6.4490625000e-01
       414   -7.4092106317e+00    5.6274314116e+01   -1.3996894466e+01    6.5876838340e+00    2.7116022886e+00   -1.6708496754e+01    3.0000000000e+03    2.7694856900e-01    6.4086458333e-01
       415   -7.4215743065e+00    5.6469572327e+01   -1.4794617920e+01    7.3730436135e+00    2.8295142627e+00   -1.7624132183e+01    3.0000000000e+03    2.5733591800e-01    6.3872916667e-01
       416   -7.4330386647e+00    5.7024141031e+01   -1.4781079131e+01    7.3480404666e+00    2.7630809862e+00   -1.7544160118e+01    3.0000000000e+03    2.5978560500e-01    6.3738541667e-01
       417   -7.4687164003e+00    5.7007276950e+01   -1.5399830261e+01    7.9311138609e+00    2.7669707577e+00   -1.8166801019e+01    3.0000000000e+03    2.5506060200e-01    6.3478125000e-01
       418   -7.3774592700e+00    5.6271310020e+01   -1.4205047855e+01    6.8275885855e+00    2.7585107357e+00   -1.6963558591e+01    3.0000000000e+03    2.6145819900e-01    6.4330208333e-01
       419   -7.4196402453e+00    5.6699346951e+01   -1.4132331115e+01    6.7126908696e+00    2.7195391902e+00   -1.6851870305e+01    3.0000000000e+03    2.9611976400e-01    6.4039583333e-01
       420   -7.4121273836e+00    5.6413724891e+01   -1.4712679164e+01    7.3005517807e+00    2.7511628773e+00   -1.7463842042e+01    3.0000000000e+03    2.5620790400e-01    6.3940625000e-01
       421   -7.4528829884e+00    5.7041102391e+01   -1.4714971345e+01    7.2620883569e+00    2.7938430711e+00   -1.7508814416e+01    3.0000000000e+03    2.6210132800e-01    6.3788541667e-01
       422   -7.4197290187e+00    5.6677111658e+01   -1.4456312421e+01    7.0365834020e+00    2.7445912521e+00   -1.7200903673e+01    3.0000000000e+03    2.6640443200e-01    6.3857291667e-01
       423   -7.4190620280e+00    5.6577318178e+01   -1.5481006859e+01    8.0619448312e+00    2.8249520420e+00   -1.8305958901e+01    3.0000000000e+03    2.8799052000e-01    6.3462500000e-01
       424   -7.4362946251e+00    5.6545095330e+01   -1.5221084831e+01    7.7847902061e+00    2.7765134863e+00   -1.7997598318e+01    3.0000000000e+03    2.5700019600e-01    6.3739583333e-01
       425   -7.3845642452e+00    5.6264666378e+01   -1.5305016715e+01    7.9204524702e+00    2.8021287936e+00   -1.8107145509e+01    3.0000000000e+03    2.5956528700e-01    6.3729166667e-01
       426   -7.4277120769e+00    5.6271984235e+01   -1.4009430636e+01    6.5817185595e+00    2.7345323369e+00   -1.6743962973e+01    3.0000000000e+03    2.5613892200e-01    6.4089583333e-01
       427   -7.3880328364e+00    6.0850230697e+01   -1.4927263258e+01    7.5392304216e+00    2.8255586440e+00   -1.7752821902e+01    3.0000000000e+03    2.7441411200e-01    6.3965625000e-01
       428   -7.4171655211e+00    5.6478368795e+01   -1.4830854509e+01    7.4136889882e+00    2.6918669151e+00   -1.7522721424e+01    3.0000000000e+03    2.6329679000e-01    6.3897916667e-01
       429   -7.4511622022e+00    5.6637027967e+01   -1.5424891141e+01    7.9737289386e+00    2.7555478151e+00   -1.8180438956e+01    3.0000000000e+03    2.7304796200e-01    6.3778125000e-01
       430   -7.4050392615e+00    5.6485678857e+01   -1.5406720566e+01    8.0016813049e+00    2.7406678959e+00   -1.8147388462e+01    3.0000000000e+03    2.4401510300e-01    6.4252083333e-01
       431   -7.4266976022e+00    5.6595385503e+01   -1.4904665364e+01    7.4779677614e+00    2.7390584188e+00   -1.7643723782e+01    3.0000000000e+03    2.5141595600e-01    6.4156250000e-01
       432   -7.4466958160e+00    5.7882448816e+01   -1.4739278550e+01    7.2925827344e+00    2.7099231593e+00   -1.7449201710e+01    3.0000000000e+03    3.1286173700e-01    6.3887500000e-01
       433   -7.4069955182e+00    5.6085084594e+01   -1.4480377649e+01    7.0733821311e+00    2.7431770626e+00   -1.7223554712e+01    3.0000000000e+03    2.6402119500e-01    6.4134375000e-01
       434   -7.4109536506e+00    5.6814411432e+01   -1.4574741250e+01    7.1637875995e+00    2.8012386753e+00   -1.7375979925e+01    3.0000000000e+03    2.6373852400e-01    6.3827083333e-01
       435   -7.3489890486e+00    5.6312817534e+01   -1.4243284286e+01    6.8942952373e+00    2.8097673075e+00   -1.7053051593e+01    3.0000000000e+03    2.4386959100e-01    6.4144791667e-01
       436   -7.4686957222e+00    5.7180097677e+01   -1.4388591142e+01    6.9198954200e+00    2.7068836397e+00   -1.7095474782e+01    3.0000000000e+03    2.4894645800e-01    6.3934375000e-01
       437   -7.4640017604e+00    5.7329228164e+01   -1.4621569074e+01    7.1575673139e+00    2.7284917709e+00   -1.7350060845e+01    3.0000000000e+03    2.9410298900e-01    6.4030208333e-01
       438   -7.4308193120e+00    5.7078392625e+01   -1.4659333081e+01    7.2285137693e+00    2.6885895114e+00   -1.7347922593e+01    3.0000000000e+03    2.6017151700e-01    6.4164583333e-01
       439   -7.4071208893e+00    5.6121909360e+01   -1.4845240552e+01    7.4381196625e+00    2.7318978054e+00   -1.7577138357e+01    3.0000000000e+03    2.5647495900e-01    6.4215625000e-01
       440   -7.4510062841e+00    5.6784591315e+01   -1.4593221760e+01    7.1422154756e+00    2.7659621890e+00   -1.7359183949e+01    3.0000000000e+03    2.6524377200e-01    6.3972916667e-01
       441   -7.4803522298e+00    5.7033834062e+01   -1.5639495959e+01    8.1591437290e+00    2.6971465428e+00   -1.8336642502e+01    3.0000000000e+03    2.7172896300e-01    6.4078125000e-01
       442   -7.4721734991e+00    5.6848349062e+01   -1.4525633011e+01    7.0534595124e+00    2.7116778952e+00   -1.7237310907e+01    3.0000000000e+03    2.9478136400e-01    6.3856250000e-01
       443   -7.4080278732e+00    5.6381512953e+01   -1.4592535177e+01    7.1845073035e+00    2.7752576500e+00   -1.7367792827e+01    3.0000000000e+03    2.5435857400e-01    6.4257291667e-01
       444   -7.4194804897e+00    5.6467216430e+01   -1.4850071803e+01    7.4305913131e+00    2.7619503580e+00   -1.7612022161e+01    3.0000000000e+03    2.4999586700e-01    6.3859375000e-01
       445   -7.4620167407e+00    5.6847241820e+01   -1.4800758267e+01    7.3387415268e+00    2.7345565095e+00   -1.7535314777e+01    3.0000000000e+03    2.5114425000e-01    6.3813541667e-01
       446   -7.3680741892e+00    5.6291432550e+01   -1.4579468479e+01    7.2113942897e+00    2.7924122431e+00   -1.7371880722e+01    3.0000000000e+03    2.6094933800e-01    6.3973958333e-01
       447   -7.4107862226e+00    5.6588539828e+01   -1.4281757361e+01    6.8709711380e+00    2.7391602858e+00   -1.7020917646e+01    3.0000000000e+03    2.6233981500e-01    6.4076041667e-01
       448   -7.4398805329e+00    5.6627494413e+01   -1.5185790861e+01    7.7459103286e+00    2.7864443326e+00   -1.7972235194e+01    3.0000000000e+03    2.4004448800e-01    6.3740625000e-01
       449   -7.4379027751e+00    5.6543654511e+01   -1.4203872378e+01    6.7659696030e+00    2.6964877832e+00   -1.6900360161e+01    3.0000000000e+03    2.5817825500e-01    6.4264583333e-01
       450   -7.4376268343e+00    5.6425009072e+01   -1.4888952008e+01    7.4513251739e+00    2.7659625681e+00   -1.7654914576e+01    3.0000000000e+03    2.6077070600e-01    6.3772916667e-01
       451   -7.3987907606e+00    5.6012323021e+01   -1.4116434457e+01    6.7176436962e+00    2.7508117561e+00   -1.6867246213e+01    3.0000000000e+03    2.7187974500e-01    6.4209375000e-01
       452   -7.4345945317e+00    5.6894412861e+01   -1.4701585845e+01    7.2669913136e+00    2.7985804917e+00   -1.7500166337e+01    3.0000000000e+03    2.4797170600e-01    6.3751041667e-01
       453   -7.3838187030e+00    5.6164146641e+01   -1.5613409448e+01    8.2295907455e+00    2.8240123492e+00   -1.8437421798e+01    3.0000000000e+03    2.6919241700e-01    6.4135416667e-01
       454   -7.3766676493e+00    5.6381796747e+01   -1.4420096922e+01    7.0434292722e+00    2.8209461665e+00   -1.7241043088e+01    3.0000000000e+03    2.8033142300e-01    6.3991666667e-01
       455   -7.4989108490e+00    5.7472792137e+01   -1.5354868517e+01    7.8559576683e+00    2.7014387582e+00   -1.8056307275e+01    3.0000000000e+03    3.1124313900e-01    6.3587500000e-01
       456   -7.4303576637e+00    5.6726880303e+01   -1.4955824890e+01    7.5254672268e+00    2.7481390531e+00   -1.7703963943e+01    3.0000000000e+03    2.7317401600e-01    6.4094791667e-01
       457   -7.4105006068e+00    5.6243735247e+01   -1.4843465499e+01    7.4329648921e+00    2.7508031822e+00   -1.7594268681e+01    3.0000000000e+03    2.8068416300e-01    6.3833333333e-01
       458   -7.4252173216e+00    5.6146711211e+01   -1.4932594653e+01    7.5073773311e+00    2.6857269312e+00   -1.7618321584e+01    3.0000000000e+03    2.6185332100e-01    6.4400000000e-01
       459   -7.3843738237e+00    5.6400936620e+01   -1.4678803208e+01    7.2944293843e+00    2.7947497772e+00   -1.7473552985e+01    3.0000000000e+03    2.7707025400e-01    6.3838541667e-01
       460   -7.4221759149e+00    5.6814832961e+01   -1.5143841912e+01    7.7216659968e+00    2.7540837265e+00   -1.7897925638e+01    3.0000000000e+03    2.7354057800e-01    6.4007291667e-01
       461   -7.4323808866e+00    5.6470497466e+01   -1.4350342147e+01    6.9179612602e+00    2.7476833216e+00   -1.7098025468e+01    3.0000000000e+03    2.6841338300e-01    6.4173958333e-01
       462   -7.3704508604e+00    5.8327291433e+01   -1.4209662012e+01    6.8392111521e+00    2.8328873737e+00   -1.7042549386e+01    3.0000000000e+03    2.5410524700e-01    6.3854166667e-01
       463   -7.4045062136e+00    5.6310779083e+01   -1.3512247056e+01    6.1077408428e+00    2.6865379197e+00   -1.6198784976e+01    3.0000000000e+03    2.5924656500e-01    6.4536458333e-01
       464   -7.4360311107e+00    5.7270088573e+01   -1.4728099122e+01    7.2920680117e+00    2.7798095343e+00   -1.7507908657e+01    3.0000000000e+03    2.6222204600e-01    6.3927083333e-01
       465   -7.4248940597e+00    5.6829925999e+01   -1.4918407089e+01    7.4935130290e+00    2.7544471449e+00   -1.7672854234e+01    3.0000000000e+03    2.5523430500e-01    6.4058333333e-01
       466   -7.4386129758e+00    5.6569217774e+01   -1.4843573799e+01    7.4049608234e+00    2.7225496475e+00   -1.7566123447e+01    3.0000000000e+03    2.5354271800e-01    6.4004166667e-01
       467   -7.3812220013e+00    5.6150776334e+01   -1.4888322934e+01    7.5071009322e+00    2.7885867195e+00   -1.7676909653e+01    3.0000000000e+03    2.6143122300e-01    6.4032291667e-01
       468   -7.4267764354e+00    5.9031669748e+01   -1.4838649726e+01    7.4118732910e+00    2.8115240480e+00   -1.7650173774e+01    3.0000000000e+03    2.5928970500e-01    6.3784375000e-01
       469   -7.4221050167e+00    5.6303310058e+01   -1.5626275365e+01    8.2041703478e+00    2.7552746682e+00   -1.8381550033e+01    3.0000000000e+03    2.4327049200e-01    6.3982291667e-01
       470   -7.4139919177e+00    5.6154367982e+01   -1.4910251412e+01    7.4962594942e+00    2.7626811937e+00   -1.7672932606e+01    3.0000000000e+03    2.4650547300e-01    6.3991666667e-01
       471   -7.4256057574e+00    5.6624905105e+01   -1.4544835921e+01    7.1192301634e+00    2.7255788439e+00   -1.7270414765e+01    3.0000000000e+03    2.4796156300e-01    6.3876041667e-01
       472   -7.4369005999e+00    5.7026683272e+01   -1.4857152250e+01    7.4202516500e+00    2.7874368946e+00   -1.7644589145e+01    3.0000000000e+03    2.6533113400e-01    6.4034375000e-01
       473   -7.4500738895e+00    5.6934107315e+01   -1.5550861658e+01    8.1007877687e+00    2.7365206608e+00   -1.8287382319e+01    3.0000000000e+03    2.7362715600e-01    6.3872916667e-01
       474   -7.4066141524e+00    5.6448931723e+01   -1.4818379425e+01    7.4117652727e+00    2.8109740494e+00   -1.7629353474e+01    3.0000000000e+03    2.6529872300e-01    6.3656250000e-01
       475   -7.4599705862e+00    5.6890978910e+01   -1.4455457223e+01    6.9954866367e+00    2.7456871154e+00   -1.7201144338e+01    3.0000000000e+03    2.6056232900e-01    6.4013541667e-01
       476   -7.4370933844e+00    5.6457948193e+01   -1.5186205242e+01    7.7491118574e+00    2.7563465439e+00   -1.7942551786e+01    3.0000000000e+03    2.5441260800e-01    6.4003125000e-01
       477   -7.4503593414e+00    5.6946264011e+01   -1.4686137439e+01    7.2357780977e+00    2.7623901452e+00   -1.7448527584e+01    3.0000000000e+03    2.6316978800e-01    6.3723958333e-01
       478   -7.4193266652e+00    5.6657841281e+01   -1.4419822993e+01    7.0004963276e+00    2.7403216008e+00   -1.7160144594e+01    3.0000000000e+03    2.5949420400e-01    6.3893750000e-01
       479   -7.4944949745e+00    5.7243655604e+01   -1.5665698148e+01    8.1712031735e+00    2.6983309040e+00   -1.8364029052e+01    3.0000000000e+03    2.6583748600e-01    6.3952083333e-01
       480   -7.4290224717e+00    5.6551954838e+01   -1.5188344627e+01    7.7593221556e+00    2.7940096679e+00   -1.7982354295e+01    3.0000000000e+03    2.6099489500e-01    6.3914583333e-01
       481   -7.3994612999e+00    5.6485744859e+01   -1.5085733950e+01    7.6862726496e+00    2.7914828431e+00   -1.7877216793e+01    3.0000000000e+03    2.7079252700e-01    6.4322916667e-01
       482   -7.4057560347e+00    5.6473193425e+01   -1.5206507730e+01    7.8007516954e+00    2.8037857903e+00   -1.8010293521e+01    3.0000000000e+03    2.6667076800e-01    6.3686458333e-01
       483   -7.3959132444e+00    5.6952525959e+01   -1.5180231093e+01    7.7843178483e+00    2.7858823227e+00   -1.7966113415e+01    3.0000000000e+03    2.7658423700e-01    6.3786458333e-01
       484   -7.4550304251e+00    5.6852161529e+01   -1.5286457691e+01    7.8314272658e+00    2.7473033193e+00   -1.8033761010e+01    3.0000000000e+03    2.6820600200e-01    6.3559375000e-01
       485   -7.3880141037e+00    5.6131784193e+01   -1.4261149001e+01    6.8731348969e+00    2.7739731571e+00   -1.7035122158e+01    3.0000000000e+03    2.4253749100e-01    6.4108333333e-01
       486   -7.4958209328e+00    5.7402053665e+01   -1.5857801064e+01    8.3619801315e+00    2.6831165972e+00   -1.8540917662e+01    3.0000000000e+03    2.4537724600e-01    6.3961458333e-01
       487   -7.3973942178e+00    5.6027201621e+01   -1.4326442176e+01    6.9290479578e+00    2.7444554001e+00   -1.7070897576e+01    3.0000000000e+03    2.6291529600e-01    6.3985416667e-01
       488   -7.4260523498e+00    5.6478009953e+01   -1.4151904409e+01    6.7258520593e+00    2.7799134353e+00   -1.6931817844e+01    3.0000000000e+03    2.4932698600e-01    6.3794791667e-01
       489   -7.4383656537e+00    5.6627591607e+01   -1.5599783610e+01    8.1614179565e+00    2.7853354614e+00   -1.8385119072e+01    3.0000000000e+03    2.6415742300e-01    6.3418750000e-01
       490   -7.4591322975e+00    5.6896081776e+01   -1.4875450347e+01    7.4163180495e+00    2.6578451529e+00   -1.7533295500e+01    3.0000000000e+03    2.5316397600e-01    6.4441666667e-01
       491   -7.4347975395e+00    5.6500630874e+01   -1.4650492708e+01    7.2156951687e+00    2.7323812660e+00   -1.7382873974e+01    3.0000000000e+03    2.5427169800e-01    6.4269791667e-01
       492   -7.3907516150e+00    5.6692034512e+01   -1.5323661526e+01    7.9329099114e+00    2.8909069778e+00   -1.8214568504e+01    3.0000000000e+03    2.5483653100e-01    6.3526041667e-01
       493   -7.3936108601e+00    5.5941136496e+01   -1.4777678124e+01    7.3840672635e+00    2.7151262072e+00   -1.7492804331e+01    3.0000000000e+03    2.4488267800e-01    6.4310416667e-01
       494   -7.4422159478e+00    5.6723955470e+01   -1.4955364830e+01    7.5131488823e+00    2.7695396206e+00   -1.7724904451e+01    3.0000000000e+03    2.5334383000e-01    6.3754166667e-01
       495   -7.4133606559e+00    5.6167167259e+01   -1.4684973925e+01    7.2716132690e+00    2.7535564375e+00   -1.7438530362e+01    3.0000000000e+03    2.9789715700e-01    6.4276041667e-01
       496   -7.4412783993e+00    5.6640020495e+01   -1.4211837193e+01    6.7705587937e+00    2.7368635753e+00   -1.6948700768e+01    3.0000000000e+03    2.4504216400e-01    6.4012500000e-01
       497   -7.4154756798e+00    5.6581608947e+01   -1.4933225141e+01    7.5177494612e+00    2.8235982525e+00   -1.7756823393e+01    3.0000000000e+03    2.4200435600e-01    6.3625000000e-01
       498   -7.4069728819e+00    5.6862870580e+01   -1.5248698411e+01    7.8417255288e+00    2.8109116956e+00   -1.8059610106e+01    3.0000000000e+03    2.7374278000e-01    6.3961458333e-01
       499   -7.4712307028e+00    5.6925789102e+01   -1.4760643188e+01    7.2894124849e+00    2.7462319310e+00   -1.7506875119e+01    3.0000000000e+03    2.5961311800e-01    6.4083333333e-01
