#   index    LocalEnergy         LocalEnergy_sq      LocalPotential      Kinetic             ElecElec            IonElec             BlockWeight         BlockCPU            AcceptRatio         
         0   -7.4698851037e+00    5.7386133375e+01   -1.4888587445e+01    7.4187023409e+00    2.7598916201e+00   -1.7648479065e+01    3.0000000000e+03    1.9495493500e-01    6.3888541667e-01
         1   -7.3816487496e+00    5.6746330667e+01   -1.4866811294e+01    7.4851625448e+00    2.8034936194e+00   -1.7670304914e+01    3.0000000000e+03    1.9419836601e-01    6.3596875000e-01
         2   -7.4329203808e+00    5.6835699135e+01   -1.4445372695e+01    7.0124523139e+00    2.7429545814e+00   -1.7188327276e+01    3.0000000000e+03    1.9747130600e-01    6.3941666667e-01
         3   -7.4013690096e+00    5.8472301823e+01   -1.5200787428e+01    7.7994184183e+00    2.7598429482e+00   -1.7960630376e+01    3.0000000000e+03    2.1108774400e-01    6.4151041667e-01
         4   -7.4065064844e+00    5.7356169503e+01   -1.4781532299e+01    7.3750258147e+00    2.8189667307e+00   -1.7600499030e+01    3.0000000000e+03    2.0132436900e-01    6.3684375000e-01
         5   -7.4748299787e+00    5.7258444414e+01   -1.4483881336e+01    7.0090513575e+00    2.6703909226e+00   -1.7154272259e+01    3.0000000000e+03    1.9591847200e-01    6.4150000000e-01
         6   -7.4086802539e+00    5.6849329671e+01   -1.4407216732e+01    6.9985364778e+00    2.7137389851e+00   -1.7120955717e+01    3.0000000000e+03    1.9966629699e-01    6.4104166667e-01
         7   -7.4160910536e+00    5.7499643904e+01   -1.4609013583e+01    7.1929225293e+00    2.7748255581e+00   -1.7383839141e+01    3.0000000000e+03    2.0106793199e-01    6.3862500000e-01
         8   -7.4040760184e+00    5.6531001663e+01   -1.4725683216e+01    7.3216071976e+00    2.7575769535e+00   -1.7483260170e+01    3.0000000000e+03    2.2429946400e-01    6.3782291667e-01
         9   -7.3634033412e+00    5.6023719470e+01   -1.4905048034e+01    7.5416446932e+00    2.7235988990e+00   -1.7628646933e+01    3.0000000000e+03    2.1956488000e-01    6.4067708333e-01
        10   -7.5003057506e+00    6.3752942340e+01   -1.4828586961e+01    7.3282812103e+00    2.7323264323e+00   -1.7560913393e+01    3.0000000000e+03    2.0016587400e-01    6.3910416667e-01
        11   -7.3512146312e+00    5.7029752500e+01   -1.5680932537e+01    8.3297179053e+00    2.7714036749e+00   -1.8452336211e+01    3.0000000000e+03    2.0169346000e-01    6.3961458333e-01
        12   -7.4083526021e+00    5.9219927222e+01   -1.5863459869e+01    8.4551072674e+00    2.7970760011e+00   -1.8660535871e+01    3.0000000000e+03    2.0374563799e-01    6.3701041667e-01
        13   -7.3926646138e+00    5.6516690629e+01   -1.4298969664e+01    6.9063050499e+00    2.7902876398e+00   -1.7089257303e+01    3.0000000000e+03    2.1578185901e-01    6.3748958333e-01
        14   -7.3762914074e+00    5.7870364827e+01   -1.4593536386e+01    7.2172449782e+00    2.8339822898e+00   -1.7427518675e+01    3.0000000000e+03    1.9549498800e-01    6.3723958333e-01
        15   -7.3240313631e+00    5.6249186960e+01   -1.4563795431e+01    7.2397640683e+00    2.7201634812e+00   -1.7283958913e+01    3.0000000000e+03    1.9655983800e-01    6.4297916667e-01
        16   -7.4286717738e+00    5.6608755107e+01   -1.4640929603e+01    7.2122578292e+00    2.7294063284e+00   -1.7370335931e+01    3.0000000000e+03    1.9461864700e-01    6.3822916667e-01
        17   -7.3927973746e+00    5.6591507080e+01   -1.5053823036e+01    7.6610256613e+00    2.7709359581e+00   -1.7824758994e+01    3.0000000000e+03    1.9766023500e-01    6.3894791667e-01
        18   -7.3774133045e+00    5.6961914042e+01   -1.5185386905e+01    7.8079736000e+00    2.7795755835e+00   -1.7964962488e+01    3.0000000000e+03    1.9420583700e-01    6.4066666667e-01
        19   -7.4570288772e+00    5.8884226162e+01   -1.5422810407e+01    7.9657815298e+00    2.7568783401e+00   -1.8179688747e+01    3.0000000000e+03    2.0130084100e-01    6.4137500000e-01
        20   -7.4336415765e+00    5.7351518460e+01   -1.4868636277e+01    7.4349947002e+00    2.7581721579e+00   -1.7626808435e+01    3.0000000000e+03    1.9560881901e-01    6.3871875000e-01
        21   -7.2888172858e+00    5.5737644627e+01   -1.4751742224e+01    7.4629249380e+00    2.7941298037e+00   -1.7545872027e+01    3.0000000000e+03    1.9504853700e-01    6.3836458333e-01
        22   -7.4666759451e+00    5.7951039592e+01   -1.4708800335e+01    7.2421243901e+00    2.6922329044e+00   -1.7401033240e+01    3.0000000000e+03    1.9781160200e-01    6.4082291667e-01
        23   -7.3079616426e+00    5.6515731227e+01   -1.4984608845e+01    7.6766472020e+00    2.7815858978e+00   -1.7766194742e+01    3.0000000000e+03    1.9255471000e-01    6.4007291667e-01
        24   -7.4775608888e+00    6.9084038126e+01   -1.6116879580e+01    8.6393186912e+00    2.7104954608e+00   -1.8827375041e+01    3.0000000000e+03    1.9971064599e-01    6.3876041667e-01
        25   -7.3454229195e+00    5.6265033638e+01   -1.3959105916e+01    6.6136829960e+00    2.6867554123e+00   -1.6645861328e+01    3.0000000000e+03    1.9903116600e-01    6.4618750000e-01
        26   -7.3118534925e+00    5.8084854583e+01   -1.4904062540e+01    7.5922090472e+00    2.8198295092e+00   -1.7723892049e+01    3.0000000000e+03    1.9347554100e-01    6.3913541667e-01
        27   -7.3231196299e+00    5.6430797647e+01   -1.4831351611e+01    7.5082319809e+00    2.8351471081e+00   -1.7666498719e+01    3.0000000000e+03    1.9564782800e-01    6.3792708333e-01
        28   -7.6633532253e+00    9.2883934629e+01   -1.5127065000e+01    7.4637117747e+00    2.8010181679e+00   -1.7928083168e+01    3.0000000000e+03    1.9646470300e-01    6.3982291667e-01
        29   -7.4204319838e+00    5.8269124530e+01   -1.5564570055e+01    8.1441380710e+00    2.8264822577e+00   -1.8391052312e+01    3.0000000000e+03    1.9404219900e-01    6.3582291667e-01
        30   -7.4333359327e+00    5.9101062872e+01   -1.5144619051e+01    7.7112831188e+00    2.7945608581e+00   -1.7939179910e+01    3.0000000000e+03    2.0048240300e-01    6.4002083333e-01
        31   -7.2462706034e+00    5.5050924271e+01   -1.5337116071e+01    8.0908454679e+00    2.7812854397e+00   -1.8118401511e+01    3.0000000000e+03    1.9555249100e-01    6.4005208333e-01
        32   -7.3248981085e+00    5.6113525114e+01   -1.5371339165e+01    8.0464410568e+00    2.8827531202e+00   -1.8254092285e+01    3.0000000000e+03    1.9566058900e-01    6.3910416667e-01
        33   -7.4396936312e+00    6.1835209199e+01   -1.4529694088e+01    7.0900004564e+00    2.7420055982e+00   -1.7271699686e+01    3.0000000000e+03    1.9626970499e-01    6.4131250000e-01
        34   -7.3834245445e+00    5.6791991828e+01   -1.4538911996e+01    7.1554874520e+00    2.7915580429e+00   -1.7330470039e+01    3.0000000000e+03    1.9412564300e-01    6.3930208333e-01
        35   -7.3256828675e+00    5.5838012010e+01   -1.4808997986e+01    7.4833151189e+00    2.7564306169e+00   -1.7565428603e+01    3.0000000000e+03    1.9968315400e-01    6.4294791667e-01
        36   -7.3815423490e+00    5.7551911445e+01   -1.4913756829e+01    7.5322144798e+00    2.7952930564e+00   -1.7709049885e+01    3.0000000000e+03    1.9430319899e-01    6.3866666667e-01
        37   -7.3051302029e+00    5.6857076159e+01   -1.6119803000e+01    8.8146727968e+00    2.8201734388e+00   -1.8939976438e+01    3.0000000000e+03    1.9738616901e-01    6.3461458333e-01
        38   -7.3988794058e+00    5.6605567420e+01   -1.4233733238e+01    6.8348538327e+00    2.7251313922e+00   -1.6958864631e+01    3.0000000000e+03    1.9631630000e-01    6.4147916667e-01
        39   -7.4209838689e+00    5.6986286018e+01   -1.5036194828e+01    7.6152109595e+00    2.6730121748e+00   -1.7709207003e+01    3.0000000000e+03    1.9569013199e-01    6.3993750000e-01
        40   -7.4014135141e+00    5.7883698666e+01   -1.4713632899e+01    7.3122193845e+00    2.7919488660e+00   -1.7505581765e+01    3.0000000000e+03    1.9875772200e-01    6.4069791667e-01
        41   -7.4110783703e+00    5.7094798922e+01   -1.4756768585e+01    7.3456902149e+00    2.7139027539e+00   -1.7470671339e+01    3.0000000000e+03    2.0276517399e-01    6.4363541667e-01
        42   -7.4457382281e+00    5.7545557530e+01   -1.4396416697e+01    6.9506784685e+00    2.7133855251e+00   -1.7109802222e+01    3.0000000000e+03    1.9749104801e-01    6.4035416667e-01
        43   -7.3933903741e+00    5.6966646179e+01   -1.4537012967e+01    7.1436225929e+00    2.7205787518e+00   -1.7257591719e+01    3.0000000000e+03    1.9910267000e-01    6.3920833333e-01
        44   -7.4648729534e+00    8.0955487099e+01   -1.4789712698e+01    7.3248397447e+00    2.7241264664e+00   -1.7513839165e+01    3.0000000000e+03    1.9661085299e-01    6.4387500000e-01
        45   -7.3483739912e+00    5.6354111457e+01   -1.5138999664e+01    7.7906256725e+00    2.8662604525e+00   -1.8005260116e+01    3.0000000000e+03    2.0834971301e-01    6.3683333333e-01
        46   -7.4977461180e+00    5.8272230852e+01   -1.4735110181e+01    7.2373640625e+00    2.6845903277e+00   -1.7419700508e+01    3.0000000000e+03    1.9761665200e-01    6.4045833333e-01
        47   -7.5126355213e+00    5.8768280890e+01   -1.5350395564e+01    7.8377600425e+00    2.7540154921e+00   -1.8104411056e+01    3.0000000000e+03    1.9359356401e-01    6.3868750000e-01
        48   -7.3507993814e+00    5.5979963632e+01   -1.4804693230e+01    7.4538938490e+00    2.8100409809e+00   -1.7614734211e+01    3.0000000000e+03    1.9852105599e-01    6.3534375000e-01
        49   -7.3919230774e+00    5.6240066840e+01   -1.4299937392e+01    6.9080143147e+00    2.7233337482e+00   -1.7023271140e+01    3.0000000000e+03    1.9305625200e-01    6.4137500000e-01
        50   -7.4203727032e+00    5.7178327971e+01   -1.4583656103e+01    7.1632833996e+00    2.7371480185e+00   -1.7320804121e+01    3.0000000000e+03    1.9522785800e-01    6.4286458333e-01
        51   -7.3175403251e+00    5.6641592388e+01   -1.4759833015e+01    7.4422926898e+00    2.8202282146e+00   -1.7580061230e+01    3.0000000000e+03    1.9629269800e-01    6.3969791667e-01
        52   -7.4902474713e+00    5.8417504265e+01   -1.5056146638e+01    7.5658991663e+00    2.7484065989e+00   -1.7804553237e+01    3.0000000000e+03    1.9284967599e-01    6.3710416667e-01
        53   -7.3974895366e+00    5.7384777002e+01   -1.4807716821e+01    7.4102272844e+00    2.8018660965e+00   -1.7609582917e+01    3.0000000000e+03    1.9323449800e-01    6.3897916667e-01
        54   -7.4124922113e+00    5.7141130850e+01   -1.4876313575e+01    7.4638213636e+00    2.7625422072e+00   -1.7638855782e+01    3.0000000000e+03    1.9404624400e-01    6.4180208333e-01
        55   -7.3987628805e+00    5.6767487978e+01   -1.4095733698e+01    6.6969708174e+00    2.7490433609e+00   -1.6844777059e+01    3.0000000000e+03    1.9572769701e-01    6.4226041667e-01
        56   -7.3551199082e+00    5.6955668336e+01   -1.5010519156e+01    7.6553992478e+00    2.7744318605e+00   -1.7784951016e+01    3.0000000000e+03    1.9500331800e-01    6.3808333333e-01
        57   -7.4360764919e+00    5.7085792239e+01   -1.4849615024e+01    7.4135385323e+00    2.7596840921e+00   -1.7609299116e+01    3.0000000000e+03    1.9863368399e-01    6.3887500000e-01
        58   -7.4513332175e+00    5.7285954598e+01   -1.4761922039e+01    7.3105888211e+00    2.7546994035e+00   -1.7516621442e+01    3.0000000000e+03    1.9478374900e-01    6.3838541667e-01
        59   -7.4012344271e+00    5.8462209880e+01   -1.5095364069e+01    7.6941296418e+00    2.8381700867e+00   -1.7933534156e+01    3.0000000000e+03    1.9705356901e-01    6.3779166667e-01
        60   -7.3877317341e+00    5.8700815289e+01   -1.5640594835e+01    8.2528631008e+00    2.8785264758e+00   -1.8519121311e+01    3.0000000000e+03    2.1180694101e-01    6.3287500000e-01
        61   -7.5017892021e+00    5.8152237947e+01   -1.4273379870e+01    6.7715906684e+00    2.7706626503e+00   -1.7044042521e+01    3.0000000000e+03    1.9621515801e-01    6.3941666667e-01
        62   -7.3283005681e+00    5.7142263758e+01   -1.4830325371e+01    7.5020248031e+00    2.7965470414e+00   -1.7626872413e+01    3.0000000000e+03    1.9978898800e-01    6.4251041667e-01
        63   -7.3411177519e+00    5.7157879465e+01   -1.5255339856e+01    7.9142221036e+00    2.8354103931e+00   -1.8090750249e+01    3.0000000000e+03    2.0095914400e-01    6.3735416667e-01
        64   -7.3994857587e+00    5.7413499284e+01   -1.5059447508e+01    7.6599617497e+00    2.8905531574e+00   -1.7950000666e+01    3.0000000000e+03    1.9848771600e-01    6.3626041667e-01
        65   -7.3968200683e+00    5.7243063095e+01   -1.4857406940e+01    7.4605868717e+00    2.7804035547e+00   -1.7637810495e+01    3.0000000000e+03    2.0892806300e-01    6.3672916667e-01
        66   -7.2953279039e+00    5.7060950441e+01   -1.5112553768e+01    7.8172258645e+00    2.7771229595e+00   -1.7889676728e+01    3.0000000000e+03    1.9856500800e-01    6.3792708333e-01
        67   -7.4574861047e+00    5.7531908790e+01   -1.4879300442e+01    7.4218143375e+00    2.7079252696e+00   -1.7587225712e+01    3.0000000000e+03    1.9392756600e-01    6.3769791667e-01
        68   -7.4389232679e+00    5.7747281627e+01   -1.5113679295e+01    7.6747560275e+00    2.8083802456e+00   -1.7922059541e+01    3.0000000000e+03    1.9480534100e-01    6.3930208333e-01
        69   -7.4077044531e+00    5.6528455098e+01   -1.3894907906e+01    6.4872034527e+00    2.7321654796e+00   -1.6627073385e+01    3.0000000000e+03    1.9612330300e-01    6.4278125000e-01
        70   -7.4283058323e+00    5.6831387002e+01   -1.4207542156e+01    6.7792363238e+00    2.7844864928e+00   -1.6992028649e+01    3.0000000000e+03    2.0102254499e-01    6.4215625000e-01
        71   -7.4390459493e+00    5.8073776114e+01   -1.5733407540e+01    8.2943615910e+00    2.7879119147e+00   -1.8521319455e+01    3.0000000000e+03    1.9758578300e-01    6.3729166667e-01
        72   -7.3025111416e+00    5.7183498432e+01   -1.5774112588e+01    8.4716014463e+00    2.8225541137e+00   -1.8596666702e+01    3.0000000000e+03    1.9597008001e-01    6.3827083333e-01
        73   -7.4611540654e+00    5.7067886634e+01   -1.4595409567e+01    7.1342555018e+00    2.7647360652e+00   -1.7360145632e+01    3.0000000000e+03    1.9371997200e-01    6.3915625000e-01
        74   -7.4089841904e+00    5.6891533733e+01   -1.4922271356e+01    7.5132871652e+00    2.8311616633e+00   -1.7753433019e+01    3.0000000000e+03    1.9362393000e-01    6.3639583333e-01
        75   -7.4143166309e+00    5.7217436743e+01   -1.5127079461e+01    7.7127628299e+00    2.7738989018e+00   -1.7900978363e+01    3.0000000000e+03    1.9646801200e-01    6.3571875000e-01
        76   -7.4710095241e+00    5.7562948316e+01   -1.4879163422e+01    7.4081538975e+00    2.7459957186e+00   -1.7625159140e+01    3.0000000000e+03    2.0879279899e-01    6.3931250000e-01
        77   -7.3042161765e+00    5.5850691924e+01   -1.5313489311e+01    8.0092731348e+00    2.8437988164e+00   -1.8157288128e+01    3.0000000000e+03    1.9888487400e-01    6.3817708333e-01
        78   -7.3603341988e+00    5.6040510145e+01   -1.4649567607e+01    7.2892334081e+00    2.7220531684e+00   -1.7371620775e+01    3.0000000000e+03    1.9584206300e-01    6.3617708333e-01
        79   -7.6069023563e+00    7.0501077588e+01   -1.5411349261e+01    7.8044469043e+00    2.7884816232e+00   -1.8199830884e+01    3.0000000000e+03    1.9544190900e-01    6.4021875000e-01
        80   -7.4177118796e+00    5.6826872715e+01   -1.4246924887e+01    6.8292130075e+00    2.6755445292e+00   -1.6922469416e+01    3.0000000000e+03    1.9718691600e-01    6.4052083333e-01
        81   -8.0029494793e+00    1.5002191004e+02   -1.6552486331e+01    8.5495368517e+00    2.7682708584e+00   -1.9320757189e+01    3.0000000000e+03    1.9570200400e-01    6.4185416667e-01
        82   -7.3980972126e+00    5.7017010898e+01   -1.3790494237e+01    6.3923970246e+00    2.7268328595e+00   -1.6517327097e+01    3.0000000000e+03    1.9681236800e-01    6.4170833333e-01
        83   -7.4531775076e+00    5.8893186584e+01   -1.6631342947e+01    9.1781654395e+00    2.8470225031e+00   -1.9478365450e+01    3.0000000000e+03    1.9316564000e-01    6.3378125000e-01
        84   -7.4035451485e+00    5.7205946567e+01   -1.4700497123e+01    7.2969519742e+00    2.7278638708e+00   -1.7428360994e+01    3.0000000000e+03    1.9395024300e-01    6.3587500000e-01
        85   -7.4218759157e+00    5.7916602854e+01   -1.4266531506e+01    6.8446555906e+00    2.7449537062e+00   -1.7011485212e+01    3.0000000000e+03    1.9461607000e-01    6.4011458333e-01
        86   -7.3689259846e+00    5.7529209315e+01   -1.5525807415e+01    8.1568814309e+00    2.7932560388e+00   -1.8319063454e+01    3.0000000000e+03    1.9354144401e-01    6.3987500000e-01
        87   -7.5132892689e+00    6.0533003145e+01   -1.6305884305e+01    8.7925950360e+00    2.8553222912e+00   -1.9161206596e+01    3.0000000000e+03    1.9423670201e-01    6.3579166667e-01
        88   -7.4225578669e+00    5.7220078372e+01   -1.4626992384e+01    7.2044345175e+00    2.7822192342e+00   -1.7409211619e+01    3.0000000000e+03    1.9311587300e-01    6.3908333333e-01
        89   -7.4432316524e+00    5.8959762730e+01   -1.5366013766e+01    7.9227821137e+00    2.7438346114e+00   -1.8109848377e+01    3.0000000000e+03    1.9446434600e-01    6.4148958333e-01
        90   -7.4330049861e+00    5.7014243948e+01   -1.4587660826e+01    7.1546558398e+00    2.7225266425e+00   -1.7310187468e+01    3.0000000000e+03    1.9464793100e-01    6.4136458333e-01
        91   -7.3883511001e+00    5.6604184975e+01   -1.4258443621e+01    6.8700925207e+00    2.7063567203e+00   -1.6964800341e+01    3.0000000000e+03    1.9402468800e-01    6.4245833333e-01
        92   -7.4292997051e+00    5.7353742857e+01   -1.5490165937e+01    8.0608662323e+00    2.7470174689e+00   -1.8237183406e+01    3.0000000000e+03    1.9566913000e-01    6.4176041667e-01
        93   -7.4261794483e+00    5.7433630904e+01   -1.4498569539e+01    7.0723900908e+00    2.7016322403e+00   -1.7200201779e+01    3.0000000000e+03    2.0125704601e-01    6.4459375000e-01
        94   -7.4417226733e+00    5.7579318346e+01   -1.3806420024e+01    6.3646973506e+00    2.7026259463e+00   -1.6509045970e+01    3.0000000000e+03    1.9722197100e-01    6.4364583333e-01
        95   -7.3935063711e+00    5.7054118716e+01   -1.4961751355e+01    7.5682449842e+00    2.7803496778e+00   -1.7742101033e+01    3.0000000000e+03    2.0810260900e-01    6.3932291667e-01
        96   -7.4744771209e+00    5.8956411688e+01   -1.5131661901e+01    7.6571847805e+00    2.7749194250e+00   -1.7906581326e+01    3.0000000000e+03    1.9893697901e-01    6.4200000000e-01
        97   -7.3391344977e+00    5.5857818874e+01   -1.4388189161e+01    7.0490546637e+00    2.7288176652e+00   -1.7117006827e+01    3.0000000000e+03    1.9500151499e-01    6.3960416667e-01
        98   -7.4752327871e+00    5.7701246078e+01   -1.4660309449e+01    7.1850766615e+00    2.7150088705e+00   -1.7375318319e+01    3.0000000000e+03    1.9887658001e-01    6.4054166667e-01
        99   -7.3123089202e+00    5.6489750955e+01   -1.5183720918e+01    7.8714119981e+00    2.8483361694e+00   -1.8032057088e+01    3.0000000000e+03    1.9692461700e-01    6.3887500000e-01
