*******************************************************************************
*******************************************************************************
alpha_miller
*******************************************************************************
*******************************************************************************
atom type:          H
alpha  :   0.387000
cutoff :   1.540000
gaussian_exp
[1.00e-03 2.00e-03 4.00e-03 8.00e-03 1.60e-02 3.20e-02 6.40e-02 1.28e-01
 2.56e-01 5.12e-01 1.00e+00 2.00e+00 3.00e+00 4.00e+00 5.00e+00 6.00e+00
 7.00e+00 8.00e+00 9.00e+00 1.00e+01 2.00e+01 3.00e+01 4.00e+01 5.00e+01
 1.00e+02 2.50e+02]
gaussian_coeff
[-7.81038075e-04  2.05710278e-03 -2.33665796e-03  1.77980639e-03
 -1.34087710e-03  1.03282962e-03 -1.94718653e-03 -3.39650849e-07
 -1.34102003e-02 -2.02238619e-02 -2.08630591e-01  8.50270399e-01
  2.46860000e+01 -3.52666385e+02  2.31163499e+03 -8.97761887e+03
  2.17338400e+04 -3.22588945e+04  2.69257310e+04 -9.70105823e+03
  1.34865626e+03 -7.62023772e+03  2.74496817e+04 -3.51800885e+04
  5.89428755e+04 -1.69959065e+05]
*******************************************************************************
atom type:          F
alpha  :   0.296000
cutoff :   1.630000
gaussian_exp
[1.00e-03 2.00e-03 4.00e-03 8.00e-03 1.60e-02 3.20e-02 6.40e-02 1.28e-01
 2.56e-01 5.12e-01 1.00e+00 2.00e+00 3.00e+00 4.00e+00 5.00e+00 6.00e+00
 7.00e+00 8.00e+00 9.00e+00 1.00e+01 2.00e+01 3.00e+01 4.00e+01 5.00e+01
 1.00e+02 2.50e+02]
gaussian_coeff
[-5.91190886e-04  1.55713908e-03 -1.76901611e-03  1.34808222e-03
 -1.01798706e-03  7.89114433e-04 -1.50574317e-03  8.14374952e-05
 -1.06565560e-02 -1.26694788e-02 -1.96506157e-01  3.29540676e+00
 -2.24558067e+01  6.64217713e+01  1.03858637e+02 -1.61010609e+03
  5.99310867e+03 -1.13647292e+04  1.12074242e+04 -4.56956476e+03
  1.01761671e+03 -6.36640894e+03  2.36670672e+04 -3.07021794e+04
  5.20215265e+04 -1.50206611e+05]
*******************************************************************************
atom type:         Cl
alpha  :   2.315000
cutoff :   2.060000
gaussian_exp
[1.00e-03 2.00e-03 4.00e-03 8.00e-03 1.60e-02 3.20e-02 6.40e-02 1.28e-01
 2.56e-01 5.12e-01 1.00e+00 2.00e+00 3.00e+00 4.00e+00 5.00e+00 6.00e+00
 7.00e+00 8.00e+00 9.00e+00 1.00e+01 2.00e+01 3.00e+01 4.00e+01 5.00e+01
 1.00e+02 2.50e+02]
gaussian_coeff
[ 7.74871634e-03 -2.04346698e-02  2.31919847e-02 -1.78728387e-02
  1.29041871e-02 -1.27750239e-02  1.15851690e-02 -3.85375896e-02
  1.02454575e-02 -4.90417393e-01  2.48046914e+00 -2.36231924e+01
  2.35502538e+02 -1.72103193e+03  8.68886884e+03 -2.97182082e+04
  6.73197781e+04 -9.64959430e+04  7.91700633e+04 -2.83274638e+04
  4.11536841e+03 -2.38992662e+04  8.69475920e+04 -1.11881168e+05
  1.88169434e+05 -5.42833978e+05]
*******************************************************************************
atom type:         Br
alpha  :   3.013000
cutoff :   2.190000
gaussian_exp
[1.00e-03 2.00e-03 4.00e-03 8.00e-03 1.60e-02 3.20e-02 6.40e-02 1.28e-01
 2.56e-01 5.12e-01 1.00e+00 2.00e+00 3.00e+00 4.00e+00 5.00e+00 6.00e+00
 7.00e+00 8.00e+00 9.00e+00 1.00e+01 2.00e+01 3.00e+01 4.00e+01 5.00e+01
 1.00e+02 2.50e+02]
gaussian_coeff
[-3.48099581e-03  9.15797260e-03 -1.03946612e-02  7.85273495e-03
 -5.99677858e-03  3.93463820e-03 -9.87942169e-03 -9.78399050e-03
 -7.51093704e-02 -3.53831496e-01  3.07149551e+00 -4.68982407e+01
  6.39531144e+02 -5.82711902e+03  3.45678865e+04 -1.33503052e+05
  3.32088831e+05 -5.12242394e+05  4.45490933e+05 -1.67041913e+05
  2.93103516e+04 -1.76973025e+05  6.51385972e+05 -8.41895375e+05
  1.42172117e+06 -4.10341550e+06]
*******************************************************************************
atom type:          I
alpha  :   5.415000
cutoff :   2.380000
gaussian_exp
[1.00e-03 2.00e-03 4.00e-03 8.00e-03 1.60e-02 3.20e-02 6.40e-02 1.28e-01
 2.56e-01 5.12e-01 1.00e+00 2.00e+00 3.00e+00 4.00e+00 5.00e+00 6.00e+00
 7.00e+00 8.00e+00 9.00e+00 1.00e+01 2.00e+01 3.00e+01 4.00e+01 5.00e+01
 1.00e+02 2.50e+02]
gaussian_coeff
[-3.61533689e-02  9.52767262e-02 -1.08194150e-01  8.28579776e-02
 -6.13524042e-02  5.32147309e-02 -7.52616037e-02  8.09134193e-02
 -3.79058814e-01  4.10544740e-01  1.89117090e+00 -5.25896003e+01
  8.52098968e+02 -8.46167318e+03  5.28117795e+04 -2.10788146e+05
  5.36369943e+05 -8.40970033e+05  7.40319404e+05 -2.80173606e+05
  5.08234687e+04 -3.08752033e+05  1.13845935e+06 -1.47241342e+06
  2.48801953e+06 -7.18153240e+06]
*******************************************************************************
atom type:        CTE
alpha  :   1.061000
cutoff :   1.900000
gaussian_exp
[1.00e-03 2.00e-03 4.00e-03 8.00e-03 1.60e-02 3.20e-02 6.40e-02 1.28e-01
 2.56e-01 5.12e-01 1.00e+00 2.00e+00 3.00e+00 4.00e+00 5.00e+00 6.00e+00
 7.00e+00 8.00e+00 9.00e+00 1.00e+01 2.00e+01 3.00e+01 4.00e+01 5.00e+01
 1.00e+02 2.50e+02]
gaussian_coeff
[ 4.69933507e-03 -1.23872373e-02  1.40493094e-02 -1.07971659e-02
  7.79414315e-03 -7.49094320e-03  7.13667109e-03 -2.00702014e-02
  7.26690258e-03 -2.08341812e-01  4.39703172e-01  7.18492410e+00
 -1.68190672e+02  1.82612204e+03 -1.17754072e+04  4.76834467e+04
 -1.22210943e+05  1.92357373e+05 -1.69709442e+05  6.43106845e+04
 -1.16912936e+04  7.10228343e+04 -2.61873451e+05  3.38685733e+05
 -5.72287029e+05  1.65187178e+06]
*******************************************************************************
atom type:        CTR
alpha  :   1.352000
cutoff :   1.900000
gaussian_exp
[1.00e-03 2.00e-03 4.00e-03 8.00e-03 1.60e-02 3.20e-02 6.40e-02 1.28e-01
 2.56e-01 5.12e-01 1.00e+00 2.00e+00 3.00e+00 4.00e+00 5.00e+00 6.00e+00
 7.00e+00 8.00e+00 9.00e+00 1.00e+01 2.00e+01 3.00e+01 4.00e+01 5.00e+01
 1.00e+02 2.50e+02]
gaussian_coeff
[ 5.98102256e-03 -1.57660971e-02  1.78823688e-02 -1.37441598e-02
  9.92263211e-03 -9.53850916e-03  9.08710125e-03 -2.55659825e-02
  9.24576649e-03 -2.65451546e-01  5.60174047e-01  9.15790163e+00
 -2.14360164e+02  2.32738920e+03 -1.50077620e+04  6.07727826e+04
 -1.55758976e+05  2.45162011e+05 -2.16297502e+05  8.19652207e+04
 -1.49009262e+04  9.05210293e+04 -3.33766816e+05  4.31666805e+05
 -7.29399916e+05  2.10536862e+06]
*******************************************************************************
atom type:        CBR
alpha  :   1.896000
cutoff :   1.900000
gaussian_exp
[1.00e-03 2.00e-03 4.00e-03 8.00e-03 1.60e-02 3.20e-02 6.40e-02 1.28e-01
 2.56e-01 5.12e-01 1.00e+00 2.00e+00 3.00e+00 4.00e+00 5.00e+00 6.00e+00
 7.00e+00 8.00e+00 9.00e+00 1.00e+01 2.00e+01 3.00e+01 4.00e+01 5.00e+01
 1.00e+02 2.50e+02]
gaussian_coeff
[ 8.39803337e-03 -2.21367043e-02  2.51065791e-02 -1.92942931e-02
  1.39270828e-02 -1.33842807e-02  1.27498492e-02 -3.58600638e-02
  1.29777328e-02 -3.72291937e-01  7.85728036e-01  1.28388596e+01
 -3.00536923e+02  3.26300663e+03 -2.10405695e+04  8.52008127e+04
 -2.18364344e+05  3.43697848e+05 -3.03229178e+05  1.14906780e+05
 -2.08888516e+04  1.26895890e+05 -4.67886208e+05  6.05125374e+05
 -1.02249707e+06  2.95137549e+06]
*******************************************************************************
atom type:        CDI
alpha  :   1.283000
cutoff :   1.900000
gaussian_exp
[1.00e-03 2.00e-03 4.00e-03 8.00e-03 1.60e-02 3.20e-02 6.40e-02 1.28e-01
 2.56e-01 5.12e-01 1.00e+00 2.00e+00 3.00e+00 4.00e+00 5.00e+00 6.00e+00
 7.00e+00 8.00e+00 9.00e+00 1.00e+01 2.00e+01 3.00e+01 4.00e+01 5.00e+01
 1.00e+02 2.50e+02]
gaussian_coeff
[ 5.69729143e-03 -1.50165834e-02  1.70286931e-02 -1.30826782e-02
  9.43927483e-03 -9.06587185e-03  8.63398839e-03 -2.42719147e-02
  8.78931474e-03 -2.51939724e-01  5.31741714e-01  8.68712205e+00
 -2.03358066e+02  2.20792609e+03 -1.42372268e+04  5.76517472e+04
 -1.47758018e+05  2.32566210e+05 -2.05182905e+05  7.77528220e+04
 -1.41346991e+04  8.58657453e+04 -3.16601345e+05  4.09466074e+05
 -6.91886214e+05  1.99708743e+06]
*******************************************************************************
atom type:        NTE
alpha  :   0.964000
cutoff :   1.790000
gaussian_exp
[1.00e-03 2.00e-03 4.00e-03 8.00e-03 1.60e-02 3.20e-02 6.40e-02 1.28e-01
 2.56e-01 5.12e-01 1.00e+00 2.00e+00 3.00e+00 4.00e+00 5.00e+00 6.00e+00
 7.00e+00 8.00e+00 9.00e+00 1.00e+01 2.00e+01 3.00e+01 4.00e+01 5.00e+01
 1.00e+02 2.50e+02]
gaussian_coeff
[ 1.50353159e-03 -3.96456888e-03  4.49101297e-03 -3.46542781e-03
  2.43033713e-03 -2.59583145e-03  1.32300789e-03 -9.68051622e-03
 -1.33063173e-02 -1.11613820e-01 -2.48108488e-01  1.60791648e+01
 -2.54544377e+02  2.38437282e+03 -1.41776105e+04  5.45552088e+04
 -1.35068597e+05  2.07421274e+05 -1.79703468e+05  6.71662714e+04
 -1.16282400e+04  7.00151684e+04 -2.57491575e+05  3.32694760e+05
 -5.61663971e+05  1.62103516e+06]
*******************************************************************************
atom type:       NTR2
alpha  :   1.030000
cutoff :   1.790000
gaussian_exp
[1.00e-03 2.00e-03 4.00e-03 8.00e-03 1.60e-02 3.20e-02 6.40e-02 1.28e-01
 2.56e-01 5.12e-01 1.00e+00 2.00e+00 3.00e+00 4.00e+00 5.00e+00 6.00e+00
 7.00e+00 8.00e+00 9.00e+00 1.00e+01 2.00e+01 3.00e+01 4.00e+01 5.00e+01
 1.00e+02 2.50e+02]
gaussian_coeff
[ 1.60778887e-03 -4.23900512e-03  4.80079327e-03 -3.70276244e-03
  2.59469866e-03 -2.76967926e-03  1.40786134e-03 -1.03354916e-02
 -1.42282279e-02 -1.19236736e-01 -2.65143886e-01  1.71804395e+01
 -2.71974089e+02  2.54761167e+03 -1.51480889e+04  5.82891006e+04
 -1.44311983e+05  2.21614752e+05 -1.91999286e+05  7.17616721e+04
 -1.24236130e+04  7.48040646e+04 -2.75103443e+05  3.55450384e+05
 -6.00080685e+05  1.73191082e+06]
*******************************************************************************
atom type:       NPI2
alpha  :   1.090000
cutoff :   1.790000
gaussian_exp
[1.00e-03 2.00e-03 4.00e-03 8.00e-03 1.60e-02 3.20e-02 6.40e-02 1.28e-01
 2.56e-01 5.12e-01 1.00e+00 2.00e+00 3.00e+00 4.00e+00 5.00e+00 6.00e+00
 7.00e+00 8.00e+00 9.00e+00 1.00e+01 2.00e+01 3.00e+01 4.00e+01 5.00e+01
 1.00e+02 2.50e+02]
gaussian_coeff
[ 1.75359236e-03 -4.62046520e-03  5.22654683e-03 -4.02084168e-03
  2.80913975e-03 -2.97446636e-03  1.52610945e-03 -1.09741398e-02
 -1.50114884e-02 -1.26263147e-01 -2.80334707e-01  1.81774275e+01
 -2.87760959e+02  2.69547804e+03 -1.60272130e+04  6.16716043e+04
 -1.52685579e+05  2.34472437e+05 -2.03137383e+05  7.59240581e+04
 -1.31428149e+04  7.91288415e+04 -2.90999293e+05  3.75983487e+05
 -6.34736019e+05  1.83192714e+06]
*******************************************************************************
atom type:        NDI
alpha  :   0.956000
cutoff :   1.790000
gaussian_exp
[1.00e-03 2.00e-03 4.00e-03 8.00e-03 1.60e-02 3.20e-02 6.40e-02 1.28e-01
 2.56e-01 5.12e-01 1.00e+00 2.00e+00 3.00e+00 4.00e+00 5.00e+00 6.00e+00
 7.00e+00 8.00e+00 9.00e+00 1.00e+01 2.00e+01 3.00e+01 4.00e+01 5.00e+01
 1.00e+02 2.50e+02]
gaussian_coeff
[ 1.51490812e-03 -3.99285623e-03  4.51933601e-03 -3.48121350e-03
  2.43568025e-03 -2.58919721e-03  1.32159877e-03 -9.60725730e-03
 -1.31888871e-02 -1.10700031e-01 -2.45998596e-01  1.59445820e+01
 -2.52410285e+02  2.36434065e+03 -1.40582739e+04  5.40952719e+04
 -1.33928377e+05  2.05668371e+05 -1.78183460e+05  6.65977387e+04
 -1.15295476e+04  6.94207928e+04 -2.55305703e+05  3.29870548e+05
 -5.56896225e+05  1.60727489e+06]
*******************************************************************************
atom type:        OTE
alpha  :   0.637000
cutoff :   1.710000
gaussian_exp
[1.00e-03 2.00e-03 4.00e-03 8.00e-03 1.60e-02 3.20e-02 6.40e-02 1.28e-01
 2.56e-01 5.12e-01 1.00e+00 2.00e+00 3.00e+00 4.00e+00 5.00e+00 6.00e+00
 7.00e+00 8.00e+00 9.00e+00 1.00e+01 2.00e+01 3.00e+01 4.00e+01 5.00e+01
 1.00e+02 2.50e+02]
gaussian_coeff
[-5.44974417e-04  1.43453082e-03 -1.63266921e-03  1.23553136e-03
 -9.73820019e-04  6.07758445e-04 -1.93742350e-03 -1.86452255e-03
 -1.87405208e-02 -3.95201790e-02 -3.79821634e-01  1.10615428e+01
 -1.40741375e+02  1.14518135e+03 -6.17633432e+03  2.21599807e+04
 -5.21052936e+04  7.69632275e+04 -6.47136879e+04  2.36287490e+04
 -3.74620861e+03  2.21792098e+04 -8.11642829e+04  1.04673282e+05
 -1.76409889e+05  5.09036776e+05]
*******************************************************************************
atom type:       OTR4
alpha  :   0.569000
cutoff :   1.710000
gaussian_exp
[1.00e-03 2.00e-03 4.00e-03 8.00e-03 1.60e-02 3.20e-02 6.40e-02 1.28e-01
 2.56e-01 5.12e-01 1.00e+00 2.00e+00 3.00e+00 4.00e+00 5.00e+00 6.00e+00
 7.00e+00 8.00e+00 9.00e+00 1.00e+01 2.00e+01 3.00e+01 4.00e+01 5.00e+01
 1.00e+02 2.50e+02]
gaussian_coeff
[-4.82356676e-04  1.26991961e-03 -1.44590000e-03  1.09491038e-03
 -8.64584687e-04  5.39496667e-04 -1.72811099e-03 -1.66764898e-03
 -1.67376175e-02 -3.53050389e-02 -3.39265691e-01  9.88060790e+00
 -1.25715837e+02  1.02292128e+03 -5.51694122e+03  1.97941349e+04
 -4.65423810e+04  6.87463499e+04 -5.78045682e+04  2.11060224e+04
 -3.34622361e+03  1.98110698e+04 -7.24980600e+04  9.34968748e+04
 -1.57573800e+05  4.54684575e+05]
*******************************************************************************
atom type:       OPI2
alpha  :   0.274000
cutoff :   1.710000
gaussian_exp
[1.00e-03 2.00e-03 4.00e-03 8.00e-03 1.60e-02 3.20e-02 6.40e-02 1.28e-01
 2.56e-01 5.12e-01 1.00e+00 2.00e+00 3.00e+00 4.00e+00 5.00e+00 6.00e+00
 7.00e+00 8.00e+00 9.00e+00 1.00e+01 2.00e+01 3.00e+01 4.00e+01 5.00e+01
 1.00e+02 2.50e+02]
gaussian_coeff
[-2.30443733e-04  6.06820779e-04 -6.91216344e-04  5.23791907e-04
 -4.14292007e-04  2.58478868e-04 -8.31147169e-04 -8.04026582e-04
 -8.05873722e-03 -1.70032751e-02 -1.63364025e-01  4.75781831e+00
 -6.05354189e+01  4.92557113e+02 -2.65648930e+03  9.53108335e+03
 -2.24104731e+04  3.31016259e+04 -2.78329716e+04  1.01625323e+04
 -1.61117392e+03  9.53878967e+03 -3.49068727e+04  4.50174937e+04
 -7.58696149e+04  2.18924339e+05]
*******************************************************************************
atom type:        STE
alpha  :   3.000000
cutoff :   2.140000
gaussian_exp
[1.00e-03 2.00e-03 4.00e-03 8.00e-03 1.60e-02 3.20e-02 6.40e-02 1.28e-01
 2.56e-01 5.12e-01 1.00e+00 2.00e+00 3.00e+00 4.00e+00 5.00e+00 6.00e+00
 7.00e+00 8.00e+00 9.00e+00 1.00e+01 2.00e+01 3.00e+01 4.00e+01 5.00e+01
 1.00e+02 2.50e+02]
gaussian_coeff
[ 2.02449179e-03 -5.36549366e-03  6.11992194e-03 -4.85566097e-03
  3.37207468e-03 -4.58763330e-03  6.08528981e-04 -2.69254162e-02
 -3.59860080e-02 -4.86348976e-01  3.29373675e+00 -4.38563753e+01
  5.58103951e+02 -4.88328098e+03  2.82304936e+04 -1.07136869e+05
  2.63216586e+05 -4.02326362e+05  3.47503270e+05 -1.29612770e+05
  2.23063323e+04 -1.34195910e+05  4.93412135e+05 -6.37464308e+05
  1.07610150e+06 -3.10574031e+06]
*******************************************************************************
atom type:       STR4
alpha  :   3.729000
cutoff :   2.140000
gaussian_exp
[1.00e-03 2.00e-03 4.00e-03 8.00e-03 1.60e-02 3.20e-02 6.40e-02 1.28e-01
 2.56e-01 5.12e-01 1.00e+00 2.00e+00 3.00e+00 4.00e+00 5.00e+00 6.00e+00
 7.00e+00 8.00e+00 9.00e+00 1.00e+01 2.00e+01 3.00e+01 4.00e+01 5.00e+01
 1.00e+02 2.50e+02]
gaussian_coeff
[ 2.59059594e-03 -6.85427668e-03  7.79369926e-03 -6.14616616e-03
  4.23731224e-03 -5.71246436e-03  7.47632767e-04 -3.34483254e-02
 -4.47591799e-02 -6.04497708e-01  4.09416771e+00 -5.45188236e+01
  6.93844055e+02 -6.07128419e+03  3.50994509e+04 -1.33207339e+05
  3.27270322e+05 -5.00235254e+05  4.32072023e+05 -1.61155777e+05
  2.77346762e+04 -1.66851188e+05  6.13475818e+05 -7.92578677e+05
  1.33794597e+06 -3.86144916e+06]
*******************************************************************************
atom type:       SPI2
alpha  :   2.700000
cutoff :   2.140000
gaussian_exp
[1.00e-03 2.00e-03 4.00e-03 8.00e-03 1.60e-02 3.20e-02 6.40e-02 1.28e-01
 2.56e-01 5.12e-01 1.00e+00 2.00e+00 3.00e+00 4.00e+00 5.00e+00 6.00e+00
 7.00e+00 8.00e+00 9.00e+00 1.00e+01 2.00e+01 3.00e+01 4.00e+01 5.00e+01
 1.00e+02 2.50e+02]
gaussian_coeff
[ 2.02388306e-03 -5.34541752e-03  6.05920477e-03 -4.74257993e-03
  3.24922954e-03 -4.25980073e-03  6.41275925e-04 -2.43111388e-02
 -3.23120048e-02 -4.37802616e-01  2.96451447e+00 -3.94722988e+01
  5.02322036e+02 -4.39527234e+03  2.54095194e+04 -9.64313872e+04
  2.36915184e+05 -3.62124439e+05  3.12779235e+05 -1.16661256e+05
  2.00775678e+04 -1.20788270e+05  4.44115763e+05 -5.73776259e+05
  9.68590590e+05 -2.79545294e+06]
*******************************************************************************
atom type:        PTE
alpha  :   1.538000
cutoff :   2.230000
gaussian_exp
[1.00e-03 2.00e-03 4.00e-03 8.00e-03 1.60e-02 3.20e-02 6.40e-02 1.28e-01
 2.56e-01 5.12e-01 1.00e+00 2.00e+00 3.00e+00 4.00e+00 5.00e+00 6.00e+00
 7.00e+00 8.00e+00 9.00e+00 1.00e+01 2.00e+01 3.00e+01 4.00e+01 5.00e+01
 1.00e+02 2.50e+02]
gaussian_coeff
[-4.09169326e-03  1.07747680e-02 -1.22279239e-02  9.31492267e-03
 -6.95033338e-03  5.52999935e-03 -9.36548457e-03  2.18423259e-03
 -5.50154936e-02 -1.18656383e-01  1.40731983e+00 -2.36886901e+01
  3.36569627e+02 -3.13632903e+03  1.88637865e+04 -7.35211417e+04
  1.84053441e+05 -2.85216949e+05  2.48909870e+05 -9.35792802e+04
  1.65783379e+04 -1.00276467e+05  3.69280096e+05 -4.77376038e+05
  8.06296380e+05 -2.32720773e+06]
*******************************************************************************
*******************************************************************************
alpha_exp
*******************************************************************************
*******************************************************************************
atom type:          H
alpha  :   0.358000
cutoff :   1.540000
gaussian_exp
[1.00e-03 2.00e-03 4.00e-03 8.00e-03 1.60e-02 3.20e-02 6.40e-02 1.28e-01
 2.56e-01 5.12e-01 1.00e+00 2.00e+00 3.00e+00 4.00e+00 5.00e+00 6.00e+00
 7.00e+00 8.00e+00 9.00e+00 1.00e+01 2.00e+01 3.00e+01 4.00e+01 5.00e+01
 1.00e+02 2.50e+02]
gaussian_coeff
[-4.07831412e-04  1.07304130e-03 -1.21845434e-03  9.21889899e-04
 -7.09039258e-04  4.78604773e-04 -1.23418746e-03 -8.79725485e-04
 -1.06008295e-02 -2.42834177e-02 -1.61786383e-01 -5.93459242e-02
  4.01322319e+01 -5.30830238e+02  3.58884887e+03 -1.46697221e+04
  3.75132374e+04 -5.87078923e+04  5.14670345e+04 -1.93863748e+04
  3.42263786e+03 -2.06545898e+04  7.60042445e+04 -9.82224332e+04
  1.65852174e+05 -4.78681312e+05]
*******************************************************************************
atom type:          F
alpha  :   0.807000
cutoff :   1.630000
gaussian_exp
[1.00e-03 2.00e-03 4.00e-03 8.00e-03 1.60e-02 3.20e-02 6.40e-02 1.28e-01
 2.56e-01 5.12e-01 1.00e+00 2.00e+00 3.00e+00 4.00e+00 5.00e+00 6.00e+00
 7.00e+00 8.00e+00 9.00e+00 1.00e+01 2.00e+01 3.00e+01 4.00e+01 5.00e+01
 1.00e+02 2.50e+02]
gaussian_coeff
[-5.83177631e-04  1.54423429e-03 -1.78048104e-03  1.37863774e-03
 -1.14250610e-03  7.46878088e-04 -2.50345557e-03 -2.17899711e-03
 -2.42831738e-02 -4.85837527e-02 -4.63720460e-01  7.34238260e+00
 -3.27012746e+01 -1.08421832e+02  2.06225522e+03 -1.12241232e+04
  3.28617472e+04 -5.54309348e+04  5.08093319e+04 -1.96714326e+04
  3.61817164e+03 -2.16919848e+04  7.95633276e+04 -1.02676433e+05
  1.73128809e+05 -4.99593529e+05]
*******************************************************************************
atom type:         Cl
alpha  :   1.620000
cutoff :   2.060000
gaussian_exp
[1.00e-03 2.00e-03 4.00e-03 8.00e-03 1.60e-02 3.20e-02 6.40e-02 1.28e-01
 2.56e-01 5.12e-01 1.00e+00 2.00e+00 3.00e+00 4.00e+00 5.00e+00 6.00e+00
 7.00e+00 8.00e+00 9.00e+00 1.00e+01 2.00e+01 3.00e+01 4.00e+01 5.00e+01
 1.00e+02 2.50e+02]
gaussian_coeff
[ 5.42171247e-03 -1.42980168e-02  1.62274008e-02 -1.25057675e-02
  9.02934092e-03 -8.93925000e-03  8.10673422e-03 -2.69676328e-02
  7.16917199e-03 -3.43185449e-01  1.73578986e+00 -1.65310838e+01
  1.64800117e+02 -1.20434246e+03  6.08027878e+03 -2.07961110e+04
  4.71087431e+04 -6.75254234e+04  5.54011463e+04 -1.98228009e+04
  2.87981106e+03 -1.67239688e+04  6.08432199e+04 -7.82909503e+04
  1.31675082e+05 -3.79858226e+05]
*******************************************************************************
atom type:         Br
alpha  :   2.023000
cutoff :   2.190000
gaussian_exp
[1.00e-03 2.00e-03 4.00e-03 8.00e-03 1.60e-02 3.20e-02 6.40e-02 1.28e-01
 2.56e-01 5.12e-01 1.00e+00 2.00e+00 3.00e+00 4.00e+00 5.00e+00 6.00e+00
 7.00e+00 8.00e+00 9.00e+00 1.00e+01 2.00e+01 3.00e+01 4.00e+01 5.00e+01
 1.00e+02 2.50e+02]
gaussian_coeff
[-2.42473452e-03  6.37335792e-03 -7.21995579e-03  5.43644710e-03
 -4.12151016e-03  2.69988994e-03 -6.67440710e-03 -6.53410270e-03
 -5.04690538e-02 -2.37503845e-01  2.06204322e+00 -3.14843282e+01
  4.29323217e+02 -3.91168555e+03  2.32045350e+04 -8.96155397e+04
  2.22915406e+05 -3.43839872e+05  2.99030459e+05 -1.12123998e+05
  1.96733691e+04 -1.18784843e+05  4.37211065e+05 -5.65080589e+05
  9.54258954e+05 -2.75421127e+06]
*******************************************************************************
atom type:          I
alpha  :   2.655000
cutoff :   2.380000
gaussian_exp
[1.00e-03 2.00e-03 4.00e-03 8.00e-03 1.60e-02 3.20e-02 6.40e-02 1.28e-01
 2.56e-01 5.12e-01 1.00e+00 2.00e+00 3.00e+00 4.00e+00 5.00e+00 6.00e+00
 7.00e+00 8.00e+00 9.00e+00 1.00e+01 2.00e+01 3.00e+01 4.00e+01 5.00e+01
 1.00e+02 2.50e+02]
gaussian_coeff
[-1.81131383e-02  4.77337250e-02 -5.42028596e-02  4.15080000e-02
 -3.07230952e-02  2.66628202e-02 -3.75797446e-02  4.07319531e-02
 -1.88053986e-01  2.08163386e-01  8.88492222e-01 -2.47298749e+01
  3.96186909e+02 -3.89314780e+03  2.40810494e+04 -9.53947620e+04
  2.41225517e+05 -3.76250820e+05  3.29786535e+05 -1.24356899e+05
  2.22014871e+04 -1.34386408e+05  4.94970232e+05 -6.39890200e+05
  1.08082996e+06 -3.11960637e+06]
*******************************************************************************
atom type:        CTE
alpha  :   1.443000
cutoff :   1.900000
gaussian_exp
[1.00e-03 2.00e-03 4.00e-03 8.00e-03 1.60e-02 3.20e-02 6.40e-02 1.28e-01
 2.56e-01 5.12e-01 1.00e+00 2.00e+00 3.00e+00 4.00e+00 5.00e+00 6.00e+00
 7.00e+00 8.00e+00 9.00e+00 1.00e+01 2.00e+01 3.00e+01 4.00e+01 5.00e+01
 1.00e+02 2.50e+02]
gaussian_coeff
[ 6.40156351e-03 -1.68729777e-02  1.91341189e-02 -1.47008232e-02
  1.06075987e-02 -1.01899798e-02  9.70495062e-03 -2.72923851e-02
  9.87588053e-03 -2.83336658e-01  5.97958534e-01  9.77256261e+00
 -2.28756917e+02  2.48369902e+03 -1.60156180e+04  6.48536772e+04
 -1.66217424e+05  2.61622407e+05 -2.30819159e+05  8.74679193e+04
 -1.59011125e+04  9.65967749e+04 -3.56168859e+05  4.60639634e+05
 -7.78355905e+05  2.24667703e+06]
*******************************************************************************
atom type:        CTR
alpha  :   1.443000
cutoff :   1.900000
gaussian_exp
[1.00e-03 2.00e-03 4.00e-03 8.00e-03 1.60e-02 3.20e-02 6.40e-02 1.28e-01
 2.56e-01 5.12e-01 1.00e+00 2.00e+00 3.00e+00 4.00e+00 5.00e+00 6.00e+00
 7.00e+00 8.00e+00 9.00e+00 1.00e+01 2.00e+01 3.00e+01 4.00e+01 5.00e+01
 1.00e+02 2.50e+02]
gaussian_coeff
[ 6.40156351e-03 -1.68729777e-02  1.91341189e-02 -1.47008232e-02
  1.06075987e-02 -1.01899798e-02  9.70495062e-03 -2.72923851e-02
  9.87588053e-03 -2.83336658e-01  5.97958534e-01  9.77256261e+00
 -2.28756917e+02  2.48369902e+03 -1.60156180e+04  6.48536772e+04
 -1.66217424e+05  2.61622407e+05 -2.30819159e+05  8.74679193e+04
 -1.59011125e+04  9.65967749e+04 -3.56168859e+05  4.60639634e+05
 -7.78355905e+05  2.24667703e+06]
*******************************************************************************
atom type:        CBR
alpha  :   1.443000
cutoff :   1.900000
gaussian_exp
[1.00e-03 2.00e-03 4.00e-03 8.00e-03 1.60e-02 3.20e-02 6.40e-02 1.28e-01
 2.56e-01 5.12e-01 1.00e+00 2.00e+00 3.00e+00 4.00e+00 5.00e+00 6.00e+00
 7.00e+00 8.00e+00 9.00e+00 1.00e+01 2.00e+01 3.00e+01 4.00e+01 5.00e+01
 1.00e+02 2.50e+02]
gaussian_coeff
[ 6.40156351e-03 -1.68729777e-02  1.91341189e-02 -1.47008232e-02
  1.06075987e-02 -1.01899798e-02  9.70495062e-03 -2.72923851e-02
  9.87588053e-03 -2.83336658e-01  5.97958534e-01  9.77256261e+00
 -2.28756917e+02  2.48369902e+03 -1.60156180e+04  6.48536772e+04
 -1.66217424e+05  2.61622407e+05 -2.30819159e+05  8.74679193e+04
 -1.59011125e+04  9.65967749e+04 -3.56168859e+05  4.60639634e+05
 -7.78355905e+05  2.24667703e+06]
*******************************************************************************
atom type:        CDI
alpha  :   1.443000
cutoff :   1.900000
gaussian_exp
[1.00e-03 2.00e-03 4.00e-03 8.00e-03 1.60e-02 3.20e-02 6.40e-02 1.28e-01
 2.56e-01 5.12e-01 1.00e+00 2.00e+00 3.00e+00 4.00e+00 5.00e+00 6.00e+00
 7.00e+00 8.00e+00 9.00e+00 1.00e+01 2.00e+01 3.00e+01 4.00e+01 5.00e+01
 1.00e+02 2.50e+02]
gaussian_coeff
[ 6.40156351e-03 -1.68729777e-02  1.91341189e-02 -1.47008232e-02
  1.06075987e-02 -1.01899798e-02  9.70495062e-03 -2.72923851e-02
  9.87588053e-03 -2.83336658e-01  5.97958534e-01  9.77256261e+00
 -2.28756917e+02  2.48369902e+03 -1.60156180e+04  6.48536772e+04
 -1.66217424e+05  2.61622407e+05 -2.30819159e+05  8.74679193e+04
 -1.59011125e+04  9.65967749e+04 -3.56168859e+05  4.60639634e+05
 -7.78355905e+05  2.24667703e+06]
*******************************************************************************
atom type:        NTE
alpha  :   0.997000
cutoff :   1.790000
gaussian_exp
[1.00e-03 2.00e-03 4.00e-03 8.00e-03 1.60e-02 3.20e-02 6.40e-02 1.28e-01
 2.56e-01 5.12e-01 1.00e+00 2.00e+00 3.00e+00 4.00e+00 5.00e+00 6.00e+00
 7.00e+00 8.00e+00 9.00e+00 1.00e+01 2.00e+01 3.00e+01 4.00e+01 5.00e+01
 1.00e+02 2.50e+02]
gaussian_coeff
[ 1.52071473e-03 -4.01192027e-03  4.54900503e-03 -3.51733376e-03
  2.47285241e-03 -2.65753952e-03  1.34650894e-03 -9.99060060e-03
 -1.37882157e-02 -1.15386555e-01 -2.56761546e-01  1.66321089e+01
 -2.63295793e+02  2.46635769e+03 -1.46651446e+04  5.64313404e+04
 -1.39713663e+05  2.14554584e+05 -1.85883467e+05  6.94760708e+04
 -1.20280806e+04  7.24227424e+04 -2.66346053e+05  3.44135454e+05
 -5.80978761e+05  1.67678027e+06]
*******************************************************************************
atom type:       NTR2
alpha  :   0.997000
cutoff :   1.790000
gaussian_exp
[1.00e-03 2.00e-03 4.00e-03 8.00e-03 1.60e-02 3.20e-02 6.40e-02 1.28e-01
 2.56e-01 5.12e-01 1.00e+00 2.00e+00 3.00e+00 4.00e+00 5.00e+00 6.00e+00
 7.00e+00 8.00e+00 9.00e+00 1.00e+01 2.00e+01 3.00e+01 4.00e+01 5.00e+01
 1.00e+02 2.50e+02]
gaussian_coeff
[ 1.52071473e-03 -4.01192027e-03  4.54900503e-03 -3.51733376e-03
  2.47285241e-03 -2.65753952e-03  1.34650894e-03 -9.99060060e-03
 -1.37882157e-02 -1.15386555e-01 -2.56761546e-01  1.66321089e+01
 -2.63295793e+02  2.46635769e+03 -1.46651446e+04  5.64313404e+04
 -1.39713663e+05  2.14554584e+05 -1.85883467e+05  6.94760708e+04
 -1.20280806e+04  7.24227424e+04 -2.66346053e+05  3.44135454e+05
 -5.80978761e+05  1.67678027e+06]
*******************************************************************************
atom type:       NPI2
alpha  :   0.997000
cutoff :   1.790000
gaussian_exp
[1.00e-03 2.00e-03 4.00e-03 8.00e-03 1.60e-02 3.20e-02 6.40e-02 1.28e-01
 2.56e-01 5.12e-01 1.00e+00 2.00e+00 3.00e+00 4.00e+00 5.00e+00 6.00e+00
 7.00e+00 8.00e+00 9.00e+00 1.00e+01 2.00e+01 3.00e+01 4.00e+01 5.00e+01
 1.00e+02 2.50e+02]
gaussian_coeff
[ 1.52071473e-03 -4.01192027e-03  4.54900503e-03 -3.51733376e-03
  2.47285241e-03 -2.65753952e-03  1.34650894e-03 -9.99060060e-03
 -1.37882157e-02 -1.15386555e-01 -2.56761546e-01  1.66321089e+01
 -2.63295793e+02  2.46635769e+03 -1.46651446e+04  5.64313404e+04
 -1.39713663e+05  2.14554584e+05 -1.85883467e+05  6.94760708e+04
 -1.20280806e+04  7.24227424e+04 -2.66346053e+05  3.44135454e+05
 -5.80978761e+05  1.67678027e+06]
*******************************************************************************
atom type:        NDI
alpha  :   0.997000
cutoff :   1.790000
gaussian_exp
[1.00e-03 2.00e-03 4.00e-03 8.00e-03 1.60e-02 3.20e-02 6.40e-02 1.28e-01
 2.56e-01 5.12e-01 1.00e+00 2.00e+00 3.00e+00 4.00e+00 5.00e+00 6.00e+00
 7.00e+00 8.00e+00 9.00e+00 1.00e+01 2.00e+01 3.00e+01 4.00e+01 5.00e+01
 1.00e+02 2.50e+02]
gaussian_coeff
[ 1.52071473e-03 -4.01192027e-03  4.54900503e-03 -3.51733376e-03
  2.47285241e-03 -2.65753952e-03  1.34650894e-03 -9.99060060e-03
 -1.37882157e-02 -1.15386555e-01 -2.56761546e-01  1.66321089e+01
 -2.63295793e+02  2.46635769e+03 -1.46651446e+04  5.64313404e+04
 -1.39713663e+05  2.14554584e+05 -1.85883467e+05  6.94760708e+04
 -1.20280806e+04  7.24227424e+04 -2.66346053e+05  3.44135454e+05
 -5.80978761e+05  1.67678027e+06]
*******************************************************************************
atom type:        OTE
alpha  :   0.922000
cutoff :   1.710000
gaussian_exp
[1.00e-03 2.00e-03 4.00e-03 8.00e-03 1.60e-02 3.20e-02 6.40e-02 1.28e-01
 2.56e-01 5.12e-01 1.00e+00 2.00e+00 3.00e+00 4.00e+00 5.00e+00 6.00e+00
 7.00e+00 8.00e+00 9.00e+00 1.00e+01 2.00e+01 3.00e+01 4.00e+01 5.00e+01
 1.00e+02 2.50e+02]
gaussian_coeff
[-7.83633914e-04  2.06298575e-03 -2.34855884e-03  1.77806507e-03
 -1.40325474e-03  8.75630951e-04 -2.80129662e-03 -2.70116421e-03
 -2.71228343e-02 -5.72050967e-02 -5.49749959e-01  1.60105063e+01
 -2.03709580e+02  1.65754055e+03 -8.93965942e+03  3.20744989e+04
 -7.54175981e+04  1.11397252e+05 -9.36672370e+04  3.42005145e+04
 -5.42233935e+03  3.21027471e+04 -1.17479387e+05  1.51507043e+05
 -2.55340776e+05  7.36794614e+05]
*******************************************************************************
atom type:       OTR4
alpha  :   0.922000
cutoff :   1.710000
gaussian_exp
[1.00e-03 2.00e-03 4.00e-03 8.00e-03 1.60e-02 3.20e-02 6.40e-02 1.28e-01
 2.56e-01 5.12e-01 1.00e+00 2.00e+00 3.00e+00 4.00e+00 5.00e+00 6.00e+00
 7.00e+00 8.00e+00 9.00e+00 1.00e+01 2.00e+01 3.00e+01 4.00e+01 5.00e+01
 1.00e+02 2.50e+02]
gaussian_coeff
[-7.83633914e-04  2.06298575e-03 -2.34855884e-03  1.77806507e-03
 -1.40325474e-03  8.75630951e-04 -2.80129662e-03 -2.70116421e-03
 -2.71228343e-02 -5.72050967e-02 -5.49749959e-01  1.60105063e+01
 -2.03709580e+02  1.65754055e+03 -8.93965942e+03  3.20744989e+04
 -7.54175981e+04  1.11397252e+05 -9.36672370e+04  3.42005145e+04
 -5.42233935e+03  3.21027471e+04 -1.17479387e+05  1.51507043e+05
 -2.55340776e+05  7.36794614e+05]
*******************************************************************************
atom type:       OPI2
alpha  :   0.922000
cutoff :   1.710000
gaussian_exp
[1.00e-03 2.00e-03 4.00e-03 8.00e-03 1.60e-02 3.20e-02 6.40e-02 1.28e-01
 2.56e-01 5.12e-01 1.00e+00 2.00e+00 3.00e+00 4.00e+00 5.00e+00 6.00e+00
 7.00e+00 8.00e+00 9.00e+00 1.00e+01 2.00e+01 3.00e+01 4.00e+01 5.00e+01
 1.00e+02 2.50e+02]
gaussian_coeff
[-7.83633914e-04  2.06298575e-03 -2.34855884e-03  1.77806507e-03
 -1.40325474e-03  8.75630951e-04 -2.80129662e-03 -2.70116421e-03
 -2.71228343e-02 -5.72050967e-02 -5.49749959e-01  1.60105063e+01
 -2.03709580e+02  1.65754055e+03 -8.93965942e+03  3.20744989e+04
 -7.54175981e+04  1.11397252e+05 -9.36672370e+04  3.42005145e+04
 -5.42233935e+03  3.21027471e+04 -1.17479387e+05  1.51507043e+05
 -2.55340776e+05  7.36794614e+05]
*******************************************************************************
atom type:        STE
alpha  :   1.813000
cutoff :   2.140000
gaussian_exp
[1.00e-03 2.00e-03 4.00e-03 8.00e-03 1.60e-02 3.20e-02 6.40e-02 1.28e-01
 2.56e-01 5.12e-01 1.00e+00 2.00e+00 3.00e+00 4.00e+00 5.00e+00 6.00e+00
 7.00e+00 8.00e+00 9.00e+00 1.00e+01 2.00e+01 3.00e+01 4.00e+01 5.00e+01
 1.00e+02 2.50e+02]
gaussian_coeff
[ 1.27665802e-03 -3.37887099e-03  3.84458103e-03 -3.03430411e-03
  2.09718914e-03 -2.81131332e-03  3.98562537e-04 -1.63005772e-02
 -2.17174204e-02 -2.93955167e-01  1.99058801e+00 -2.65045952e+01
  3.37290266e+02 -2.95120161e+03  1.70609205e+04 -6.47469137e+04
  1.59070407e+05 -2.43136831e+05  2.10003926e+05 -7.83272144e+04
  1.34791962e+04 -8.10890061e+04  2.98145130e+05 -3.85187223e+05
  6.50230764e+05 -1.87663243e+06]
*******************************************************************************
atom type:       STR4
alpha  :   1.813000
cutoff :   2.140000
gaussian_exp
[1.00e-03 2.00e-03 4.00e-03 8.00e-03 1.60e-02 3.20e-02 6.40e-02 1.28e-01
 2.56e-01 5.12e-01 1.00e+00 2.00e+00 3.00e+00 4.00e+00 5.00e+00 6.00e+00
 7.00e+00 8.00e+00 9.00e+00 1.00e+01 2.00e+01 3.00e+01 4.00e+01 5.00e+01
 1.00e+02 2.50e+02]
gaussian_coeff
[ 1.27665802e-03 -3.37887099e-03  3.84458103e-03 -3.03430411e-03
  2.09718914e-03 -2.81131332e-03  3.98562537e-04 -1.63005772e-02
 -2.17174204e-02 -2.93955167e-01  1.99058801e+00 -2.65045952e+01
  3.37290266e+02 -2.95120161e+03  1.70609205e+04 -6.47469137e+04
  1.59070407e+05 -2.43136831e+05  2.10003926e+05 -7.83272144e+04
  1.34791962e+04 -8.10890061e+04  2.98145130e+05 -3.85187223e+05
  6.50230764e+05 -1.87663243e+06]
*******************************************************************************
atom type:       SPI2
alpha  :   1.813000
cutoff :   2.140000
gaussian_exp
[1.00e-03 2.00e-03 4.00e-03 8.00e-03 1.60e-02 3.20e-02 6.40e-02 1.28e-01
 2.56e-01 5.12e-01 1.00e+00 2.00e+00 3.00e+00 4.00e+00 5.00e+00 6.00e+00
 7.00e+00 8.00e+00 9.00e+00 1.00e+01 2.00e+01 3.00e+01 4.00e+01 5.00e+01
 1.00e+02 2.50e+02]
gaussian_coeff
[ 1.27665802e-03 -3.37887099e-03  3.84458103e-03 -3.03430411e-03
  2.09718914e-03 -2.81131332e-03  3.98562537e-04 -1.63005772e-02
 -2.17174204e-02 -2.93955167e-01  1.99058801e+00 -2.65045952e+01
  3.37290266e+02 -2.95120161e+03  1.70609205e+04 -6.47469137e+04
  1.59070407e+05 -2.43136831e+05  2.10003926e+05 -7.83272144e+04
  1.34791962e+04 -8.10890061e+04  2.98145130e+05 -3.85187223e+05
  6.50230764e+05 -1.87663243e+06]
*******************************************************************************
atom type:        PTE
alpha  :   1.813000
cutoff :   2.230000
gaussian_exp
[1.00e-03 2.00e-03 4.00e-03 8.00e-03 1.60e-02 3.20e-02 6.40e-02 1.28e-01
 2.56e-01 5.12e-01 1.00e+00 2.00e+00 3.00e+00 4.00e+00 5.00e+00 6.00e+00
 7.00e+00 8.00e+00 9.00e+00 1.00e+01 2.00e+01 3.00e+01 4.00e+01 5.00e+01
 1.00e+02 2.50e+02]
gaussian_coeff
[-6.40494244e-03  1.68668660e-02 -1.91349802e-02  1.45885183e-02
 -1.08184768e-02  8.85718397e-03 -1.38142050e-02  6.88545632e-03
 -7.36892600e-02 -1.12978139e-01  1.51425650e+00 -2.43051631e+01
  3.27706043e+02 -2.92693202e+03  1.70397707e+04 -6.47909788e+04
  1.59190804e+05 -2.43201730e+05  2.09941155e+05 -7.82667241e+04
  1.34637319e+04 -8.10488910e+04  2.98082383e+05 -3.85152982e+05
  6.50250819e+05 -1.87671872e+06]
*******************************************************************************
*******************************************************************************
alpha_m1
*******************************************************************************
*******************************************************************************
atom type:          H
alpha  :   0.202000
cutoff :   1.540000
gaussian_exp
[1.00e-03 2.00e-03 4.00e-03 8.00e-03 1.60e-02 3.20e-02 6.40e-02 1.28e-01
 2.56e-01 5.12e-01 1.00e+00 2.00e+00 3.00e+00 4.00e+00 5.00e+00 6.00e+00
 7.00e+00 8.00e+00 9.00e+00 1.00e+01 2.00e+01 3.00e+01 4.00e+01 5.00e+01
 1.00e+02 2.50e+02]
gaussian_coeff
[-2.29576986e-04  6.04108151e-04 -6.86126361e-04  5.19289194e-04
 -3.99517803e-04  2.69425346e-04 -6.95181172e-04 -4.99079418e-04
 -5.97471741e-03 -1.37242160e-02 -9.11649553e-02 -3.64630031e-02
  2.26997954e+01 -3.00125217e+02  2.02903804e+03 -8.29423641e+03
  2.12111584e+04 -3.31971415e+04  2.91041499e+04 -1.09632897e+04
  1.93592118e+03 -1.16831875e+04  4.29920394e+04 -5.55600910e+04
  9.38156554e+04 -2.70770190e+05]
*******************************************************************************
atom type:          F
alpha  :   0.872000
cutoff :   1.630000
gaussian_exp
[1.00e-03 2.00e-03 4.00e-03 8.00e-03 1.60e-02 3.20e-02 6.40e-02 1.28e-01
 2.56e-01 5.12e-01 1.00e+00 2.00e+00 3.00e+00 4.00e+00 5.00e+00 6.00e+00
 7.00e+00 8.00e+00 9.00e+00 1.00e+01 2.00e+01 3.00e+01 4.00e+01 5.00e+01
 1.00e+02 2.50e+02]
gaussian_coeff
[ 5.04572913e-04 -1.28548289e-03  1.34622801e-03 -8.97901987e-04
  3.73497495e-04 -4.90264616e-04 -1.30588713e-03 -4.34428239e-03
 -2.25921073e-02 -6.16132791e-02 -4.68408446e-01  7.73414261e+00
 -3.95726367e+01 -7.70597343e+00  1.19797347e+03 -6.93610181e+03
  2.02301182e+04 -3.35540030e+04  3.01874825e+04 -1.14880697e+04
  1.97034433e+03 -1.17126205e+04  4.28988854e+04 -5.53415525e+04
  9.32958106e+04 -2.69217673e+05]
*******************************************************************************
atom type:         Cl
alpha  :   2.198000
cutoff :   2.060000
gaussian_exp
[1.00e-03 2.00e-03 4.00e-03 8.00e-03 1.60e-02 3.20e-02 6.40e-02 1.28e-01
 2.56e-01 5.12e-01 1.00e+00 2.00e+00 3.00e+00 4.00e+00 5.00e+00 6.00e+00
 7.00e+00 8.00e+00 9.00e+00 1.00e+01 2.00e+01 3.00e+01 4.00e+01 5.00e+01
 1.00e+02 2.50e+02]
gaussian_coeff
[ 7.35671108e-03 -1.94009112e-02  2.20187938e-02 -1.69688077e-02
  1.22515645e-02 -1.21290760e-02  1.09994043e-02 -3.65896348e-02
  9.72729596e-03 -4.65631059e-01  2.35510427e+00 -2.24292487e+01
  2.23599855e+02 -1.63404746e+03  8.24971266e+03 -2.82161705e+04
  6.39172404e+04 -9.16187379e+04  7.51685490e+04 -2.68956971e+04
  3.90736114e+03 -2.26912979e+04  8.25528956e+04 -1.06226222e+05
  1.78658555e+05 -5.15396853e+05]
*******************************************************************************
atom type:         Br
alpha  :   3.023000
cutoff :   2.190000
gaussian_exp
[1.00e-03 2.00e-03 4.00e-03 8.00e-03 1.60e-02 3.20e-02 6.40e-02 1.28e-01
 2.56e-01 5.12e-01 1.00e+00 2.00e+00 3.00e+00 4.00e+00 5.00e+00 6.00e+00
 7.00e+00 8.00e+00 9.00e+00 1.00e+01 2.00e+01 3.00e+01 4.00e+01 5.00e+01
 1.00e+02 2.50e+02]
gaussian_coeff
[-3.49834997e-03  9.20218412e-03 -1.04416417e-02  7.88413870e-03
 -6.01652009e-03  3.94467438e-03 -9.90758764e-03 -9.82250859e-03
 -7.53503274e-02 -3.55020372e-01  3.08172964e+00 -4.70543250e+01
  6.41658342e+02 -5.84649169e+03  3.46827664e+04 -1.33946597e+05
  3.33191908e+05 -5.13943591e+05  4.46970254e+05 -1.67596545e+05
  2.94076319e+04 -1.77560295e+05  6.53547336e+05 -8.44688739e+05
  1.42643814e+06 -4.11702968e+06]
*******************************************************************************
atom type:          I
alpha  :   4.725000
cutoff :   2.380000
gaussian_exp
[1.00e-03 2.00e-03 4.00e-03 8.00e-03 1.60e-02 3.20e-02 6.40e-02 1.28e-01
 2.56e-01 5.12e-01 1.00e+00 2.00e+00 3.00e+00 4.00e+00 5.00e+00 6.00e+00
 7.00e+00 8.00e+00 9.00e+00 1.00e+01 2.00e+01 3.00e+01 4.00e+01 5.00e+01
 1.00e+02 2.50e+02]
gaussian_coeff
[-3.16103625e-02  8.33008729e-02 -9.45865296e-02  7.24249275e-02
 -5.36107567e-02  4.64839130e-02 -6.57101514e-02  7.06387057e-02
 -3.30797833e-01  3.58294738e-01  1.65002099e+00 -4.58865349e+01
  7.43500503e+02 -7.38331145e+03  4.60817030e+04 -1.83927245e+05
  4.68021746e+05 -7.33809777e+05  6.45986160e+05 -2.44473730e+05
  4.43478823e+04 -2.69413342e+05  9.93406496e+05 -1.28481118e+06
  2.17101784e+06 -6.26652446e+06]
*******************************************************************************
atom type:        CTE
alpha  :   1.441000
cutoff :   1.900000
gaussian_exp
[1.00e-03 2.00e-03 4.00e-03 8.00e-03 1.60e-02 3.20e-02 6.40e-02 1.28e-01
 2.56e-01 5.12e-01 1.00e+00 2.00e+00 3.00e+00 4.00e+00 5.00e+00 6.00e+00
 7.00e+00 8.00e+00 9.00e+00 1.00e+01 2.00e+01 3.00e+01 4.00e+01 5.00e+01
 1.00e+02 2.50e+02]
gaussian_coeff
[ 6.38337770e-03 -1.68261574e-02  1.90834952e-02 -1.46655060e-02
  1.05859081e-02 -1.01733139e-02  9.69138034e-03 -2.72561584e-02
  9.86604019e-03 -2.82954295e-01  5.97176503e-01  9.75800872e+00
 -2.28421495e+02  2.48005428e+03 -1.59920525e+04  6.47579866e+04
 -1.65971563e+05  2.61234601e+05 -2.30476394e+05  8.73378318e+04
 -1.58773001e+04  9.64518887e+04 -3.55634384e+05  4.59948265e+05
 -7.77187485e+05  2.24330439e+06]
*******************************************************************************
atom type:        CTR
alpha  :   1.484000
cutoff :   1.900000
gaussian_exp
[1.00e-03 2.00e-03 4.00e-03 8.00e-03 1.60e-02 3.20e-02 6.40e-02 1.28e-01
 2.56e-01 5.12e-01 1.00e+00 2.00e+00 3.00e+00 4.00e+00 5.00e+00 6.00e+00
 7.00e+00 8.00e+00 9.00e+00 1.00e+01 2.00e+01 3.00e+01 4.00e+01 5.00e+01
 1.00e+02 2.50e+02]
gaussian_coeff
[ 6.55519214e-03 -1.72800591e-02  1.96005633e-02 -1.50664400e-02
  1.08793164e-02 -1.04618628e-02  9.96850821e-03 -2.80575732e-02
  1.01453019e-02 -2.91369090e-01  6.14895784e-01  1.00509348e+01
 -2.35266014e+02  2.55435092e+03 -1.64711358e+04  6.66980752e+04
 -1.70944216e+05  2.69061879e+05 -2.37382445e+05  8.99549692e+04
 -1.63531948e+04  9.93430996e+04 -3.66295081e+05  4.73736103e+05
 -8.00485468e+05  2.31055270e+06]
*******************************************************************************
atom type:        CBR
alpha  :   1.543000
cutoff :   1.900000
gaussian_exp
[1.00e-03 2.00e-03 4.00e-03 8.00e-03 1.60e-02 3.20e-02 6.40e-02 1.28e-01
 2.56e-01 5.12e-01 1.00e+00 2.00e+00 3.00e+00 4.00e+00 5.00e+00 6.00e+00
 7.00e+00 8.00e+00 9.00e+00 1.00e+01 2.00e+01 3.00e+01 4.00e+01 5.00e+01
 1.00e+02 2.50e+02]
gaussian_coeff
[ 6.81813653e-03 -1.79733743e-02  2.03873566e-02 -1.56716912e-02
  1.13168581e-02 -1.08825243e-02  1.03702797e-02 -2.91805096e-02
  1.05607572e-02 -3.02980061e-01  6.39445916e-01  1.04486209e+01
 -2.44587380e+02  2.65556693e+03 -1.71237695e+04  6.93406266e+04
 -1.77716404e+05  2.79720354e+05 -2.46785399e+05  9.35179857e+04
 -1.70007746e+04  1.03276826e+05 -3.80799133e+05  4.92494314e+05
 -8.32181517e+05  2.40204134e+06]
*******************************************************************************
atom type:        CDI
alpha  :   1.397000
cutoff :   1.900000
gaussian_exp
[1.00e-03 2.00e-03 4.00e-03 8.00e-03 1.60e-02 3.20e-02 6.40e-02 1.28e-01
 2.56e-01 5.12e-01 1.00e+00 2.00e+00 3.00e+00 4.00e+00 5.00e+00 6.00e+00
 7.00e+00 8.00e+00 9.00e+00 1.00e+01 2.00e+01 3.00e+01 4.00e+01 5.00e+01
 1.00e+02 2.50e+02]
gaussian_coeff
[ 6.19201634e-03 -1.63212912e-02  1.85098767e-02 -1.42231468e-02
  1.02648215e-02 -9.86262856e-03  9.39349826e-03 -2.64192359e-02
  9.55423001e-03 -2.74283680e-01  5.78792603e-01  9.46335133e+00
 -2.21505562e+02  2.40495754e+03 -1.55078988e+04  6.27978910e+04
 -1.60948946e+05  2.53330527e+05 -2.23504005e+05  8.46960191e+04
 -1.53973335e+04  9.35366371e+04 -3.44885920e+05  4.46047371e+05
 -7.53699219e+05  2.17550710e+06]
*******************************************************************************
atom type:        NTE
alpha  :   1.250000
cutoff :   1.790000
gaussian_exp
[1.00e-03 2.00e-03 4.00e-03 8.00e-03 1.60e-02 3.20e-02 6.40e-02 1.28e-01
 2.56e-01 5.12e-01 1.00e+00 2.00e+00 3.00e+00 4.00e+00 5.00e+00 6.00e+00
 7.00e+00 8.00e+00 9.00e+00 1.00e+01 2.00e+01 3.00e+01 4.00e+01 5.00e+01
 1.00e+02 2.50e+02]
gaussian_coeff
[ 2.01077707e-03 -5.29773792e-03  5.99178087e-03 -4.60818810e-03
  3.21763253e-03 -3.40567359e-03  1.74211482e-03 -1.25724317e-02
 -1.72376800e-02 -1.44741026e-01 -3.21722097e-01  2.08500798e+01
 -3.30070328e+02  3.09181884e+03 -1.83839675e+04  7.07406198e+04
 -1.75139394e+05  2.68955241e+05 -2.33013381e+05  8.70910896e+04
 -1.50775190e+04  9.07838070e+04 -3.33871884e+05  4.31383076e+05
 -7.28272775e+05  2.10189005e+06]
*******************************************************************************
atom type:       NTR2
alpha  :   1.191000
cutoff :   1.790000
gaussian_exp
[1.00e-03 2.00e-03 4.00e-03 8.00e-03 1.60e-02 3.20e-02 6.40e-02 1.28e-01
 2.56e-01 5.12e-01 1.00e+00 2.00e+00 3.00e+00 4.00e+00 5.00e+00 6.00e+00
 7.00e+00 8.00e+00 9.00e+00 1.00e+01 2.00e+01 3.00e+01 4.00e+01 5.00e+01
 1.00e+02 2.50e+02]
gaussian_coeff
[ 1.84597563e-03 -4.86858039e-03  5.51734981e-03 -4.26100736e-03
  2.99182420e-03 -3.20181034e-03  1.63225661e-03 -1.19594806e-02
 -1.64392190e-02 -1.37897158e-01 -3.06535076e-01  1.98655622e+01
 -3.14484998e+02  2.94583947e+03 -1.75160631e+04  6.74013390e+04
 -1.66872904e+05  2.56261918e+05 -2.22017237e+05  8.29814470e+04
 -1.43661630e+04  8.65004081e+04 -3.18118463e+05  4.11028344e+05
 -6.93908737e+05  2.00271072e+06]
*******************************************************************************
atom type:       NPI2
alpha  :   1.331000
cutoff :   1.790000
gaussian_exp
[1.00e-03 2.00e-03 4.00e-03 8.00e-03 1.60e-02 3.20e-02 6.40e-02 1.28e-01
 2.56e-01 5.12e-01 1.00e+00 2.00e+00 3.00e+00 4.00e+00 5.00e+00 6.00e+00
 7.00e+00 8.00e+00 9.00e+00 1.00e+01 2.00e+01 3.00e+01 4.00e+01 5.00e+01
 1.00e+02 2.50e+02]
gaussian_coeff
[ 2.06519170e-03 -5.44752398e-03  6.17516922e-03 -4.77124962e-03
  3.35235492e-03 -3.58658989e-03  1.83168399e-03 -1.33707857e-02
 -1.83707806e-02 -1.54094965e-01 -3.42630581e-01  2.22017063e+01
 -3.51469100e+02  3.29232105e+03 -1.95765419e+04  7.53309825e+04
 -1.86507189e+05  2.86416213e+05 -2.48143729e+05  9.27470634e+04
 -1.60572697e+04  9.66833971e+04 -3.55568646e+05  4.59416575e+05
 -7.75599480e+05  2.23848097e+06]
*******************************************************************************
atom type:        NDI
alpha  :   1.031000
cutoff :   1.790000
gaussian_exp
[1.00e-03 2.00e-03 4.00e-03 8.00e-03 1.60e-02 3.20e-02 6.40e-02 1.28e-01
 2.56e-01 5.12e-01 1.00e+00 2.00e+00 3.00e+00 4.00e+00 5.00e+00 6.00e+00
 7.00e+00 8.00e+00 9.00e+00 1.00e+01 2.00e+01 3.00e+01 4.00e+01 5.00e+01
 1.00e+02 2.50e+02]
gaussian_coeff
[ 1.64872335e-03 -4.34463221e-03  4.91550291e-03 -3.78308411e-03
  2.64397800e-03 -2.80349939e-03  1.43399298e-03 -1.03691174e-02
 -1.42145037e-02 -1.19397734e-01 -2.65269789e-01  1.71953213e+01
 -2.72212848e+02  2.54984960e+03 -1.51613800e+04  5.83401715e+04
 -1.44438250e+05  2.21808405e+05 -1.92166859e+05  7.18242338e+04
 -1.24343683e+04  7.48686691e+04 -2.75340834e+05  3.55756999e+05
 -6.00598142e+05  1.73340420e+06]
*******************************************************************************
atom type:        OTE
alpha  :   1.249000
cutoff :   1.710000
gaussian_exp
[1.00e-03 2.00e-03 4.00e-03 8.00e-03 1.60e-02 3.20e-02 6.40e-02 1.28e-01
 2.56e-01 5.12e-01 1.00e+00 2.00e+00 3.00e+00 4.00e+00 5.00e+00 6.00e+00
 7.00e+00 8.00e+00 9.00e+00 1.00e+01 2.00e+01 3.00e+01 4.00e+01 5.00e+01
 1.00e+02 2.50e+02]
gaussian_coeff
[-1.04788987e-03  2.75944567e-03 -3.14344193e-03  2.38232694e-03
 -1.88517035e-03  1.17608775e-03 -3.78721601e-03 -3.66607495e-03
 -3.67343645e-02 -7.75070710e-02 -7.44685853e-01  2.16882939e+01
 -2.75950401e+02  2.24534314e+03 -1.21098529e+04  4.34487643e+04
 -1.02162172e+05  1.50900920e+05 -1.26883507e+05  4.63287066e+04
 -7.34521040e+03  4.34869794e+04 -1.59139660e+05  2.05234058e+05
 -3.45888903e+05  9.98074309e+05]
*******************************************************************************
atom type:       OTR4
alpha  :   1.158000
cutoff :   1.710000
gaussian_exp
[1.00e-03 2.00e-03 4.00e-03 8.00e-03 1.60e-02 3.20e-02 6.40e-02 1.28e-01
 2.56e-01 5.12e-01 1.00e+00 2.00e+00 3.00e+00 4.00e+00 5.00e+00 6.00e+00
 7.00e+00 8.00e+00 9.00e+00 1.00e+01 2.00e+01 3.00e+01 4.00e+01 5.00e+01
 1.00e+02 2.50e+02]
gaussian_coeff
[-9.78558357e-04  2.57641883e-03 -2.93379539e-03  2.22201496e-03
 -1.75555659e-03  1.09510446e-03 -3.51450446e-03 -3.39645910e-03
 -3.40602866e-02 -7.18572275e-02 -6.90433509e-01  2.01080769e+01
 -2.55843175e+02  2.08172246e+03 -1.12273226e+04  4.02821030e+04
 -9.47158012e+04  1.39901414e+05 -1.17634188e+05  4.29513660e+04
 -6.80963096e+03  4.03159426e+04 -1.47535142e+05  1.90268235e+05
 -3.20666293e+05  9.25293559e+05]
*******************************************************************************
atom type:       OPI2
alpha  :   1.175000
cutoff :   1.710000
gaussian_exp
[1.00e-03 2.00e-03 4.00e-03 8.00e-03 1.60e-02 3.20e-02 6.40e-02 1.28e-01
 2.56e-01 5.12e-01 1.00e+00 2.00e+00 3.00e+00 4.00e+00 5.00e+00 6.00e+00
 7.00e+00 8.00e+00 9.00e+00 1.00e+01 2.00e+01 3.00e+01 4.00e+01 5.00e+01
 1.00e+02 2.50e+02]
gaussian_coeff
[-9.98226599e-04  2.62800089e-03 -2.99197749e-03  2.26544231e-03
 -1.78819222e-03  1.11597066e-03 -3.57004024e-03 -3.44250979e-03
 -3.45647545e-02 -7.29050239e-02 -7.00588066e-01  2.04034569e+01
 -2.59600661e+02  2.11228967e+03 -1.13921425e+04  4.08733179e+04
 -9.61056306e+04  1.41953879e+05 -1.19359675e+05  4.35812915e+04
 -6.90942728e+03  4.09066690e+04 -1.49696757e+05  1.93055887e+05
 -3.25364322e+05  9.38849842e+05]
*******************************************************************************
atom type:        STE
alpha  :   2.060000
cutoff :   2.140000
gaussian_exp
[1.00e-03 2.00e-03 4.00e-03 8.00e-03 1.60e-02 3.20e-02 6.40e-02 1.28e-01
 2.56e-01 5.12e-01 1.00e+00 2.00e+00 3.00e+00 4.00e+00 5.00e+00 6.00e+00
 7.00e+00 8.00e+00 9.00e+00 1.00e+01 2.00e+01 3.00e+01 4.00e+01 5.00e+01
 1.00e+02 2.50e+02]
gaussian_coeff
[ 1.48658985e-03 -3.93087534e-03  4.46507477e-03 -3.51105607e-03
  2.41639483e-03 -3.21085495e-03  4.60476883e-04 -1.85242948e-02
 -2.46748943e-02 -3.34008195e-01  2.26183015e+00 -3.01170179e+01
  3.83270729e+02 -3.35358433e+03  1.93873959e+04 -7.35769095e+04
  1.80765888e+05 -2.76300620e+05  2.38650361e+05 -8.90124181e+04
  1.53187516e+04 -9.21573436e+04  3.38843140e+05 -4.37767979e+05
  7.38993494e+05 -2.13281126e+06]
*******************************************************************************
atom type:       STR4
alpha  :   2.630000
cutoff :   2.140000
gaussian_exp
[1.00e-03 2.00e-03 4.00e-03 8.00e-03 1.60e-02 3.20e-02 6.40e-02 1.28e-01
 2.56e-01 5.12e-01 1.00e+00 2.00e+00 3.00e+00 4.00e+00 5.00e+00 6.00e+00
 7.00e+00 8.00e+00 9.00e+00 1.00e+01 2.00e+01 3.00e+01 4.00e+01 5.00e+01
 1.00e+02 2.50e+02]
gaussian_coeff
[ 1.76641586e-03 -4.67927223e-03  5.33226235e-03 -4.22508143e-03
  2.92732683e-03 -3.99354987e-03  5.02688648e-04 -2.35665115e-02
 -3.16052802e-02 -4.26242504e-01  2.88706218e+00 -3.84405965e+01
  4.89173747e+02 -4.28009303e+03  2.47431343e+04 -9.39011445e+04
  2.30696875e+05 -3.52617734e+05  3.04566588e+05 -1.13597613e+05
  1.95495914e+04 -1.17609910e+05  4.32426800e+05 -5.58673242e+05
  9.43092896e+05 -2.72186312e+06]
*******************************************************************************
atom type:       SPI2
alpha  :   1.886000
cutoff :   2.140000
gaussian_exp
[1.00e-03 2.00e-03 4.00e-03 8.00e-03 1.60e-02 3.20e-02 6.40e-02 1.28e-01
 2.56e-01 5.12e-01 1.00e+00 2.00e+00 3.00e+00 4.00e+00 5.00e+00 6.00e+00
 7.00e+00 8.00e+00 9.00e+00 1.00e+01 2.00e+01 3.00e+01 4.00e+01 5.00e+01
 1.00e+02 2.50e+02]
gaussian_coeff
[ 1.42187310e-03 -3.75652823e-03  4.26061149e-03 -3.33724824e-03
  2.28958821e-03 -2.99350091e-03  4.67035083e-04 -1.70069671e-02
 -2.25268373e-02 -3.05924965e-01  2.07125697e+00 -2.75813799e+01
  3.51029062e+02 -3.07165449e+03  1.77583122e+04 -6.73965727e+04
  1.65585828e+05 -2.53102454e+05  2.18616307e+05 -8.15409370e+04
  1.40335161e+04 -8.44261211e+04  3.10417843e+05 -4.01044315e+05
  6.77001031e+05 -1.95389480e+06]
*******************************************************************************
atom type:        PTE
alpha  :   1.437000
cutoff :   2.230000
gaussian_exp
[1.00e-03 2.00e-03 4.00e-03 8.00e-03 1.60e-02 3.20e-02 6.40e-02 1.28e-01
 2.56e-01 5.12e-01 1.00e+00 2.00e+00 3.00e+00 4.00e+00 5.00e+00 6.00e+00
 7.00e+00 8.00e+00 9.00e+00 1.00e+01 2.00e+01 3.00e+01 4.00e+01 5.00e+01
 1.00e+02 2.50e+02]
gaussian_coeff
[-3.85785713e-03  1.01580249e-02 -1.15255079e-02  8.77631734e-03
 -6.54172816e-03  5.20182633e-03 -8.78111537e-03  2.07272939e-03
 -5.14432511e-02 -1.10791315e-01  1.31466919e+00 -2.21296336e+01
  3.14418580e+02 -2.92992487e+03  1.76224473e+04 -6.86834886e+04
  1.71943888e+05 -2.66453012e+05  2.32535717e+05 -8.74237111e+04
  1.54881774e+04 -9.36829692e+04  3.44999290e+05 -4.45987995e+05
  7.53281829e+05 -2.17419233e+06]
*******************************************************************************
*******************************************************************************
alpha_m2
*******************************************************************************
*******************************************************************************
atom type:          H
alpha  :   0.303000
cutoff :   1.540000
gaussian_exp
[1.00e-03 2.00e-03 4.00e-03 8.00e-03 1.60e-02 3.20e-02 6.40e-02 1.28e-01
 2.56e-01 5.12e-01 1.00e+00 2.00e+00 3.00e+00 4.00e+00 5.00e+00 6.00e+00
 7.00e+00 8.00e+00 9.00e+00 1.00e+01 2.00e+01 3.00e+01 4.00e+01 5.00e+01
 1.00e+02 2.50e+02]
gaussian_coeff
[-3.49824725e-04  9.20253639e-04 -1.04450963e-03  7.89700367e-04
 -6.06004679e-04  4.08962882e-04 -1.04732474e-03 -7.42820628e-04
 -8.97209185e-03 -2.05604630e-02 -1.36864372e-01 -5.23273343e-02
  3.40103321e+01 -4.49790439e+02  3.04107241e+03 -1.24315051e+04
  3.17919521e+04 -4.97573483e+04  4.36228948e+04 -1.64324804e+04
  2.90178984e+03 -1.75123599e+04  6.44425908e+04 -8.32814945e+04
  1.40624646e+05 -4.05870084e+05]
*******************************************************************************
atom type:          F
alpha  :   1.021000
cutoff :   1.630000
gaussian_exp
[1.00e-03 2.00e-03 4.00e-03 8.00e-03 1.60e-02 3.20e-02 6.40e-02 1.28e-01
 2.56e-01 5.12e-01 1.00e+00 2.00e+00 3.00e+00 4.00e+00 5.00e+00 6.00e+00
 7.00e+00 8.00e+00 9.00e+00 1.00e+01 2.00e+01 3.00e+01 4.00e+01 5.00e+01
 1.00e+02 2.50e+02]
gaussian_coeff
[-2.04416910e-03  5.38402679e-03 -6.11631884e-03  4.66057190e-03
 -3.51851799e-03  2.72748853e-03 -5.19915591e-03  2.86966037e-04
 -3.67657939e-02 -4.36883869e-02 -6.77841827e-01  1.13669901e+01
 -7.74538796e+01  2.29042905e+02  3.58820076e+02 -5.55657819e+03
  2.06802942e+04 -3.92146102e+04  3.86712235e+04 -1.57671705e+04
  3.51124592e+03 -2.19670862e+04  8.16624985e+04 -1.05936966e+05
  1.79498784e+05 -5.18283612e+05]
*******************************************************************************
atom type:         Cl
alpha  :   2.260000
cutoff :   2.060000
gaussian_exp
[1.00e-03 2.00e-03 4.00e-03 8.00e-03 1.60e-02 3.20e-02 6.40e-02 1.28e-01
 2.56e-01 5.12e-01 1.00e+00 2.00e+00 3.00e+00 4.00e+00 5.00e+00 6.00e+00
 7.00e+00 8.00e+00 9.00e+00 1.00e+01 2.00e+01 3.00e+01 4.00e+01 5.00e+01
 1.00e+02 2.50e+02]
gaussian_coeff
[ 7.56499604e-03 -1.99501526e-02  2.26420548e-02 -1.74489779e-02
  1.25980945e-02 -1.24718568e-02  1.13102200e-02 -3.76223160e-02
  1.00024592e-02 -4.78766855e-01  2.42154118e+00 -2.30620143e+01
  2.29908567e+02 -1.68015557e+03  8.48251832e+03 -2.90124980e+04
  6.57212824e+04 -9.42048288e+04  7.72904376e+04 -2.76549606e+04
  4.01769391e+03 -2.33320753e+04  8.48841437e+04 -1.09226014e+05
  1.83703845e+05 -5.29951594e+05]
*******************************************************************************
atom type:         Br
alpha  :   2.946000
cutoff :   2.190000
gaussian_exp
[1.00e-03 2.00e-03 4.00e-03 8.00e-03 1.60e-02 3.20e-02 6.40e-02 1.28e-01
 2.56e-01 5.12e-01 1.00e+00 2.00e+00 3.00e+00 4.00e+00 5.00e+00 6.00e+00
 7.00e+00 8.00e+00 9.00e+00 1.00e+01 2.00e+01 3.00e+01 4.00e+01 5.00e+01
 1.00e+02 2.50e+02]
gaussian_coeff
[-3.51495879e-03  9.24230491e-03 -1.04775131e-02  7.89926573e-03
 -5.99997320e-03  3.93862346e-03 -9.73182939e-03 -9.49884659e-03
 -7.35179735e-02 -3.45828874e-01  3.00276382e+00 -4.58482678e+01
  6.25194204e+02 -5.69633632e+03  3.37913149e+04 -1.30501575e+05
  3.24617972e+05 -5.00712805e+05  4.35459590e+05 -1.63279249e+05
  2.86491545e+04 -1.72979486e+05  6.36685471e+05 -8.22894738e+05
  1.38963342e+06 -4.01080244e+06]
*******************************************************************************
atom type:          I
alpha  :   4.781000
cutoff :   2.380000
gaussian_exp
[1.00e-03 2.00e-03 4.00e-03 8.00e-03 1.60e-02 3.20e-02 6.40e-02 1.28e-01
 2.56e-01 5.12e-01 1.00e+00 2.00e+00 3.00e+00 4.00e+00 5.00e+00 6.00e+00
 7.00e+00 8.00e+00 9.00e+00 1.00e+01 2.00e+01 3.00e+01 4.00e+01 5.00e+01
 1.00e+02 2.50e+02]
gaussian_coeff
[-3.24685224e-02  8.55631884e-02 -9.71562340e-02  7.43961190e-02
 -5.50629597e-02  4.77710214e-02 -6.73736146e-02  7.28696981e-02
 -3.37628212e-01  3.71661791e-01  1.61803885e+00 -4.50260006e+01
  7.23548807e+02 -7.13033714e+03  4.42132348e+04 -1.75509564e+05
  4.44582089e+05 -6.94439668e+05  6.09417429e+05 -2.30033437e+05
  4.12526525e+04 -2.49960044e+05  9.20940693e+05 -1.19072319e+06
  2.01146094e+06 -5.80577192e+06]
*******************************************************************************
atom type:        CTE
alpha  :   1.203000
cutoff :   1.900000
gaussian_exp
[1.00e-03 2.00e-03 4.00e-03 8.00e-03 1.60e-02 3.20e-02 6.40e-02 1.28e-01
 2.56e-01 5.12e-01 1.00e+00 2.00e+00 3.00e+00 4.00e+00 5.00e+00 6.00e+00
 7.00e+00 8.00e+00 9.00e+00 1.00e+01 2.00e+01 3.00e+01 4.00e+01 5.00e+01
 1.00e+02 2.50e+02]
gaussian_coeff
[ 5.30952287e-03 -1.39968097e-02  1.58773937e-02 -1.22059687e-02
  8.81534751e-03 -8.47903460e-03  8.08036066e-03 -2.27452016e-02
  8.22558034e-03 -2.36199131e-01  4.98456179e-01  8.14826958e+00
 -1.90730076e+02  2.07083243e+03 -1.33534057e+04  5.40735939e+04
 -1.38589124e+05  2.18136925e+05 -1.92454229e+05  7.29298830e+04
 -1.32583333e+04  8.05425004e+04 -2.96974230e+05  3.84082268e+05
 -6.48994936e+05  1.87328452e+06]
*******************************************************************************
atom type:        CTR
alpha  :   1.381000
cutoff :   1.900000
gaussian_exp
[1.00e-03 2.00e-03 4.00e-03 8.00e-03 1.60e-02 3.20e-02 6.40e-02 1.28e-01
 2.56e-01 5.12e-01 1.00e+00 2.00e+00 3.00e+00 4.00e+00 5.00e+00 6.00e+00
 7.00e+00 8.00e+00 9.00e+00 1.00e+01 2.00e+01 3.00e+01 4.00e+01 5.00e+01
 1.00e+02 2.50e+02]
gaussian_coeff
[ 6.11798355e-03 -1.61260538e-02  1.82882761e-02 -1.40527729e-02
  1.01419881e-02 -9.74575121e-03  9.28293979e-03 -2.61149225e-02
  9.44602800e-03 -2.71155301e-01  5.72259885e-01  9.35223558e+00
 -2.18914514e+02  2.37679579e+03 -1.53260427e+04  6.20605153e+04
 -1.59056967e+05  2.50349807e+05 -2.20872180e+05  8.36980507e+04
 -1.52153822e+04  9.24305645e+04 -3.40806787e+05  4.40771331e+05
 -7.44783482e+05  2.14977214e+06]
*******************************************************************************
atom type:        CBR
alpha  :   1.575000
cutoff :   1.900000
gaussian_exp
[1.00e-03 2.00e-03 4.00e-03 8.00e-03 1.60e-02 3.20e-02 6.40e-02 1.28e-01
 2.56e-01 5.12e-01 1.00e+00 2.00e+00 3.00e+00 4.00e+00 5.00e+00 6.00e+00
 7.00e+00 8.00e+00 9.00e+00 1.00e+01 2.00e+01 3.00e+01 4.00e+01 5.00e+01
 1.00e+02 2.50e+02]
gaussian_coeff
[ 6.97607553e-03 -1.83888600e-02  2.08566965e-02 -1.60293474e-02
  1.15715229e-02 -1.11213657e-02  1.05955111e-02 -2.97951193e-02
  1.07908994e-02 -3.09282838e-01  6.52767884e-01  1.06644460e+01
 -2.49647829e+02  2.71053246e+03 -1.74782747e+04  7.07763442e+04
 -1.81396422e+05  2.85513001e+05 -2.51896277e+05  9.54548040e+04
 -1.73529163e+04  1.05416047e+05 -3.88686812e+05  5.02695592e+05
 -8.49418910e+05  2.45179603e+06]
*******************************************************************************
atom type:        CDI
alpha  :   1.238000
cutoff :   1.900000
gaussian_exp
[1.00e-03 2.00e-03 4.00e-03 8.00e-03 1.60e-02 3.20e-02 6.40e-02 1.28e-01
 2.56e-01 5.12e-01 1.00e+00 2.00e+00 3.00e+00 4.00e+00 5.00e+00 6.00e+00
 7.00e+00 8.00e+00 9.00e+00 1.00e+01 2.00e+01 3.00e+01 4.00e+01 5.00e+01
 1.00e+02 2.50e+02]
gaussian_coeff
[ 5.50214056e-03 -1.45024334e-02  1.64461118e-02 -1.26355717e-02
  9.11699464e-03 -8.75518206e-03  8.33791757e-03 -2.34272812e-02
  8.48776029e-03 -2.43108520e-01  5.13070491e-01  8.38373499e+00
 -1.96256508e+02  2.13087258e+03 -1.37406809e+04  5.56421380e+04
 -1.42609827e+05  2.24466136e+05 -1.98038752e+05  7.50462710e+04
 -1.36431894e+04  8.28805075e+04 -3.05594858e+05  3.95231458e+05
 -6.67833974e+05  1.92766223e+06]
*******************************************************************************
atom type:        NTE
alpha  :   1.156000
cutoff :   1.790000
gaussian_exp
[1.00e-03 2.00e-03 4.00e-03 8.00e-03 1.60e-02 3.20e-02 6.40e-02 1.28e-01
 2.56e-01 5.12e-01 1.00e+00 2.00e+00 3.00e+00 4.00e+00 5.00e+00 6.00e+00
 7.00e+00 8.00e+00 9.00e+00 1.00e+01 2.00e+01 3.00e+01 4.00e+01 5.00e+01
 1.00e+02 2.50e+02]
gaussian_coeff
[ 1.82329260e-03 -4.80624055e-03  5.44124474e-03 -4.19354060e-03
  2.93635717e-03 -3.12637031e-03  1.59664068e-03 -1.16189288e-02
 -1.59406449e-02 -1.33883431e-01 -2.97352881e-01  1.92784895e+01
 -3.05193135e+02  2.85880024e+03 -1.69985417e+04  6.54100518e+04
 -1.61943212e+05  2.48692104e+05 -2.15459491e+05  8.05306016e+04
 -1.39421065e+04  8.39477036e+04 -3.08731286e+05  3.98899953e+05
 -6.73433933e+05  1.94361802e+06]
*******************************************************************************
atom type:       NTR2
alpha  :   1.270000
cutoff :   1.790000
gaussian_exp
[1.00e-03 2.00e-03 4.00e-03 8.00e-03 1.60e-02 3.20e-02 6.40e-02 1.28e-01
 2.56e-01 5.12e-01 1.00e+00 2.00e+00 3.00e+00 4.00e+00 5.00e+00 6.00e+00
 7.00e+00 8.00e+00 9.00e+00 1.00e+01 2.00e+01 3.00e+01 4.00e+01 5.00e+01
 1.00e+02 2.50e+02]
gaussian_coeff
[ 2.05120475e-03 -5.40408256e-03  6.11175525e-03 -4.69987063e-03
  3.28166020e-03 -3.47069005e-03  1.78129383e-03 -1.27886448e-02
 -1.74881567e-02 -1.47118708e-01 -3.26605653e-01  2.11786394e+01
 -3.35270106e+02  3.14047742e+03 -1.86730529e+04  7.18523209e+04
 -1.77890492e+05  2.73178597e+05 -2.36671461e+05  8.84580940e+04
 -1.53140986e+04  9.22083536e+04 -3.39110978e+05  4.38152347e+05
 -7.39700874e+05  2.13487303e+06]
*******************************************************************************
atom type:       NPI2
alpha  :   1.272000
cutoff :   1.790000
gaussian_exp
[1.00e-03 2.00e-03 4.00e-03 8.00e-03 1.60e-02 3.20e-02 6.40e-02 1.28e-01
 2.56e-01 5.12e-01 1.00e+00 2.00e+00 3.00e+00 4.00e+00 5.00e+00 6.00e+00
 7.00e+00 8.00e+00 9.00e+00 1.00e+01 2.00e+01 3.00e+01 4.00e+01 5.00e+01
 1.00e+02 2.50e+02]
gaussian_coeff
[ 1.99194949e-03 -5.25360236e-03  5.95375726e-03 -4.59714972e-03
  3.22732717e-03 -3.44402495e-03  1.76491166e-03 -1.27951088e-02
 -1.75289108e-02 -1.47329398e-01 -3.27186364e-01  2.12130324e+01
 -3.35813913e+02  3.14557725e+03 -1.87034117e+04  7.19692434e+04
 -1.78180145e+05  2.73623578e+05 -2.37057052e+05  8.86022184e+04
 -1.53389706e+04  9.23577027e+04 -3.39659567e+05  4.38860780e+05
 -7.40896224e+05  2.13832273e+06]
*******************************************************************************
atom type:        NDI
alpha  :   1.054000
cutoff :   1.790000
gaussian_exp
[1.00e-03 2.00e-03 4.00e-03 8.00e-03 1.60e-02 3.20e-02 6.40e-02 1.28e-01
 2.56e-01 5.12e-01 1.00e+00 2.00e+00 3.00e+00 4.00e+00 5.00e+00 6.00e+00
 7.00e+00 8.00e+00 9.00e+00 1.00e+01 2.00e+01 3.00e+01 4.00e+01 5.00e+01
 1.00e+02 2.50e+02]
gaussian_coeff
[ 1.65640257e-03 -4.36701664e-03  4.94554250e-03 -3.81391141e-03
  2.67300415e-03 -2.84946806e-03  1.45657434e-03 -1.05954006e-02
 -1.45330369e-02 -1.22066319e-01 -2.71149263e-01  1.75779711e+01
 -2.78267938e+02  2.60654074e+03 -1.54983247e+04  5.96362841e+04
 -1.47646319e+05  2.26733918e+05 -1.96433479e+05  7.34187320e+04
 -1.27103017e+04  7.65299876e+04 -2.81450454e+05  3.63650928e+05
 -6.13924761e+05  1.77186651e+06]
*******************************************************************************
atom type:        OTE
alpha  :   1.287000
cutoff :   1.710000
gaussian_exp
[1.00e-03 2.00e-03 4.00e-03 8.00e-03 1.60e-02 3.20e-02 6.40e-02 1.28e-01
 2.56e-01 5.12e-01 1.00e+00 2.00e+00 3.00e+00 4.00e+00 5.00e+00 6.00e+00
 7.00e+00 8.00e+00 9.00e+00 1.00e+01 2.00e+01 3.00e+01 4.00e+01 5.00e+01
 1.00e+02 2.50e+02]
gaussian_coeff
[-1.09567971e-03  2.88441950e-03 -3.28354088e-03  2.48574087e-03
 -1.96118736e-03  1.22394227e-03 -3.91158796e-03 -3.76932553e-03
 -3.78613614e-02 -7.98498743e-02 -7.67386871e-01  2.23487290e+01
 -2.84353619e+02  2.31372096e+03 -1.24786406e+04  4.47719126e+04
 -1.05273223e+05  1.55495975e+05 -1.30747032e+05  4.77393197e+04
 -7.56878292e+03  4.48104990e+04 -1.63982914e+05  2.11480086e+05
 -3.56415487e+05  1.02844910e+06]
*******************************************************************************
atom type:       OTR4
alpha  :   1.189000
cutoff :   1.710000
gaussian_exp
[1.00e-03 2.00e-03 4.00e-03 8.00e-03 1.60e-02 3.20e-02 6.40e-02 1.28e-01
 2.56e-01 5.12e-01 1.00e+00 2.00e+00 3.00e+00 4.00e+00 5.00e+00 6.00e+00
 7.00e+00 8.00e+00 9.00e+00 1.00e+01 2.00e+01 3.00e+01 4.00e+01 5.00e+01
 1.00e+02 2.50e+02]
gaussian_coeff
[-1.00298535e-03  2.64109872e-03 -3.00827889e-03  2.27949262e-03
 -1.80219381e-03  1.12494034e-03 -3.60957520e-03 -3.48603277e-03
 -3.49740485e-02 -7.37769326e-02 -7.08931177e-01  2.06466477e+01
 -2.62696804e+02  2.13749977e+03 -1.15282028e+04  4.13617992e+04
 -9.72548586e+04  1.43652200e+05 -1.20788282e+05  4.41030976e+04
 -6.99227939e+03  4.13973182e+04 -1.51492387e+05  1.95371662e+05
 -3.29267244e+05  9.50111876e+05]
*******************************************************************************
atom type:       OPI2
alpha  :   1.200000
cutoff :   1.710000
gaussian_exp
[1.00e-03 2.00e-03 4.00e-03 8.00e-03 1.60e-02 3.20e-02 6.40e-02 1.28e-01
 2.56e-01 5.12e-01 1.00e+00 2.00e+00 3.00e+00 4.00e+00 5.00e+00 6.00e+00
 7.00e+00 8.00e+00 9.00e+00 1.00e+01 2.00e+01 3.00e+01 4.00e+01 5.00e+01
 1.00e+02 2.50e+02]
gaussian_coeff
[-1.00690717e-03  2.65152221e-03 -3.02048097e-03  2.28907946e-03
 -1.81122317e-03  1.12970557e-03 -3.63804687e-03 -3.52335562e-03
 -3.52911834e-02 -7.44711750e-02 -7.15451135e-01  2.08370395e+01
 -2.65117599e+02  2.15718122e+03 -1.16342756e+04  4.17421549e+04
 -9.81487844e+04  1.44972106e+05 -1.21897781e+05  4.45081077e+04
 -7.05640694e+03  4.17767732e+04 -1.52880685e+05  1.97161906e+05
 -3.32284131e+05  9.58817105e+05]
*******************************************************************************
atom type:        STE
alpha  :   2.062000
cutoff :   2.140000
gaussian_exp
[1.00e-03 2.00e-03 4.00e-03 8.00e-03 1.60e-02 3.20e-02 6.40e-02 1.28e-01
 2.56e-01 5.12e-01 1.00e+00 2.00e+00 3.00e+00 4.00e+00 5.00e+00 6.00e+00
 7.00e+00 8.00e+00 9.00e+00 1.00e+01 2.00e+01 3.00e+01 4.00e+01 5.00e+01
 1.00e+02 2.50e+02]
gaussian_coeff
[ 1.46788116e-03 -3.88411317e-03  4.41768487e-03 -3.48285981e-03
  2.40456258e-03 -3.20955841e-03  4.61679858e-04 -1.85460642e-02
 -2.46927638e-02 -3.34341156e-01  2.26403199e+00 -3.01458643e+01
  3.83633490e+02 -3.35673228e+03  1.94054801e+04 -7.36451803e+04
  1.80932850e+05 -2.76554790e+05  2.38869110e+05 -8.90937479e+04
  1.53324818e+04 -9.22392770e+04  3.39143286e+05 -4.38155068e+05
  7.39645657e+05 -2.13469295e+06]
*******************************************************************************
atom type:       STR4
alpha  :   3.045000
cutoff :   2.140000
gaussian_exp
[1.00e-03 2.00e-03 4.00e-03 8.00e-03 1.60e-02 3.20e-02 6.40e-02 1.28e-01
 2.56e-01 5.12e-01 1.00e+00 2.00e+00 3.00e+00 4.00e+00 5.00e+00 6.00e+00
 7.00e+00 8.00e+00 9.00e+00 1.00e+01 2.00e+01 3.00e+01 4.00e+01 5.00e+01
 1.00e+02 2.50e+02]
gaussian_coeff
[ 2.05875146e-03 -5.45360186e-03  6.21474331e-03 -4.92363519e-03
  3.41280214e-03 -4.64439076e-03  6.04466975e-04 -2.73147858e-02
 -3.65426707e-02 -4.93626515e-01  3.34319632e+00 -4.45183623e+01
  5.66568810e+02 -4.95758713e+03  2.86608771e+04 -1.08771891e+05
  2.67235646e+05 -4.08470906e+05  3.52810846e+05 -1.31592322e+05
  2.26464799e+04 -1.36240362e+05  5.00926391e+05 -6.47170821e+05
  1.09248445e+06 -3.15302227e+06]
*******************************************************************************
atom type:       SPI2
alpha  :   1.945000
cutoff :   2.140000
gaussian_exp
[1.00e-03 2.00e-03 4.00e-03 8.00e-03 1.60e-02 3.20e-02 6.40e-02 1.28e-01
 2.56e-01 5.12e-01 1.00e+00 2.00e+00 3.00e+00 4.00e+00 5.00e+00 6.00e+00
 7.00e+00 8.00e+00 9.00e+00 1.00e+01 2.00e+01 3.00e+01 4.00e+01 5.00e+01
 1.00e+02 2.50e+02]
gaussian_coeff
[ 1.37422004e-03 -3.63427974e-03  4.12905494e-03 -3.25028488e-03
  2.23754658e-03 -2.99845578e-03  4.05601136e-04 -1.74608505e-02
 -2.33316483e-02 -3.15309452e-01  2.13543105e+00 -2.84342747e+01
  3.61855056e+02 -3.16617783e+03  1.83038400e+04 -6.94642521e+04
  1.70660952e+05 -2.60854421e+05  2.25308595e+05 -8.40361364e+04
  1.44624971e+04 -8.70065752e+04  3.19905369e+05 -4.13301592e+05
  6.97692281e+05 -2.01361182e+06]
*******************************************************************************
atom type:        PTE
alpha  :   2.025000
cutoff :   2.230000
gaussian_exp
[1.00e-03 2.00e-03 4.00e-03 8.00e-03 1.60e-02 3.20e-02 6.40e-02 1.28e-01
 2.56e-01 5.12e-01 1.00e+00 2.00e+00 3.00e+00 4.00e+00 5.00e+00 6.00e+00
 7.00e+00 8.00e+00 9.00e+00 1.00e+01 2.00e+01 3.00e+01 4.00e+01 5.00e+01
 1.00e+02 2.50e+02]
gaussian_coeff
[-7.59434453e-03  2.00009650e-02 -2.26931705e-02  1.73095731e-02
 -1.28285463e-02  1.05616763e-02 -1.62235897e-02  8.91134388e-03
 -8.47422621e-02 -1.19159587e-01  1.65693476e+00 -2.64223721e+01
  3.54041844e+02 -3.15044348e+03  1.83049539e+04 -6.95355761e+04
  1.70779927e+05 -2.60875280e+05  2.25199774e+05 -8.39604137e+04
  1.44486212e+04 -8.69759803e+04  3.19872641e+05 -4.13302616e+05
  6.97765350e+05 -2.01384860e+06]
