#   index    LocalEnergy         LocalEnergy_sq      LocalPotential      Kinetic             ElecElec            IonElec             BlockWeight         BlockCPU            AcceptRatio         
         0   -7.4160962435e+00    5.7641342248e+01   -1.4852505912e+01    7.4364096687e+00    2.9546868795e+00   -1.7807192792e+01    3.0000000000e+03    2.0641879701e-01    6.3658333333e-01
         1   -7.3947381016e+00    5.6497691958e+01   -1.4751594004e+01    7.3568559023e+00    2.9036811501e+00   -1.7655275154e+01    3.0000000000e+03    2.0512095300e-01    6.3697916667e-01
         2   -7.3148315959e+00    5.7726316077e+01   -1.5355963079e+01    8.0411314832e+00    2.9548670190e+00   -1.8310830098e+01    3.0000000000e+03    2.0565419001e-01    6.3540625000e-01
         3   -7.3601253830e+00    5.8431389488e+01   -1.4791848710e+01    7.4317233266e+00    2.9250630581e+00   -1.7716911768e+01    3.0000000000e+03    2.0305599000e-01    6.3712500000e-01
         4   -7.3885977439e+00    5.9426881620e+01   -1.5006107124e+01    7.6175093799e+00    2.9834945355e+00   -1.7989601659e+01    3.0000000000e+03    2.0477828399e-01    6.3522916667e-01
         5   -7.4693492901e+00    5.7876892569e+01   -1.4956309143e+01    7.4869598525e+00    2.9095256378e+00   -1.7865834780e+01    3.0000000000e+03    2.0394331000e-01    6.3450000000e-01
         6   -7.4079506289e+00    5.6380136004e+01   -1.4108215315e+01    6.7002646864e+00    2.9201195829e+00   -1.7028334898e+01    3.0000000000e+03    2.1036517000e-01    6.3706250000e-01
         7   -7.4588643169e+00    5.7628060901e+01   -1.4483218036e+01    7.0243537193e+00    2.8305747148e+00   -1.7313792751e+01    3.0000000000e+03    2.0471345499e-01    6.3879166667e-01
         8   -7.3780457928e+00    5.6271310921e+01   -1.4470743290e+01    7.0926974968e+00    2.9660871891e+00   -1.7436830479e+01    3.0000000000e+03    2.0385440100e-01    6.3387500000e-01
         9   -7.3462995856e+00    5.7134389726e+01   -1.4862955778e+01    7.5166561920e+00    2.9569587682e+00   -1.7819914546e+01    3.0000000000e+03    2.0529918601e-01    6.3526041667e-01
        10   -7.3973969365e+00    5.7053081145e+01   -1.5273292638e+01    7.8758957015e+00    2.9886667708e+00   -1.8261959409e+01    3.0000000000e+03    2.0533298000e-01    6.3371875000e-01
        11   -7.3960777962e+00    5.6392116431e+01   -1.4573560692e+01    7.1774828960e+00    2.9177989087e+00   -1.7491359601e+01    3.0000000000e+03    2.0756831201e-01    6.3598958333e-01
        12   -7.4164312218e+00    5.7140347362e+01   -1.4697538081e+01    7.2811068592e+00    2.9542388199e+00   -1.7651776901e+01    3.0000000000e+03    2.0402795600e-01    6.3670833333e-01
        13   -7.3658579769e+00    5.6139337090e+01   -1.4312076862e+01    6.9462188856e+00    2.9621138759e+00   -1.7274190738e+01    3.0000000000e+03    2.0251645900e-01    6.3492708333e-01
        14   -7.4349735074e+00    5.7494484302e+01   -1.4872458417e+01    7.4374849096e+00    2.9297968705e+00   -1.7802255287e+01    3.0000000000e+03    2.0292035201e-01    6.3620833333e-01
        15   -7.4611706706e+00    5.7708314833e+01   -1.5324271314e+01    7.8631006436e+00    2.9551882573e+00   -1.8279459572e+01    3.0000000000e+03    2.0319056200e-01    6.3532291667e-01
        16   -7.4390142338e+00    5.7415535913e+01   -1.4397185488e+01    6.9581712539e+00    2.9563129194e+00   -1.7353498407e+01    3.0000000000e+03    2.0386928301e-01    6.3784375000e-01
        17   -7.4030294703e+00    5.6538374233e+01   -1.3842091933e+01    6.4390624625e+00    2.9009145436e+00   -1.6743006476e+01    3.0000000000e+03    2.0297833500e-01    6.3746875000e-01
        18   -7.3818738541e+00    5.6141928594e+01   -1.4939094523e+01    7.5572206692e+00    2.9823889164e+00   -1.7921483440e+01    3.0000000000e+03    2.0475468900e-01    6.3414583333e-01
        19   -7.4433852077e+00    5.6898649842e+01   -1.4848220132e+01    7.4048349244e+00    2.9128539336e+00   -1.7761074066e+01    3.0000000000e+03    2.0473826601e-01    6.3779166667e-01
        20   -7.5377626750e+00    5.8589154436e+01   -1.5440022502e+01    7.9022598272e+00    2.9468684174e+00   -1.8386890920e+01    3.0000000000e+03    2.0753845100e-01    6.3301041667e-01
        21   -7.4209971254e+00    5.9130465097e+01   -1.5512853489e+01    8.0918563637e+00    2.9169110929e+00   -1.8429764582e+01    3.0000000000e+03    2.0838066300e-01    6.3667708333e-01
        22   -7.3906837743e+00    5.7320263565e+01   -1.4639719636e+01    7.2490358615e+00    2.9281449264e+00   -1.7567864562e+01    3.0000000000e+03    2.0744163099e-01    6.3843750000e-01
        23   -7.4146074436e+00    5.7184269394e+01   -1.3981667159e+01    6.5670597155e+00    2.9292330696e+00   -1.6910900229e+01    3.0000000000e+03    2.0678346900e-01    6.3935416667e-01
        24   -7.7875952056e+00    1.8740740084e+02   -1.5182005836e+01    7.3944106309e+00    2.9077366803e+00   -1.8089742517e+01    3.0000000000e+03    2.0551879500e-01    6.3863541667e-01
        25   -7.4753570727e+00    5.7694310651e+01   -1.5275343920e+01    7.7999868477e+00    2.9103847766e+00   -1.8185728697e+01    3.0000000000e+03    2.0623332000e-01    6.3391666667e-01
        26   -7.4058713659e+00    5.6906038340e+01   -1.5019216558e+01    7.6133451916e+00    3.0130740069e+00   -1.8032290564e+01    3.0000000000e+03    2.0853630100e-01    6.3370833333e-01
        27   -7.3644522800e+00    5.6397564436e+01   -1.4526238696e+01    7.1617864162e+00    2.9378017978e+00   -1.7464040494e+01    3.0000000000e+03    2.0522917900e-01    6.3525000000e-01
        28   -7.4525101494e+00    6.0034657805e+01   -1.4771494731e+01    7.3189845814e+00    2.9531718141e+00   -1.7724666545e+01    3.0000000000e+03    2.0361464500e-01    6.3793750000e-01
        29   -7.2898821205e+00    5.7058440334e+01   -1.5504269143e+01    8.2143870227e+00    2.9581290016e+00   -1.8462398145e+01    3.0000000000e+03    2.0325075599e-01    6.3187500000e-01
        30   -7.4173595124e+00    5.6800007102e+01   -1.4552591582e+01    7.1352320694e+00    2.9547485851e+00   -1.7507340167e+01    3.0000000000e+03    2.0478183401e-01    6.3540625000e-01
        31   -7.4195982462e+00    7.7144013222e+01   -1.4754385026e+01    7.3347867800e+00    2.9364046922e+00   -1.7690789718e+01    3.0000000000e+03    2.0528810199e-01    6.3685416667e-01
        32   -7.3895643403e+00    5.6520826152e+01   -1.4890402467e+01    7.5008381268e+00    2.9163035329e+00   -1.7806706000e+01    3.0000000000e+03    2.0407155200e-01    6.3508333333e-01
        33   -7.5435984163e+00    5.9203521367e+01   -1.5331008618e+01    7.7874102020e+00    2.9432527068e+00   -1.8274261325e+01    3.0000000000e+03    2.0284516700e-01    6.3510416667e-01
        34   -7.4314551750e+00    5.7374401416e+01   -1.4985592948e+01    7.5541377731e+00    2.9175291405e+00   -1.7903122089e+01    3.0000000000e+03    2.0356324600e-01    6.3477083333e-01
        35   -7.4378558320e+00    5.7014582819e+01   -1.4718143175e+01    7.2802873428e+00    2.9326989751e+00   -1.7650842150e+01    3.0000000000e+03    2.0455927099e-01    6.3412500000e-01
        36   -7.4268662642e+00    5.7251193313e+01   -1.4398311086e+01    6.9714448223e+00    2.8796756581e+00   -1.7277986745e+01    3.0000000000e+03    2.0670091100e-01    6.3706250000e-01
        37   -7.4023479672e+00    5.6409598392e+01   -1.4518178263e+01    7.1158302961e+00    2.9327386503e+00   -1.7450916914e+01    3.0000000000e+03    2.0320204200e-01    6.3927083333e-01
        38   -7.3908850883e+00    5.6788410126e+01   -1.4411475074e+01    7.0205899853e+00    2.9846777539e+00   -1.7396152828e+01    3.0000000000e+03    2.0532897300e-01    6.3433333333e-01
        39   -7.4207315182e+00    5.8399371598e+01   -1.4935579685e+01    7.5148481664e+00    2.9414515926e+00   -1.7877031277e+01    3.0000000000e+03    2.0280987900e-01    6.3769791667e-01
        40   -7.3309901745e+00    5.5792108871e+01   -1.4671173307e+01    7.3401831326e+00    2.9132854979e+00   -1.7584458805e+01    3.0000000000e+03    2.0922342100e-01    6.3628125000e-01
        41   -7.3430618703e+00    5.5731017853e+01   -1.4659952309e+01    7.3168904385e+00    2.9444281717e+00   -1.7604380480e+01    3.0000000000e+03    2.0359238799e-01    6.3592708333e-01
        42   -7.3733745667e+00    5.7536008714e+01   -1.5239632158e+01    7.8662575908e+00    2.8893941556e+00   -1.8129026313e+01    3.0000000000e+03    2.0422276101e-01    6.3788541667e-01
        43   -7.4410356535e+00    5.7284251734e+01   -1.4588901246e+01    7.1478655921e+00    2.9104865283e+00   -1.7499387774e+01    3.0000000000e+03    2.0349571299e-01    6.4023958333e-01
        44   -7.3456651139e+00    5.5648062775e+01   -1.4273399977e+01    6.9277348630e+00    2.9149190446e+00   -1.7188319022e+01    3.0000000000e+03    2.0262216301e-01    6.3927083333e-01
        45   -7.4177750085e+00    5.6488525480e+01   -1.4945150106e+01    7.5273750974e+00    2.9378785731e+00   -1.7883028679e+01    3.0000000000e+03    2.0598253801e-01    6.3671875000e-01
        46   -7.3790306078e+00    5.6858112241e+01   -1.4233263343e+01    6.8542327349e+00    2.9442036493e+00   -1.7177466992e+01    3.0000000000e+03    2.0205878500e-01    6.3694791667e-01
        47   -7.8992820387e+00    1.5658134880e+02   -1.5237045249e+01    7.3377632100e+00    2.9101392449e+00   -1.8147184494e+01    3.0000000000e+03    2.0302507401e-01    6.3879166667e-01
        48   -7.4896041533e+00    5.8002883386e+01   -1.4852625594e+01    7.3630214406e+00    2.9343221736e+00   -1.7786947767e+01    3.0000000000e+03    2.0444217700e-01    6.3457291667e-01
        49   -7.3844551505e+00    5.6776467899e+01   -1.4531315269e+01    7.1468601187e+00    2.9313536158e+00   -1.7462668885e+01    3.0000000000e+03    2.0391136799e-01    6.3658333333e-01
        50   -7.4193607167e+00    5.6377703086e+01   -1.4975513071e+01    7.5561523541e+00    2.9323692767e+00   -1.7907882348e+01    3.0000000000e+03    2.0364631200e-01    6.3623958333e-01
        51   -7.2568308546e+00    5.7538191195e+01   -1.5550207845e+01    8.2933769905e+00    3.0146362987e+00   -1.8564844144e+01    3.0000000000e+03    2.0365474500e-01    6.3331250000e-01
        52   -7.4537870304e+00    5.7962114233e+01   -1.4862500556e+01    7.4087135252e+00    2.9045696854e+00   -1.7767070241e+01    3.0000000000e+03    2.0321506300e-01    6.3944791667e-01
        53   -7.5440612774e+00    7.1620948654e+01   -1.5113541432e+01    7.5694801549e+00    2.9407727102e+00   -1.8054314142e+01    3.0000000000e+03    2.0281907100e-01    6.3805208333e-01
        54   -7.4333759718e+00    5.7421260470e+01   -1.4620634133e+01    7.1872581608e+00    2.9239520207e+00   -1.7544586153e+01    3.0000000000e+03    2.0439424801e-01    6.3838541667e-01
        55   -7.3397207044e+00    5.7472057458e+01   -1.5382423604e+01    8.0427028996e+00    3.0329672679e+00   -1.8415390872e+01    3.0000000000e+03    2.1062555001e-01    6.3609375000e-01
        56   -7.3517898281e+00    5.6755764358e+01   -1.4864517378e+01    7.5127275501e+00    2.9271865305e+00   -1.7791703909e+01    3.0000000000e+03    2.0301065499e-01    6.3669791667e-01
        57   -7.3712296461e+00    5.6274324003e+01   -1.3534772001e+01    6.1635423549e+00    2.9350713732e+00   -1.6469843374e+01    3.0000000000e+03    2.0339325501e-01    6.3863541667e-01
        58   -7.5025354241e+00    5.8601983546e+01   -1.5362721847e+01    7.8601864227e+00    2.9378622564e+00   -1.8300584103e+01    3.0000000000e+03    2.0263581800e-01    6.3445833333e-01
        59   -7.3631241986e+00    5.6498208104e+01   -1.3842222437e+01    6.4790982381e+00    2.9248125949e+00   -1.6767035032e+01    3.0000000000e+03    2.0317645700e-01    6.3597916667e-01
        60   -7.4520544309e+00    5.7425046680e+01   -1.4533733468e+01    7.0816790368e+00    2.9320882220e+00   -1.7465821690e+01    3.0000000000e+03    2.0636016699e-01    6.3371875000e-01
        61   -7.3603938715e+00    5.6803521649e+01   -1.4748392385e+01    7.3879985134e+00    2.9591780662e+00   -1.7707570451e+01    3.0000000000e+03    2.0431548600e-01    6.3643750000e-01
        62   -7.2355007164e+00    5.5956419639e+01   -1.4582520960e+01    7.3470202441e+00    2.9757340049e+00   -1.7558254965e+01    3.0000000000e+03    2.0614484200e-01    6.3572916667e-01
        63   -7.7468305793e+00    9.3883378052e+01   -1.5962808991e+01    8.2159784116e+00    3.0490355714e+00   -1.9011844562e+01    3.0000000000e+03    2.0677554600e-01    6.3442708333e-01
        64   -7.2790400466e+00    6.0485502479e+01   -1.4192432976e+01    6.9133929296e+00    2.9445831227e+00   -1.7137016099e+01    3.0000000000e+03    2.0384381500e-01    6.3770833333e-01
        65   -7.4022191182e+00    6.1262618368e+01   -1.4763452173e+01    7.3612330545e+00    2.9786188559e+00   -1.7742071029e+01    3.0000000000e+03    2.0710730800e-01    6.3811458333e-01
        66   -7.5539500421e+00    6.9300279214e+01   -1.4964300833e+01    7.4103507909e+00    2.9609552516e+00   -1.7925256085e+01    3.0000000000e+03    2.0466932800e-01    6.3473958333e-01
        67   -7.3575906718e+00    5.6737727430e+01   -1.4564213897e+01    7.2066232253e+00    3.0153172788e+00   -1.7579531176e+01    3.0000000000e+03    2.0400478601e-01    6.3616666667e-01
        68   -7.4237236560e+00    5.7544552020e+01   -1.5112449679e+01    7.6887260232e+00    2.9603943925e+00   -1.8072844072e+01    3.0000000000e+03    2.0469426700e-01    6.3326041667e-01
        69   -7.3945160842e+00    5.6768992153e+01   -1.4710992477e+01    7.3164763927e+00    2.9638383813e+00   -1.7674830858e+01    3.0000000000e+03    2.0319503400e-01    6.3660416667e-01
        70   -7.3604666554e+00    5.6527108598e+01   -1.5223317647e+01    7.8628509915e+00    3.0307135459e+00   -1.8254031193e+01    3.0000000000e+03    2.0537583700e-01    6.3291666667e-01
        71   -7.4756385858e+00    5.8034917610e+01   -1.5176040648e+01    7.7004020623e+00    2.9998022225e+00   -1.8175842871e+01    3.0000000000e+03    2.0298753401e-01    6.3152083333e-01
        72   -7.4092692771e+00    5.6663793708e+01   -1.4212941138e+01    6.8036718612e+00    2.9238270587e+00   -1.7136768197e+01    3.0000000000e+03    2.0377931700e-01    6.3600000000e-01
        73   -7.4112402320e+00    5.6636497044e+01   -1.4676503822e+01    7.2652635901e+00    2.9627121029e+00   -1.7639215925e+01    3.0000000000e+03    2.0487830600e-01    6.3614583333e-01
        74   -7.3716204434e+00    5.5954089882e+01   -1.3627319342e+01    6.2556988988e+00    2.8989136359e+00   -1.6526232978e+01    3.0000000000e+03    2.0451010100e-01    6.4079166667e-01
        75   -7.4224082683e+00    5.7034594661e+01   -1.5017648351e+01    7.5952400824e+00    2.9568999677e+00   -1.7974548318e+01    3.0000000000e+03    2.0440731900e-01    6.3698958333e-01
        76   -7.5006591723e+00    6.0797135299e+01   -1.5094220828e+01    7.5935616561e+00    2.9401799325e+00   -1.8034400761e+01    3.0000000000e+03    2.0633644699e-01    6.3657291667e-01
        77   -7.4543432422e+00    6.8484516278e+01   -1.4535433815e+01    7.0810905723e+00    2.9007387681e+00   -1.7436172583e+01    3.0000000000e+03    2.0438497700e-01    6.3805208333e-01
        78   -7.4360175533e+00    5.7361491945e+01   -1.4842716640e+01    7.4066990862e+00    2.9792043501e+00   -1.7821920990e+01    3.0000000000e+03    2.0297424200e-01    6.3390625000e-01
        79   -7.3903499132e+00    5.7177009087e+01   -1.5285247523e+01    7.8948976098e+00    2.9424354819e+00   -1.8227683005e+01    3.0000000000e+03    2.0396586800e-01    6.3576041667e-01
        80   -7.4292251400e+00    5.7309684167e+01   -1.4858930194e+01    7.4297050537e+00    2.9402586998e+00   -1.7799188894e+01    3.0000000000e+03    2.0623926399e-01    6.3905208333e-01
        81   -7.5525508683e+00    6.4701484897e+01   -1.6024363523e+01    8.4718126550e+00    2.9852313016e+00   -1.9009594825e+01    3.0000000000e+03    2.0404494800e-01    6.3621875000e-01
        82   -7.3777581878e+00    5.6400770258e+01   -1.4670667193e+01    7.2929090052e+00    3.0188844014e+00   -1.7689551594e+01    3.0000000000e+03    2.0275969499e-01    6.3361458333e-01
        83   -7.4599717636e+00    5.7289073335e+01   -1.4954108020e+01    7.4941362559e+00    2.9283090935e+00   -1.7882417113e+01    3.0000000000e+03    2.0442311000e-01    6.3636458333e-01
        84   -7.4573372048e+00    5.7867616343e+01   -1.5285061570e+01    7.8277243656e+00    2.9899231478e+00   -1.8274984718e+01    3.0000000000e+03    2.0405995700e-01    6.3348958333e-01
        85   -7.4565939423e+00    5.7585464281e+01   -1.4614137030e+01    7.1575430877e+00    2.9275862657e+00   -1.7541723296e+01    3.0000000000e+03    2.0646960600e-01    6.3651041667e-01
        86   -7.4673909997e+00    5.9226946134e+01   -1.5843466643e+01    8.3760756430e+00    2.9820893584e+00   -1.8825556001e+01    3.0000000000e+03    2.0819935499e-01    6.3250000000e-01
        87   -7.4029111820e+00    5.7933682243e+01   -1.4962070047e+01    7.5591588646e+00    2.9392121470e+00   -1.7901282194e+01    3.0000000000e+03    2.0709614000e-01    6.3522916667e-01
        88   -7.4306765511e+00    5.6874286857e+01   -1.4187207214e+01    6.7565306626e+00    2.9165715193e+00   -1.7103778733e+01    3.0000000000e+03    2.0616314100e-01    6.3653125000e-01
        89   -7.4207171633e+00    5.6738901607e+01   -1.4412079810e+01    6.9913626467e+00    2.8869932062e+00   -1.7299073016e+01    3.0000000000e+03    2.1563752800e-01    6.3836458333e-01
        90   -7.3796998645e+00    5.6152902905e+01   -1.4835381194e+01    7.4556813292e+00    2.9793390082e+00   -1.7814720202e+01    3.0000000000e+03    2.0492083899e-01    6.3232291667e-01
        91   -7.3624133995e+00    5.6515045305e+01   -1.4456454756e+01    7.0940413566e+00    2.9254668751e+00   -1.7381921631e+01    3.0000000000e+03    2.0741601400e-01    6.3783333333e-01
        92   -7.4253477553e+00    5.7897546703e+01   -1.4856843149e+01    7.4314953938e+00    2.9617692740e+00   -1.7818612423e+01    3.0000000000e+03    2.0563207701e-01    6.3589583333e-01
        93   -7.3734040617e+00    5.7208549772e+01   -1.4534468524e+01    7.1610644618e+00    2.9636020144e+00   -1.7498070538e+01    3.0000000000e+03    2.0125321001e-01    6.3711458333e-01
        94   -7.3484379528e+00    5.5754440532e+01   -1.3844652478e+01    6.4962145257e+00    2.8667295501e+00   -1.6711382029e+01    3.0000000000e+03    2.1604444101e-01    6.4342708333e-01
        95   -7.4026548682e+00    5.8563610275e+01   -1.4492447724e+01    7.0897928561e+00    2.9843684775e+00   -1.7476816202e+01    3.0000000000e+03    2.0270669200e-01    6.3725000000e-01
        96   -7.4323220650e+00    5.7593631883e+01   -1.4743399946e+01    7.3110778806e+00    2.9875287890e+00   -1.7730928735e+01    3.0000000000e+03    2.0392159100e-01    6.3554166667e-01
        97   -7.3732818515e+00    5.6687297572e+01   -1.4093051624e+01    6.7197697728e+00    2.9532696273e+00   -1.7046321252e+01    3.0000000000e+03    2.0382136300e-01    6.3420833333e-01
        98   -7.3186894396e+00    5.8026368048e+01   -1.5439445484e+01    8.1207560442e+00    2.9613433231e+00   -1.8400788807e+01    3.0000000000e+03    2.0473863500e-01    6.3886458333e-01
        99   -7.4107868533e+00    5.7102244467e+01   -1.4579257889e+01    7.1684710360e+00    2.9241015522e+00   -1.7503359442e+01    3.0000000000e+03    2.0441141799e-01    6.3464583333e-01
