#   index    LocalEnergy         LocalEnergy_sq      LocalPotential      Kinetic             ElecElec            IonElec             BlockWeight         BlockCPU            AcceptRatio         
         0   -7.5400057955e+00    5.7897893685e+01   -1.4450188561e+01    6.9101827660e+00    2.2650368018e+00   -1.6715225363e+01    3.0000000000e+03    3.4219998500e-01    7.0862500000e-01
         1   -7.4804547634e+00    5.7721236245e+01   -1.4173261979e+01    6.6928072154e+00    2.2679153275e+00   -1.6441177306e+01    3.0000000000e+03    3.5777162600e-01    7.1089166667e-01
         2   -7.4770205734e+00    5.7466913731e+01   -1.4757821933e+01    7.2808013600e+00    2.3318826888e+00   -1.7089704622e+01    3.0000000000e+03    3.5340180300e-01    7.0698333333e-01
         3   -7.5380398305e+00    5.8135978596e+01   -1.5256254573e+01    7.7182147425e+00    2.3058413320e+00   -1.7562095905e+01    3.0000000000e+03    3.5175050700e-01    7.0834166667e-01
         4   -7.5708524572e+00    5.8571144090e+01   -1.5019180568e+01    7.4483281103e+00    2.2754700014e+00   -1.7294650569e+01    3.0000000000e+03    3.9754314300e-01    7.0762500000e-01
         5   -7.5367995835e+00    5.8096499352e+01   -1.4401830324e+01    6.8650307408e+00    2.2482440639e+00   -1.6650074388e+01    3.0000000000e+03    3.4147848500e-01    7.0860000000e-01
         6   -7.5845385516e+00    5.8868786583e+01   -1.4571539870e+01    6.9870013189e+00    2.2610493155e+00   -1.6832589186e+01    3.0000000000e+03    3.7978270900e-01    7.0730000000e-01
         7   -7.5121678474e+00    5.7594946911e+01   -1.4081207827e+01    6.5690399791e+00    2.2830642986e+00   -1.6364272125e+01    3.0000000000e+03    3.8812122600e-01    7.0798333333e-01
         8   -7.5508739752e+00    5.8508126275e+01   -1.5002320882e+01    7.4514469066e+00    2.3273740419e+00   -1.7329694924e+01    3.0000000000e+03    3.5943744700e-01    7.0615000000e-01
         9   -7.5150956168e+00    5.8002575003e+01   -1.5042124469e+01    7.5270288525e+00    2.2379671862e+00   -1.7280091655e+01    3.0000000000e+03    3.3890160700e-01    7.1098333333e-01
        10   -7.5157058479e+00    5.8273552318e+01   -1.5733936975e+01    8.2182311274e+00    2.3163568220e+00   -1.8050293797e+01    3.0000000000e+03    3.4104080400e-01    7.0547500000e-01
        11   -7.5759037473e+00    5.8639883412e+01   -1.5945433929e+01    8.3695301815e+00    2.2488637263e+00   -1.8194297655e+01    3.0000000000e+03    4.0203825100e-01    7.0956666667e-01
        12   -7.5159521213e+00    5.8028200221e+01   -1.4728198782e+01    7.2122466604e+00    2.3197735336e+00   -1.7047972315e+01    3.0000000000e+03    4.0360327900e-01    7.0861666667e-01
        13   -7.5464047666e+00    5.8177808334e+01   -1.5104841732e+01    7.5584369652e+00    2.2408415375e+00   -1.7345683269e+01    3.0000000000e+03    3.5369738600e-01    7.0758333333e-01
        14   -7.5215056725e+00    5.8568439780e+01   -1.4767162806e+01    7.2456571331e+00    2.2795842160e+00   -1.7046747022e+01    3.0000000000e+03    3.3878517300e-01    7.0807500000e-01
        15   -7.5685115885e+00    5.8532675041e+01   -1.4889793814e+01    7.3212822260e+00    2.2098369914e+00   -1.7099630806e+01    3.0000000000e+03    3.4997378300e-01    7.1033333333e-01
        16   -7.5097653841e+00    5.7699225381e+01   -1.5065002999e+01    7.5552376148e+00    2.3146969343e+00   -1.7379699933e+01    3.0000000000e+03    4.5564426000e-01    7.0802500000e-01
        17   -7.5345201750e+00    5.8370709036e+01   -1.4858361917e+01    7.3238417421e+00    2.2640879424e+00   -1.7122449860e+01    3.0000000000e+03    3.9228013000e-01    7.0608333333e-01
        18   -7.5325430915e+00    5.7895534592e+01   -1.4818078553e+01    7.2855354617e+00    2.2634287508e+00   -1.7081507304e+01    3.0000000000e+03    3.5970232800e-01    7.0696666667e-01
        19   -7.5076666230e+00    5.7799747827e+01   -1.4001938275e+01    6.4942716516e+00    2.2742908711e+00   -1.6276229146e+01    3.0000000000e+03    3.4621731000e-01    7.0840833333e-01
        20   -7.5146168616e+00    5.8655224823e+01   -1.5426114261e+01    7.9114973991e+00    2.2964965222e+00   -1.7722610783e+01    3.0000000000e+03    3.9206926700e-01    7.0926666667e-01
        21   -7.5475276849e+00    5.8065309298e+01   -1.4996855543e+01    7.4493278586e+00    2.3041993400e+00   -1.7301054884e+01    3.0000000000e+03    3.5072564200e-01    7.0610833333e-01
        22   -7.4689608127e+00    5.7223452286e+01   -1.4522918051e+01    7.0539572384e+00    2.3497317962e+00   -1.6872649847e+01    3.0000000000e+03    3.6972680700e-01    7.0787500000e-01
        23   -7.5300496147e+00    5.8966017510e+01   -1.4765409436e+01    7.2353598215e+00    2.2529380265e+00   -1.7018347463e+01    3.0000000000e+03    3.4873340200e-01    7.1100000000e-01
        24   -7.5376774659e+00    5.8331321573e+01   -1.5539335459e+01    8.0016579933e+00    2.3167855992e+00   -1.7856121058e+01    3.0000000000e+03    3.4997763300e-01    7.0527500000e-01
        25   -7.5396767278e+00    5.8046649013e+01   -1.5065618276e+01    7.5259415482e+00    2.2827672569e+00   -1.7348385533e+01    3.0000000000e+03    3.6547446700e-01    7.0845833333e-01
        26   -7.5873856043e+00    5.8771675651e+01   -1.4715940456e+01    7.1285548520e+00    2.2538473213e+00   -1.6969787778e+01    3.0000000000e+03    3.5524240700e-01    7.0862500000e-01
        27   -7.5521940438e+00    5.9092480016e+01   -1.5683820933e+01    8.1316268893e+00    2.2885576199e+00   -1.7972378553e+01    3.0000000000e+03    3.7006325500e-01    7.0663333333e-01
        28   -7.4760145609e+00    5.7321588209e+01   -1.4462639997e+01    6.9866254359e+00    2.3088340702e+00   -1.6771474067e+01    3.0000000000e+03    3.6893106500e-01    7.0860833333e-01
        29   -7.5327287075e+00    5.7986495977e+01   -1.5488095822e+01    7.9553671141e+00    2.2508549683e+00   -1.7738950790e+01    3.0000000000e+03    3.5057739600e-01    7.1055000000e-01
        30   -7.5340723876e+00    5.8270793868e+01   -1.4736806618e+01    7.2027342307e+00    2.2706016326e+00   -1.7007408251e+01    3.0000000000e+03    3.6410677700e-01    7.0973333333e-01
        31   -7.5186122737e+00    5.9330867664e+01   -1.5185424280e+01    7.6668120059e+00    2.2852544100e+00   -1.7470678690e+01    3.0000000000e+03    3.3850803000e-01    7.0775000000e-01
        32   -7.5063913821e+00    5.7862176819e+01   -1.4753390615e+01    7.2469992329e+00    2.2894089431e+00   -1.7042799558e+01    3.0000000000e+03    3.6173716800e-01    7.0747500000e-01
        33   -7.5249814381e+00    5.8071356533e+01   -1.4660354788e+01    7.1353733495e+00    2.3157544486e+00   -1.6976109236e+01    3.0000000000e+03    3.5360663600e-01    7.0677500000e-01
        34   -7.5141827754e+00    5.7956130967e+01   -1.5543070880e+01    8.0288881046e+00    2.3563906006e+00   -1.7899461481e+01    3.0000000000e+03    3.8127560500e-01    7.0529166667e-01
        35   -7.5410954092e+00    5.8118463668e+01   -1.4530046456e+01    6.9889510464e+00    2.2374215259e+00   -1.6767467982e+01    3.0000000000e+03    3.2577235900e-01    7.1062500000e-01
        36   -7.5902404415e+00    5.8800602622e+01   -1.5584188288e+01    7.9939478466e+00    2.2376464985e+00   -1.7821834787e+01    3.0000000000e+03    3.5412406800e-01    7.0683333333e-01
        37   -7.5567114679e+00    5.9227800592e+01   -1.5188251815e+01    7.6315403475e+00    2.2901352973e+00   -1.7478387113e+01    3.0000000000e+03    3.3216440600e-01    7.0788333333e-01
        38   -7.5189180934e+00    5.9224338292e+01   -1.6293021696e+01    8.7741036024e+00    2.2795383150e+00   -1.8572560011e+01    3.0000000000e+03    3.3427434100e-01    7.0559166667e-01
        39   -7.5676593223e+00    5.8418689960e+01   -1.5161049578e+01    7.5933902556e+00    2.2237240650e+00   -1.7384773643e+01    3.0000000000e+03    3.5656608100e-01    7.0836666667e-01
        40   -7.4602206943e+00    5.9360982464e+01   -1.5074680953e+01    7.6144602587e+00    2.4066280443e+00   -1.7481308997e+01    3.0000000000e+03    3.3746226100e-01    7.0608333333e-01
        41   -7.5032453686e+00    5.8099709119e+01   -1.4551231303e+01    7.0479859344e+00    2.3258832676e+00   -1.6877114571e+01    3.0000000000e+03    3.3401804300e-01    7.0460833333e-01
        42   -7.4731929515e+00    5.8180160228e+01   -1.5050731325e+01    7.5775383736e+00    2.3626750283e+00   -1.7413406353e+01    3.0000000000e+03    3.7813564500e-01    7.0693333333e-01
        43   -7.4885676145e+00    5.7739411537e+01   -1.5240387732e+01    7.7518201174e+00    2.3646598400e+00   -1.7605047572e+01    3.0000000000e+03    3.3665162100e-01    7.0691666667e-01
        44   -7.4853281721e+00    5.7895311849e+01   -1.4707516879e+01    7.2221887071e+00    2.3296639346e+00   -1.7037180814e+01    3.0000000000e+03    3.5706582700e-01    7.0934166667e-01
        45   -7.5462426299e+00    5.8304772245e+01   -1.4737342548e+01    7.1910999181e+00    2.2673821499e+00   -1.7004724698e+01    3.0000000000e+03    3.6953744200e-01    7.0724166667e-01
        46   -7.5457909365e+00    5.8283782520e+01   -1.4292291390e+01    6.7465004530e+00    2.2368955304e+00   -1.6529186920e+01    3.0000000000e+03    3.5335625400e-01    7.1080000000e-01
        47   -7.5633427720e+00    5.8588005950e+01   -1.5335546915e+01    7.7722041428e+00    2.2831673193e+00   -1.7618714234e+01    3.0000000000e+03    3.3839781100e-01    7.0737500000e-01
        48   -7.5065543630e+00    5.8120746605e+01   -1.5003063458e+01    7.4965090948e+00    2.3631717472e+00   -1.7366235205e+01    3.0000000000e+03    3.5009636200e-01    7.0653333333e-01
        49   -7.5092573540e+00    5.7820988975e+01   -1.5735982446e+01    8.2267250916e+00    2.3335407101e+00   -1.8069523156e+01    3.0000000000e+03    3.4950358500e-01    7.0950833333e-01
        50   -7.5169021803e+00    5.8147648208e+01   -1.4236005042e+01    6.7191028617e+00    2.2739130570e+00   -1.6509918099e+01    3.0000000000e+03    3.7321307600e-01    7.1061666667e-01
        51   -7.5419820237e+00    5.8087257517e+01   -1.5120574456e+01    7.5785924323e+00    2.2764834161e+00   -1.7397057872e+01    3.0000000000e+03    3.8061734100e-01    7.1030000000e-01
        52   -7.4996160158e+00    5.7650393335e+01   -1.4234409917e+01    6.7347939015e+00    2.2533665181e+00   -1.6487776436e+01    3.0000000000e+03    3.4067821500e-01    7.0937500000e-01
        53   -7.5432078970e+00    5.7985280877e+01   -1.4903713797e+01    7.3605058998e+00    2.2332441917e+00   -1.7136957988e+01    3.0000000000e+03    3.4104514000e-01    7.0870000000e-01
        54   -7.5117885164e+00    5.7761738948e+01   -1.4980806904e+01    7.4690183875e+00    2.2712702642e+00   -1.7252077168e+01    3.0000000000e+03    3.2946938700e-01    7.0732500000e-01
        55   -7.4942960453e+00    5.7451783945e+01   -1.4287163841e+01    6.7928677962e+00    2.2863065701e+00   -1.6573470412e+01    3.0000000000e+03    3.4890857400e-01    7.1030000000e-01
        56   -7.5069335751e+00    5.7772813971e+01   -1.5518047416e+01    8.0111138414e+00    2.3006684469e+00   -1.7818715863e+01    3.0000000000e+03    3.6867134400e-01    7.0913333333e-01
        57   -7.5724354761e+00    5.8748147404e+01   -1.4028165355e+01    6.4557298785e+00    2.2136421534e+00   -1.6241807508e+01    3.0000000000e+03    3.4366619700e-01    7.1062500000e-01
        58   -7.5664396666e+00    5.8585259273e+01   -1.4619197230e+01    7.0527575631e+00    2.2402986356e+00   -1.6859495865e+01    3.0000000000e+03    3.3127609600e-01    7.1041666667e-01
        59   -7.5512949186e+00    5.8253673819e+01   -1.5389539243e+01    7.8382443242e+00    2.2971238210e+00   -1.7686663064e+01    3.0000000000e+03    3.4308840700e-01    7.0793333333e-01
        60   -7.5504792293e+00    5.8255973970e+01   -1.5614463754e+01    8.0639845248e+00    2.3259305568e+00   -1.7940394311e+01    3.0000000000e+03    3.4344797500e-01    7.0619166667e-01
        61   -7.5506742236e+00    5.8712398925e+01   -1.6743635532e+01    9.1929613082e+00    2.3195908643e+00   -1.9063226396e+01    3.0000000000e+03    3.6403407200e-01    7.0609166667e-01
        62   -7.5056430168e+00    5.8398093255e+01   -1.4644857017e+01    7.1392140005e+00    2.2846369934e+00   -1.6929494011e+01    3.0000000000e+03    3.5027224400e-01    7.0732500000e-01
        63   -7.5465322784e+00    5.8460510546e+01   -1.4346236085e+01    6.7997038063e+00    2.2151465812e+00   -1.6561382666e+01    3.0000000000e+03    3.4028860300e-01    7.0639166667e-01
        64   -7.4781415932e+00    5.8430483392e+01   -1.5319639226e+01    7.8414976325e+00    2.3555871697e+00   -1.7675226395e+01    3.0000000000e+03    3.2565934100e-01    7.0783333333e-01
        65   -7.5216991208e+00    5.7786371411e+01   -1.4546049308e+01    7.0243501871e+00    2.2856187386e+00   -1.6831668046e+01    3.0000000000e+03    3.7068286400e-01    7.0958333333e-01
        66   -7.5946448657e+00    5.8729412990e+01   -1.4662035229e+01    7.0673903634e+00    2.2210060615e+00   -1.6883041291e+01    3.0000000000e+03    3.7409225600e-01    7.0860000000e-01
        67   -7.5500808594e+00    5.8252695610e+01   -1.4966422940e+01    7.4163420810e+00    2.2762655202e+00   -1.7242688461e+01    3.0000000000e+03    3.6269272000e-01    7.0845833333e-01
        68   -7.5110851021e+00    5.8075398067e+01   -1.4730660978e+01    7.2195758761e+00    2.2891465849e+00   -1.7019807563e+01    3.0000000000e+03    3.5988192200e-01    7.0811666667e-01
        69   -7.5145058030e+00    5.7896327188e+01   -1.4647677139e+01    7.1331713361e+00    2.2604595916e+00   -1.6908136731e+01    3.0000000000e+03    3.5411663900e-01    7.1050833333e-01
        70   -7.5242349455e+00    5.8914803459e+01   -1.5503998528e+01    7.9797635824e+00    2.3057958707e+00   -1.7809794399e+01    3.0000000000e+03    3.6506070400e-01    7.0840000000e-01
        71   -7.5387086953e+00    5.8503437835e+01   -1.5213364780e+01    7.6746560843e+00    2.3327967866e+00   -1.7546161566e+01    3.0000000000e+03    3.6235929700e-01    7.0693333333e-01
        72   -7.5215320302e+00    5.8568142069e+01   -1.5093005635e+01    7.5714736047e+00    2.3207251190e+00   -1.7413730754e+01    3.0000000000e+03    4.5118189900e-01    7.0685833333e-01
        73   -7.5242547893e+00    5.8350889483e+01   -1.5461571491e+01    7.9373167018e+00    2.3639899427e+00   -1.7825561434e+01    3.0000000000e+03    4.0782684500e-01    7.0471666667e-01
        74   -7.5627917391e+00    5.8591834679e+01   -1.4750945198e+01    7.1881534584e+00    2.2410986801e+00   -1.6992043878e+01    3.0000000000e+03    3.7690565200e-01    7.0799166667e-01
        75   -7.5305203079e+00    5.8260029933e+01   -1.5018374765e+01    7.4878544575e+00    2.2663523741e+00   -1.7284727140e+01    3.0000000000e+03    4.1830281800e-01    7.0809166667e-01
        76   -7.5548558351e+00    5.8253312336e+01   -1.4572260572e+01    7.0174047365e+00    2.3121295707e+00   -1.6884390142e+01    3.0000000000e+03    3.6603097200e-01    7.0745000000e-01
        77   -7.5372041742e+00    5.8161745779e+01   -1.5207436112e+01    7.6702319373e+00    2.2437035258e+00   -1.7451139637e+01    3.0000000000e+03    3.5088036800e-01    7.0866666667e-01
        78   -7.5680792835e+00    5.8549044335e+01   -1.5141888699e+01    7.5738094160e+00    2.2883403205e+00   -1.7430229020e+01    3.0000000000e+03    3.6166437700e-01    7.0524166667e-01
        79   -7.5466399237e+00    5.8444565460e+01   -1.5210924835e+01    7.6642849113e+00    2.3206509473e+00   -1.7531575782e+01    3.0000000000e+03    3.3427305400e-01    7.0509166667e-01
        80   -7.5842649409e+00    5.9006753325e+01   -1.5518866073e+01    7.9346011316e+00    2.2884560348e+00   -1.7807322107e+01    3.0000000000e+03    3.4851907500e-01    7.0457500000e-01
        81   -7.5158188430e+00    5.8044983869e+01   -1.5362380134e+01    7.8465612907e+00    2.2564679655e+00   -1.7618848099e+01    3.0000000000e+03    3.3501867500e-01    7.0901666667e-01
        82   -7.5359151389e+00    5.8050948383e+01   -1.5939719472e+01    8.4038043335e+00    2.2823571132e+00   -1.8222076586e+01    3.0000000000e+03    3.5333768100e-01    7.0629166667e-01
        83   -7.5281330511e+00    5.9122430916e+01   -1.5095838185e+01    7.5677051343e+00    2.3476497871e+00   -1.7443487973e+01    3.0000000000e+03    4.4696091600e-01    7.0653333333e-01
        84   -7.5514656889e+00    5.8152589713e+01   -1.4962073256e+01    7.4106075669e+00    2.2758021737e+00   -1.7237875429e+01    3.0000000000e+03    3.3771229300e-01    7.0701666667e-01
        85   -7.5118027067e+00    5.8607039812e+01   -1.4977318608e+01    7.4655159008e+00    2.2986703087e+00   -1.7275988916e+01    3.0000000000e+03    3.5454423200e-01    7.0595833333e-01
        86   -7.4814099865e+00    5.8859880872e+01   -1.5717867723e+01    8.2364577367e+00    2.3393209125e+00   -1.8057188636e+01    3.0000000000e+03    3.9654361800e-01    7.0611666667e-01
        87   -7.4859327536e+00    5.9855437420e+01   -1.4150604970e+01    6.6646722167e+00    2.2874622238e+00   -1.6438067194e+01    3.0000000000e+03    3.6060007300e-01    7.0940000000e-01
        88   -7.4924846076e+00    5.7843409589e+01   -1.4922234227e+01    7.4297496196e+00    2.2953291604e+00   -1.7217563388e+01    3.0000000000e+03    3.8400907300e-01    7.0768333333e-01
        89   -7.5323795102e+00    5.8097105893e+01   -1.4806200898e+01    7.2738213874e+00    2.2497324190e+00   -1.7055933317e+01    3.0000000000e+03    3.6215590500e-01    7.1010833333e-01
        90   -7.4945332306e+00    5.9849972021e+01   -1.4547075329e+01    7.0525420983e+00    2.3174159985e+00   -1.6864491327e+01    3.0000000000e+03    4.1762053800e-01    7.0746666667e-01
        91   -7.5138920109e+00    5.8151574428e+01   -1.4684543802e+01    7.1706517909e+00    2.3062404132e+00   -1.6990784215e+01    3.0000000000e+03    4.1623497700e-01    7.0814166667e-01
        92   -7.5192906021e+00    5.7743456283e+01   -1.4644242677e+01    7.1249520750e+00    2.3117987505e+00   -1.6956041428e+01    3.0000000000e+03    3.7696526200e-01    7.0796666667e-01
        93   -7.5243095191e+00    5.7809017686e+01   -1.4111491857e+01    6.5871823380e+00    2.1996436877e+00   -1.6311135545e+01    3.0000000000e+03    3.4925937100e-01    7.1103333333e-01
        94   -7.5011821935e+00    5.8775953555e+01   -1.5509119686e+01    8.0079374921e+00    2.3554045681e+00   -1.7864524254e+01    3.0000000000e+03    4.0177381900e-01    7.0667500000e-01
        95   -7.5585053494e+00    5.8181849300e+01   -1.4457458133e+01    6.8989527837e+00    2.2147454528e+00   -1.6672203586e+01    3.0000000000e+03    3.6749264200e-01    7.1013333333e-01
        96   -7.5174670705e+00    5.8522176095e+01   -1.5082991357e+01    7.5655242867e+00    2.2858369328e+00   -1.7368828290e+01    3.0000000000e+03    3.6075085200e-01    7.0946666667e-01
        97   -7.5414100113e+00    5.8267982201e+01   -1.5224357960e+01    7.6829479488e+00    2.3224291931e+00   -1.7546787153e+01    3.0000000000e+03    3.7237445900e-01    7.0529166667e-01
        98   -7.4833296069e+00    5.8605068295e+01   -1.5099797503e+01    7.6164678965e+00    2.3221175943e+00   -1.7421915098e+01    3.0000000000e+03    3.8865113400e-01    7.0698333333e-01
        99   -7.4936923998e+00    5.8034905323e+01   -1.5804384191e+01    8.3106917916e+00    2.3377271986e+00   -1.8142111390e+01    3.0000000000e+03    3.7773635000e-01    7.0704166667e-01
       100   -7.4865284354e+00    5.7696232085e+01   -1.5778672064e+01    8.2921436290e+00    2.3469708086e+00   -1.8125642873e+01    3.0000000000e+03    3.9041669600e-01    7.0987500000e-01
       101   -7.5371443959e+00    5.8115646016e+01   -1.4613225159e+01    7.0760807630e+00    2.2764156238e+00   -1.6889640783e+01    3.0000000000e+03    3.4439849800e-01    7.0695833333e-01
       102   -7.5242195210e+00    5.8134421305e+01   -1.5779967931e+01    8.2557484098e+00    2.2923604152e+00   -1.8072328346e+01    3.0000000000e+03    3.3603533100e-01    7.0867500000e-01
       103   -7.5477889776e+00    5.8510549451e+01   -1.4946448456e+01    7.3986594784e+00    2.2789497928e+00   -1.7225398249e+01    3.0000000000e+03    3.6530171100e-01    7.0779166667e-01
       104   -7.5320180717e+00    5.8449406975e+01   -1.4689802932e+01    7.1577848601e+00    2.2719420019e+00   -1.6961744934e+01    3.0000000000e+03    3.6338952100e-01    7.0951666667e-01
       105   -7.5161973510e+00    5.9223022171e+01   -1.5431852814e+01    7.9156554634e+00    2.3183781445e+00   -1.7750230959e+01    3.0000000000e+03    3.4283611300e-01    7.0541666667e-01
       106   -7.5300238066e+00    5.7921312589e+01   -1.4205025827e+01    6.6750020199e+00    2.2513490243e+00   -1.6456374851e+01    3.0000000000e+03    3.7066439800e-01    7.0979166667e-01
       107   -7.4902337075e+00    6.2142535396e+01   -1.5223845581e+01    7.7336118738e+00    2.3531553954e+00   -1.7577000977e+01    3.0000000000e+03    3.4249642800e-01    7.0864166667e-01
       108   -7.5072507433e+00    5.8088620030e+01   -1.4456669865e+01    6.9494191217e+00    2.2833449316e+00   -1.6740014797e+01    3.0000000000e+03    3.6677404700e-01    7.0818333333e-01
       109   -7.5278220582e+00    5.8020759506e+01   -1.5329024872e+01    7.8012028143e+00    2.2707619829e+00   -1.7599786855e+01    3.0000000000e+03    3.5568510500e-01    7.1005000000e-01
       110   -7.5406157833e+00    5.8512073017e+01   -1.4985560598e+01    7.4449448149e+00    2.2448060770e+00   -1.7230366675e+01    3.0000000000e+03    3.4198878900e-01    7.0836666667e-01
       111   -7.5581994647e+00    5.8466835194e+01   -1.4475654551e+01    6.9174550862e+00    2.2511573570e+00   -1.6726811908e+01    3.0000000000e+03    3.5954388000e-01    7.0795833333e-01
       112   -7.5118853483e+00    5.7832581916e+01   -1.5564409879e+01    8.0525245305e+00    2.3528247642e+00   -1.7917234643e+01    3.0000000000e+03    3.2948169500e-01    7.0613333333e-01
       113   -7.5139373008e+00    5.8062015141e+01   -1.5289837035e+01    7.7758997344e+00    2.2848461057e+00   -1.7574683141e+01    3.0000000000e+03    3.3935882800e-01    7.0800833333e-01
       114   -7.5491268406e+00    5.8275381683e+01   -1.4601176969e+01    7.0520501282e+00    2.2501615828e+00   -1.6851338552e+01    3.0000000000e+03    3.8062588800e-01    7.0927500000e-01
       115   -7.5400862242e+00    5.8178552925e+01   -1.4758633610e+01    7.2185473861e+00    2.2408608398e+00   -1.6999494450e+01    3.0000000000e+03    3.5145618700e-01    7.0958333333e-01
       116   -7.5174156533e+00    5.7735276358e+01   -1.4560699550e+01    7.0432838967e+00    2.2971536436e+00   -1.6857853194e+01    3.0000000000e+03    3.4653567600e-01    7.1066666667e-01
       117   -7.6101845827e+00    5.9179954317e+01   -1.5054795804e+01    7.4446112212e+00    2.2171103405e+00   -1.7271906144e+01    3.0000000000e+03    3.9259152500e-01    7.0900833333e-01
       118   -7.4659642662e+00    6.0567093438e+01   -1.4155536175e+01    6.6895719087e+00    2.3919671262e+00   -1.6547503301e+01    3.0000000000e+03    3.5091179200e-01    7.0798333333e-01
       119   -7.5443182769e+00    5.8137778708e+01   -1.6253056884e+01    8.7087386075e+00    2.3234544179e+00   -1.8576511302e+01    3.0000000000e+03    3.4451471300e-01    7.0533333333e-01
       120   -7.5471726884e+00    5.8058437362e+01   -1.4534594456e+01    6.9874217672e+00    2.2220624946e+00   -1.6756656950e+01    3.0000000000e+03    3.4361385400e-01    7.0922500000e-01
       121   -7.5024512973e+00    5.9788178373e+01   -1.4943257711e+01    7.4408064142e+00    2.3450772322e+00   -1.7288334944e+01    3.0000000000e+03    3.5729922200e-01    7.0475000000e-01
       122   -7.5094469367e+00    5.7610456262e+01   -1.4918034451e+01    7.4085875145e+00    2.3102979794e+00   -1.7228332431e+01    3.0000000000e+03    3.3791659000e-01    7.0908333333e-01
       123   -7.5628780814e+00    5.8251134067e+01   -1.5031770429e+01    7.4688923478e+00    2.2269020691e+00   -1.7258672498e+01    3.0000000000e+03    3.3856315600e-01    7.0781666667e-01
       124   -7.5420353677e+00    5.8480288150e+01   -1.5488118317e+01    7.9460829494e+00    2.2494360971e+00   -1.7737554414e+01    3.0000000000e+03    3.3888281200e-01    7.0895000000e-01
       125   -7.5676356899e+00    5.8601341663e+01   -1.4194014348e+01    6.6263786583e+00    2.2244035506e+00   -1.6418417899e+01    3.0000000000e+03    3.4246346400e-01    7.0999166667e-01
       126   -7.5262832239e+00    5.8222281624e+01   -1.6024111903e+01    8.4978286793e+00    2.3454423795e+00   -1.8369554283e+01    3.0000000000e+03    4.8147605600e-01    7.0446666667e-01
       127   -7.4856312811e+00    5.7518932103e+01   -1.5200948681e+01    7.7153173995e+00    2.3242900331e+00   -1.7525238714e+01    3.0000000000e+03    4.5084465300e-01    7.0761666667e-01
       128   -7.5648595063e+00    5.8485406050e+01   -1.4934255263e+01    7.3693957571e+00    2.2768009198e+00   -1.7211056183e+01    3.0000000000e+03    3.9371627900e-01    7.0748333333e-01
       129   -7.5279662220e+00    5.8051413961e+01   -1.5164537664e+01    7.6365714424e+00    2.3024755671e+00   -1.7467013232e+01    3.0000000000e+03    3.5194048100e-01    7.0918333333e-01
       130   -7.5289960233e+00    5.8245444714e+01   -1.5516351273e+01    7.9873552502e+00    2.3116285218e+00   -1.7827979795e+01    3.0000000000e+03    3.4096684000e-01    7.0609166667e-01
       131   -7.5968612566e+00    5.8780524597e+01   -1.5319729498e+01    7.7228682412e+00    2.2248813900e+00   -1.7544610888e+01    3.0000000000e+03    3.3761304100e-01    7.0835000000e-01
       132   -7.5142625416e+00    5.9377808133e+01   -1.5028735025e+01    7.5144724829e+00    2.3199893705e+00   -1.7348724395e+01    3.0000000000e+03    3.3373600300e-01    7.0734166667e-01
       133   -7.5676724352e+00    5.8605147543e+01   -1.4741672735e+01    7.1740002998e+00    2.3085120904e+00   -1.7050184825e+01    3.0000000000e+03    3.3794498500e-01    7.0567500000e-01
       134   -7.4349068753e+00    6.0065833862e+01   -1.4532794792e+01    7.0978879164e+00    2.3365094929e+00   -1.6869304285e+01    3.0000000000e+03    3.4474683200e-01    7.0886666667e-01
       135   -7.5155942716e+00    5.8875526631e+01   -1.4383795241e+01    6.8682009693e+00    2.3119143028e+00   -1.6695709544e+01    3.0000000000e+03    3.5435771300e-01    7.0873333333e-01
       136   -7.5168575311e+00    5.8186759382e+01   -1.5073158242e+01    7.5563007112e+00    2.2868752497e+00   -1.7360033492e+01    3.0000000000e+03    3.8180564700e-01    7.0918333333e-01
       137   -7.5649506479e+00    5.8281278716e+01   -1.4392091873e+01    6.8271412253e+00    2.2395595953e+00   -1.6631651468e+01    3.0000000000e+03    3.3205688000e-01    7.0736666667e-01
       138   -7.5083394031e+00    5.8122744329e+01   -1.4731142189e+01    7.2228027857e+00    2.3305032748e+00   -1.7061645464e+01    3.0000000000e+03    3.5876746600e-01    7.0625000000e-01
       139   -7.5250298019e+00    5.8385425464e+01   -1.4889204469e+01    7.3641746670e+00    2.2550840783e+00   -1.7144288547e+01    3.0000000000e+03    3.7546577500e-01    7.0620000000e-01
       140   -7.5363064993e+00    5.8441283816e+01   -1.5036606039e+01    7.5002995398e+00    2.2506190534e+00   -1.7287225092e+01    3.0000000000e+03    3.6827922600e-01    7.0677500000e-01
       141   -7.5631900301e+00    5.8381903407e+01   -1.5397825809e+01    7.8346357794e+00    2.2250353751e+00   -1.7622861185e+01    3.0000000000e+03    3.6651258900e-01    7.1046666667e-01
       142   -7.5189949039e+00    5.7989766925e+01   -1.4443189547e+01    6.9241946428e+00    2.2881386898e+00   -1.6731328236e+01    3.0000000000e+03    3.3965018700e-01    7.0743333333e-01
       143   -7.5632666279e+00    5.8429401335e+01   -1.5613997034e+01    8.0507304061e+00    2.3154642022e+00   -1.7929461236e+01    3.0000000000e+03    3.2874492100e-01    7.0286666667e-01
       144   -7.5234798400e+00    5.9608878807e+01   -1.5177654014e+01    7.6541741737e+00    2.3099771303e+00   -1.7487631144e+01    3.0000000000e+03    3.6415972100e-01    7.0819166667e-01
       145   -7.5181110614e+00    5.8221704860e+01   -1.6339247000e+01    8.8211359385e+00    2.2881511447e+00   -1.8627398145e+01    3.0000000000e+03    3.7309710700e-01    7.0862500000e-01
       146   -7.4644328194e+00    5.7414939920e+01   -1.4109518181e+01    6.6450853612e+00    2.2403729189e+00   -1.6349891099e+01    3.0000000000e+03    3.2113486700e-01    7.1178333333e-01
       147   -7.5044191556e+00    5.8472279016e+01   -1.4552800773e+01    7.0483816173e+00    2.2728386725e+00   -1.6825639445e+01    3.0000000000e+03    3.5605479600e-01    7.0873333333e-01
       148   -7.5045425811e+00    5.8085821593e+01   -1.4536457461e+01    7.0319148802e+00    2.3520152955e+00   -1.6888472757e+01    3.0000000000e+03    3.3914894700e-01    7.0873333333e-01
       149   -7.5068397194e+00    5.7863255762e+01   -1.4976573915e+01    7.4697341954e+00    2.3327018131e+00   -1.7309275728e+01    3.0000000000e+03    3.4133327700e-01    7.0619166667e-01
       150   -7.5305224196e+00    5.7846453527e+01   -1.4870000115e+01    7.3394776950e+00    2.2427750102e+00   -1.7112775125e+01    3.0000000000e+03    3.4093764000e-01    7.0805000000e-01
       151   -7.5491595159e+00    5.8349270600e+01   -1.5120674291e+01    7.5715147752e+00    2.2363997483e+00   -1.7357074039e+01    3.0000000000e+03    3.4869986700e-01    7.0900833333e-01
       152   -7.5439177239e+00    5.8166860273e+01   -1.4600869691e+01    7.0569519668e+00    2.2786394593e+00   -1.6879509150e+01    3.0000000000e+03    3.5543005300e-01    7.0907500000e-01
       153   -7.5385406560e+00    5.8005776944e+01   -1.4947982661e+01    7.4094420054e+00    2.2563310082e+00   -1.7204313670e+01    3.0000000000e+03    3.3958826500e-01    7.0866666667e-01
       154   -7.4047423048e+00    6.1099523978e+01   -1.5040139898e+01    7.6353975932e+00    2.4246917967e+00   -1.7464831695e+01    3.0000000000e+03    3.7842022800e-01    7.0651666667e-01
       155   -7.5135937432e+00    5.8570803884e+01   -1.5163698675e+01    7.6501049317e+00    2.3089131053e+00   -1.7472611780e+01    3.0000000000e+03    3.5042048500e-01    7.0674166667e-01
       156   -7.5710418811e+00    5.9493509642e+01   -1.4837822137e+01    7.2667802555e+00    2.2811629796e+00   -1.7118985116e+01    3.0000000000e+03    3.7726145300e-01    7.0787500000e-01
       157   -7.5342220139e+00    5.8058626389e+01   -1.4748969778e+01    7.2147477638e+00    2.2193362577e+00   -1.6968306035e+01    3.0000000000e+03    3.5297205100e-01    7.0898333333e-01
       158   -7.5487116316e+00    5.8201611255e+01   -1.5567441765e+01    8.0187301330e+00    2.2801988088e+00   -1.7847640573e+01    3.0000000000e+03    3.4454020900e-01    7.0739166667e-01
       159   -7.5743675355e+00    5.8463954297e+01   -1.4759436959e+01    7.1850694238e+00    2.2316122943e+00   -1.6991049254e+01    3.0000000000e+03    3.7043234700e-01    7.0785000000e-01
       160   -7.5692621117e+00    5.8727296219e+01   -1.6018155584e+01    8.4488934724e+00    2.3173804525e+00   -1.8335536037e+01    3.0000000000e+03    3.5657409100e-01    7.0428333333e-01
       161   -7.5308076740e+00    5.8246677802e+01   -1.4285205560e+01    6.7543978862e+00    2.2534932151e+00   -1.6538698775e+01    3.0000000000e+03    3.6177680400e-01    7.1007500000e-01
       162   -7.5034576358e+00    5.8842828997e+01   -1.4404188280e+01    6.9007306439e+00    2.2532657350e+00   -1.6657454015e+01    3.0000000000e+03    3.5411773600e-01    7.1021666667e-01
       163   -7.5240544280e+00    5.8727629519e+01   -1.4576475683e+01    7.0524212553e+00    2.2759629390e+00   -1.6852438622e+01    3.0000000000e+03    3.5092446700e-01    7.1050833333e-01
       164   -7.5505758646e+00    5.8394039807e+01   -1.4932992189e+01    7.3824163242e+00    2.2594245874e+00   -1.7192416776e+01    3.0000000000e+03    3.3911707000e-01    7.1008333333e-01
       165   -7.4664665152e+00    5.7211642324e+01   -1.4454477232e+01    6.9880107170e+00    2.2437398530e+00   -1.6698217085e+01    3.0000000000e+03    3.2525723700e-01    7.1130000000e-01
       166   -7.5031628885e+00    5.8493545337e+01   -1.4385497571e+01    6.8823346828e+00    2.2581353950e+00   -1.6643632966e+01    3.0000000000e+03    3.5609261300e-01    7.1163333333e-01
       167   -7.5086774451e+00    5.7810461099e+01   -1.4544231505e+01    7.0355540598e+00    2.2565459454e+00   -1.6800777450e+01    3.0000000000e+03    4.1307770100e-01    7.0650833333e-01
       168   -7.5518578130e+00    5.8504186980e+01   -1.4552309576e+01    7.0004517631e+00    2.2877945348e+00   -1.6840104111e+01    3.0000000000e+03    3.6142938900e-01    7.0865833333e-01
       169   -7.5096023715e+00    5.7995328296e+01   -1.5671739037e+01    8.1621366660e+00    2.3461319593e+00   -1.8017870997e+01    3.0000000000e+03    3.8655235500e-01    7.0682500000e-01
       170   -7.5248249027e+00    5.7884704578e+01   -1.5619362153e+01    8.0945372500e+00    2.2785084033e+00   -1.7897870556e+01    3.0000000000e+03    3.8380948300e-01    7.0912500000e-01
       171   -7.5035193781e+00    5.9954772739e+01   -1.4540854461e+01    7.0373350826e+00    2.3225850957e+00   -1.6863439556e+01    3.0000000000e+03    3.3239198000e-01    7.0953333333e-01
       172   -7.5476679732e+00    5.8291889206e+01   -1.4638270470e+01    7.0906024964e+00    2.2867939229e+00   -1.6925064393e+01    3.0000000000e+03    3.8894162900e-01    7.0867500000e-01
       173   -7.4874307495e+00    5.7402641601e+01   -1.4340327387e+01    6.8528966374e+00    2.2881246022e+00   -1.6628451989e+01    3.0000000000e+03    3.6971039900e-01    7.0815000000e-01
       174   -7.5268690087e+00    5.7993919135e+01   -1.4322876641e+01    6.7960076321e+00    2.2612212455e+00   -1.6584097886e+01    3.0000000000e+03    3.8571729700e-01    7.0940000000e-01
       175   -7.4882883979e+00    5.9590158945e+01   -1.5760243526e+01    8.2719551283e+00    2.3725465871e+00   -1.8132790113e+01    3.0000000000e+03    3.6312210800e-01    7.0594166667e-01
       176   -7.5582899858e+00    5.8820545018e+01   -1.4669032049e+01    7.1107420633e+00    2.2264329375e+00   -1.6895464987e+01    3.0000000000e+03    3.3785939000e-01    7.1021666667e-01
       177   -7.5623626055e+00    5.8366935547e+01   -1.4909841508e+01    7.3474789028e+00    2.2595808432e+00   -1.7169422351e+01    3.0000000000e+03    4.1511610800e-01    7.0738333333e-01
       178   -7.5290077666e+00    5.8486557467e+01   -1.5249894803e+01    7.7208870364e+00    2.3077648947e+00   -1.7557659698e+01    3.0000000000e+03    3.4087083200e-01    7.0899166667e-01
       179   -7.5531146700e+00    5.8400664841e+01   -1.5664438685e+01    8.1113240154e+00    2.2757367841e+00   -1.7940175470e+01    3.0000000000e+03    3.5888333700e-01    7.0591666667e-01
       180   -7.5319343913e+00    5.7979774896e+01   -1.4573026538e+01    7.0410921463e+00    2.2467301529e+00   -1.6819756691e+01    3.0000000000e+03    3.6103214000e-01    7.0722500000e-01
       181   -7.5542345479e+00    5.8624162641e+01   -1.5110692056e+01    7.5564575080e+00    2.2632386411e+00   -1.7373930697e+01    3.0000000000e+03    3.6646142300e-01    7.0890833333e-01
       182   -7.5063895046e+00    5.7896892592e+01   -1.4295834767e+01    6.7894452620e+00    2.2696926114e+00   -1.6565527378e+01    3.0000000000e+03    3.8812718300e-01    7.0862500000e-01
       183   -7.5601415897e+00    5.8403312636e+01   -1.6068711211e+01    8.5085696218e+00    2.2664208267e+00   -1.8335132038e+01    3.0000000000e+03    3.4508368000e-01    7.0566666667e-01
       184   -7.5626955094e+00    5.8912481604e+01   -1.5112876039e+01    7.5501805298e+00    2.2846323225e+00   -1.7397508362e+01    3.0000000000e+03    3.7846961100e-01    7.0902500000e-01
       185   -7.5044483526e+00    5.8062311296e+01   -1.4474721994e+01    6.9702736411e+00    2.2809334167e+00   -1.6755655410e+01    3.0000000000e+03    3.3083392800e-01    7.0716666667e-01
       186   -7.5457051995e+00    5.8894766362e+01   -1.5297697374e+01    7.7519921742e+00    2.3160896803e+00   -1.7613787054e+01    3.0000000000e+03    3.3427407800e-01    7.0893333333e-01
       187   -7.5330629723e+00    5.8593855904e+01   -1.4833412765e+01    7.3003497931e+00    2.2848335941e+00   -1.7118246360e+01    3.0000000000e+03    3.3237827400e-01    7.0911666667e-01
       188   -7.5961072871e+00    5.8969355768e+01   -1.5245062187e+01    7.6489548999e+00    2.2444672163e+00   -1.7489529403e+01    3.0000000000e+03    3.2500636800e-01    7.0790833333e-01
       189   -7.5535711832e+00    5.8416328358e+01   -1.5016577733e+01    7.4630065495e+00    2.3308789368e+00   -1.7347456670e+01    3.0000000000e+03    3.8718748200e-01    7.0696666667e-01
       190   -7.5342089744e+00    5.8013637212e+01   -1.4698957397e+01    7.1647484223e+00    2.2424243504e+00   -1.6941381747e+01    3.0000000000e+03    3.5127180900e-01    7.0845833333e-01
       191   -7.5134732961e+00    5.7732495941e+01   -1.5045778207e+01    7.5323049112e+00    2.3091867743e+00   -1.7354964982e+01    3.0000000000e+03    3.4575834700e-01    7.0880833333e-01
       192   -7.4992274455e+00    5.7787480701e+01   -1.4416012669e+01    6.9167852240e+00    2.3092616666e+00   -1.6725274336e+01    3.0000000000e+03    3.4995572200e-01    7.0790833333e-01
       193   -7.4641901107e+00    5.8717851421e+01   -1.4830958008e+01    7.3667678972e+00    2.3372194721e+00   -1.7168177480e+01    3.0000000000e+03    3.3538348100e-01    7.0576666667e-01
       194   -7.5163761459e+00    5.7941358414e+01   -1.5592519321e+01    8.0761431754e+00    2.3201256118e+00   -1.7912644933e+01    3.0000000000e+03    3.5170386700e-01    7.0643333333e-01
       195   -7.5642684921e+00    5.8724159239e+01   -1.4443181931e+01    6.8789134391e+00    2.2114677695e+00   -1.6654649701e+01    3.0000000000e+03    3.8268257400e-01    7.1021666667e-01
       196   -7.5266962360e+00    5.7760129975e+01   -1.4599205648e+01    7.0725094115e+00    2.2551006651e+00   -1.6854306313e+01    3.0000000000e+03    3.4714964800e-01    7.0860833333e-01
       197   -7.5262605063e+00    5.7875271967e+01   -1.4970822631e+01    7.4445621247e+00    2.2919995379e+00   -1.7262822169e+01    3.0000000000e+03    3.6066439100e-01    7.0906666667e-01
       198   -7.4886946501e+00    5.7286626364e+01   -1.4237066493e+01    6.7483718429e+00    2.2204022185e+00   -1.6457468712e+01    3.0000000000e+03    3.8715677200e-01    7.1080833333e-01
       199   -7.5273097307e+00    5.8313152546e+01   -1.4437375238e+01    6.9100655071e+00    2.2738132886e+00   -1.6711188526e+01    3.0000000000e+03    3.3166015500e-01    7.1002500000e-01
       200   -7.5030634262e+00    5.7988042963e+01   -1.4221248203e+01    6.7181847771e+00    2.3014215143e+00   -1.6522669718e+01    3.0000000000e+03    3.5832389000e-01    7.0855000000e-01
       201   -7.5343348051e+00    5.8609860022e+01   -1.4706208686e+01    7.1718738813e+00    2.2565179950e+00   -1.6962726681e+01    3.0000000000e+03    3.7411279400e-01    7.0944166667e-01
       202   -7.5814682871e+00    5.8483437368e+01   -1.5167256661e+01    7.5857883743e+00    2.2160670893e+00   -1.7383323751e+01    3.0000000000e+03    3.5545378000e-01    7.0838333333e-01
       203   -7.5297569717e+00    5.9016569024e+01   -1.5948151024e+01    8.4183940520e+00    2.3340936570e+00   -1.8282244681e+01    3.0000000000e+03    3.5657836100e-01    7.0699166667e-01
       204   -7.5046679054e+00    5.7891300914e+01   -1.4313387380e+01    6.8087194743e+00    2.3353955138e+00   -1.6648782893e+01    3.0000000000e+03    3.5014800700e-01    7.0944166667e-01
       205   -7.5715567183e+00    5.8406648731e+01   -1.4815128806e+01    7.2435720878e+00    2.2360895776e+00   -1.7051218384e+01    3.0000000000e+03    3.3564649100e-01    7.1115000000e-01
       206   -7.5178620647e+00    5.8329345384e+01   -1.4967021190e+01    7.4491591258e+00    2.3343755444e+00   -1.7301396735e+01    3.0000000000e+03    3.6136868500e-01    7.0860833333e-01
       207   -7.5099448060e+00    5.7739224835e+01   -1.4107603810e+01    6.5976590044e+00    2.2402286996e+00   -1.6347832510e+01    3.0000000000e+03    3.3409410700e-01    7.0885833333e-01
       208   -7.4889325970e+00    5.7840913405e+01   -1.4796422942e+01    7.3074903449e+00    2.3089586005e+00   -1.7105381542e+01    3.0000000000e+03    3.4845364500e-01    7.0699166667e-01
       209   -7.5310807575e+00    5.8065312890e+01   -1.4898245864e+01    7.3671651062e+00    2.2835622588e+00   -1.7181808123e+01    3.0000000000e+03    3.5227029900e-01    7.0935000000e-01
       210   -7.5881418873e+00    5.8887552910e+01   -1.5647490164e+01    8.0593482767e+00    2.2788525308e+00   -1.7926342695e+01    3.0000000000e+03    3.6476423200e-01    7.0515000000e-01
       211   -7.5370863597e+00    5.8509697729e+01   -1.5198772136e+01    7.6616857759e+00    2.3320876213e+00   -1.7530859757e+01    3.0000000000e+03    3.4983964200e-01    7.0392500000e-01
       212   -7.5360971806e+00    5.8628619055e+01   -1.5460831946e+01    7.9247347651e+00    2.2853192998e+00   -1.7746151246e+01    3.0000000000e+03    3.7085989500e-01    7.0720000000e-01
       213   -7.4543706260e+00    5.7658858897e+01   -1.4678073020e+01    7.2237023937e+00    2.3525969217e+00   -1.7030669941e+01    3.0000000000e+03    3.7828898100e-01    7.0866666667e-01
       214   -7.4960050556e+00    5.7792429170e+01   -1.5185178870e+01    7.6891738140e+00    2.3385099986e+00   -1.7523688868e+01    3.0000000000e+03    3.3941101200e-01    7.0678333333e-01
       215   -7.5243341761e+00    5.7855289032e+01   -1.5251577058e+01    7.7272428821e+00    2.2426846787e+00   -1.7494261737e+01    3.0000000000e+03    3.4674912800e-01    7.0963333333e-01
       216   -7.5487784340e+00    5.8448745192e+01   -1.5230551808e+01    7.6817733742e+00    2.3177975654e+00   -1.7548349374e+01    3.0000000000e+03    3.5355155400e-01    7.0665000000e-01
       217   -7.4838780021e+00    5.7614555852e+01   -1.5063336634e+01    7.5794586318e+00    2.3644221180e+00   -1.7427758752e+01    3.0000000000e+03    3.3846862700e-01    7.0684166667e-01
       218   -7.5615827878e+00    5.8447045559e+01   -1.4675397262e+01    7.1138144742e+00    2.2498457018e+00   -1.6925242964e+01    3.0000000000e+03    3.7772472000e-01    7.0672500000e-01
       219   -7.5335073600e+00    5.8249536927e+01   -1.4881200036e+01    7.3476926756e+00    2.3161567580e+00   -1.7197356794e+01    3.0000000000e+03    3.2897579700e-01    7.0687500000e-01
       220   -7.5212989719e+00    5.8206470406e+01   -1.5753954001e+01    8.2326550290e+00    2.3307963853e+00   -1.8084750386e+01    3.0000000000e+03    3.3984945700e-01    7.0537500000e-01
       221   -7.4982802767e+00    5.7443632700e+01   -1.5146576037e+01    7.6482957605e+00    2.2713343150e+00   -1.7417910352e+01    3.0000000000e+03    3.5631878300e-01    7.0645833333e-01
       222   -7.4887244987e+00    5.8435727680e+01   -1.4595792561e+01    7.1070680619e+00    2.2650054659e+00   -1.6860798026e+01    3.0000000000e+03    3.6201006300e-01    7.1269166667e-01
       223   -7.5146457562e+00    5.8159128913e+01   -1.4533296833e+01    7.0186510768e+00    2.3019189953e+00   -1.6835215828e+01    3.0000000000e+03    3.7023561800e-01    7.0927500000e-01
       224   -7.5179702011e+00    5.8095837067e+01   -1.4404363320e+01    6.8863931189e+00    2.2610280785e+00   -1.6665391399e+01    3.0000000000e+03    3.4924462100e-01    7.0965833333e-01
       225   -7.4767970500e+00    5.7570688154e+01   -1.5250304762e+01    7.7735077117e+00    2.3422270388e+00   -1.7592531801e+01    3.0000000000e+03    3.5569666800e-01    7.0745000000e-01
       226   -7.5203921440e+00    5.8113483920e+01   -1.5409848653e+01    7.8894565093e+00    2.3648969031e+00   -1.7774745556e+01    3.0000000000e+03    3.8230932200e-01    7.0795000000e-01
       227   -7.5173096815e+00    5.7695728996e+01   -1.4614202098e+01    7.0968924166e+00    2.2570697242e+00   -1.6871271822e+01    3.0000000000e+03    3.3988692600e-01    7.0915833333e-01
       228   -7.5332626595e+00    5.7958205578e+01   -1.4355147605e+01    6.8218849454e+00    2.2601224441e+00   -1.6615270049e+01    3.0000000000e+03    3.4975917300e-01    7.0685833333e-01
       229   -7.5019228909e+00    5.8150872762e+01   -1.4643391821e+01    7.1414689306e+00    2.2292748610e+00   -1.6872666682e+01    3.0000000000e+03    3.7238026300e-01    7.1268333333e-01
       230   -7.4920229645e+00    5.7659876888e+01   -1.5091934369e+01    7.5999114045e+00    2.3331236938e+00   -1.7425058063e+01    3.0000000000e+03    3.3412230800e-01    7.0671666667e-01
       231   -7.5181406141e+00    5.8113618797e+01   -1.5625594860e+01    8.1074542462e+00    2.2913412669e+00   -1.7916936127e+01    3.0000000000e+03    3.3772802700e-01    7.0841666667e-01
       232   -7.5315349524e+00    5.8211335125e+01   -1.5499441500e+01    7.9679065475e+00    2.3217895824e+00   -1.7821231082e+01    3.0000000000e+03    3.3493954100e-01    7.0594166667e-01
       233   -7.5292895333e+00    5.8125348712e+01   -1.5128566307e+01    7.5992767732e+00    2.2816375969e+00   -1.7410203903e+01    3.0000000000e+03    3.2883827900e-01    7.0617500000e-01
       234   -7.4677970437e+00    5.7578820775e+01   -1.4884152638e+01    7.4163555942e+00    2.3517937377e+00   -1.7235946376e+01    3.0000000000e+03    3.4900157200e-01    7.0677500000e-01
       235   -7.5514154160e+00    5.8218987575e+01   -1.4380481547e+01    6.8290661309e+00    2.2493234504e+00   -1.6629804997e+01    3.0000000000e+03    3.4282280600e-01    7.0747500000e-01
       236   -7.5202858420e+00    5.7613298681e+01   -1.4739582559e+01    7.2192967170e+00    2.1989200453e+00   -1.6938502604e+01    3.0000000000e+03    3.6086091800e-01    7.1159166667e-01
       237   -7.4642359273e+00    5.9356179421e+01   -1.4897178740e+01    7.4329428127e+00    2.3393012367e+00   -1.7236479977e+01    3.0000000000e+03    3.5466399000e-01    7.0743333333e-01
       238   -7.5038720212e+00    5.8974418503e+01   -1.4365096345e+01    6.8612243236e+00    2.2587407044e+00   -1.6623837049e+01    3.0000000000e+03    4.1810600600e-01    7.0909166667e-01
       239   -7.4927098132e+00    5.8003843352e+01   -1.5320907142e+01    7.8281973290e+00    2.2912566735e+00   -1.7612163816e+01    3.0000000000e+03    5.1106221800e-01    7.0702500000e-01
       240   -7.5138770670e+00    5.7923549911e+01   -1.5377054813e+01    7.8631777464e+00    2.2770670389e+00   -1.7654121852e+01    3.0000000000e+03    3.9361783000e-01    7.0790000000e-01
       241   -7.5271355198e+00    5.8164041865e+01   -1.4405222841e+01    6.8780873210e+00    2.2795239357e+00   -1.6684746777e+01    3.0000000000e+03    3.8099946000e-01    7.0731666667e-01
       242   -7.5739622794e+00    5.8630723854e+01   -1.4204068645e+01    6.6301063658e+00    2.2047824095e+00   -1.6408851055e+01    3.0000000000e+03    3.7329369900e-01    7.0934166667e-01
       243   -7.4873417972e+00    5.7907041383e+01   -1.4812661862e+01    7.3253200650e+00    2.3191923226e+00   -1.7131854185e+01    3.0000000000e+03    3.6947486600e-01    7.0840000000e-01
       244   -7.4608764719e+00    5.7837706793e+01   -1.4564715028e+01    7.1038385556e+00    2.2916592625e+00   -1.6856374290e+01    3.0000000000e+03    3.4462739700e-01    7.0962500000e-01
       245   -7.5387188260e+00    5.8426675606e+01   -1.4425309068e+01    6.8865902421e+00    2.2254288987e+00   -1.6650737967e+01    3.0000000000e+03    3.8401498800e-01    7.1078333333e-01
       246   -7.4856893398e+00    5.7226302209e+01   -1.3958749423e+01    6.4730600832e+00    2.2393695103e+00   -1.6198118933e+01    3.0000000000e+03    3.6388988600e-01    7.0960000000e-01
       247   -7.5450227298e+00    5.8121024229e+01   -1.5359051390e+01    7.8140286600e+00    2.2963755247e+00   -1.7655426915e+01    3.0000000000e+03    3.4975803200e-01    7.0543333333e-01
       248   -7.4869848907e+00    5.7392320850e+01   -1.4381966071e+01    6.8949811802e+00    2.3658090493e+00   -1.6747775120e+01    3.0000000000e+03    3.3581516000e-01    7.0577500000e-01
       249   -7.4902990175e+00    5.7669172189e+01   -1.4643740537e+01    7.1534415195e+00    2.3133563948e+00   -1.6957096932e+01    3.0000000000e+03    3.3388336800e-01    7.0695000000e-01
       250   -7.5236160286e+00    5.7767016301e+01   -1.4036385982e+01    6.5127699537e+00    2.2004094674e+00   -1.6236795450e+01    3.0000000000e+03    3.4753828900e-01    7.0980833333e-01
       251   -7.5561777605e+00    5.8511083701e+01   -1.5658004020e+01    8.1018262597e+00    2.3278202263e+00   -1.7985824246e+01    3.0000000000e+03    3.6346441800e-01    7.0547500000e-01
       252   -7.5029858116e+00    5.7524464812e+01   -1.5132181267e+01    7.6291954550e+00    2.2789966836e+00   -1.7411177950e+01    3.0000000000e+03    3.5097499500e-01    7.0935833333e-01
       253   -7.5855244196e+00    5.8547055928e+01   -1.5521617638e+01    7.9360932188e+00    2.2261912932e+00   -1.7747808932e+01    3.0000000000e+03    3.4888173200e-01    7.0647500000e-01
       254   -7.5461210491e+00    5.8359947878e+01   -1.4794209383e+01    7.2480883340e+00    2.2505841386e+00   -1.7044793522e+01    3.0000000000e+03    3.6140811500e-01    7.0834166667e-01
       255   -7.5482715508e+00    5.8236027582e+01   -1.4820674422e+01    7.2724028709e+00    2.2463662685e+00   -1.7067040690e+01    3.0000000000e+03    3.8271693600e-01    7.1114166667e-01
       256   -7.5009062562e+00    5.8082575535e+01   -1.4923783516e+01    7.4228772599e+00    2.3353468453e+00   -1.7259130361e+01    3.0000000000e+03    3.7159761600e-01    7.0627500000e-01
       257   -7.4929784803e+00    5.7772901144e+01   -1.4632770157e+01    7.1397916772e+00    2.3320922867e+00   -1.6964862444e+01    3.0000000000e+03    3.3282058100e-01    7.0725000000e-01
       258   -7.5645181966e+00    5.8422132689e+01   -1.5573771512e+01    8.0092533150e+00    2.2834120876e+00   -1.7857183599e+01    3.0000000000e+03    3.8679088300e-01    7.0734166667e-01
       259   -7.5545765599e+00    5.8435940097e+01   -1.4959492033e+01    7.4049154729e+00    2.2130433753e+00   -1.7172535408e+01    3.0000000000e+03    3.3803134300e-01    7.0769166667e-01
       260   -7.5235896591e+00    5.8340507787e+01   -1.4298975366e+01    6.7753857070e+00    2.2396688922e+00   -1.6538644258e+01    3.0000000000e+03    3.4568259200e-01    7.0825833333e-01
       261   -7.4774594324e+00    5.7730630282e+01   -1.5478945889e+01    8.0014864562e+00    2.3472872821e+00   -1.7826233171e+01    3.0000000000e+03    3.4026525500e-01    7.0745833333e-01
       262   -7.5130738644e+00    5.8118733341e+01   -1.5196583644e+01    7.6835097796e+00    2.3306967035e+00   -1.7527280347e+01    3.0000000000e+03    4.6481462300e-01    7.0677500000e-01
       263   -7.5305444841e+00    5.8506039316e+01   -1.5232031340e+01    7.7014868564e+00    2.3863974659e+00   -1.7618428806e+01    3.0000000000e+03    3.3642702300e-01    7.0627500000e-01
       264   -7.5715057746e+00    5.8595155528e+01   -1.4764688019e+01    7.1931822443e+00    2.2054153101e+00   -1.6970103329e+01    3.0000000000e+03    3.3642327300e-01    7.1060833333e-01
       265   -7.5104055957e+00    5.7998295913e+01   -1.4394766140e+01    6.8843605439e+00    2.2624200960e+00   -1.6657186236e+01    3.0000000000e+03    3.5443091400e-01    7.0825833333e-01
       266   -7.5329659155e+00    5.8248555782e+01   -1.5529051754e+01    7.9960858381e+00    2.2709772774e+00   -1.7800029031e+01    3.0000000000e+03    3.2821236000e-01    7.0888333333e-01
       267   -7.5292872712e+00    5.8437120651e+01   -1.4924078228e+01    7.3947909564e+00    2.3020322821e+00   -1.7226110510e+01    3.0000000000e+03    3.8643156200e-01    7.0704166667e-01
       268   -7.5160682441e+00    5.8178587354e+01   -1.4822233205e+01    7.3061649614e+00    2.3179672328e+00   -1.7140200438e+01    3.0000000000e+03    3.4557829800e-01    7.0785000000e-01
       269   -7.5071756201e+00    5.7506176757e+01   -1.5691081570e+01    8.1839059502e+00    2.2882774064e+00   -1.7979358977e+01    3.0000000000e+03    3.2969754200e-01    7.1005000000e-01
       270   -7.5240374375e+00    5.8085113625e+01   -1.5954202441e+01    8.4301650039e+00    2.3213375542e+00   -1.8275539996e+01    3.0000000000e+03    3.5343126000e-01    7.0796666667e-01
       271   -7.5022458440e+00    5.7632869635e+01   -1.4987521700e+01    7.4852758563e+00    2.2474327563e+00   -1.7234954457e+01    3.0000000000e+03    3.6495110100e-01    7.1085000000e-01
       272   -7.5047705673e+00    5.8051045537e+01   -1.5658631670e+01    8.1538611031e+00    2.3203877457e+00   -1.7979019416e+01    3.0000000000e+03    3.3424462700e-01    7.0663333333e-01
       273   -7.5633528483e+00    5.8375613985e+01   -1.5437256708e+01    7.8739038594e+00    2.2591935320e+00   -1.7696450240e+01    3.0000000000e+03    3.7371015300e-01    7.0883333333e-01
       274   -7.5523392627e+00    5.8453397521e+01   -1.5179943764e+01    7.6276045011e+00    2.2877191000e+00   -1.7467662864e+01    3.0000000000e+03    3.4899973700e-01    7.0796666667e-01
       275   -7.5206229173e+00    5.7804549200e+01   -1.5093917744e+01    7.5732948263e+00    2.3352885349e+00   -1.7429206279e+01    3.0000000000e+03    3.4460169200e-01    7.0530000000e-01
       276   -7.5071430201e+00    5.7708640172e+01   -1.5108155699e+01    7.6010126788e+00    2.3226580139e+00   -1.7430813713e+01    3.0000000000e+03    3.4037029100e-01    7.0642500000e-01
       277   -7.5377391851e+00    5.8263088828e+01   -1.4892060912e+01    7.3543217272e+00    2.2431056564e+00   -1.7135166569e+01    3.0000000000e+03    3.4365482200e-01    7.0898333333e-01
       278   -7.4947972822e+00    5.7830129560e+01   -1.5562249220e+01    8.0674519376e+00    2.3635178393e+00   -1.7925767059e+01    3.0000000000e+03    3.8068582600e-01    7.0927500000e-01
       279   -7.4832821854e+00    6.2228936835e+01   -1.5179503290e+01    7.6962211048e+00    2.3653039470e+00   -1.7544807237e+01    3.0000000000e+03    3.6162695800e-01    7.0775000000e-01
       280   -7.5287952393e+00    5.8422517602e+01   -1.5539830674e+01    8.0110354343e+00    2.3106930313e+00   -1.7850523705e+01    3.0000000000e+03    3.3809043000e-01    7.0694166667e-01
       281   -7.5077935618e+00    5.7799324734e+01   -1.4934169822e+01    7.4263762597e+00    2.2465834298e+00   -1.7180753251e+01    3.0000000000e+03    3.3864164100e-01    7.1001666667e-01
       282   -7.5350628293e+00    5.8103230814e+01   -1.4804132028e+01    7.2690691986e+00    2.2531458939e+00   -1.7057277922e+01    3.0000000000e+03    3.5514441100e-01    7.0876666667e-01
       283   -7.5661039737e+00    5.8726260639e+01   -1.5035880510e+01    7.4697765360e+00    2.2958357595e+00   -1.7331716269e+01    3.0000000000e+03    3.2722794800e-01    7.0586666667e-01
       284   -7.4978289370e+00    5.8143207468e+01   -1.4268933680e+01    6.7711047427e+00    2.3388644690e+00   -1.6607798149e+01    3.0000000000e+03    3.4633136300e-01    7.0704166667e-01
       285   -7.5321397303e+00    5.8326022809e+01   -1.4870396750e+01    7.3382570200e+00    2.2349262449e+00   -1.7105322995e+01    3.0000000000e+03    3.5384949100e-01    7.0832500000e-01
       286   -7.5114451576e+00    5.7949485972e+01   -1.4931865939e+01    7.4204207814e+00    2.3139607201e+00   -1.7245826659e+01    3.0000000000e+03    3.5567516600e-01    7.0597500000e-01
       287   -7.5249473463e+00    5.7950449289e+01   -1.4698845491e+01    7.1738981443e+00    2.2791143594e+00   -1.6977959850e+01    3.0000000000e+03    3.5640593700e-01    7.0859166667e-01
       288   -7.4895512765e+00    5.7848338053e+01   -1.4654319869e+01    7.1647685927e+00    2.3086590010e+00   -1.6962978870e+01    3.0000000000e+03    3.8483192000e-01    7.0815833333e-01
       289   -7.5611435606e+00    6.1802245372e+01   -1.5634576190e+01    8.0734326296e+00    2.3243974441e+00   -1.7958973634e+01    3.0000000000e+03    3.4106449400e-01    7.0527500000e-01
       290   -7.5386969234e+00    5.8314162379e+01   -1.4909235055e+01    7.3705381319e+00    2.2640610643e+00   -1.7173296120e+01    3.0000000000e+03    3.5493625800e-01    7.0875833333e-01
       291   -7.5405323326e+00    5.8331975065e+01   -1.5029071444e+01    7.4885391115e+00    2.3016579520e+00   -1.7330729396e+01    3.0000000000e+03    3.4136274600e-01    7.0726666667e-01
       292   -7.5342952784e+00    5.8545634091e+01   -1.5340424540e+01    7.8061292613e+00    2.2874776651e+00   -1.7627902205e+01    3.0000000000e+03    3.4130823700e-01    7.0562500000e-01
       293   -7.5217227256e+00    5.7789047352e+01   -1.4412214282e+01    6.8904915563e+00    2.2638441026e+00   -1.6676058384e+01    3.0000000000e+03    3.5514779200e-01    7.0705833333e-01
       294   -7.5796496035e+00    5.8877222186e+01   -1.5421821162e+01    7.8421715585e+00    2.2419920649e+00   -1.7663813227e+01    3.0000000000e+03    3.9283131400e-01    7.0831666667e-01
       295   -7.4956565057e+00    5.7610001110e+01   -1.4407039064e+01    6.9113825587e+00    2.2881079196e+00   -1.6695146984e+01    3.0000000000e+03    3.5625549600e-01    7.0949166667e-01
       296   -7.4811395734e+00    5.7632717603e+01   -1.5478233037e+01    7.9970934633e+00    2.3429533205e+00   -1.7821186357e+01    3.0000000000e+03    3.8636277400e-01    7.0744166667e-01
       297   -7.5531321676e+00    5.8359226242e+01   -1.4451694810e+01    6.8985626419e+00    2.2354771025e+00   -1.6687171912e+01    3.0000000000e+03    3.3330530800e-01    7.0769166667e-01
       298   -7.4781183121e+00    5.7284397585e+01   -1.4311618107e+01    6.8334997948e+00    2.2672331486e+00   -1.6578851256e+01    3.0000000000e+03    3.4724407900e-01    7.0747500000e-01
       299   -7.5661057124e+00    5.8732432197e+01   -1.5717456185e+01    8.1513504728e+00    2.3106971639e+00   -1.8028153349e+01    3.0000000000e+03    3.5504515900e-01    7.0565000000e-01
       300   -7.4998148563e+00    5.8483555005e+01   -1.4869738365e+01    7.3699235091e+00    2.2560828654e+00   -1.7125821231e+01    3.0000000000e+03    3.4941768300e-01    7.1020833333e-01
       301   -7.5457252246e+00    5.8175757564e+01   -1.4775466662e+01    7.2297414370e+00    2.2852464046e+00   -1.7060713066e+01    3.0000000000e+03    3.7669859700e-01    7.0829166667e-01
       302   -7.5116169055e+00    5.8092749793e+01   -1.3877924021e+01    6.3663071156e+00    2.2289064107e+00   -1.6106830432e+01    3.0000000000e+03    3.2573808400e-01    7.1011666667e-01
       303   -7.4663229193e+00    6.0847444674e+01   -1.4937373750e+01    7.4710508309e+00    2.3476653091e+00   -1.7285039059e+01    3.0000000000e+03    3.3172682200e-01    7.0632500000e-01
       304   -7.5563660583e+00    5.8263933211e+01   -1.6035806020e+01    8.4794399615e+00    2.2870028891e+00   -1.8322808909e+01    3.0000000000e+03    3.2893620400e-01    7.0636666667e-01
       305   -7.5766567933e+00    5.8700325385e+01   -1.5746070748e+01    8.1694139547e+00    2.2713171978e+00   -1.8017387946e+01    3.0000000000e+03    3.3571483200e-01    7.0754166667e-01
       306   -7.5204951303e+00    5.7652184104e+01   -1.4770797042e+01    7.2503019114e+00    2.2693301964e+00   -1.7040127238e+01    3.0000000000e+03    3.5898267600e-01    7.0871666667e-01
       307   -7.4847714667e+00    5.7605451003e+01   -1.4121367837e+01    6.6365963698e+00    2.3177143297e+00   -1.6439082166e+01    3.0000000000e+03    3.8747828900e-01    7.0858333333e-01
       308   -7.4868176431e+00    5.7739726505e+01   -1.5122189644e+01    7.6353720013e+00    2.3405843439e+00   -1.7462773988e+01    3.0000000000e+03    3.4526730600e-01    7.0814166667e-01
       309   -7.5157440974e+00    5.7742302040e+01   -1.4548998156e+01    7.0332540583e+00    2.2672847868e+00   -1.6816282942e+01    3.0000000000e+03    3.4799871700e-01    7.0906666667e-01
       310   -7.5035329304e+00    5.7960509764e+01   -1.4812954084e+01    7.3094211539e+00    2.2829144099e+00   -1.7095868494e+01    3.0000000000e+03    3.4024175900e-01    7.0855833333e-01
       311   -7.5448379713e+00    5.8108572320e+01   -1.3963329976e+01    6.4184920051e+00    2.1999385630e+00   -1.6163268539e+01    3.0000000000e+03    3.5833763400e-01    7.1095000000e-01
       312   -7.5020832711e+00    5.7589953328e+01   -1.5280350719e+01    7.7782674478e+00    2.3337943793e+00   -1.7614145098e+01    3.0000000000e+03    3.4529450600e-01    7.0781666667e-01
       313   -7.5629528090e+00    5.8752447351e+01   -1.4743930276e+01    7.1809774667e+00    2.2835339754e+00   -1.7027464251e+01    3.0000000000e+03    3.6647672300e-01    7.0737500000e-01
       314   -7.5245273687e+00    5.8077088666e+01   -1.6022110801e+01    8.4975834322e+00    2.2602817643e+00   -1.8282392565e+01    3.0000000000e+03    3.3287003400e-01    7.0818333333e-01
       315   -7.5193008369e+00    5.8042693697e+01   -1.4333846191e+01    6.8145453538e+00    2.2606632723e+00   -1.6594509463e+01    3.0000000000e+03    3.5773286100e-01    7.1001666667e-01
       316   -7.5030579821e+00    5.7757467371e+01   -1.4517686629e+01    7.0146286470e+00    2.2731220768e+00   -1.6790808706e+01    3.0000000000e+03    3.4607476800e-01    7.0880833333e-01
       317   -7.5214043952e+00    5.8022892752e+01   -1.5101299929e+01    7.5798955342e+00    2.2607534316e+00   -1.7362053361e+01    3.0000000000e+03    3.3836599400e-01    7.0685000000e-01
       318   -7.5582622659e+00    5.9483957876e+01   -1.4789252372e+01    7.2309901062e+00    2.2641226839e+00   -1.7053375056e+01    3.0000000000e+03    3.5293881300e-01    7.0932500000e-01
       319   -7.5795943141e+00    5.8740794468e+01   -1.5245502714e+01    7.6659084004e+00    2.3103139881e+00   -1.7555816703e+01    3.0000000000e+03    3.4074504600e-01    7.0454166667e-01
       320   -7.5345236567e+00    5.8096165713e+01   -1.5017737491e+01    7.4832138345e+00    2.2919360104e+00   -1.7309673502e+01    3.0000000000e+03    3.4954970900e-01    7.0510000000e-01
       321   -7.5483884923e+00    5.8178232426e+01   -1.5056531070e+01    7.5081425774e+00    2.2630808745e+00   -1.7319611944e+01    3.0000000000e+03    3.6155114100e-01    7.0724166667e-01
       322   -7.5584756903e+00    5.8345685257e+01   -1.5248581752e+01    7.6901060620e+00    2.2790572034e+00   -1.7527638956e+01    3.0000000000e+03    3.8390209600e-01    7.0584166667e-01
       323   -7.5297310558e+00    5.8328676312e+01   -1.4261598597e+01    6.7318675411e+00    2.2646107096e+00   -1.6526209307e+01    3.0000000000e+03    3.3436814500e-01    7.0853333333e-01
       324   -7.4704905782e+00    5.8043724894e+01   -1.4423576694e+01    6.9530861162e+00    2.3245242090e+00   -1.6748100903e+01    3.0000000000e+03    3.7978648700e-01    7.1130000000e-01
       325   -7.5170289987e+00    5.7744151992e+01   -1.4556942146e+01    7.0399131476e+00    2.2600785666e+00   -1.6817020713e+01    3.0000000000e+03    3.5391274500e-01    7.0867500000e-01
       326   -7.5606365436e+00    5.8392926943e+01   -1.5174595115e+01    7.6139585714e+00    2.2546530268e+00   -1.7429248142e+01    3.0000000000e+03    3.3569355300e-01    7.0965833333e-01
       327   -7.5228906404e+00    5.8011331089e+01   -1.4587150741e+01    7.0642601004e+00    2.2563796575e+00   -1.6843530398e+01    3.0000000000e+03    3.5178523600e-01    7.0797500000e-01
       328   -7.5006320351e+00    5.7709575843e+01   -1.4039248827e+01    6.5386167921e+00    2.2443457163e+00   -1.6283594544e+01    3.0000000000e+03    3.2649683000e-01    7.1150833333e-01
       329   -7.5262802294e+00    5.7761776821e+01   -1.4502996885e+01    6.9767166558e+00    2.2467424763e+00   -1.6749739361e+01    3.0000000000e+03    3.5640984400e-01    7.0875833333e-01
       330   -7.5050857258e+00    5.7979387543e+01   -1.4289777471e+01    6.7846917448e+00    2.3142207452e+00   -1.6603998216e+01    3.0000000000e+03    3.4615399500e-01    7.0728333333e-01
       331   -7.5381974267e+00    5.8085629098e+01   -1.4808925594e+01    7.2707281675e+00    2.2508874339e+00   -1.7059813028e+01    3.0000000000e+03    3.3183615000e-01    7.0846666667e-01
       332   -7.5511699536e+00    5.8207280646e+01   -1.5341905518e+01    7.7907355643e+00    2.2822017019e+00   -1.7624107220e+01    3.0000000000e+03    3.5015181700e-01    7.0812500000e-01
       333   -7.5510422271e+00    5.8694874027e+01   -1.5105590489e+01    7.5545482614e+00    2.2344846437e+00   -1.7340075132e+01    3.0000000000e+03    3.4160022900e-01    7.1142500000e-01
       334   -7.5861638040e+00    5.8866314358e+01   -1.4979146024e+01    7.3929822197e+00    2.2495779199e+00   -1.7228723944e+01    3.0000000000e+03    3.8224507900e-01    7.0943333333e-01
       335   -7.5188742102e+00    5.8080482250e+01   -1.4865659291e+01    7.3467850812e+00    2.3219237090e+00   -1.7187583000e+01    3.0000000000e+03    3.6272050200e-01    7.0769166667e-01
       336   -7.5331428465e+00    5.8201490947e+01   -1.5438762130e+01    7.9056192837e+00    2.2537002185e+00   -1.7692462349e+01    3.0000000000e+03    3.6746274200e-01    7.0715833333e-01
       337   -7.4879892092e+00    5.9973756053e+01   -1.5129865294e+01    7.6418760844e+00    2.3016390709e+00   -1.7431504364e+01    3.0000000000e+03    3.8732821900e-01    7.0853333333e-01
       338   -7.5693905063e+00    5.8701126948e+01   -1.5545271470e+01    7.9758809641e+00    2.2349564264e+00   -1.7780227897e+01    3.0000000000e+03    3.7314610300e-01    7.0591666667e-01
       339   -7.5293971280e+00    5.7860745241e+01   -1.4517394775e+01    6.9879976475e+00    2.2399658760e+00   -1.6757360651e+01    3.0000000000e+03    3.4069656100e-01    7.0716666667e-01
       340   -7.5248388159e+00    5.7857710718e+01   -1.4048088036e+01    6.5232492203e+00    2.2378168851e+00   -1.6285904921e+01    3.0000000000e+03    3.7694621100e-01    7.0768333333e-01
       341   -7.4754157518e+00    5.7818504818e+01   -1.4354841068e+01    6.8794253160e+00    2.2566703755e+00   -1.6611511443e+01    3.0000000000e+03    3.4988336000e-01    7.1229166667e-01
       342   -7.5634634194e+00    5.8335345732e+01   -1.4943613368e+01    7.3801499485e+00    2.2632174530e+00   -1.7206830821e+01    3.0000000000e+03    3.2598496300e-01    7.0909166667e-01
       343   -7.5327168022e+00    5.8027895474e+01   -1.4608860340e+01    7.0761435377e+00    2.2691592866e+00   -1.6878019627e+01    3.0000000000e+03    3.5401919600e-01    7.0827500000e-01
       344   -7.4795635638e+00    5.8124980968e+01   -1.5723732190e+01    8.2441686257e+00    2.3340623126e+00   -1.8057794502e+01    3.0000000000e+03    4.1938738000e-01    7.0672500000e-01
       345   -7.4800051264e+00    5.8053400904e+01   -1.4344405339e+01    6.8644002128e+00    2.3109134557e+00   -1.6655318795e+01    3.0000000000e+03    3.7484192400e-01    7.0936666667e-01
       346   -7.5547391148e+00    5.8272982424e+01   -1.4756708310e+01    7.2019691954e+00    2.1870869780e+00   -1.6943795288e+01    3.0000000000e+03    4.1631929000e-01    7.0830000000e-01
       347   -7.5407673234e+00    5.8103798440e+01   -1.4232975393e+01    6.6922080697e+00    2.2673426001e+00   -1.6500317993e+01    3.0000000000e+03    3.4883039900e-01    7.0975000000e-01
       348   -7.4925282398e+00    5.7953569296e+01   -1.4270279559e+01    6.7777513194e+00    2.3445221320e+00   -1.6614801691e+01    3.0000000000e+03    3.5410397900e-01    7.0778333333e-01
       349   -7.5091401736e+00    5.8012361220e+01   -1.5788781561e+01    8.2796413873e+00    2.3019957180e+00   -1.8090777279e+01    3.0000000000e+03    3.3257284200e-01    7.0760000000e-01
       350   -7.5034093408e+00    5.7673272062e+01   -1.4284598365e+01    6.7811890246e+00    2.2209958608e+00   -1.6505594226e+01    3.0000000000e+03    3.4121742100e-01    7.1151666667e-01
       351   -7.4983929548e+00    5.7641243711e+01   -1.4740061477e+01    7.2416685221e+00    2.3117827833e+00   -1.7051844260e+01    3.0000000000e+03    3.4862912900e-01    7.0875833333e-01
       352   -7.5278558971e+00    5.7761961565e+01   -1.5612141292e+01    8.0842853951e+00    2.2808783305e+00   -1.7893019623e+01    3.0000000000e+03    3.9666950100e-01    7.0978333333e-01
       353   -7.5219254512e+00    5.8154994806e+01   -1.5443360538e+01    7.9214350869e+00    2.3157707275e+00   -1.7759131266e+01    3.0000000000e+03    3.3461329800e-01    7.0670833333e-01
       354   -7.5349976541e+00    5.8012916287e+01   -1.4640251264e+01    7.1052536099e+00    2.2379964549e+00   -1.6878247719e+01    3.0000000000e+03    3.6353807200e-01    7.0828333333e-01
       355   -7.5327862473e+00    5.8540612886e+01   -1.5917090596e+01    8.3843043491e+00    2.2793468137e+00   -1.8196437410e+01    3.0000000000e+03    3.3387935800e-01    7.0732500000e-01
       356   -7.5894493449e+00    5.8645269656e+01   -1.5456939808e+01    7.8674904633e+00    2.2485518541e+00   -1.7705491662e+01    3.0000000000e+03    3.3782203800e-01    7.0538333333e-01
       357   -7.5062741278e+00    5.7812880875e+01   -1.4674782713e+01    7.1685085856e+00    2.2965124191e+00   -1.6971295132e+01    3.0000000000e+03    3.5318798900e-01    7.1062500000e-01
       358   -7.5548173775e+00    5.8917954882e+01   -1.5306417416e+01    7.7516000383e+00    2.2873453339e+00   -1.7593762750e+01    3.0000000000e+03    3.5712611500e-01    7.0621666667e-01
       359   -7.5325667767e+00    5.8575941269e+01   -1.5644687740e+01    8.1121209636e+00    2.3601891227e+00   -1.8004876863e+01    3.0000000000e+03    3.4304136100e-01    7.0491666667e-01
       360   -7.5111899744e+00    5.7730026274e+01   -1.4260479090e+01    6.7492891161e+00    2.2572065710e+00   -1.6517685661e+01    3.0000000000e+03    3.4159349100e-01    7.1070833333e-01
       361   -7.5006076290e+00    5.8063247549e+01   -1.5246887504e+01    7.7462798753e+00    2.3459983452e+00   -1.7592885849e+01    3.0000000000e+03    3.2965225700e-01    7.0701666667e-01
       362   -7.4925350062e+00    5.7765667326e+01   -1.4749401920e+01    7.2568669142e+00    2.2366080735e+00   -1.6986009994e+01    3.0000000000e+03    3.4004527700e-01    7.1079166667e-01
       363   -7.5113223526e+00    5.7608522100e+01   -1.5067913361e+01    7.5565910088e+00    2.3303337992e+00   -1.7398247161e+01    3.0000000000e+03    3.6386692200e-01    7.0775000000e-01
       364   -7.5644488772e+00    5.8724450364e+01   -1.5861554528e+01    8.2971056505e+00    2.2975697662e+00   -1.8159124294e+01    3.0000000000e+03    3.3897650400e-01    7.0791666667e-01
       365   -7.5678424955e+00    5.8537720961e+01   -1.5104076556e+01    7.5362340601e+00    2.2859867334e+00   -1.7390063289e+01    3.0000000000e+03    3.3363647100e-01    7.0745000000e-01
       366   -7.4340541765e+00    5.8375021856e+01   -1.4800466347e+01    7.3664121708e+00    2.3280212994e+00   -1.7128487647e+01    3.0000000000e+03    3.3984841700e-01    7.0803333333e-01
       367   -7.5187569492e+00    5.7995983361e+01   -1.4714239204e+01    7.1954822550e+00    2.2605687630e+00   -1.6974807967e+01    3.0000000000e+03    3.4642494800e-01    7.0980000000e-01
       368   -7.5271670425e+00    5.7889174018e+01   -1.4877873410e+01    7.3507063675e+00    2.2749540025e+00   -1.7152827412e+01    3.0000000000e+03    3.4053147100e-01    7.0750000000e-01
       369   -7.4698289707e+00    5.9890834432e+01   -1.5168873509e+01    7.6990445387e+00    2.3424634604e+00   -1.7511336970e+01    3.0000000000e+03    3.4391751900e-01    7.0736666667e-01
       370   -7.4942150759e+00    5.7704272735e+01   -1.5243456295e+01    7.7492412188e+00    2.3559599647e+00   -1.7599416259e+01    3.0000000000e+03    3.4764516900e-01    7.0749166667e-01
       371   -7.5710634564e+00    5.8625438610e+01   -1.5907107567e+01    8.3360441108e+00    2.2668800736e+00   -1.8173987641e+01    3.0000000000e+03    3.4889444200e-01    7.0640000000e-01
       372   -7.5802273327e+00    5.8540024602e+01   -1.4707071557e+01    7.1268442241e+00    2.2155786085e+00   -1.6922650165e+01    3.0000000000e+03    3.4641255000e-01    7.0950000000e-01
       373   -7.4894410068e+00    5.8913396689e+01   -1.4435092327e+01    6.9456513207e+00    2.2605036671e+00   -1.6695595995e+01    3.0000000000e+03    3.6038775700e-01    7.0960833333e-01
       374   -7.5340488251e+00    5.8127902277e+01   -1.5414779562e+01    7.8807307371e+00    2.2274060575e+00   -1.7642185620e+01    3.0000000000e+03    3.4313247100e-01    7.0889166667e-01
       375   -7.5476891106e+00    5.8673318914e+01   -1.5405109732e+01    7.8574206216e+00    2.3133634535e+00   -1.7718473186e+01    3.0000000000e+03    3.4682126600e-01    7.0580000000e-01
       376   -7.5157151890e+00    5.7631851173e+01   -1.4627659074e+01    7.1119438851e+00    2.2624430637e+00   -1.6890102138e+01    3.0000000000e+03    3.3573148100e-01    7.0748333333e-01
       377   -7.5294953037e+00    5.8209013200e+01   -1.5978471404e+01    8.4489761004e+00    2.3032520123e+00   -1.8281723416e+01    3.0000000000e+03    3.3747805500e-01    7.0701666667e-01
       378   -7.5473067061e+00    5.8660569875e+01   -1.5540576010e+01    7.9932693035e+00    2.3211571280e+00   -1.7861733138e+01    3.0000000000e+03    3.4472617600e-01    7.0671666667e-01
       379   -7.5695154831e+00    5.8638569700e+01   -1.4510069692e+01    6.9405542088e+00    2.2186547088e+00   -1.6728724401e+01    3.0000000000e+03    3.5471672900e-01    7.0906666667e-01
       380   -7.4771033143e+00    5.7729243308e+01   -1.4780714149e+01    7.3036108347e+00    2.3211543621e+00   -1.7101868511e+01    3.0000000000e+03    3.9110935800e-01    7.0584166667e-01
       381   -7.5465030216e+00    5.8267721321e+01   -1.4856311005e+01    7.3098079835e+00    2.2788589274e+00   -1.7135169933e+01    3.0000000000e+03    3.6275341000e-01    7.0910000000e-01
       382   -7.5048421269e+00    5.7903039595e+01   -1.6065101465e+01    8.5602593382e+00    2.3512700818e+00   -1.8416371547e+01    3.0000000000e+03    3.3401083600e-01    7.0715000000e-01
       383   -7.5681370813e+00    5.8467750856e+01   -1.5321790871e+01    7.7536537901e+00    2.2326174709e+00   -1.7554408342e+01    3.0000000000e+03    3.3946174600e-01    7.1038333333e-01
       384   -7.5612051265e+00    5.8299279300e+01   -1.4630410198e+01    7.0692050713e+00    2.1897358206e+00   -1.6820146018e+01    3.0000000000e+03    4.0761860700e-01    7.0850000000e-01
       385   -7.5500061713e+00    5.8469937136e+01   -1.5086341210e+01    7.5363350390e+00    2.2941738650e+00   -1.7380515075e+01    3.0000000000e+03    3.5989292700e-01    7.0802500000e-01
       386   -7.5221169315e+00    5.7959539843e+01   -1.5124708049e+01    7.6025911177e+00    2.2988823100e+00   -1.7423590359e+01    3.0000000000e+03    3.4474625800e-01    7.0632500000e-01
       387   -7.5505503528e+00    5.8719339960e+01   -1.4789684435e+01    7.2391340824e+00    2.2097386832e+00   -1.6999423118e+01    3.0000000000e+03    3.2934593400e-01    7.1100000000e-01
       388   -7.5320507726e+00    5.8164674887e+01   -1.4452052594e+01    6.9200018217e+00    2.3018190365e+00   -1.6753871631e+01    3.0000000000e+03    3.6962619100e-01    7.0735833333e-01
       389   -7.5270126683e+00    5.8200447981e+01   -1.5450004356e+01    7.9229916880e+00    2.3204715710e+00   -1.7770475927e+01    3.0000000000e+03    3.6543733500e-01    7.0710833333e-01
       390   -7.4970345545e+00    5.7687836812e+01   -1.5028309718e+01    7.5312751638e+00    2.3050384582e+00   -1.7333348177e+01    3.0000000000e+03    3.4186083500e-01    7.0662500000e-01
       391   -7.5472143984e+00    5.8207138747e+01   -1.4907133364e+01    7.3599189653e+00    2.2452998792e+00   -1.7152433243e+01    3.0000000000e+03    3.3647544700e-01    7.0902500000e-01
       392   -7.5582695985e+00    5.8270593125e+01   -1.4955848549e+01    7.3975789507e+00    2.2830911213e+00   -1.7238939671e+01    3.0000000000e+03    3.2871706100e-01    7.0779166667e-01
       393   -7.5490554830e+00    5.8620716561e+01   -1.5552887741e+01    8.0038322576e+00    2.3565898538e+00   -1.7909477594e+01    3.0000000000e+03    3.5347829300e-01    7.0262500000e-01
       394   -7.4954740323e+00    5.7831055707e+01   -1.4551417264e+01    7.0559432316e+00    2.3241578727e+00   -1.6875575137e+01    3.0000000000e+03    3.3072707900e-01    7.0810000000e-01
       395   -7.5363053128e+00    5.8838799331e+01   -1.4713789948e+01    7.1774846350e+00    2.2830234701e+00   -1.6996813418e+01    3.0000000000e+03    3.4232454200e-01    7.1006666667e-01
       396   -7.5100035566e+00    5.8375466725e+01   -1.4339858500e+01    6.8298549433e+00    2.2791863031e+00   -1.6619044803e+01    3.0000000000e+03    3.3787460000e-01    7.0786666667e-01
       397   -7.5786584449e+00    6.0199474707e+01   -1.5129637041e+01    7.5509785962e+00    2.2591544974e+00   -1.7388791539e+01    3.0000000000e+03    3.5420280200e-01    7.0903333333e-01
       398   -7.5265298847e+00    5.8827753771e+01   -1.5016740490e+01    7.4902106052e+00    2.2837621098e+00   -1.7300502600e+01    3.0000000000e+03    3.6749500500e-01    7.0869166667e-01
       399   -7.4571941401e+00    5.6920667154e+01   -1.4263876162e+01    6.8066820218e+00    2.2628288022e+00   -1.6526704964e+01    3.0000000000e+03    3.7622912800e-01    7.0922500000e-01
       400   -7.5071623921e+00    5.7836606150e+01   -1.7331555032e+01    9.8243926403e+00    2.2834078436e+00   -1.9614962876e+01    3.0000000000e+03    3.5136922200e-01    7.0758333333e-01
       401   -7.4941672594e+00    5.8163884479e+01   -1.5875315642e+01    8.3811483830e+00    2.3533908226e+00   -1.8228706465e+01    3.0000000000e+03    3.4371088800e-01    7.0639166667e-01
       402   -7.5790488259e+00    5.8420557326e+01   -1.4766890833e+01    7.1878420067e+00    2.2201662367e+00   -1.6987057069e+01    3.0000000000e+03    3.3541313400e-01    7.1093333333e-01
       403   -7.5879105785e+00    5.9488016974e+01   -1.5830718835e+01    8.2428082563e+00    2.3577631984e+00   -1.8188482033e+01    3.0000000000e+03    3.5862182200e-01    7.0415833333e-01
       404   -7.5610605662e+00    5.8193524859e+01   -1.4343683593e+01    6.7826230270e+00    2.2225780411e+00   -1.6566261634e+01    3.0000000000e+03    3.6068353500e-01    7.1047500000e-01
       405   -7.5480191797e+00    5.8432689402e+01   -1.5386008710e+01    7.8379895303e+00    2.3114172857e+00   -1.7697425996e+01    3.0000000000e+03    3.5717427500e-01    7.0759166667e-01
       406   -7.5487988209e+00    5.8153967323e+01   -1.4732680140e+01    7.1838813193e+00    2.2890543000e+00   -1.7021734440e+01    3.0000000000e+03    3.4960061300e-01    7.0988333333e-01
       407   -7.5683033860e+00    5.8998123135e+01   -1.5487706906e+01    7.9194035195e+00    2.2585726518e+00   -1.7746279557e+01    3.0000000000e+03    3.7022122100e-01    7.0705833333e-01
       408   -7.5498237830e+00    5.9264233376e+01   -1.5563188046e+01    8.0133642632e+00    2.3038053687e+00   -1.7866993415e+01    3.0000000000e+03    4.3864745400e-01    7.0825833333e-01
       409   -7.5197643103e+00    5.7924995277e+01   -1.4966397241e+01    7.4466329304e+00    2.2893516293e+00   -1.7255748870e+01    3.0000000000e+03    3.8706790500e-01    7.0675000000e-01
       410   -7.5664232686e+00    5.8539010542e+01   -1.4779415885e+01    7.2129926160e+00    2.2777266849e+00   -1.7057142570e+01    3.0000000000e+03    3.4661583400e-01    7.0690833333e-01
       411   -7.5467226385e+00    5.8180313074e+01   -1.4911357142e+01    7.3646345033e+00    2.2851959266e+00   -1.7196553068e+01    3.0000000000e+03    3.4101658300e-01    7.0701666667e-01
       412   -7.5381269129e+00    5.8472486874e+01   -1.5217330424e+01    7.6792035115e+00    2.2949411068e+00   -1.7512271531e+01    3.0000000000e+03    3.3821026500e-01    7.0833333333e-01
       413   -7.5630744139e+00    5.8693141392e+01   -1.5613337240e+01    8.0502628265e+00    2.3008787884e+00   -1.7914216029e+01    3.0000000000e+03    3.2911269100e-01    7.0741666667e-01
       414   -7.5047390055e+00    5.7536246864e+01   -1.4240851511e+01    6.7361125059e+00    2.2748428649e+00   -1.6515694376e+01    3.0000000000e+03    3.3619972800e-01    7.0993333333e-01
       415   -7.4922357103e+00    5.7875315493e+01   -1.4223554359e+01    6.7313186483e+00    2.2837903884e+00   -1.6507344747e+01    3.0000000000e+03    3.8476321200e-01    7.0904166667e-01
       416   -7.5769688861e+00    5.8458372102e+01   -1.5327059352e+01    7.7500904662e+00    2.2456984020e+00   -1.7572757754e+01    3.0000000000e+03    3.4358406700e-01    7.0825000000e-01
       417   -7.5090032075e+00    6.0199701454e+01   -1.5119623992e+01    7.6106207844e+00    2.3329553731e+00   -1.7452579365e+01    3.0000000000e+03    3.5679006500e-01    7.0652500000e-01
       418   -7.5299968999e+00    5.8361505286e+01   -1.5254524660e+01    7.7245277604e+00    2.2979866955e+00   -1.7552511356e+01    3.0000000000e+03    3.4648502300e-01    7.0845833333e-01
       419   -7.5007726848e+00    5.7576635804e+01   -1.3879814232e+01    6.3790415468e+00    2.2347049363e+00   -1.6114519168e+01    3.0000000000e+03    3.3441360400e-01    7.1131666667e-01
       420   -7.5313832471e+00    5.9076341121e+01   -1.4500087840e+01    6.9687045926e+00    2.2568450626e+00   -1.6756932902e+01    3.0000000000e+03    3.4177584900e-01    7.0967500000e-01
       421   -7.5784144644e+00    5.8558552319e+01   -1.5424007671e+01    7.8455932067e+00    2.2687838413e+00   -1.7692791512e+01    3.0000000000e+03    3.6385223700e-01    7.0778333333e-01
       422   -7.5507329482e+00    5.8431492026e+01   -1.4704004707e+01    7.1532717587e+00    2.3060651368e+00   -1.7010069844e+01    3.0000000000e+03    3.3461114800e-01    7.0720833333e-01
       423   -7.5487691199e+00    5.8042214185e+01   -1.4463733825e+01    6.9149647050e+00    2.2093639603e+00   -1.6673097785e+01    3.0000000000e+03    3.3887613100e-01    7.0813333333e-01
       424   -7.5021470097e+00    5.7951705336e+01   -1.4367751311e+01    6.8656043016e+00    2.2549150551e+00   -1.6622666366e+01    3.0000000000e+03    3.3920773600e-01    7.0970833333e-01
       425   -7.5276742645e+00    5.8105388471e+01   -1.4382080799e+01    6.8544065349e+00    2.2664801205e+00   -1.6648560920e+01    3.0000000000e+03    3.8152682000e-01    7.0746666667e-01
       426   -7.4794971144e+00    5.8104186032e+01   -1.4991524023e+01    7.5120269090e+00    2.3198167121e+00   -1.7311340735e+01    3.0000000000e+03    3.8527028100e-01    7.0862500000e-01
       427   -7.5580216666e+00    5.8504455899e+01   -1.5173456599e+01    7.6154349325e+00    2.2080990944e+00   -1.7381555694e+01    3.0000000000e+03    3.4011666500e-01    7.1042500000e-01
       428   -7.5332271091e+00    5.8145868169e+01   -1.5183531090e+01    7.6503039810e+00    2.2817176766e+00   -1.7465248767e+01    3.0000000000e+03    3.5119545100e-01    7.0855833333e-01
       429   -7.5217294771e+00    5.7780840413e+01   -1.3992089668e+01    6.4703601906e+00    2.2497269542e+00   -1.6241816622e+01    3.0000000000e+03    3.9845409200e-01    7.1152500000e-01
       430   -7.5677093174e+00    5.8699809617e+01   -1.5174710615e+01    7.6070012975e+00    2.3099778141e+00   -1.7484688429e+01    3.0000000000e+03    3.5097900300e-01    7.0849166667e-01
       431   -7.5093408480e+00    5.8149486275e+01   -1.4439430903e+01    6.9300900548e+00    2.2846243296e+00   -1.6724055232e+01    3.0000000000e+03    3.4931885200e-01    7.0954166667e-01
       432   -7.5878368150e+00    5.8947968676e+01   -1.5497146930e+01    7.9093101152e+00    2.2668844853e+00   -1.7764031416e+01    3.0000000000e+03    3.5929821900e-01    7.0524166667e-01
       433   -7.5241178517e+00    5.7969966611e+01   -1.4971143837e+01    7.4470259855e+00    2.2697384960e+00   -1.7240882333e+01    3.0000000000e+03    3.3281866600e-01    7.0900833333e-01
       434   -7.5359372448e+00    5.8041820237e+01   -1.5246420591e+01    7.7104833462e+00    2.2676604304e+00   -1.7514081021e+01    3.0000000000e+03    3.2484670500e-01    7.1112500000e-01
       435   -7.5230959608e+00    5.9114218105e+01   -1.4699725229e+01    7.1766292679e+00    2.2902907825e+00   -1.6990016011e+01    3.0000000000e+03    3.9607523700e-01    7.0830000000e-01
       436   -7.5997138342e+00    5.8859126582e+01   -1.4811558178e+01    7.2118443435e+00    2.2361372026e+00   -1.7047695380e+01    3.0000000000e+03    3.5701929600e-01    7.0844166667e-01
       437   -7.5289764638e+00    5.8056199733e+01   -1.4485198164e+01    6.9562217000e+00    2.2131577726e+00   -1.6698355936e+01    3.0000000000e+03    3.8939859300e-01    7.1191666667e-01
       438   -7.5101409280e+00    5.8052091789e+01   -1.4424614874e+01    6.9144739456e+00    2.3022445285e+00   -1.6726859402e+01    3.0000000000e+03    3.6598978000e-01    7.0872500000e-01
       439   -7.5418560757e+00    5.8759367656e+01   -1.4876420391e+01    7.3345643155e+00    2.3057217874e+00   -1.7182142179e+01    3.0000000000e+03    3.3752892400e-01    7.0525000000e-01
       440   -7.5535463089e+00    5.8438040868e+01   -1.4916879282e+01    7.3633329729e+00    2.2700733897e+00   -1.7186952671e+01    3.0000000000e+03    3.4425428700e-01    7.0695833333e-01
       441   -7.4926730620e+00    5.7812009987e+01   -1.4797861456e+01    7.3051883936e+00    2.3221557931e+00   -1.7120017249e+01    3.0000000000e+03    3.4429285800e-01    7.0850000000e-01
       442   -7.5756576687e+00    5.8914044297e+01   -1.4910542084e+01    7.3348844151e+00    2.2562492222e+00   -1.7166791306e+01    3.0000000000e+03    3.4159513000e-01    7.0677500000e-01
       443   -7.5219409808e+00    5.9374093126e+01   -1.4662149167e+01    7.1402081863e+00    2.3036954069e+00   -1.6965844574e+01    3.0000000000e+03    4.0177519300e-01    7.0501666667e-01
       444   -7.5437770397e+00    5.8347548334e+01   -1.5062972972e+01    7.5191959325e+00    2.2868786232e+00   -1.7349851595e+01    3.0000000000e+03    3.6514264600e-01    7.0784166667e-01
       445   -7.4160556897e+00    6.1334079787e+01   -1.5759563159e+01    8.3435074692e+00    2.4028770963e+00   -1.8162440255e+01    3.0000000000e+03    3.4683397400e-01    7.0811666667e-01
       446   -7.5426566991e+00    5.8467976913e+01   -1.5147278229e+01    7.6046215303e+00    2.2976840536e+00   -1.7444962283e+01    3.0000000000e+03    3.4002075400e-01    7.0779166667e-01
       447   -7.5398128526e+00    5.8021620134e+01   -1.4972108543e+01    7.4322956907e+00    2.3434914120e+00   -1.7315599955e+01    3.0000000000e+03    3.3342665700e-01    7.0619166667e-01
       448   -7.5607484263e+00    5.8304077660e+01   -1.4737931774e+01    7.1771833482e+00    2.2994832420e+00   -1.7037415016e+01    3.0000000000e+03    3.4394064000e-01    7.0770833333e-01
       449   -7.5225718766e+00    5.8049303706e+01   -1.4582660277e+01    7.0600884002e+00    2.2909441648e+00   -1.6873604442e+01    3.0000000000e+03    3.7071706600e-01    7.0859166667e-01
       450   -7.5364222205e+00    5.8251450047e+01   -1.4658185225e+01    7.1217630048e+00    2.2716793978e+00   -1.6929864623e+01    3.0000000000e+03    3.4057498400e-01    7.0729166667e-01
       451   -7.5349318244e+00    5.8252824169e+01   -1.4549813450e+01    7.0148816252e+00    2.2504560875e+00   -1.6800269537e+01    3.0000000000e+03    3.6399676400e-01    7.0936666667e-01
       452   -7.5587748402e+00    5.8228189672e+01   -1.5035473865e+01    7.4766990246e+00    2.3006273715e+00   -1.7336101236e+01    3.0000000000e+03    3.3257336900e-01    7.0543333333e-01
       453   -7.5722322986e+00    5.8587377008e+01   -1.4872914565e+01    7.3006822667e+00    2.2544646781e+00   -1.7127379243e+01    3.0000000000e+03    3.2885116800e-01    7.0639166667e-01
       454   -7.5090728050e+00    5.8437658043e+01   -1.5274545000e+01    7.7654721948e+00    2.3578778838e+00   -1.7632422884e+01    3.0000000000e+03    3.4820040700e-01    7.0543333333e-01
       455   -7.5034964887e+00    5.8032344979e+01   -1.4826173971e+01    7.3226774827e+00    2.3192269775e+00   -1.7145400949e+01    3.0000000000e+03    4.0553781600e-01    7.0618333333e-01
       456   -7.5230926016e+00    5.9433128979e+01   -1.4581639944e+01    7.0585473421e+00    2.2712636700e+00   -1.6852903614e+01    3.0000000000e+03    3.6724907200e-01    7.0594166667e-01
       457   -7.5356019052e+00    5.8019330247e+01   -1.4616173578e+01    7.0805716731e+00    2.2499724500e+00   -1.6866146028e+01    3.0000000000e+03    3.3767723100e-01    7.0968333333e-01
       458   -7.5493097488e+00    5.8500275153e+01   -1.4886961438e+01    7.3376516890e+00    2.3277869733e+00   -1.7214748411e+01    3.0000000000e+03    3.5156218300e-01    7.0729166667e-01
       459   -7.5577179270e+00    5.9040097347e+01   -1.5388929969e+01    7.8312120419e+00    2.2746398256e+00   -1.7663569794e+01    3.0000000000e+03    3.3476196800e-01    7.0547500000e-01
       460   -7.5441118316e+00    5.9175552706e+01   -1.4609086604e+01    7.0649747725e+00    2.2598814269e+00   -1.6868968031e+01    3.0000000000e+03    3.6678951200e-01    7.0855000000e-01
       461   -7.5001929615e+00    5.7520786542e+01   -1.4316707922e+01    6.8165149601e+00    2.2888186340e+00   -1.6605526556e+01    3.0000000000e+03    3.5975840100e-01    7.0985000000e-01
       462   -7.5309837721e+00    5.8289776441e+01   -1.4714205849e+01    7.1832220768e+00    2.2924758905e+00   -1.7006681739e+01    3.0000000000e+03    3.6523649100e-01    7.0821666667e-01
       463   -7.4584036773e+00    5.7430494215e+01   -1.4522684181e+01    7.0642805041e+00    2.3129148899e+00   -1.6835599071e+01    3.0000000000e+03    3.5191341300e-01    7.0866666667e-01
       464   -7.5454556305e+00    5.8138538215e+01   -1.4917591598e+01    7.3721359670e+00    2.2968710211e+00   -1.7214462619e+01    3.0000000000e+03    3.8454004800e-01    7.0575833333e-01
       465   -7.5209650237e+00    5.7954177883e+01   -1.4750976723e+01    7.2300116992e+00    2.2826636102e+00   -1.7033640333e+01    3.0000000000e+03    3.6732507000e-01    7.0574166667e-01
       466   -7.4774580727e+00    5.8447406407e+01   -1.4769865347e+01    7.2924072746e+00    2.3144661898e+00   -1.7084331537e+01    3.0000000000e+03    3.6367172000e-01    7.0869166667e-01
       467   -7.4975629186e+00    5.8083194961e+01   -1.5701064491e+01    8.2035015724e+00    2.4457606407e+00   -1.8146825132e+01    3.0000000000e+03    3.3895376300e-01    7.0509166667e-01
       468   -7.4955072548e+00    5.8052764535e+01   -1.5574332188e+01    8.0788249331e+00    2.3949028148e+00   -1.7969235003e+01    3.0000000000e+03    3.3396939400e-01    7.0584166667e-01
       469   -7.4997370323e+00    5.7996794707e+01   -1.4860882722e+01    7.3611456895e+00    2.3027265683e+00   -1.7163609290e+01    3.0000000000e+03    3.4568584600e-01    7.0705833333e-01
       470   -7.5625448112e+00    6.0911321517e+01   -1.5704494378e+01    8.1419495670e+00    2.3506664352e+00   -1.8055160813e+01    3.0000000000e+03    3.3665917900e-01    7.0588333333e-01
       471   -7.5580307946e+00    5.8489624482e+01   -1.4941857505e+01    7.3838267109e+00    2.2485260629e+00   -1.7190383568e+01    3.0000000000e+03    3.5964039400e-01    7.0896666667e-01
       472   -7.5292250898e+00    5.8431583980e+01   -1.4582339361e+01    7.0531142709e+00    2.2771330334e+00   -1.6859472394e+01    3.0000000000e+03    3.7038981500e-01    7.0820833333e-01
       473   -7.4867747027e+00    5.7695393337e+01   -1.4903927301e+01    7.4171525981e+00    2.3347102686e+00   -1.7238637569e+01    3.0000000000e+03    3.5965588200e-01    7.0865833333e-01
       474   -7.5046774415e+00    5.7845974193e+01   -1.4577047757e+01    7.0723703151e+00    2.2741554886e+00   -1.6851203245e+01    3.0000000000e+03    4.3366695300e-01    7.1213333333e-01
       475   -7.5450480026e+00    5.8088003996e+01   -1.5049334643e+01    7.5042866406e+00    2.2841011770e+00   -1.7333435820e+01    3.0000000000e+03    3.4047098500e-01    7.0481666667e-01
       476   -7.5432455254e+00    5.8231648027e+01   -1.5093864149e+01    7.5506186240e+00    2.2633689125e+00   -1.7357233062e+01    3.0000000000e+03    3.5266620600e-01    7.0742500000e-01
       477   -7.5329163886e+00    5.8038452229e+01   -1.4522286788e+01    6.9893703993e+00    2.2621856339e+00   -1.6784472422e+01    3.0000000000e+03    3.8697553100e-01    7.0774166667e-01
       478   -7.5585432688e+00    5.8365706054e+01   -1.5040317263e+01    7.4817739938e+00    2.2637870078e+00   -1.7304104270e+01    3.0000000000e+03    3.4350295600e-01    7.0646666667e-01
       479   -7.5264808765e+00    5.8014829422e+01   -1.4770189390e+01    7.2437085131e+00    2.3154399063e+00   -1.7085629296e+01    3.0000000000e+03    3.6948375400e-01    7.0648333333e-01
       480   -7.5422670539e+00    5.8208570534e+01   -1.4534716294e+01    6.9924492399e+00    2.2729836533e+00   -1.6807699947e+01    3.0000000000e+03    3.4817016000e-01    7.0614166667e-01
       481   -7.5398176124e+00    5.8186505069e+01   -1.5018736218e+01    7.4789186055e+00    2.3029300220e+00   -1.7321666240e+01    3.0000000000e+03    3.5123355900e-01    7.0733333333e-01
       482   -7.5651058712e+00    5.8547839701e+01   -1.4707356227e+01    7.1422503559e+00    2.2501156367e+00   -1.6957471864e+01    3.0000000000e+03    3.6005902300e-01    7.0896666667e-01
       483   -7.5212580273e+00    5.8019258912e+01   -1.4664258482e+01    7.1430004547e+00    2.2471652486e+00   -1.6911423731e+01    3.0000000000e+03    3.2937135900e-01    7.0863333333e-01
       484   -7.5597013423e+00    5.8640596203e+01   -1.4759340761e+01    7.1996394185e+00    2.2542594226e+00   -1.7013600183e+01    3.0000000000e+03    3.4212033400e-01    7.0849166667e-01
       485   -7.5179954138e+00    5.7983407521e+01   -1.5579516724e+01    8.0615213098e+00    2.2744291090e+00   -1.7853945833e+01    3.0000000000e+03    3.3844444500e-01    7.0817500000e-01
       486   -7.5300019286e+00    5.8169677004e+01   -1.5128381838e+01    7.5983799089e+00    2.3036360160e+00   -1.7432017854e+01    3.0000000000e+03    3.5875789200e-01    7.0681666667e-01
       487   -7.5272135685e+00    5.8110887570e+01   -1.5228207149e+01    7.7009935802e+00    2.2761561281e+00   -1.7504363277e+01    3.0000000000e+03    3.5219043500e-01    7.0825000000e-01
       488   -7.5295983899e+00    5.8025670757e+01   -1.4577989612e+01    7.0483912222e+00    2.2383161135e+00   -1.6816305726e+01    3.0000000000e+03    3.7007255600e-01    7.1265000000e-01
       489   -7.5105802662e+00    5.7630643185e+01   -1.4990807919e+01    7.4802276528e+00    2.2718777593e+00   -1.7262685678e+01    3.0000000000e+03    3.6423822900e-01    7.0841666667e-01
       490   -7.5067400065e+00    5.7528104775e+01   -1.4633994760e+01    7.1272547537e+00    2.3220680316e+00   -1.6956062792e+01    3.0000000000e+03    3.5593794900e-01    7.0773333333e-01
       491   -7.5366362061e+00    5.8264404089e+01   -1.5429691167e+01    7.8930549612e+00    2.3209234155e+00   -1.7750614583e+01    3.0000000000e+03    3.6558624400e-01    7.0583333333e-01
       492   -7.5323935467e+00    5.8968369763e+01   -1.5172141534e+01    7.6397479877e+00    2.2524699124e+00   -1.7424611447e+01    3.0000000000e+03    3.6988041000e-01    7.0765000000e-01
       493   -7.5337684634e+00    5.8044620996e+01   -1.4342520152e+01    6.8087516889e+00    2.2335699922e+00   -1.6576090145e+01    3.0000000000e+03    4.0033689800e-01    7.1130833333e-01
       494   -7.5095985657e+00    5.7958260960e+01   -1.5242152693e+01    7.7325541269e+00    2.3681284030e+00   -1.7610281096e+01    3.0000000000e+03    4.0076209400e-01    7.0463333333e-01
       495   -7.5211024143e+00    5.8864062721e+01   -1.5409582135e+01    7.8884797204e+00    2.3431155481e+00   -1.7752697683e+01    3.0000000000e+03    3.4781592700e-01    7.0905000000e-01
       496   -7.5494886748e+00    5.8194079401e+01   -1.4613644081e+01    7.0641554066e+00    2.2118987153e+00   -1.6825542797e+01    3.0000000000e+03    3.3570046700e-01    7.1032500000e-01
       497   -7.5018720812e+00    5.8895049038e+01   -1.5194977816e+01    7.6931057353e+00    2.3387094584e+00   -1.7533687275e+01    3.0000000000e+03    3.3428572800e-01    7.0710000000e-01
       498   -7.4793811974e+00    5.8483268904e+01   -1.4665484816e+01    7.1861036190e+00    2.3295738470e+00   -1.6995058663e+01    3.0000000000e+03    3.3657587700e-01    7.1145833333e-01
       499   -7.5169871816e+00    5.8042702671e+01   -1.4838273666e+01    7.3212864847e+00    2.2843898649e+00   -1.7122663531e+01    3.0000000000e+03    3.6052829100e-01    7.0858333333e-01
