
Orb num                       1                   2                   3                   4                   5                             
Orb sym                      A1g                 A1g                 B2u                 B3u                 B1u                            

Orb num                       6                   7                   8                   9                  10                             
Orb sym                      A1g                 B3u                 B2u                 B1u                 B1g                            

Orb num                      11                  12                  13                  14                  15                             
Orb sym                      B2g                 B3g                 A1g                 A1g                 B1u                            

Orb num                      16                  17                  18                  19                  20                             
Orb sym                      B2u                 B3u                 A1g                 B2g                 B3g                            

Orb num                      21                  22                  23                             
Orb sym                      A1g                 B1g                 A1g                            

Particle 0 spin 0
         0     1000000000000000000000000000000000000000000000000000000000000000
         1     0100000000000000000000000000000000000000000000000000000000000000
         2     0010000000000000000000000000000000000000000000000000000000000000
         3     0001000000000000000000000000000000000000000000000000000000000000
         4     0000100000000000000000000000000000000000000000000000000000000000
         5     0000010000000000000000000000000000000000000000000000000000000000
         6     0000001000000000000000000000000000000000000000000000000000000000
         7     0000000100000000000000000000000000000000000000000000000000000000
         8     0000000010000000000000000000000000000000000000000000000000000000
         9     0000000001000000000000000000000000000000000000000000000000000000
        10     0000000000100000000000000000000000000000000000000000000000000000
        11     0000000000010000000000000000000000000000000000000000000000000000
        12     0000000000001000000000000000000000000000000000000000000000000000
        13     0000000000000100000000000000000000000000000000000000000000000000
        14     0000000000000010000000000000000000000000000000000000000000000000
        15     0000000000000001000000000000000000000000000000000000000000000000
        16     0000000000000000100000000000000000000000000000000000000000000000
        17     0000000000000000010000000000000000000000000000000000000000000000
        18     0000000000000000001000000000000000000000000000000000000000000000
        19     0000000000000000000100000000000000000000000000000000000000000000
        20     0000000000000000000010000000000000000000000000000000000000000000
        21     0000000000000000000001000000000000000000000000000000000000000000
Particle 0 spin 1
         0     1000000000000000000000000000000000000000000000000000000000000000
         1     0100000000000000000000000000000000000000000000000000000000000000
         2     0010000000000000000000000000000000000000000000000000000000000000
         3     0001000000000000000000000000000000000000000000000000000000000000
         4     0000100000000000000000000000000000000000000000000000000000000000
         5     0000010000000000000000000000000000000000000000000000000000000000
         6     0000001000000000000000000000000000000000000000000000000000000000
         7     0000000100000000000000000000000000000000000000000000000000000000
         8     0000000010000000000000000000000000000000000000000000000000000000
         9     0000000001000000000000000000000000000000000000000000000000000000
        10     0000000000100000000000000000000000000000000000000000000000000000
        11     0000000000010000000000000000000000000000000000000000000000000000
        12     0000000000001000000000000000000000000000000000000000000000000000
        13     0000000000000100000000000000000000000000000000000000000000000000
        14     0000000000000010000000000000000000000000000000000000000000000000
        15     0000000000000001000000000000000000000000000000000000000000000000
        16     0000000000000000100000000000000000000000000000000000000000000000
        17     0000000000000000010000000000000000000000000000000000000000000000
        18     0000000000000000001000000000000000000000000000000000000000000000
        19     0000000000000000000100000000000000000000000000000000000000000000
        20     0000000000000000000010000000000000000000000000000000000000000000
        21     0000000000000000000001000000000000000000000000000000000000000000

State 0 Energy -14.616891022920672     S^2 (electron)   -0.00000

                     Det idx                               C                    
          ------------------------------          --------------------          
                       0 0                              0.952079326568          
                       6 6                             -0.125435334853          
                       5 5                             -0.125435334853          
                       7 7                             -0.125435334853          
                      15 5                             -0.058846134557          
                      5 15                             -0.058846134557          
                      14 6                             -0.058846134557          
                      6 14                             -0.058846134557          
                      13 7                             -0.058846134557          
                      7 13                             -0.058846134557          
                       6 1                             -0.050615334295          
                       1 6                             -0.050615334295          
                       3 7                             -0.050615334295          
                       7 3                             -0.050615334295          
                       5 2                             -0.050615334295          
                       2 5                             -0.050615334295          
                      15 15                            -0.029311423998          
                      13 13                            -0.029311423998          
                      14 14                            -0.029311423998          
                      16 16                            -0.026870923192          
                      3 13                             -0.023538689860          
                      1 14                             -0.023538689860          
                      14 1                             -0.023538689860          
                      15 2                             -0.023538689860          
                      2 15                             -0.023538689860          
                      13 3                             -0.023538689860          
                       0 4                             -0.020922849836          
                       4 0                             -0.020922849836          
                       1 1                             -0.020466956329          
                       3 3                             -0.020466956329          
                       2 2                             -0.020466956329          
B3u              *    0 16                             -0.015746550285          
B3u              *    16 0                             -0.015746550285          
B1u B3u          *    4 16                             -0.015366063452          
B3u B1u          *    16 4                             -0.015366063452          
                       4 4                             -0.010278327913          

********************************************************************************

State 1 Energy -14.378571454559253     S^2 (electron)    2.00000

********************************************************************************

State 2 Energy -14.365766640692142     S^2 (electron)   -0.00000

                     Det idx                               C                    
          ------------------------------          --------------------          
                       4 0                              0.679683635255          
                       0 4                              0.679683635255          
                       4 4                             -0.146623027264          
                 *    4 16                             -0.083730149468          
                 *    16 4                             -0.083730149468          
                 *    16 0                              0.065452483850          
                 *    0 16                              0.065452483850          
                       0 0                              0.061761009623          
                      13 7                              0.052209559241          
                      7 13                              0.052209559241          
                      15 5                              0.052209559241          
                      14 6                              0.052209559241          
                      5 15                              0.052209559241          
                      6 14                              0.052209559241          
                       7 7                              0.042145923437          
                       5 5                              0.042145923437          
                       6 6                              0.042145923437          
                      14 14                             0.032870704008          
                      15 15                             0.032870704008          
                      13 13                             0.032870704008          
                       1 1                             -0.019496468433          
                       2 2                             -0.019496468433          
                       3 3                             -0.019496468433          
                       1 6                             -0.014966443833          
                       6 1                             -0.014966443833          
                       2 5                             -0.014966443833          
                       5 2                             -0.014966443833          
                       3 7                             -0.014966443833          
                       7 3                             -0.014966443833          

********************************************************************************

State 3 Energy -14.351192326780016     S^2 (electron)   -0.00000

********************************************************************************

State 4 Energy -14.351192326780009     S^2 (electron)    0.00000

********************************************************************************

State 5 Energy -14.267716977596555     S^2 (electron)    2.00000

********************************************************************************

State 6 Energy -14.267716977596553     S^2 (electron)    2.00000

********************************************************************************

State 7 Energy -14.260156071814322     S^2 (electron)    0.00000

                     Det idx                               C                    
          ------------------------------          --------------------          
                       5 5                             -0.337370523974          
                       7 7                             -0.337370523974          
                       6 6                             -0.337370523974          
                       2 5                             -0.257741633675          
                       7 3                             -0.257741633675          
                       6 1                             -0.257741633675          
                       3 7                             -0.257741633675          
                       1 6                             -0.257741633675          
                       5 2                             -0.257741633675          
                       0 0                             -0.250923280473          
                       3 3                             -0.151771051235          
                       1 1                             -0.151771051235          
                       2 2                             -0.151771051235          
                      2 15                             -0.095953746569          
                      14 1                             -0.095953746569          
                      13 3                             -0.095953746569          
                      3 13                             -0.095953746569          
                      1 14                             -0.095953746569          
                      15 2                             -0.095953746569          
                      5 15                             -0.063478552069          
                      14 6                             -0.063478552069          
                      13 7                             -0.063478552069          
                      7 13                             -0.063478552069          
                      15 5                             -0.063478552069          
                      6 14                             -0.063478552069          
                      12 12                             0.060251414743          
                       8 8                              0.060251414743          
                      10 10                             0.060251414743          
                      11 11                             0.060251414743          
                       9 9                              0.060251414743          
                      13 13                             0.057239751334          
                      14 14                             0.057239751334          
                      15 15                             0.057239751334          
                       4 0                              0.039200413399          
                       0 4                              0.039200413399          
                      16 16                             0.037337345828          
                *     17 9                              0.032202317293          
                *     10 18                             0.032202317293          
                *     9 17                              0.032202317293          
                *     18 10                             0.032202317293          
                *     20 8                              0.032202317293          
                *     8 20                              0.032202317293          
                *     12 21                             0.031230740565          
                *     11 19                             0.031230740565          
                *     21 12                             0.031230740565          
                *     19 11                             0.031230740565          
                      19 19                             0.030344511695          
                      17 17                             0.030344511695          
                      20 20                             0.030344511695          
                      21 21                             0.030344511695          
                      18 18                             0.030344511695          
                      16 4                              0.020246013624          
                      4 16                              0.020246013624          
                       4 4                              0.015202992231          

********************************************************************************

State 8 Energy -14.22027688197165     S^2 (electron)    0.00000

********************************************************************************

State 9 Energy -14.22027688197165     S^2 (electron)   -0.00000



offending orbitals
 4 b1u p+0
 8 b1u p+0
 9 b1g d-2
 10 b2g d+1
 11 b3g d-1
 12 a1g d+0 d+2
 16 b3u p+1
 17 a1g s
 18 b2g d+1
 19 b3g d-1
 21 b1g d-2
