#   index    LocalEnergy         LocalEnergy_sq      LocalPotential      Kinetic             ElecElec            IonElec             BlockWeight         BlockCPU            AcceptRatio         
         0   -7.3613118021e+00    5.4291827491e+01   -1.1617727372e+01    4.2564155703e+00    2.5265361863e+00   -1.4144263559e+01    1.2800000000e+02    7.8671960000e-03    6.6406250000e-01
         1   -7.5041879980e+00    5.6486310171e+01   -1.4871664746e+01    7.3674767482e+00    2.4749297951e+00   -1.7346594541e+01    1.2800000000e+02    8.4577349999e-03    6.5576171875e-01
         2   -7.5829992715e+00    5.7824791944e+01   -1.5958896556e+01    8.3758972842e+00    2.6538585056e+00   -1.8612755061e+01    1.2800000000e+02    7.7195909998e-03    6.1328125000e-01
         3   -7.3785881825e+00    5.4595410376e+01   -1.3431300264e+01    6.0527120818e+00    2.4755379449e+00   -1.5906838209e+01    1.2800000000e+02    7.7686109998e-03    6.3574218750e-01
         4   -7.3301781880e+00    5.3828259733e+01   -1.0774311614e+01    3.4441334261e+00    2.3333940911e+00   -1.3107705705e+01    1.2800000000e+02    7.7412750006e-03    6.5283203125e-01
         5   -7.2778181669e+00    5.3154115658e+01   -1.2477493801e+01    5.1996756342e+00    2.6995881223e+00   -1.5177081923e+01    1.2800000000e+02    7.8161769998e-03    6.4550781250e-01
         6   -7.3598918171e+00    5.4350002460e+01   -1.2093192590e+01    4.7333007729e+00    2.8173078800e+00   -1.4910500470e+01    1.2800000000e+02    7.8202879995e-03    6.4306640625e-01
         7   -7.5301029504e+00    5.6913220297e+01   -1.2786939885e+01    5.2568369348e+00    2.4554895980e+00   -1.5242429483e+01    1.2800000000e+02    7.7958149996e-03    6.4306640625e-01
         8   -7.5426805120e+00    5.7143329127e+01   -1.6455290862e+01    8.9126103497e+00    2.5052540646e+00   -1.8960544926e+01    1.2800000000e+02    7.6641369997e-03    6.3232421875e-01
         9   -7.4805813784e+00    5.6153415725e+01   -1.4666555249e+01    7.1859738706e+00    2.6296149582e+00   -1.7296170207e+01    1.2800000000e+02    7.7143560002e-03    6.3476562500e-01
        10   -7.4523624411e+00    5.5718255860e+01   -1.2251309447e+01    4.7989470054e+00    2.6442733710e+00   -1.4895582818e+01    1.2800000000e+02    7.8488240006e-03    6.5917968750e-01
        11   -7.6111776994e+00    5.8182084190e+01   -1.4557340272e+01    6.9461625730e+00    2.3976941133e+00   -1.6955034386e+01    1.2800000000e+02    7.9139609998e-03    6.5722656250e-01
        12   -7.5590179710e+00    5.7293347190e+01   -1.4065287936e+01    6.5062699653e+00    2.5032161389e+00   -1.6568504075e+01    1.2800000000e+02    7.7570590001e-03    6.4404296875e-01
        13   -7.4553160985e+00    5.5842007385e+01   -1.6763514093e+01    9.3081979941e+00    2.8488800215e+00   -1.9612394114e+01    1.2800000000e+02    7.6251539995e-03    6.1962890625e-01
        14   -7.5719266398e+00    5.7745421403e+01   -1.5142383547e+01    7.5704569070e+00    2.6763283591e+00   -1.7818711906e+01    1.2800000000e+02    7.6469350006e-03    6.2597656250e-01
        15   -7.5867306648e+00    5.7801517672e+01   -1.3507602498e+01    5.9208718335e+00    2.6431483593e+00   -1.6150750858e+01    1.2800000000e+02    7.7514980003e-03    6.5332031250e-01
        16   -7.6576315928e+00    5.9136560620e+01   -1.8204296346e+01    1.0546664753e+01    3.1084882554e+00   -2.1312784602e+01    1.2800000000e+02    7.6401679999e-03    6.0449218750e-01
        17   -7.4955287059e+00    5.6502743486e+01   -1.2662131775e+01    5.1666030689e+00    2.5281319781e+00   -1.5190263753e+01    1.2800000000e+02    7.7856409998e-03    6.5234375000e-01
        18   -7.4597776162e+00    5.5843288857e+01   -1.4252333665e+01    6.7925560483e+00    2.8375442326e+00   -1.7089877897e+01    1.2800000000e+02    7.6899160003e-03    6.2744140625e-01
        19   -7.4586149271e+00    5.5796977725e+01   -1.2614649918e+01    5.1560349913e+00    2.5427512854e+00   -1.5157401204e+01    1.2800000000e+02    7.7625499998e-03    6.4599609375e-01
        20   -7.4783841536e+00    5.6137912409e+01   -1.4181418404e+01    6.7030342507e+00    2.5462633065e+00   -1.6727681711e+01    1.2800000000e+02    7.7386100002e-03    6.3769531250e-01
        21   -7.3672668310e+00    5.4422739246e+01   -1.2991905645e+01    5.6246388143e+00    2.7232940808e+00   -1.5715199726e+01    1.2800000000e+02    7.7528370002e-03    6.4111328125e-01
        22   -7.5534394180e+00    5.7321321104e+01   -1.1909231583e+01    4.3557921654e+00    2.6385894420e+00   -1.4547821025e+01    1.2800000000e+02    7.7678990001e-03    6.5283203125e-01
        23   -7.6027220006e+00    5.8039054633e+01   -1.8209747501e+01    1.0607025500e+01    3.0747181602e+00   -2.1284465661e+01    1.2800000000e+02    7.5607099998e-03    6.0888671875e-01
        24   -7.5338580387e+00    5.7103875956e+01   -1.3773062855e+01    6.2392048161e+00    2.7167188460e+00   -1.6489781701e+01    1.2800000000e+02    7.7706299999e-03    6.5869140625e-01
        25   -7.3922782246e+00    5.4808505705e+01   -1.2819047825e+01    5.4267696001e+00    2.5506131879e+00   -1.5369661013e+01    1.2800000000e+02    7.7110010006e-03    6.3720703125e-01
        26   -7.7715373433e+00    6.0815011221e+01   -1.5143415415e+01    7.3718780720e+00    2.3462464993e+00   -1.7489661915e+01    1.2800000000e+02    7.6904589996e-03    6.4746093750e-01
        27   -7.2785915906e+00    5.3144145960e+01   -1.2775598661e+01    5.4970070702e+00    2.6967244198e+00   -1.5472323081e+01    1.2800000000e+02    7.6840659995e-03    6.3037109375e-01
        28   -7.6037279387e+00    5.8075241701e+01   -1.5071624055e+01    7.4678961158e+00    2.7578398676e+00   -1.7829463922e+01    1.2800000000e+02    7.6440930006e-03    6.2158203125e-01
        29   -7.3937882763e+00    5.4932821743e+01   -1.4734940279e+01    7.3411520030e+00    2.5430429413e+00   -1.7277983221e+01    1.2800000000e+02    7.5673670008e-03    6.0937500000e-01
        30   -7.3787408490e+00    5.4682000671e+01   -1.8768113799e+01    1.1389372950e+01    3.3102088628e+00   -2.2078322662e+01    1.2800000000e+02    7.6259779999e-03    5.9960937500e-01
        31   -7.4752106435e+00    5.6067072328e+01   -1.3641726470e+01    6.1665158268e+00    2.4371488322e+00   -1.6078875302e+01    1.2800000000e+02    7.7310750003e-03    6.4550781250e-01
        32   -7.4880550377e+00    5.6277550986e+01   -1.7660386124e+01    1.0172331086e+01    2.8863152397e+00   -2.0546701363e+01    1.2800000000e+02    7.7446010000e-03    6.4892578125e-01
        33   -7.5664388863e+00    5.7595886139e+01   -1.2990809850e+01    5.4243709636e+00    2.4096455449e+00   -1.5400455395e+01    1.2800000000e+02    7.7546670000e-03    6.5039062500e-01
        34   -7.3688487189e+00    5.4440116217e+01   -1.3155052517e+01    5.7862037985e+00    2.7317131654e+00   -1.5886765683e+01    1.2800000000e+02    7.8014510000e-03    6.5576171875e-01
        35   -7.4174477947e+00    5.5222885441e+01   -1.3663969901e+01    6.2465221064e+00    2.4723080877e+00   -1.6136277989e+01    1.2800000000e+02    7.6765379999e-03    6.3720703125e-01
        36   -7.4489409951e+00    5.5635535716e+01   -1.6189649195e+01    8.7407081995e+00    2.6005936641e+00   -1.8790242859e+01    1.2800000000e+02    7.6640620000e-03    6.1767578125e-01
        37   -7.3922204998e+00    5.4786560042e+01   -1.5534238108e+01    8.1420176080e+00    2.5214936612e+00   -1.8055731769e+01    1.2800000000e+02    7.6351780008e-03    6.2353515625e-01
        38   -7.5789541911e+00    5.7717605621e+01   -1.6933213431e+01    9.3542592404e+00    2.7047553707e+00   -1.9637968802e+01    1.2800000000e+02    7.7346499993e-03    6.5039062500e-01
        39   -7.5765890124e+00    5.7734481845e+01   -1.8276061328e+01    1.0699472315e+01    2.8453537867e+00   -2.1121415114e+01    1.2800000000e+02    7.5878490006e-03    6.1914062500e-01
        40   -7.4607493392e+00    5.5806908113e+01   -1.4235533638e+01    6.7747842992e+00    2.7002769922e+00   -1.6935810631e+01    1.2800000000e+02    7.8092929998e-03    6.6064453125e-01
        41   -7.5301891309e+00    5.7067422106e+01   -1.3966317892e+01    6.4361287610e+00    2.8021222720e+00   -1.6768440164e+01    1.2800000000e+02    7.7325420007e-03    6.4306640625e-01
        42   -7.4066367029e+00    5.5008724845e+01   -1.2236082874e+01    4.8294461709e+00    2.7367699823e+00   -1.4972852856e+01    1.2800000000e+02    7.7550269998e-03    6.5283203125e-01
        43   -7.3123262148e+00    5.3606885889e+01   -2.1857802658e+01    1.4545476443e+01    2.3485612270e+00   -2.4206363885e+01    1.2800000000e+02    7.6353430004e-03    6.3671875000e-01
        44   -7.5572456337e+00    5.7330275455e+01   -1.3994974477e+01    6.4377288437e+00    2.6481961483e+00   -1.6643170626e+01    1.2800000000e+02    7.7666419993e-03    6.5869140625e-01
        45   -7.3600977942e+00    5.4286809011e+01   -1.1928463441e+01    4.5683656467e+00    2.4051535382e+00   -1.4333616979e+01    1.2800000000e+02    7.7613009998e-03    6.4990234375e-01
        46   -7.3712235782e+00    5.4526683736e+01   -1.3297446458e+01    5.9262228793e+00    2.6000098236e+00   -1.5897456281e+01    1.2800000000e+02    7.7340289999e-03    6.3964843750e-01
        47   -7.3968328384e+00    5.4944652250e+01   -1.2931755719e+01    5.5349228801e+00    2.6134216599e+00   -1.5545177378e+01    1.2800000000e+02    7.7023120002e-03    6.2988281250e-01
        48   -7.4666815230e+00    5.5895435023e+01   -1.1473776322e+01    4.0070947986e+00    2.3027875866e+00   -1.3776563908e+01    1.2800000000e+02    7.6832169998e-03    6.4599609375e-01
        49   -7.5913884579e+00    5.8033000129e+01   -1.3911527597e+01    6.3201391394e+00    3.0919954810e+00   -1.7003523078e+01    1.2800000000e+02    7.7208470002e-03    6.4599609375e-01
        50   -7.6750168690e+00    5.9430806532e+01   -1.5785404029e+01    8.1103871600e+00    2.8605121900e+00   -1.8645916219e+01    1.2800000000e+02    8.2971910006e-03    6.3232421875e-01
        51   -7.4396298243e+00    5.5507934362e+01   -1.2549621775e+01    5.1099919511e+00    2.3968644654e+00   -1.4946486241e+01    1.2800000000e+02    8.6097750000e-03    6.5380859375e-01
        52   -7.5250272339e+00    5.6952895067e+01   -1.3203255823e+01    5.6782285888e+00    2.5396908053e+00   -1.5742946628e+01    1.2800000000e+02    8.7479530002e-03    6.5283203125e-01
        53   -7.3519519913e+00    5.4245605791e+01   -1.4119517054e+01    6.7675650625e+00    2.7322145700e+00   -1.6851731624e+01    1.2800000000e+02    7.7586130001e-03    6.3769531250e-01
        54   -7.4842235226e+00    5.6168314567e+01   -1.5346170630e+01    7.8619471070e+00    2.8280845045e+00   -1.8174255134e+01    1.2800000000e+02    7.6708860006e-03    6.3623046875e-01
        55   -7.4079705297e+00    5.5029434080e+01   -1.4602450963e+01    7.1944804335e+00    2.3551597922e+00   -1.6957610755e+01    1.2800000000e+02    8.0365470003e-03    6.5917968750e-01
        56   -7.4411133544e+00    5.5539145432e+01   -1.3643868905e+01    6.2027555501e+00    2.6964075240e+00   -1.6340276429e+01    1.2800000000e+02    8.0001429997e-03    6.3623046875e-01
        57   -7.5175323204e+00    5.6830932731e+01   -1.5653056931e+01    8.1355246104e+00    2.7467232930e+00   -1.8399780224e+01    1.2800000000e+02    7.7651459997e-03    6.3964843750e-01
        58   -7.5977711784e+00    5.8006436593e+01   -1.3638588605e+01    6.0408174266e+00    2.6156415705e+00   -1.6254230175e+01    1.2800000000e+02    7.7259689997e-03    6.4355468750e-01
        59   -7.5578998900e+00    5.7451124014e+01   -1.4164723996e+01    6.6068241057e+00    2.5468589542e+00   -1.6711582950e+01    1.2800000000e+02    7.7765880005e-03    6.4843750000e-01
        60   -7.4501481772e+00    5.5692452848e+01   -1.6099037834e+01    8.6488896564e+00    2.7959802946e+00   -1.8895018128e+01    1.2800000000e+02    7.6830399994e-03    6.2646484375e-01
        61   -7.5101881044e+00    5.6578055399e+01   -1.2207759400e+01    4.6975712960e+00    2.6742890191e+00   -1.4882048419e+01    1.2800000000e+02    7.7415320002e-03    6.4306640625e-01
        62   -7.5598750967e+00    5.7468229391e+01   -1.5594838417e+01    8.0349633206e+00    2.4520674372e+00   -1.8046905855e+01    1.2800000000e+02    7.7209070005e-03    6.4990234375e-01
        63   -7.3351611715e+00    5.3928989275e+01   -1.1956365629e+01    4.6212044580e+00    2.6578841985e+00   -1.4614249828e+01    1.2800000000e+02    7.7889409995e-03    6.5380859375e-01
        64   -7.4972007804e+00    5.6431692279e+01   -2.1937752200e+01    1.4440551420e+01    2.6945072813e+00   -2.4632259482e+01    1.2800000000e+02    7.6449529997e-03    6.2695312500e-01
        65   -7.6057868607e+00    5.8147761489e+01   -1.7040082714e+01    9.4342958535e+00    2.9660777470e+00   -2.0006160461e+01    1.2800000000e+02    7.6603119996e-03    6.2841796875e-01
        66   -7.3598830810e+00    5.4321361642e+01   -1.2376075865e+01    5.0161927835e+00    2.4391834057e+00   -1.4815259270e+01    1.2800000000e+02    7.6268240000e-03    6.2988281250e-01
        67   -7.5037529830e+00    5.6525606047e+01   -1.3644606232e+01    6.1408532493e+00    2.4764592044e+00   -1.6121065437e+01    1.2800000000e+02    7.7716119995e-03    6.5527343750e-01
        68   -7.6170071082e+00    5.8298934011e+01   -2.2290509195e+01    1.4673502087e+01    3.1504578772e+00   -2.5440967073e+01    1.2800000000e+02    7.6882829999e-03    6.2792968750e-01
        69   -7.4655787611e+00    5.5932888374e+01   -1.3711916090e+01    6.2463373284e+00    2.7651129967e+00   -1.6477029086e+01    1.2800000000e+02    7.6913529992e-03    6.2060546875e-01
        70   -7.6313850978e+00    5.8611416734e+01   -1.7145937758e+01    9.5145526598e+00    3.0828187098e+00   -2.0228756467e+01    1.2800000000e+02    8.5075850002e-03    6.2500000000e-01
        71   -7.5560902274e+00    5.7443696541e+01   -1.5079396991e+01    7.5233067638e+00    2.5893935014e+00   -1.7668790493e+01    1.2800000000e+02    7.6620319996e-03    6.1718750000e-01
        72   -7.4818799738e+00    5.6194178159e+01   -1.1905486291e+01    4.4236063177e+00    2.5281215868e+00   -1.4433607878e+01    1.2800000000e+02    7.7812250001e-03    6.5527343750e-01
        73   -7.5397123053e+00    5.7175190035e+01   -1.3706541161e+01    6.1668288554e+00    2.9968235405e+00   -1.6703364701e+01    1.2800000000e+02    7.7468569998e-03    6.4892578125e-01
        74   -7.4871939292e+00    5.6340874246e+01   -1.1863792580e+01    4.3765986509e+00    2.5212505532e+00   -1.4385043133e+01    1.2800000000e+02    7.7255130000e-03    6.5722656250e-01
        75   -7.4361598191e+00    5.5569425885e+01   -1.7636960380e+01    1.0200800561e+01    2.4964149317e+00   -2.0133375312e+01    1.2800000000e+02    7.7182850000e-03    6.4550781250e-01
        76   -7.4908852051e+00    5.6300548512e+01   -1.7327230959e+01    9.8363457539e+00    2.7185313873e+00   -2.0045762346e+01    1.2800000000e+02    7.6985969999e-03    6.2500000000e-01
        77   -7.5814343295e+00    5.7761068905e+01   -1.3473788645e+01    5.8923543152e+00    2.3027862339e+00   -1.5776574879e+01    1.2800000000e+02    7.7563760005e-03    6.6894531250e-01
        78   -7.5778475817e+00    5.7656933877e+01   -1.6360452877e+01    8.7826052956e+00    2.4877547314e+00   -1.8848207609e+01    1.2800000000e+02    7.6927340006e-03    6.4501953125e-01
        79   -7.5197372654e+00    5.6827763691e+01   -1.3328924370e+01    5.8091871048e+00    2.1928067100e+00   -1.5521731080e+01    1.2800000000e+02    7.6217899996e-03    6.4453125000e-01
        80   -7.4518853562e+00    5.5806215672e+01   -2.0360331327e+01    1.2908445971e+01    2.9319835866e+00   -2.3292314913e+01    1.2800000000e+02    7.7067109996e-03    6.3916015625e-01
        81   -7.3978589767e+00    5.4880728974e+01   -1.3300018394e+01    5.9021594171e+00    2.5976667229e+00   -1.5897685117e+01    1.2800000000e+02    7.8096300003e-03    6.5673828125e-01
        82   -7.6080172981e+00    5.8172487800e+01   -1.9388137011e+01    1.1780119713e+01    3.0369449661e+00   -2.2425081977e+01    1.2800000000e+02    7.6326819999e-03    6.0791015625e-01
        83   -7.5163896885e+00    5.6877167747e+01   -2.0133344105e+01    1.2616954416e+01    2.9443046241e+00   -2.3077648729e+01    1.2800000000e+02    7.6810099999e-03    6.4746093750e-01
        84   -7.3620952445e+00    5.4419250397e+01   -1.7825656836e+01    1.0463561591e+01    2.9575077152e+00   -2.0783164551e+01    1.2800000000e+02    7.7698430005e-03    6.4355468750e-01
        85   -7.7082710737e+00    5.9868932836e+01   -1.3573111006e+01    5.8648399324e+00    2.1490657655e+00   -1.5722176772e+01    1.2800000000e+02    7.5779859999e-03    6.4941406250e-01
        86   -7.4969661541e+00    5.6384325138e+01   -1.1821600121e+01    4.3246339670e+00    2.3946502755e+00   -1.4216250397e+01    1.2800000000e+02    7.7339439995e-03    6.5429687500e-01
        87   -7.4464769340e+00    5.5636073720e+01   -1.6479034345e+01    9.0325574108e+00    2.7633822504e+00   -1.9242416595e+01    1.2800000000e+02    8.2599330008e-03    6.3281250000e-01
        88   -7.4314802014e+00    5.5452098864e+01   -1.2323070603e+01    4.8915904015e+00    2.1968393114e+00   -1.4519909914e+01    1.2800000000e+02    7.6889350003e-03    6.4941406250e-01
        89   -7.4118288451e+00    5.5121149578e+01   -1.3523143812e+01    6.1113149673e+00    2.6713290940e+00   -1.6194472906e+01    1.2800000000e+02    7.7268320001e-03    6.3769531250e-01
        90   -7.4338794295e+00    5.5438053730e+01   -1.3098838666e+01    5.6649592362e+00    2.6468121089e+00   -1.5745650775e+01    1.2800000000e+02    7.7703959996e-03    6.4941406250e-01
        91   -7.4394171366e+00    5.5497859859e+01   -1.2647764648e+01    5.2083475117e+00    2.7246082541e+00   -1.5372372902e+01    1.2800000000e+02    7.7186609997e-03    6.3183593750e-01
        92   -7.5365578890e+00    5.7042449526e+01   -1.3060191614e+01    5.5236337247e+00    2.2771804813e+00   -1.5337372095e+01    1.2800000000e+02    7.6980320000e-03    6.5722656250e-01
        93   -7.3567204300e+00    5.4224759129e+01   -1.0842305138e+01    3.4855847084e+00    2.4606883841e+00   -1.3302993523e+01    1.2800000000e+02    7.8252519997e-03    6.6552734375e-01
        94   -7.5020796645e+00    5.6571288027e+01   -1.3138086966e+01    5.6360073019e+00    2.4760816311e+00   -1.5614168598e+01    1.2800000000e+02    7.6395850001e-03    6.3525390625e-01
        95   -7.3510397153e+00    5.4164033311e+01   -1.2065944157e+01    4.7149044420e+00    2.5213846946e+00   -1.4587328852e+01    1.2800000000e+02    7.6409250005e-03    6.4941406250e-01
        96   -7.4361706047e+00    5.5592572345e+01   -1.6804889050e+01    9.3687184456e+00    3.2674063965e+00   -2.0072295447e+01    1.2800000000e+02    7.5844049998e-03    6.1230468750e-01
        97   -7.4982373710e+00    5.6460066122e+01   -1.4226649409e+01    6.7284120378e+00    2.8336994455e+00   -1.7060348854e+01    1.2800000000e+02    7.6790130006e-03    6.2792968750e-01
        98   -7.4759519481e+00    5.6123837514e+01   -1.4677841546e+01    7.2018895977e+00    2.4589353954e+00   -1.7136776941e+01    1.2800000000e+02    7.7176730001e-03    6.5039062500e-01
        99   -7.3593417416e+00    5.4304844473e+01   -1.1263930141e+01    3.9045883996e+00    2.5175248851e+00   -1.3781455026e+01    1.2800000000e+02    9.3953749993e-03    6.6650390625e-01
       100   -7.4294549145e+00    5.5349495270e+01   -1.3739947233e+01    6.3104923185e+00    2.3537944474e+00   -1.6093741680e+01    1.2800000000e+02    7.8891680005e-03    6.4550781250e-01
       101   -7.3664335973e+00    5.4444019936e+01   -1.3649572799e+01    6.2831392020e+00    2.5672850469e+00   -1.6216857846e+01    1.2800000000e+02    8.0160710004e-03    6.1767578125e-01
       102   -7.6871723796e+00    5.9424179757e+01   -1.5547595963e+01    7.8604235837e+00    2.8511882923e+00   -1.8398784256e+01    1.2800000000e+02    7.7131670005e-03    6.2646484375e-01
       103   -7.4837069437e+00    5.6280855392e+01   -1.4813082165e+01    7.3293752209e+00    2.5853079114e+00   -1.7398390076e+01    1.2800000000e+02    7.7458429996e-03    6.2890625000e-01
       104   -7.6674843617e+00    5.9209228165e+01   -4.7092020843e+01    3.9424536482e+01    2.4842495996e+00   -4.9576270443e+01    1.2800000000e+02    7.6810680002e-03    6.2988281250e-01
       105   -7.4554528976e+00    5.5830117013e+01   -1.6232308422e+01    8.7768555248e+00    2.3680578656e+00   -1.8600366288e+01    1.2800000000e+02    7.7605859997e-03    6.5234375000e-01
       106   -7.4320636415e+00    5.5385598372e+01   -1.2300509494e+01    4.8684458528e+00    2.7795955197e+00   -1.5080105014e+01    1.2800000000e+02    7.9260339999e-03    6.5087890625e-01
       107   -7.4006750788e+00    5.4918758206e+01   -1.1762552907e+01    4.3618778279e+00    2.4748194893e+00   -1.4237372396e+01    1.2800000000e+02    7.9418589994e-03    6.7578125000e-01
       108   -7.3889459562e+00    5.4776750514e+01   -1.2926001056e+01    5.5370550997e+00    2.7036855001e+00   -1.5629686556e+01    1.2800000000e+02    8.0941790002e-03    6.5136718750e-01
       109   -7.7301285985e+00    6.0287599263e+01   -2.2008244117e+01    1.4278115518e+01    2.9042586632e+00   -2.4912502780e+01    1.2800000000e+02    7.6380239998e-03    6.1181640625e-01
       110   -7.3318570470e+00    5.3886334938e+01   -1.3161665666e+01    5.8298086186e+00    2.4609674898e+00   -1.5622633155e+01    1.2800000000e+02    7.7544679998e-03    6.4648437500e-01
       111   -7.4172436816e+00    5.5184637361e+01   -1.2860314493e+01    5.4430708111e+00    2.8731124768e+00   -1.5733426969e+01    1.2800000000e+02    7.7648810002e-03    6.5283203125e-01
       112   -7.5700115466e+00    5.7572235350e+01   -1.6494739003e+01    8.9247274561e+00    2.7680516007e+00   -1.9262790603e+01    1.2800000000e+02    7.7689869995e-03    6.2548828125e-01
       113   -7.4994690723e+00    5.6407844689e+01   -1.2762369183e+01    5.2629001109e+00    2.4253948932e+00   -1.5187764076e+01    1.2800000000e+02    7.7376379995e-03    6.5332031250e-01
       114   -7.5198626115e+00    5.6792924177e+01   -1.4515445246e+01    6.9955826340e+00    2.6723695929e+00   -1.7187814838e+01    1.2800000000e+02    7.7451580000e-03    6.4697265625e-01
       115   -7.3665709838e+00    5.4422285987e+01   -1.5425474505e+01    8.0589035213e+00    2.6893788274e+00   -1.8114853332e+01    1.2800000000e+02    7.6714469997e-03    6.1572265625e-01
       116   -7.3913328083e+00    5.4754014405e+01   -1.4732507735e+01    7.3411749268e+00    2.8156002528e+00   -1.7548107988e+01    1.2800000000e+02    7.7429229996e-03    6.2646484375e-01
       117   -7.5460269453e+00    5.7263436252e+01   -1.3602606604e+01    6.0565796587e+00    2.5599180400e+00   -1.6162524644e+01    1.2800000000e+02    7.7269620006e-03    6.4160156250e-01
       118   -7.6056230110e+00    5.8161170494e+01   -1.4420525796e+01    6.8149027849e+00    2.6955500891e+00   -1.7116075885e+01    1.2800000000e+02    7.8267330000e-03    6.4306640625e-01
       119   -7.5086458493e+00    5.6534898516e+01   -1.4845557852e+01    7.3369120025e+00    2.5595483663e+00   -1.7405106218e+01    1.2800000000e+02    7.6847499995e-03    6.2695312500e-01
       120   -7.6511620040e+00    5.8853043110e+01   -2.1788286421e+01    1.4137124417e+01    3.4904697424e+00   -2.5278756164e+01    1.2800000000e+02    7.6272570004e-03    6.0693359375e-01
       121   -7.3987159932e+00    5.4952524202e+01   -1.5682347968e+01    8.2836319747e+00    2.3071626396e+00   -1.7989510607e+01    1.2800000000e+02    7.8715970003e-03    6.5380859375e-01
       122   -7.5620965849e+00    5.7508218349e+01   -1.8237087877e+01    1.0674991292e+01    2.8993450027e+00   -2.1136432879e+01    1.2800000000e+02    7.5898480000e-03    6.0693359375e-01
       123   -7.3364108808e+00    5.3970516570e+01   -1.1645290035e+01    4.3088791543e+00    2.3384998240e+00   -1.3983789859e+01    1.2800000000e+02    7.7834399999e-03    6.4062500000e-01
       124   -7.3072695493e+00    5.3562741344e+01   -1.1721521420e+01    4.4142518702e+00    2.5199680806e+00   -1.4241489500e+01    1.2800000000e+02    7.7112749996e-03    6.3134765625e-01
       125   -7.3600273321e+00    5.4341986488e+01   -1.2904005985e+01    5.5439786534e+00    2.5147965605e+00   -1.5418802546e+01    1.2800000000e+02    7.7605919996e-03    6.4306640625e-01
       126   -7.5200953322e+00    5.6774605782e+01   -1.4159433651e+01    6.6393383183e+00    2.3710987992e+00   -1.6530532450e+01    1.2800000000e+02    7.7260669996e-03    6.5625000000e-01
       127   -7.7415185078e+00    6.0220499886e+01   -2.2939842042e+01    1.5198323534e+01    3.9941771765e+00   -2.6934019218e+01    1.2800000000e+02    7.6274869998e-03    6.1230468750e-01
       128   -7.6266373142e+00    5.8415232715e+01   -1.5229675755e+01    7.6030384410e+00    2.9013442457e+00   -1.8131020001e+01    1.2800000000e+02    7.6199579999e-03    6.1230468750e-01
       129   -7.3658204067e+00    5.4439489537e+01   -1.8398095996e+01    1.1032275589e+01    2.4599430404e+00   -2.0858039036e+01    1.2800000000e+02    7.6785829997e-03    6.2939453125e-01
       130   -7.5101658632e+00    5.6665442237e+01   -1.4088592149e+01    6.5784262855e+00    2.6018884971e+00   -1.6690480646e+01    1.2800000000e+02    7.6522429999e-03    6.2988281250e-01
       131   -7.5140056691e+00    5.6741973420e+01   -1.3826733839e+01    6.3127281698e+00    2.6502428089e+00   -1.6476976648e+01    1.2800000000e+02    7.7978950003e-03    6.4794921875e-01
       132   -7.4719877744e+00    5.5982799275e+01   -1.6306437836e+01    8.8344500617e+00    2.6875536656e+00   -1.8993991502e+01    1.2800000000e+02    9.2354839999e-03    6.4355468750e-01
       133   -7.6182576221e+00    5.8232198256e+01   -1.3035580864e+01    5.4173232416e+00    2.5639837852e+00   -1.5599564649e+01    1.2800000000e+02    7.9465019999e-03    6.6406250000e-01
       134   -7.5150391990e+00    5.6771568081e+01   -1.5278361941e+01    7.7633227419e+00    2.5685095532e+00   -1.7846871494e+01    1.2800000000e+02    7.8471329998e-03    6.6113281250e-01
       135   -7.3826992694e+00    5.4690921205e+01   -1.3064822516e+01    5.6821232461e+00    2.5704312246e+00   -1.5635253740e+01    1.2800000000e+02    7.7455199998e-03    6.4843750000e-01
       136   -7.4374898948e+00    5.5490079320e+01   -1.5437796622e+01    8.0003067275e+00    2.5213460202e+00   -1.7959142643e+01    1.2800000000e+02    7.7064689995e-03    6.4355468750e-01
       137   -7.5621836735e+00    5.7420685295e+01   -1.4797265314e+01    7.2350816402e+00    2.8561470273e+00   -1.7653412341e+01    1.2800000000e+02    7.6632580003e-03    6.2939453125e-01
       138   -7.3771393418e+00    5.4592814857e+01   -1.5302843288e+01    7.9257039463e+00    2.7306422436e+00   -1.8033485532e+01    1.2800000000e+02    7.6122970004e-03    6.0498046875e-01
       139   -7.4520828938e+00    5.5724360509e+01   -1.5578426878e+01    8.1263439843e+00    2.4508269368e+00   -1.8029253815e+01    1.2800000000e+02    7.6733529995e-03    6.3281250000e-01
       140   -7.4545086767e+00    5.5724801336e+01   -1.4170258257e+01    6.7157495801e+00    2.6558768794e+00   -1.6826135136e+01    1.2800000000e+02    7.7683600002e-03    6.5527343750e-01
       141   -7.5563344270e+00    5.7322383901e+01   -1.3441354320e+01    5.8850198932e+00    2.2861062501e+00   -1.5727460570e+01    1.2800000000e+02    7.7708019999e-03    6.6308593750e-01
       142   -7.3558500465e+00    5.4349427465e+01   -1.2802309364e+01    5.4464593178e+00    2.6720727067e+00   -1.5474382071e+01    1.2800000000e+02    7.7418449991e-03    6.4794921875e-01
       143   -7.3939350448e+00    5.4781258870e+01   -1.3250519431e+01    5.8565843865e+00    2.2323584985e+00   -1.5482877930e+01    1.2800000000e+02    7.7401490007e-03    6.5966796875e-01
       144   -7.4954065054e+00    5.6351184258e+01   -1.4355469186e+01    6.8600626809e+00    2.6577793608e+00   -1.7013248547e+01    1.2800000000e+02    7.8492210005e-03    6.5332031250e-01
       145   -7.4617052577e+00    5.6019984280e+01   -1.5172934311e+01    7.7112290533e+00    2.4818047850e+00   -1.7654739096e+01    1.2800000000e+02    7.6265270000e-03    6.2548828125e-01
       146   -7.5561050841e+00    5.7392919129e+01   -1.3399919734e+01    5.8438146495e+00    2.6911467460e+00   -1.6091066480e+01    1.2800000000e+02    7.7376449999e-03    6.4697265625e-01
       147   -7.5292554704e+00    5.6957601242e+01   -1.5369526365e+01    7.8402708943e+00    2.5525506414e+00   -1.7922077006e+01    1.2800000000e+02    7.8361030000e-03    6.3623046875e-01
       148   -7.4126765566e+00    5.5109153930e+01   -1.5109333993e+01    7.6966574364e+00    2.8139634309e+00   -1.7923297424e+01    1.2800000000e+02    7.7183169997e-03    6.3769531250e-01
       149   -7.5116307557e+00    5.6599242809e+01   -1.3983623375e+01    6.4719926198e+00    2.8271934503e+00   -1.6810816826e+01    1.2800000000e+02    7.8037160001e-03    6.5478515625e-01
       150   -7.5470115985e+00    5.7159600082e+01   -1.5633086157e+01    8.0860745581e+00    2.7154929237e+00   -1.8348579080e+01    1.2800000000e+02    7.7397619998e-03    6.3085937500e-01
       151   -7.4340404721e+00    5.5456824176e+01   -1.7701434970e+01    1.0267394498e+01    2.6104327833e+00   -2.0311867754e+01    1.2800000000e+02    7.8220309997e-03    6.4062500000e-01
       152   -7.3753975375e+00    5.4618129277e+01   -1.3839598420e+01    6.4642008830e+00    2.3996848668e+00   -1.6239283287e+01    1.2800000000e+02    7.8133629995e-03    6.6162109375e-01
       153   -7.3029953077e+00    5.3439844114e+01   -1.2330694109e+01    5.0276988013e+00    2.5687611373e+00   -1.4899455246e+01    1.2800000000e+02    7.7979170001e-03    6.4843750000e-01
       154   -7.3098113279e+00    5.3575987538e+01   -1.3565569576e+01    6.2557582478e+00    2.3669350646e+00   -1.5932504640e+01    1.2800000000e+02    7.6884729997e-03    6.4501953125e-01
       155   -7.4794405015e+00    5.6140422526e+01   -1.8029006722e+01    1.0549566220e+01    2.7987429446e+00   -2.0827749667e+01    1.2800000000e+02    7.7255229999e-03    6.3623046875e-01
       156   -7.5157124632e+00    5.6860456181e+01   -1.4829784228e+01    7.3140717646e+00    2.9924164154e+00   -1.7822200643e+01    1.2800000000e+02    7.7431660002e-03    6.2988281250e-01
       157   -7.7077345997e+00    5.9762703669e+01   -1.8694530106e+01    1.0986795506e+01    2.9908373165e+00   -2.1685367423e+01    1.2800000000e+02    7.6674580005e-03    6.1718750000e-01
       158   -7.5292728097e+00    5.6923319349e+01   -1.4225149322e+01    6.6958765123e+00    2.5731735316e+00   -1.6798322854e+01    1.2800000000e+02    7.7415810001e-03    6.4990234375e-01
       159   -7.3261322899e+00    5.3790724215e+01   -1.3770930040e+01    6.4447977497e+00    2.7367263119e+00   -1.6507656352e+01    1.2800000000e+02    7.7470649994e-03    6.3525390625e-01
       160   -7.3725074236e+00    5.4547844146e+01   -1.9091062212e+01    1.1718554789e+01    2.9987118497e+00   -2.2089774062e+01    1.2800000000e+02    7.6896240007e-03    6.2353515625e-01
       161   -7.4680837126e+00    5.6001974716e+01   -2.1776161941e+01    1.4308078228e+01    2.7727070146e+00   -2.4548868955e+01    1.2800000000e+02    7.6963609999e-03    6.1621093750e-01
       162   -7.7182173265e+00    6.0229049876e+01   -2.0004046222e+01    1.2285828895e+01    3.3110052391e+00   -2.3315051461e+01    1.2800000000e+02    7.7044579994e-03    6.2939453125e-01
       163   -7.5312397799e+00    5.7062648760e+01   -1.7209955433e+01    9.6787156531e+00    2.8258949974e+00   -2.0035850430e+01    1.2800000000e+02    7.7455259998e-03    6.3623046875e-01
       164   -7.4202201226e+00    5.5201822862e+01   -1.2443767798e+01    5.0235476753e+00    2.5849848212e+00   -1.5028752619e+01    1.2800000000e+02    7.7190460006e-03    6.4843750000e-01
       165   -7.4839566596e+00    5.6256922124e+01   -1.5977984902e+01    8.4940282424e+00    2.7805470968e+00   -1.8758531999e+01    1.2800000000e+02    7.7039870002e-03    6.2109375000e-01
       166   -7.5251481895e+00    5.6884225524e+01   -2.8069187370e+01    2.0544039180e+01    2.6464556891e+00   -3.0715643059e+01    1.2800000000e+02    7.6389799997e-03    6.1523437500e-01
       167   -7.4782968876e+00    5.6211996569e+01   -1.5392754398e+01    7.9144575107e+00    2.7922710397e+00   -1.8185025438e+01    1.2800000000e+02    7.6627609997e-03    6.2646484375e-01
       168   -7.3966056732e+00    5.4853654216e+01   -1.3623245251e+01    6.2266395779e+00    2.2815820816e+00   -1.5904827333e+01    1.2800000000e+02    7.7418110004e-03    6.5429687500e-01
       169   -7.5729729124e+00    5.7631868222e+01   -2.0779615237e+01    1.3206642324e+01    2.4155577434e+00   -2.3195172980e+01    1.2800000000e+02    7.7638749999e-03    6.5039062500e-01
       170   -7.4167998924e+00    5.5285318549e+01   -1.3504173658e+01    6.0873737661e+00    2.4166400665e+00   -1.5920813725e+01    1.2800000000e+02    7.8838689997e-03    6.3671875000e-01
       171   -7.5090443266e+00    5.6748497245e+01   -1.3857802189e+01    6.3487578625e+00    2.3507767008e+00   -1.6208578890e+01    1.2800000000e+02    7.5821050004e-03    6.4453125000e-01
       172   -7.5845180214e+00    5.7882996438e+01   -1.6370841714e+01    8.7863236922e+00    2.7273125868e+00   -1.9098154300e+01    1.2800000000e+02    7.9130049999e-03    6.4746093750e-01
       173   -7.6583772520e+00    5.9110073031e+01   -2.1430613784e+01    1.3772236532e+01    3.0796005166e+00   -2.4510214300e+01    1.2800000000e+02    7.7281750000e-03    6.4111328125e-01
       174   -7.4804846954e+00    5.6182077555e+01   -1.3355183031e+01    5.8746983360e+00    2.7163896706e+00   -1.6071572702e+01    1.2800000000e+02    7.9073480001e-03    6.3085937500e-01
       175   -7.5658683751e+00    5.7507156428e+01   -2.6793691238e+01    1.9227822863e+01    3.0746176863e+00   -2.9868308925e+01    1.2800000000e+02    7.6521330002e-03    6.2646484375e-01
       176   -7.6024187454e+00    5.8086186378e+01   -1.7488561086e+01    9.8861423409e+00    2.5151581820e+00   -2.0003719268e+01    1.2800000000e+02    7.8008070004e-03    6.2939453125e-01
       177   -7.4230953470e+00    5.5244411878e+01   -1.2821489540e+01    5.3983941929e+00    2.8518946212e+00   -1.5673384161e+01    1.2800000000e+02    7.7404670001e-03    6.4306640625e-01
       178   -7.4016373240e+00    5.4949189791e+01   -1.5235065118e+01    7.8334277944e+00    2.6457015657e+00   -1.7880766684e+01    1.2800000000e+02    7.7332689998e-03    6.2158203125e-01
       179   -7.4618964929e+00    5.5969973216e+01   -1.5404687782e+01    7.9427912894e+00    2.5646665294e+00   -1.7969354312e+01    1.2800000000e+02    7.8190710001e-03    6.5185546875e-01
       180   -7.4554059504e+00    5.5813108701e+01   -1.4199534191e+01    6.7441282407e+00    3.1141578433e+00   -1.7313692034e+01    1.2800000000e+02    7.8154580006e-03    6.1767578125e-01
       181   -7.3720765519e+00    5.4444039143e+01   -1.4560583043e+01    7.1885064907e+00    2.6913489414e+00   -1.7251931984e+01    1.2800000000e+02    7.7036500006e-03    6.1328125000e-01
       182   -7.4682127301e+00    5.6009230396e+01   -1.5197976063e+01    7.7297633327e+00    3.1134219545e+00   -1.8311398017e+01    1.2800000000e+02    7.6918389996e-03    6.2939453125e-01
       183   -7.6085893813e+00    5.8301751764e+01   -1.4191188853e+01    6.5825994715e+00    2.6632223674e+00   -1.6854411220e+01    1.2800000000e+02    8.0299960000e-03    6.5380859375e-01
       184   -7.3471582994e+00    5.4147877868e+01   -1.3391933355e+01    6.0447750554e+00    2.3468375146e+00   -1.5738770869e+01    1.2800000000e+02    8.2182779997e-03    6.3916015625e-01
       185   -7.3322515432e+00    5.3966078740e+01   -2.0616692840e+01    1.3284441297e+01    2.6259686326e+00   -2.3242661472e+01    1.2800000000e+02    1.0609500000e-02    6.3427734375e-01
       186   -7.4478723834e+00    5.5754021245e+01   -1.5468078300e+01    8.0202059163e+00    2.6461770783e+00   -1.8114255378e+01    1.2800000000e+02    8.9261949997e-03    6.3281250000e-01
       187   -7.5086549287e+00    5.6709237112e+01   -2.8303756676e+01    2.0795101747e+01    2.8964383338e+00   -3.1200195010e+01    1.2800000000e+02    9.3192299992e-03    6.2402343750e-01
       188   -7.4961386669e+00    5.6420376885e+01   -1.4952157491e+01    7.4560188241e+00    2.7737110066e+00   -1.7725868498e+01    1.2800000000e+02    1.0284507001e-02    6.2597656250e-01
       189   -7.3811153586e+00    5.4648008503e+01   -1.3015376319e+01    5.6342609609e+00    2.6584221060e+00   -1.5673798425e+01    1.2800000000e+02    8.1588670000e-03    6.3916015625e-01
       190   -7.5868966419e+00    5.7804866106e+01   -1.4482346116e+01    6.8954494743e+00    2.6341598326e+00   -1.7116505949e+01    1.2800000000e+02    7.9556490000e-03    6.1914062500e-01
       191   -7.4735734839e+00    5.6095355119e+01   -1.3753507411e+01    6.2799339269e+00    2.5122237626e+00   -1.6265731173e+01    1.2800000000e+02    7.7443990003e-03    6.5576171875e-01
       192   -7.5000945157e+00    5.6496278276e+01   -1.4599097613e+01    7.0990030973e+00    2.6882165672e+00   -1.7287314180e+01    1.2800000000e+02    7.8986919998e-03    6.3378906250e-01
       193   -7.5237412291e+00    5.6762755950e+01   -1.2528262552e+01    5.0045213224e+00    2.5567450284e+00   -1.5085007580e+01    1.2800000000e+02    7.7819960006e-03    6.5527343750e-01
       194   -7.5522588068e+00    5.7525143786e+01   -1.4176386974e+01    6.6241281672e+00    3.7975874372e+00   -1.7973974411e+01    1.2800000000e+02    7.7034930000e-03    6.2451171875e-01
       195   -7.4357869254e+00    5.5509747987e+01   -1.2123158691e+01    4.6873717655e+00    2.6675244565e+00   -1.4790683148e+01    1.2800000000e+02    7.7671859999e-03    6.5527343750e-01
       196   -7.5109713866e+00    5.6768368092e+01   -1.4051462543e+01    6.5404911559e+00    2.5814085349e+00   -1.6632871077e+01    1.2800000000e+02    7.8489150001e-03    6.4746093750e-01
       197   -7.5251822024e+00    5.6944256035e+01   -1.6077059129e+01    8.5518769263e+00    2.6951622440e+00   -1.8772221373e+01    1.2800000000e+02    7.9636789997e-03    6.3574218750e-01
       198   -7.5692887069e+00    5.7517613934e+01   -1.3500670708e+01    5.9313820014e+00    2.6131718008e+00   -1.6113842509e+01    1.2800000000e+02    7.8147040003e-03    6.4550781250e-01
       199   -7.5848908655e+00    5.7764937334e+01   -1.8915112405e+01    1.1330221539e+01    2.8294794605e+00   -2.1744591865e+01    1.2800000000e+02    7.6881499999e-03    6.2646484375e-01
       200   -7.5169935054e+00    5.6691285019e+01   -1.6601863260e+01    9.0848697550e+00    2.8680670171e+00   -1.9469930278e+01    1.2800000000e+02    7.6802219992e-03    6.3671875000e-01
       201   -7.2897593490e+00    5.3310650861e+01   -1.4113040430e+01    6.8232810812e+00    2.6986823305e+00   -1.6811722761e+01    1.2800000000e+02    8.6326640003e-03    6.3867187500e-01
       202   -7.3490431861e+00    5.4135860177e+01   -1.2592056006e+01    5.2430128199e+00    2.1995639603e+00   -1.4791619966e+01    1.2800000000e+02    7.6678920004e-03    6.6162109375e-01
       203   -7.5920098502e+00    5.7878746526e+01   -1.9235517525e+01    1.1643507674e+01    2.8638652379e+00   -2.2099382762e+01    1.2800000000e+02    7.7086499996e-03    6.2158203125e-01
       204   -7.3609983671e+00    5.4341578565e+01   -1.4625307266e+01    7.2643088993e+00    2.7363300838e+00   -1.7361637350e+01    1.2800000000e+02    7.6301219997e-03    6.2304687500e-01
       205   -7.5645028729e+00    5.7462699280e+01   -1.3764024335e+01    6.1995214625e+00    2.8503165089e+00   -1.6614340844e+01    1.2800000000e+02    7.7494910001e-03    6.4257812500e-01
       206   -7.5246153128e+00    5.6953663265e+01   -1.7423140992e+01    9.8985256791e+00    2.8056407166e+00   -2.0228781708e+01    1.2800000000e+02    7.6563840003e-03    6.2841796875e-01
       207   -7.4528958841e+00    5.5738910920e+01   -2.1332275629e+01    1.3879379745e+01    2.9365492053e+00   -2.4268824834e+01    1.2800000000e+02    7.7491769998e-03    6.3037109375e-01
       208   -7.4544163050e+00    5.5871306631e+01   -1.4165464357e+01    6.7110480517e+00    2.8883761049e+00   -1.7053840462e+01    1.2800000000e+02    7.6006899999e-03    6.0937500000e-01
       209   -7.4939495096e+00    5.6389503306e+01   -1.4481787918e+01    6.9878384084e+00    2.5337194231e+00   -1.7015507341e+01    1.2800000000e+02    7.7208949997e-03    6.2548828125e-01
       210   -7.3914423178e+00    5.4771932712e+01   -1.2081800893e+01    4.6903585757e+00    2.7996531756e+00   -1.4881454069e+01    1.2800000000e+02    7.8151589996e-03    6.5136718750e-01
       211   -7.6789372436e+00    5.9273235804e+01   -1.5322136367e+01    7.6431991234e+00    2.6547991003e+00   -1.7976935467e+01    1.2800000000e+02    7.7259840000e-03    6.2646484375e-01
       212   -7.4557000738e+00    5.5742423103e+01   -1.4635425558e+01    7.1797254847e+00    2.6766539890e+00   -1.7312079547e+01    1.2800000000e+02    7.7850230000e-03    6.5039062500e-01
       213   -7.7055614718e+00    5.9766204385e+01   -2.1395812541e+01    1.3690251069e+01    3.2210883671e+00   -2.4616900908e+01    1.2800000000e+02    7.7565130005e-03    6.2597656250e-01
       214   -7.5564210405e+00    5.7315393034e+01   -2.3087238205e+01    1.5530817165e+01    2.6882062228e+00   -2.5775444428e+01    1.2800000000e+02    8.1561300003e-03    6.1962890625e-01
       215   -7.5031656622e+00    5.6460059483e+01   -1.4085051386e+01    6.5818857235e+00    2.5676584700e+00   -1.6652709856e+01    1.2800000000e+02    7.7814409997e-03    6.4453125000e-01
       216   -7.5240405438e+00    5.6871872860e+01   -1.3531409133e+01    6.0073685891e+00    2.8706959723e+00   -1.6402105105e+01    1.2800000000e+02    7.6604770002e-03    6.3085937500e-01
       217   -7.4780581573e+00    5.6115850392e+01   -1.4518424719e+01    7.0403665621e+00    2.4915426300e+00   -1.7009967349e+01    1.2800000000e+02    7.6723869997e-03    6.3476562500e-01
       218   -7.4853960763e+00    5.6241914945e+01   -1.2411252033e+01    4.9258559562e+00    2.6823526235e+00   -1.5093604656e+01    1.2800000000e+02    7.9653960001e-03    6.7041015625e-01
       219   -7.3890941622e+00    5.4768024930e+01   -1.2643158902e+01    5.2540647398e+00    2.6321037340e+00   -1.5275262636e+01    1.2800000000e+02    7.7413609997e-03    6.5771484375e-01
       220   -7.3923029764e+00    5.4776540704e+01   -1.4018407015e+01    6.6261040389e+00    2.5497146794e+00   -1.6568121695e+01    1.2800000000e+02    7.6603170000e-03    6.3720703125e-01
       221   -7.4293716483e+00    5.5338122163e+01   -1.3026294879e+01    5.5969232310e+00    2.6446800594e+00   -1.5670974939e+01    1.2800000000e+02    7.6254010000e-03    6.2646484375e-01
       222   -7.5881982569e+00    5.7824070089e+01   -1.5551093013e+01    7.9628947564e+00    3.1541882727e+00   -1.8705281286e+01    1.2800000000e+02    7.7719250003e-03    6.5234375000e-01
       223   -7.4256740056e+00    5.5339263356e+01   -1.3690276622e+01    6.2646026168e+00    2.6527667464e+00   -1.6343043369e+01    1.2800000000e+02    7.8248119999e-03    6.4501953125e-01
       224   -7.6152108947e+00    5.8256940760e+01   -1.4324031473e+01    6.7088205781e+00    2.5768323338e+00   -1.6900863807e+01    1.2800000000e+02    7.6846120000e-03    6.3183593750e-01
       225   -7.5438923245e+00    5.7213071038e+01   -1.4530151653e+01    6.9862593284e+00    2.5904611961e+00   -1.7120612849e+01    1.2800000000e+02    7.6877709998e-03    6.4062500000e-01
       226   -7.2761177556e+00    5.3114901215e+01   -1.6291149515e+01    9.0150317595e+00    2.6428870205e+00   -1.8934036536e+01    1.2800000000e+02    7.6191299995e-03    6.2548828125e-01
       227   -7.3994325622e+00    5.4951263635e+01   -1.2805152264e+01    5.4057197022e+00    2.5954999019e+00   -1.5400652166e+01    1.2800000000e+02    7.7167190002e-03    6.4697265625e-01
       228   -7.4183614769e+00    5.5285159801e+01   -1.7561183608e+01    1.0142822131e+01    2.4048853582e+00   -1.9966068966e+01    1.2800000000e+02    7.6599530003e-03    6.3330078125e-01
       229   -7.4991800657e+00    5.6501744416e+01   -1.3855163078e+01    6.3559830125e+00    2.5798293721e+00   -1.6434992450e+01    1.2800000000e+02    7.7447310005e-03    6.4892578125e-01
       230   -7.4242554841e+00    5.5316841837e+01   -1.3219783103e+01    5.7955276189e+00    2.5987178494e+00   -1.5818500953e+01    1.2800000000e+02    7.7394390000e-03    6.3916015625e-01
       231   -7.3935524727e+00    5.4845365461e+01   -1.3755885420e+01    6.3623329477e+00    2.5857454244e+00   -1.6341630845e+01    1.2800000000e+02    7.6918430004e-03    6.2939453125e-01
       232   -7.4530092563e+00    5.5775789106e+01   -1.9795208109e+01    1.2342198852e+01    2.9220492656e+00   -2.2717257374e+01    1.2800000000e+02    7.6652900007e-03    6.2744140625e-01
       233   -7.4644128039e+00    5.5885772527e+01   -1.3857584688e+01    6.3931718841e+00    2.4561334635e+00   -1.6313718152e+01    1.2800000000e+02    7.7455040000e-03    6.5820312500e-01
       234   -7.4336732395e+00    5.5507106000e+01   -1.4250741276e+01    6.8170680364e+00    2.9435320908e+00   -1.7194273367e+01    1.2800000000e+02    8.4872309999e-03    6.1865234375e-01
       235   -7.4133693528e+00    5.5213272439e+01   -1.3915183974e+01    6.5018146213e+00    2.8193926296e+00   -1.6734576604e+01    1.2800000000e+02    7.6559049994e-03    6.3085937500e-01
       236   -7.4784106550e+00    5.6138864863e+01   -1.4929936062e+01    7.4515254075e+00    2.7967218929e+00   -1.7726657955e+01    1.2800000000e+02    7.7930300004e-03    6.3574218750e-01
       237   -7.4129922275e+00    5.5119828275e+01   -1.2246358999e+01    4.8333667717e+00    2.8783227260e+00   -1.5124681725e+01    1.2800000000e+02    8.4738320002e-03    6.5380859375e-01
       238   -7.4394955857e+00    5.5609108519e+01   -1.2886435433e+01    5.4469398475e+00    2.6244414814e+00   -1.5510876915e+01    1.2800000000e+02    7.7803490003e-03    6.4941406250e-01
       239   -7.2962119370e+00    5.3375076524e+01   -1.1854372871e+01    4.5581609343e+00    2.4012600896e+00   -1.4255632961e+01    1.2800000000e+02    7.7821700006e-03    6.3330078125e-01
       240   -7.4570357592e+00    5.5828569734e+01   -1.6179876987e+01    8.7228412274e+00    3.7453124153e+00   -1.9925189402e+01    1.2800000000e+02    7.7300920002e-03    6.5429687500e-01
       241   -7.4051313554e+00    5.5020665747e+01   -1.2548241924e+01    5.1431105682e+00    2.6096718944e+00   -1.5157913818e+01    1.2800000000e+02    7.7521119993e-03    6.3671875000e-01
       242   -7.3745524466e+00    5.4623856250e+01   -1.3963144909e+01    6.5885924624e+00    2.5731688029e+00   -1.6536313712e+01    1.2800000000e+02    7.6183920000e-03    6.2109375000e-01
       243   -7.4324655837e+00    5.5520087551e+01   -1.3309881864e+01    5.8774162806e+00    2.6039307135e+00   -1.5913812578e+01    1.2800000000e+02    7.6723709999e-03    6.3769531250e-01
       244   -7.3408879244e+00    5.3984360942e+01   -1.1457647983e+01    4.1167600590e+00    2.4723069053e+00   -1.3929954889e+01    1.2800000000e+02    7.7657170004e-03    6.6113281250e-01
       245   -7.6598632488e+00    5.9005618820e+01   -1.2891942506e+01    5.2320792571e+00    2.6588973598e+00   -1.5550839866e+01    1.2800000000e+02    7.8477490006e-03    6.5478515625e-01
       246   -7.5109973037e+00    5.6747786833e+01   -1.4934310091e+01    7.4233127871e+00    2.4423805169e+00   -1.7376690608e+01    1.2800000000e+02    7.7053819996e-03    6.4111328125e-01
       247   -7.3333826047e+00    5.3985871024e+01   -1.3895276399e+01    6.5618937946e+00    2.5220908447e+00   -1.6417367244e+01    1.2800000000e+02    7.7419380004e-03    6.4990234375e-01
       248   -7.3741640002e+00    5.4498231917e+01   -1.2990359018e+01    5.6161950181e+00    2.4826537693e+00   -1.5473012788e+01    1.2800000000e+02    7.8464340004e-03    6.4794921875e-01
       249   -7.6810680141e+00    5.9319803993e+01   -1.9339264410e+01    1.1658196396e+01    2.8382861268e+00   -2.2177550537e+01    1.2800000000e+02    7.7300690000e-03    6.4160156250e-01
       250   -7.2071492821e+00    5.2106312817e+01   -1.4213257188e+01    7.0061079063e+00    2.6236272582e+00   -1.6836884447e+01    1.2800000000e+02    8.7809240003e-03    6.3574218750e-01
       251   -7.6660560326e+00    5.9054473119e+01   -1.6578822779e+01    8.9127667464e+00    2.8238896546e+00   -1.9402712434e+01    1.2800000000e+02    7.6791110005e-03    6.1865234375e-01
       252   -7.4157824123e+00    5.5330069103e+01   -1.5463836299e+01    8.0480538871e+00    2.5679917364e+00   -1.8031828036e+01    1.2800000000e+02    1.0434831001e-02    6.3574218750e-01
       253   -7.3280411152e+00    5.3862047509e+01   -1.5078944836e+01    7.7509037203e+00    2.6079795986e+00   -1.7686924434e+01    1.2800000000e+02    7.7335269998e-03    6.5380859375e-01
       254   -7.6664948737e+00    5.9098039264e+01   -1.5843234044e+01    8.1767391701e+00    2.7177680710e+00   -1.8561002115e+01    1.2800000000e+02    7.7832170000e-03    6.2255859375e-01
       255   -7.4785188896e+00    5.6067238041e+01   -1.1977728905e+01    4.4992100158e+00    2.4811761146e+00   -1.4458905020e+01    1.2800000000e+02    7.7221370002e-03    6.6015625000e-01
       256   -7.6253366785e+00    5.8446731961e+01   -1.2303523799e+01    4.6781871201e+00    2.2921849086e+00   -1.4595708707e+01    1.2800000000e+02    7.8287549995e-03    6.5087890625e-01
       257   -7.4320212895e+00    5.5357331284e+01   -1.2997654587e+01    5.5656332971e+00    2.5006333808e+00   -1.5498287967e+01    1.2800000000e+02    7.8186239998e-03    6.6064453125e-01
       258   -7.5042302583e+00    5.6515344841e+01   -1.2980652182e+01    5.4764219241e+00    2.5697489033e+00   -1.5550401086e+01    1.2800000000e+02    7.8593509998e-03    6.5283203125e-01
       259   -7.4586302180e+00    5.5866948680e+01   -1.4176543685e+01    6.7179134675e+00    2.8125376002e+00   -1.6989081286e+01    1.2800000000e+02    8.0346549994e-03    6.2988281250e-01
       260   -7.4647323034e+00    5.5880527917e+01   -1.5773207693e+01    8.3084753899e+00    3.0421960657e+00   -1.8815403759e+01    1.2800000000e+02    9.6550099997e-03    6.2744140625e-01
       261   -7.4296135510e+00    5.5356344210e+01   -1.1920963377e+01    4.4913498260e+00    2.5749399135e+00   -1.4495903291e+01    1.2800000000e+02    7.8902249998e-03    6.6113281250e-01
       262   -7.6341048504e+00    5.8570102711e+01   -1.5321366662e+01    7.6872618112e+00    3.0003297791e+00   -1.8321696441e+01    1.2800000000e+02    7.8050850007e-03    6.2744140625e-01
       263   -7.4816470069e+00    5.6247356768e+01   -1.3472960479e+01    5.9913134721e+00    2.6617250614e+00   -1.6134685540e+01    1.2800000000e+02    7.7684219996e-03    6.4257812500e-01
       264   -7.5409443110e+00    5.7134955533e+01   -1.3053673472e+01    5.5127291606e+00    2.3389052665e+00   -1.5392578738e+01    1.2800000000e+02    7.7351760001e-03    6.3916015625e-01
       265   -7.3770530010e+00    5.4572431369e+01   -1.2595181042e+01    5.2181280408e+00    2.4768306561e+00   -1.5072011698e+01    1.2800000000e+02    7.7794350000e-03    6.4257812500e-01
       266   -7.4550078500e+00    5.5665878298e+01   -1.1299336381e+01    3.8443285312e+00    2.3375989514e+00   -1.3636935333e+01    1.2800000000e+02    7.7791370004e-03    6.5917968750e-01
       267   -7.5934764683e+00    5.7876424133e+01   -1.5117958682e+01    7.5244822137e+00    2.7253010513e+00   -1.7843259733e+01    1.2800000000e+02    7.7201539998e-03    6.3720703125e-01
       268   -7.4926951028e+00    5.6296344189e+01   -1.5486502212e+01    7.9938071091e+00    2.7727761886e+00   -1.8259278400e+01    1.2800000000e+02    7.5718689995e-03    6.1669921875e-01
       269   -7.4765127797e+00    5.6133381126e+01   -1.1864372035e+01    4.3878592550e+00    2.3339532198e+00   -1.4198325255e+01    1.2800000000e+02    7.8440210000e-03    6.6992187500e-01
       270   -7.3338163436e+00    5.3924189254e+01   -1.2169955106e+01    4.8361387625e+00    2.3279997859e+00   -1.4497954892e+01    1.2800000000e+02    7.7427689994e-03    6.6552734375e-01
       271   -7.5570614728e+00    5.7394571482e+01   -1.2858593195e+01    5.3015317222e+00    2.9800021526e+00   -1.5838595348e+01    1.2800000000e+02    7.7294940002e-03    6.4062500000e-01
       272   -7.4591212492e+00    5.5811533494e+01   -1.2833239811e+01    5.3741185618e+00    2.4167304212e+00   -1.5249970232e+01    1.2800000000e+02    7.7495080004e-03    6.4746093750e-01
       273   -7.5697322755e+00    5.7605640009e+01   -1.8972279252e+01    1.1402546976e+01    2.8614602846e+00   -2.1833739536e+01    1.2800000000e+02    7.5944760001e-03    6.2500000000e-01
       274   -7.3852151574e+00    5.4709789880e+01   -1.2341594501e+01    4.9563793432e+00    2.2939197650e+00   -1.4635514266e+01    1.2800000000e+02    7.7777979996e-03    6.5429687500e-01
       275   -7.3423240365e+00    5.4068203277e+01   -1.3094262582e+01    5.7519385453e+00    2.3563113576e+00   -1.5450573939e+01    1.2800000000e+02    7.7866809997e-03    6.4355468750e-01
       276   -7.3412574272e+00    5.4119596688e+01   -1.4076606801e+01    6.7353493737e+00    2.7318604253e+00   -1.6808467226e+01    1.2800000000e+02    7.6745409997e-03    6.1279296875e-01
       277   -7.3530541874e+00    5.4197568194e+01   -1.2146054132e+01    4.7929999448e+00    2.4863116870e+00   -1.4632365819e+01    1.2800000000e+02    7.8261440003e-03    6.5576171875e-01
       278   -7.3747029212e+00    5.4644799668e+01   -1.5126926227e+01    7.7522233057e+00    2.9097491549e+00   -1.8036675382e+01    1.2800000000e+02    7.7077529995e-03    6.2744140625e-01
       279   -7.4861660985e+00    5.6210034146e+01   -2.3774190966e+01    1.6288024868e+01    3.0191322635e+00   -2.6793323230e+01    1.2800000000e+02    7.6636100002e-03    6.1865234375e-01
       280   -7.4262289074e+00    5.5331572400e+01   -1.3803625985e+01    6.3773970773e+00    2.7113739149e+00   -1.6514999900e+01    1.2800000000e+02    7.7385629993e-03    6.4013671875e-01
       281   -7.3010488305e+00    5.3419769083e+01   -1.2087853052e+01    4.7868042212e+00    2.8083073966e+00   -1.4896160448e+01    1.2800000000e+02    7.7705989997e-03    6.3769531250e-01
       282   -7.4458619868e+00    5.5634625072e+01   -1.2815912391e+01    5.3700504041e+00    2.5804488224e+00   -1.5396361213e+01    1.2800000000e+02    7.7573560002e-03    6.4892578125e-01
       283   -7.3966016119e+00    5.4982385874e+01   -1.3845733678e+01    6.4491320666e+00    2.7106114483e+00   -1.6556345127e+01    1.2800000000e+02    7.6476149998e-03    6.1816406250e-01
       284   -7.4484876111e+00    5.5608895802e+01   -1.1669196722e+01    4.2207091107e+00    2.6373716221e+00   -1.4306568344e+01    1.2800000000e+02    7.7539520007e-03    6.5136718750e-01
       285   -7.3870982678e+00    5.4688229663e+01   -1.1928883154e+01    4.5417848858e+00    2.5257373847e+00   -1.4454620538e+01    1.2800000000e+02    7.8031789999e-03    6.5625000000e-01
       286   -7.4593526521e+00    5.5924499076e+01   -1.4172966026e+01    6.7136133741e+00    2.4521765405e+00   -1.6625142567e+01    1.2800000000e+02    7.6471180000e-03    6.4599609375e-01
       287   -7.5979719826e+00    5.8100706325e+01   -1.3929771265e+01    6.3317992825e+00    2.4083280931e+00   -1.6338099358e+01    1.2800000000e+02    7.7836170003e-03    6.5136718750e-01
       288   -7.7560580563e+00    6.0571032844e+01   -1.6628280395e+01    8.8722223386e+00    2.7856619677e+00   -1.9413942363e+01    1.2800000000e+02    7.6868570004e-03    6.3183593750e-01
       289   -7.3822800261e+00    5.4653048290e+01   -1.0908609899e+01    3.5263298729e+00    2.6360309079e+00   -1.3544640807e+01    1.2800000000e+02    7.7712849998e-03    6.5283203125e-01
       290   -7.4679888690e+00    5.6061376403e+01   -2.0016932126e+01    1.2548943257e+01    2.7258825755e+00   -2.2742814701e+01    1.2800000000e+02    7.6988040000e-03    6.2744140625e-01
       291   -7.3876153653e+00    5.4771655356e+01   -1.4007180460e+01    6.6195650949e+00    2.6106732042e+00   -1.6617853664e+01    1.2800000000e+02    7.7130699992e-03    6.3183593750e-01
       292   -7.4008584108e+00    5.4904386875e+01   -1.3000969261e+01    5.6001108499e+00    2.2424606332e+00   -1.5243429894e+01    1.2800000000e+02    7.7551360000e-03    6.5527343750e-01
       293   -7.3309378417e+00    5.3870512943e+01   -1.2592904536e+01    5.2619666943e+00    2.3371083852e+00   -1.4930012921e+01    1.2800000000e+02    7.7396090001e-03    6.5087890625e-01
       294   -7.4703908056e+00    5.5966926644e+01   -1.4001336246e+01    6.5309454406e+00    2.2185346016e+00   -1.6219870848e+01    1.2800000000e+02    7.7440790001e-03    6.6064453125e-01
       295   -7.4363451773e+00    5.5431316144e+01   -1.5344712453e+01    7.9083672753e+00    2.5380650592e+00   -1.7882777512e+01    1.2800000000e+02    7.6874289998e-03    6.4746093750e-01
       296   -7.5446419104e+00    5.7145005536e+01   -1.2623160954e+01    5.0785190436e+00    2.4417007910e+00   -1.5064861745e+01    1.2800000000e+02    7.7633080000e-03    6.5136718750e-01
       297   -7.4977486893e+00    5.6385934774e+01   -1.1521808502e+01    4.0240598125e+00    2.5145984123e+00   -1.4036406914e+01    1.2800000000e+02    7.7416340000e-03    6.5722656250e-01
       298   -7.5429285391e+00    5.7073836258e+01   -1.2548763533e+01    5.0058349944e+00    2.8043112590e+00   -1.5353074792e+01    1.2800000000e+02    7.7595840003e-03    6.4013671875e-01
       299   -7.3630647218e+00    5.4400929861e+01   -1.3144485057e+01    5.7814203356e+00    2.7243961885e+00   -1.5868881246e+01    1.2800000000e+02    7.7547730007e-03    6.4599609375e-01
       300   -7.4403978513e+00    5.5514569206e+01   -1.1974606110e+01    4.5342082588e+00    2.3453486057e+00   -1.4319954716e+01    1.2800000000e+02    7.8748220003e-03    6.7382812500e-01
       301   -7.3891452311e+00    5.4831315833e+01   -1.3479330572e+01    6.0901853414e+00    3.2861781178e+00   -1.6765508690e+01    1.2800000000e+02    7.7177240000e-03    6.3525390625e-01
       302   -7.3605533966e+00    5.4352309794e+01   -1.3717676380e+01    6.3571229831e+00    2.9760918588e+00   -1.6693768239e+01    1.2800000000e+02    7.7117009996e-03    6.3378906250e-01
       303   -7.4517331057e+00    5.5741365276e+01   -1.3667464200e+01    6.2157310941e+00    2.4235669675e+00   -1.6091031167e+01    1.2800000000e+02    7.5892980003e-03    6.2451171875e-01
       304   -7.4996820248e+00    5.6423624883e+01   -1.6408908661e+01    8.9092266363e+00    2.4590026702e+00   -1.8867911331e+01    1.2800000000e+02    7.6663580003e-03    6.4794921875e-01
       305   -7.6139042404e+00    5.8269504588e+01   -1.3796574539e+01    6.1826702986e+00    2.7705306302e+00   -1.6567105169e+01    1.2800000000e+02    7.7631389995e-03    6.4404296875e-01
       306   -7.4814103534e+00    5.6222302502e+01   -1.1940631930e+01    4.4592215763e+00    2.1298292058e+00   -1.4070461136e+01    1.2800000000e+02    7.7946859992e-03    6.6552734375e-01
       307   -7.4760416109e+00    5.6211682748e+01   -1.5108224608e+01    7.6321829971e+00    2.7025876817e+00   -1.7810812290e+01    1.2800000000e+02    7.7118689996e-03    6.3476562500e-01
       308   -7.6252100656e+00    5.8511276342e+01   -1.4444265372e+01    6.8190553064e+00    2.5767068322e+00   -1.7020972204e+01    1.2800000000e+02    7.7151180003e-03    6.5283203125e-01
       309   -7.6198262074e+00    5.8387864011e+01   -1.6522666361e+01    8.9028401538e+00    3.1384960819e+00   -1.9661162443e+01    1.2800000000e+02    7.6763650004e-03    6.1572265625e-01
       310   -7.4490550418e+00    5.5661363826e+01   -1.2766881351e+01    5.3178263096e+00    2.5600315866e+00   -1.5326912938e+01    1.2800000000e+02    7.7727570006e-03    6.5966796875e-01
       311   -7.7362482151e+00    6.0236309141e+01   -1.7068483309e+01    9.3322350938e+00    3.2545606048e+00   -2.0323043914e+01    1.2800000000e+02    7.6277620001e-03    5.9863281250e-01
       312   -7.4397147775e+00    5.5484229829e+01   -1.7407084175e+01    9.9673693974e+00    2.4860710781e+00   -1.9893155253e+01    1.2800000000e+02    7.6278930001e-03    6.2597656250e-01
       313   -7.5527897171e+00    5.7361395096e+01   -1.3208722370e+01    5.6559326524e+00    2.2689333300e+00   -1.5477655700e+01    1.2800000000e+02    7.7314059999e-03    6.5136718750e-01
       314   -7.3889575577e+00    5.4769374516e+01   -1.4394625461e+01    7.0056679033e+00    2.5692597620e+00   -1.6963885223e+01    1.2800000000e+02    7.7252330002e-03    6.3916015625e-01
       315   -7.3961177012e+00    5.5026429825e+01   -1.5865149190e+01    8.4690314885e+00    3.0164731157e+00   -1.8881622305e+01    1.2800000000e+02    7.6373140000e-03    6.1230468750e-01
       316   -7.3743371808e+00    5.4527718967e+01   -1.1317797900e+01    3.9434607188e+00    2.7631204099e+00   -1.4080918310e+01    1.2800000000e+02    7.7761369994e-03    6.6113281250e-01
       317   -7.3803238444e+00    5.4832225308e+01   -1.2784917407e+01    5.4045935627e+00    2.9068160172e+00   -1.5691733424e+01    1.2800000000e+02    7.7330320000e-03    6.3720703125e-01
       318   -7.3470478200e+00    5.4167197335e+01   -1.2887205923e+01    5.5401581027e+00    2.6212759690e+00   -1.5508481892e+01    1.2800000000e+02    7.7116570001e-03    6.4404296875e-01
       319   -7.3560944442e+00    5.4275553592e+01   -1.3417140224e+01    6.0610457798e+00    2.4439852013e+00   -1.5861125425e+01    1.2800000000e+02    7.7251279999e-03    6.4794921875e-01
       320   -7.4249817998e+00    5.5370642867e+01   -1.2668291849e+01    5.2433100493e+00    2.4490413285e+00   -1.5117333178e+01    1.2800000000e+02    7.7915740003e-03    6.5527343750e-01
       321   -7.4942491410e+00    5.6354322008e+01   -1.3901528264e+01    6.4072791229e+00    2.7879637435e+00   -1.6689492007e+01    1.2800000000e+02    7.7177009998e-03    6.3769531250e-01
       322   -7.4100882139e+00    5.5041081049e+01   -1.3561874813e+01    6.1517865987e+00    2.6369154659e+00   -1.6198790279e+01    1.2800000000e+02    7.6322779996e-03    6.1816406250e-01
       323   -7.5222885767e+00    5.6900378871e+01   -1.6013482346e+01    8.4911937695e+00    3.2695377535e+00   -1.9283020100e+01    1.2800000000e+02    7.6214979999e-03    6.1865234375e-01
       324   -7.5016564749e+00    5.6517406528e+01   -1.3130987553e+01    5.6293310782e+00    2.5002697141e+00   -1.5631257267e+01    1.2800000000e+02    7.8381009998e-03    6.5380859375e-01
       325   -7.5054121425e+00    5.6519544428e+01   -1.4778619568e+01    7.2732074260e+00    2.6936847046e+00   -1.7472304273e+01    1.2800000000e+02    7.7957469994e-03    6.4794921875e-01
       326   -7.4007377646e+00    5.5083735570e+01   -1.6625158240e+01    9.2244204754e+00    2.8902105399e+00   -1.9515368780e+01    1.2800000000e+02    7.7602550000e-03    6.3867187500e-01
       327   -7.4244184694e+00    5.5348149238e+01   -1.5146052825e+01    7.7216343553e+00    2.6139427055e+00   -1.7759995530e+01    1.2800000000e+02    7.6800059996e-03    6.3037109375e-01
       328   -7.4362040950e+00    5.5409568995e+01   -1.1786981350e+01    4.3507772553e+00    2.1357818686e+00   -1.3922763219e+01    1.2800000000e+02    7.7236800007e-03    6.6650390625e-01
       329   -7.4559616831e+00    5.5734012693e+01   -1.3004114782e+01    5.5481530989e+00    2.8238947503e+00   -1.5828009532e+01    1.2800000000e+02    7.8905600003e-03    6.3818359375e-01
       330   -7.5665631737e+00    5.7563441701e+01   -1.4334452682e+01    6.7678895085e+00    2.5423337934e+00   -1.6876786476e+01    1.2800000000e+02    7.8019740004e-03    6.5380859375e-01
       331   -7.6620665651e+00    5.9108834034e+01   -1.4702561274e+01    7.0404947087e+00    2.9521010065e+00   -1.7654662280e+01    1.2800000000e+02    8.6983010005e-03    6.4208984375e-01
       332   -7.3428371485e+00    5.4071784299e+01   -1.3308480822e+01    5.9656436731e+00    2.6584438381e+00   -1.5966924660e+01    1.2800000000e+02    7.9965590003e-03    6.4013671875e-01
       333   -7.3379295354e+00    5.4001830214e+01   -1.6144974018e+01    8.8070444822e+00    2.5515075478e+00   -1.8696481565e+01    1.2800000000e+02    9.1555839999e-03    6.3916015625e-01
       334   -7.5554263218e+00    5.7585516723e+01   -1.8673792714e+01    1.1118366393e+01    2.8313884356e+00   -2.1505181150e+01    1.2800000000e+02    7.9270670003e-03    6.3818359375e-01
       335   -7.4426504419e+00    5.5551995978e+01   -1.2351304542e+01    4.9086541002e+00    2.5340313291e+00   -1.4885335871e+01    1.2800000000e+02    7.7091249996e-03    6.5478515625e-01
       336   -7.4274536036e+00    5.5458214045e+01   -1.4957608605e+01    7.5301550010e+00    2.7443859924e+00   -1.7701994597e+01    1.2800000000e+02    7.6439339991e-03    6.2255859375e-01
       337   -7.4763701391e+00    5.6135689271e+01   -1.2920408613e+01    5.4440384741e+00    2.3943267521e+00   -1.5314735365e+01    1.2800000000e+02    7.8925459993e-03    6.3769531250e-01
       338   -7.3761600734e+00    5.4607050240e+01   -1.2082480993e+01    4.7063209196e+00    2.3148449942e+00   -1.4397325987e+01    1.2800000000e+02    7.7445289999e-03    6.5576171875e-01
       339   -7.5361734022e+00    5.7061960492e+01   -1.4401198882e+01    6.8650254803e+00    2.8636891510e+00   -1.7264888033e+01    1.2800000000e+02    7.7175319993e-03    6.2304687500e-01
       340   -7.6401154567e+00    5.8651372737e+01   -1.4946845114e+01    7.3067296573e+00    2.6399966475e+00   -1.7586841762e+01    1.2800000000e+02    7.6791940000e-03    6.3476562500e-01
       341   -7.5159058407e+00    5.6892762679e+01   -1.6304298641e+01    8.7883928002e+00    2.8910100003e+00   -1.9195308641e+01    1.2800000000e+02    8.1261680007e-03    6.2939453125e-01
       342   -7.4224649905e+00    5.5237530221e+01   -1.4427051978e+01    7.0045869878e+00    2.4397269930e+00   -1.6866778971e+01    1.2800000000e+02    7.8573849996e-03    6.4257812500e-01
       343   -7.2597775845e+00    5.2962054551e+01   -1.4396965226e+01    7.1371876414e+00    2.8551612745e+00   -1.7252126500e+01    1.2800000000e+02    7.7145740006e-03    6.1669921875e-01
       344   -7.4663670889e+00    5.6051452958e+01   -1.6118336976e+01    8.6519698868e+00    2.8213493283e+00   -1.8939686304e+01    1.2800000000e+02    7.6284090001e-03    6.1718750000e-01
       345   -7.4086067180e+00    5.5135770992e+01   -1.3310446506e+01    5.9018397882e+00    3.0195321104e+00   -1.6329978617e+01    1.2800000000e+02    7.8393169997e-03    6.5722656250e-01
       346   -7.3742023579e+00    5.4548567422e+01   -1.6518122359e+01    9.1439200015e+00    2.5706560001e+00   -1.9088778359e+01    1.2800000000e+02    7.6328739997e-03    6.2109375000e-01
       347   -7.4626992053e+00    5.6006821984e+01   -1.5168474866e+01    7.7057756608e+00    2.7837576294e+00   -1.7952232495e+01    1.2800000000e+02    7.7587830001e-03    6.2939453125e-01
       348   -7.3792164899e+00    5.4685686494e+01   -1.5446457228e+01    8.0672407378e+00    2.9365818810e+00   -1.8383039109e+01    1.2800000000e+02    7.6977740000e-03    6.2500000000e-01
       349   -7.3759655489e+00    5.4575841936e+01   -1.3189391339e+01    5.8134257898e+00    2.5161135961e+00   -1.5705504935e+01    1.2800000000e+02    7.7093790005e-03    6.3281250000e-01
       350   -7.4067632860e+00    5.5057929764e+01   -1.3300744997e+01    5.8939817114e+00    3.0289050894e+00   -1.6329650087e+01    1.2800000000e+02    7.8963619999e-03    6.5673828125e-01
       351   -7.4423776860e+00    5.5683271574e+01   -1.5514373204e+01    8.0719955184e+00    2.7798158967e+00   -1.8294189101e+01    1.2800000000e+02    7.7351620002e-03    6.2500000000e-01
       352   -7.3697296075e+00    5.4440091326e+01   -1.1912500683e+01    4.5427710757e+00    2.0024016258e+00   -1.3914902309e+01    1.2800000000e+02    7.6328449995e-03    6.7138671875e-01
       353   -7.4433999689e+00    5.5679710286e+01   -2.2787088352e+01    1.5343688383e+01    2.8361557299e+00   -2.5623244082e+01    1.2800000000e+02    7.7216840000e-03    6.2109375000e-01
       354   -7.2459131988e+00    5.2662554954e+01   -1.5734024600e+01    8.4881114010e+00    2.9151713419e+00   -1.8649195942e+01    1.2800000000e+02    7.7007829996e-03    6.1474609375e-01
       355   -7.4627573625e+00    5.5886784724e+01   -1.2339929557e+01    4.8771721947e+00    2.2420752941e+00   -1.4582004851e+01    1.2800000000e+02    7.7309809994e-03    6.5380859375e-01
       356   -7.5521417707e+00    5.7307230884e+01   -1.3972125092e+01    6.4199833209e+00    2.4645435577e+00   -1.6436668649e+01    1.2800000000e+02    7.8083710005e-03    6.4941406250e-01
       357   -7.3817072119e+00    5.4667339964e+01   -1.4681995548e+01    7.3002883366e+00    2.4924454123e+00   -1.7174440961e+01    1.2800000000e+02    7.7065449996e-03    6.3916015625e-01
       358   -7.5209585434e+00    5.6778859635e+01   -1.5854806695e+01    8.3338481516e+00    2.7504495046e+00   -1.8605256200e+01    1.2800000000e+02    7.8121600000e-03    6.6259765625e-01
       359   -7.5230786234e+00    5.6816024156e+01   -1.5157395910e+01    7.6343172870e+00    2.9440613065e+00   -1.8101457217e+01    1.2800000000e+02    7.6305599996e-03    6.1718750000e-01
       360   -7.5714902691e+00    5.7694379386e+01   -1.4424066634e+01    6.8525763649e+00    2.5777360456e+00   -1.7001802679e+01    1.2800000000e+02    7.7714449999e-03    6.3964843750e-01
       361   -7.5308597819e+00    5.6931651221e+01   -1.4551725002e+01    7.0208652206e+00    2.8652884706e+00   -1.7417013473e+01    1.2800000000e+02    7.7384970000e-03    6.3085937500e-01
       362   -7.5831083379e+00    5.7805595899e+01   -1.3256849010e+01    5.6737406726e+00    2.5838212965e+00   -1.5840670307e+01    1.2800000000e+02    8.6330899994e-03    6.3671875000e-01
       363   -7.6179884272e+00    5.8339489056e+01   -2.1984339016e+01    1.4366350589e+01    3.1653334982e+00   -2.5149672515e+01    1.2800000000e+02    7.6921319996e-03    5.9667968750e-01
       364   -7.5078319631e+00    5.6517242662e+01   -1.6450337701e+01    8.9425057378e+00    2.6127882452e+00   -1.9063125946e+01    1.2800000000e+02    7.9061549995e-03    6.5136718750e-01
       365   -7.4893188260e+00    5.6310923493e+01   -1.7858458785e+01    1.0369139959e+01    2.8115586044e+00   -2.0670017389e+01    1.2800000000e+02    7.6920849997e-03    6.2451171875e-01
       366   -7.4769899411e+00    5.6130629624e+01   -1.6097612408e+01    8.6206224668e+00    2.5190516217e+00   -1.8616664030e+01    1.2800000000e+02    7.8894910002e-03    6.5917968750e-01
       367   -7.5318813949e+00    5.6941297596e+01   -1.2294536305e+01    4.7626549104e+00    2.2835524925e+00   -1.4578088798e+01    1.2800000000e+02    7.6441960000e-03    6.3769531250e-01
       368   -7.3803981732e+00    5.4616792029e+01   -1.3787504361e+01    6.4071061875e+00    2.5406438064e+00   -1.6328148167e+01    1.2800000000e+02    7.6870679995e-03    6.4160156250e-01
       369   -7.3682903211e+00    5.4448401546e+01   -1.3228137071e+01    5.8598467501e+00    2.6863314613e+00   -1.5914468533e+01    1.2800000000e+02    7.6682419995e-03    6.2353515625e-01
       370   -7.4190758460e+00    5.5285700646e+01   -1.4328567157e+01    6.9094913113e+00    2.6743083605e+00   -1.7002875518e+01    1.2800000000e+02    7.6631180000e-03    6.3867187500e-01
       371   -7.4871357262e+00    5.6199272811e+01   -1.3979815624e+01    6.4926798981e+00    2.5558773621e+00   -1.6535692986e+01    1.2800000000e+02    7.6914699994e-03    6.2304687500e-01
       372   -7.4479823540e+00    5.5615003941e+01   -1.2367948568e+01    4.9199662139e+00    2.7551324871e+00   -1.5123081055e+01    1.2800000000e+02    9.3036779999e-03    6.3867187500e-01
       373   -7.4120553512e+00    5.5250983340e+01   -1.2705525825e+01    5.2934704737e+00    2.5907752540e+00   -1.5296301079e+01    1.2800000000e+02    7.7897159999e-03    6.4990234375e-01
       374   -7.3482133495e+00    5.4345125949e+01   -1.5994006717e+01    8.6457933674e+00    2.9410319255e+00   -1.8935038642e+01    1.2800000000e+02    7.7215700003e-03    6.2500000000e-01
       375   -7.6316770656e+00    5.8623299567e+01   -2.8282812084e+01    2.0651135018e+01    2.8758044305e+00   -3.1158616515e+01    1.2800000000e+02    7.7764400003e-03    6.2939453125e-01
       376   -7.3744833391e+00    5.4531240335e+01   -1.2145985330e+01    4.7715019906e+00    2.1208776829e+00   -1.4266863013e+01    1.2800000000e+02    7.8827919997e-03    6.5722656250e-01
       377   -7.5676847425e+00    5.7484774435e+01   -1.4846803799e+01    7.2791190568e+00    2.4937082648e+00   -1.7340512064e+01    1.2800000000e+02    7.8434190000e-03    6.4355468750e-01
       378   -7.5453112136e+00    5.7216997584e+01   -1.4190661003e+01    6.6453497892e+00    2.7584627472e+00   -1.6949123750e+01    1.2800000000e+02    7.6860079998e-03    6.2207031250e-01
       379   -7.3639657662e+00    5.4304806319e+01   -1.0859871816e+01    3.4959060493e+00    2.3120400857e+00   -1.3171911901e+01    1.2800000000e+02    7.8820819999e-03    6.6308593750e-01
       380   -7.7334909480e+00    6.0124447728e+01   -1.4608127663e+01    6.8746367151e+00    2.6943138291e+00   -1.7302441492e+01    1.2800000000e+02    7.7363889995e-03    6.5332031250e-01
       381   -7.5336989686e+00    5.7019900576e+01   -1.4739280386e+01    7.2055814177e+00    2.6182476062e+00   -1.7357527992e+01    1.2800000000e+02    7.6903850004e-03    6.3134765625e-01
       382   -7.3941030981e+00    5.4836418670e+01   -1.5026171330e+01    7.6320682316e+00    2.4105742895e+00   -1.7436745619e+01    1.2800000000e+02    7.7538690002e-03    6.5136718750e-01
       383   -7.5034097135e+00    5.6440929206e+01   -1.2336928346e+01    4.8335186327e+00    2.3327776660e+00   -1.4669706012e+01    1.2800000000e+02    8.0246280004e-03    6.7285156250e-01
       384   -7.4735220939e+00    5.6039006970e+01   -1.3912566696e+01    6.4390446016e+00    2.6368546230e+00   -1.6549421319e+01    1.2800000000e+02    7.7489390005e-03    6.5087890625e-01
       385   -7.3536712027e+00    5.4227101049e+01   -1.2275466778e+01    4.9217955753e+00    2.7194050541e+00   -1.4994871832e+01    1.2800000000e+02    7.7475739999e-03    6.4062500000e-01
       386   -7.6595796200e+00    5.8972142482e+01   -1.8918832064e+01    1.1259252444e+01    2.8123535052e+00   -2.1731185569e+01    1.2800000000e+02    7.8156469999e-03    6.4208984375e-01
       387   -7.4621627261e+00    5.5918290356e+01   -1.3872688079e+01    6.4105253531e+00    2.8307826451e+00   -1.6703470724e+01    1.2800000000e+02    7.7111599994e-03    6.3574218750e-01
       388   -7.5130909295e+00    5.6739937485e+01   -1.4101635569e+01    6.5885446396e+00    2.3352225059e+00   -1.6436858075e+01    1.2800000000e+02    7.7364560002e-03    6.4843750000e-01
       389   -7.5225983917e+00    5.6766143933e+01   -1.6916841797e+01    9.3942434058e+00    2.6445524594e+00   -1.9561394257e+01    1.2800000000e+02    7.8542420006e-03    6.4355468750e-01
       390   -7.5034702843e+00    5.6495198005e+01   -1.7623369230e+01    1.0119898946e+01    3.0588644284e+00   -2.0682233659e+01    1.2800000000e+02    7.6885519993e-03    6.2011718750e-01
       391   -7.4901431642e+00    5.6330861318e+01   -1.9673727689e+01    1.2183584524e+01    2.7719461621e+00   -2.2445673851e+01    1.2800000000e+02    7.5969959998e-03    6.1621093750e-01
       392   -7.4310717856e+00    5.5422507457e+01   -1.6715707409e+01    9.2846356236e+00    2.4857240155e+00   -1.9201431425e+01    1.2800000000e+02    7.7317670002e-03    6.3818359375e-01
       393   -7.3603167995e+00    5.4349467501e+01   -1.1520919353e+01    4.1606025537e+00    2.5478572259e+00   -1.4068776579e+01    1.2800000000e+02    7.8346009996e-03    6.6308593750e-01
       394   -7.4995510706e+00    5.6525850281e+01   -1.3987137375e+01    6.4875863041e+00    2.5177258806e+00   -1.6504863255e+01    1.2800000000e+02    8.5819960004e-03    6.4941406250e-01
       395   -7.4253077966e+00    5.5349127415e+01   -1.4859512194e+01    7.4342043979e+00    2.6251397707e+00   -1.7484651965e+01    1.2800000000e+02    7.7855780000e-03    6.5087890625e-01
       396   -7.4730050798e+00    5.5960723881e+01   -1.1997925232e+01    4.5249201519e+00    2.8073509814e+00   -1.4805276213e+01    1.2800000000e+02    7.7412600003e-03    6.3867187500e-01
       397   -7.4003553021e+00    5.4898314874e+01   -1.3224219902e+01    5.8238645995e+00    2.6284025758e+00   -1.5852622477e+01    1.2800000000e+02    7.7860609999e-03    6.5332031250e-01
       398   -7.3750451421e+00    5.4513816692e+01   -1.0899974599e+01    3.5249294568e+00    2.5645281693e+00   -1.3464502768e+01    1.2800000000e+02    7.8801889995e-03    6.5576171875e-01
       399   -7.5517507151e+00    5.7323554837e+01   -1.3660327123e+01    6.1085764080e+00    2.3778160303e+00   -1.6038143153e+01    1.2800000000e+02    7.7821969999e-03    6.4746093750e-01
       400   -7.3218270471e+00    5.3764368088e+01   -1.1175043483e+01    3.8532164364e+00    2.5724338595e+00   -1.3747477343e+01    1.2800000000e+02    7.9003609999e-03    6.6113281250e-01
       401   -7.4886570577e+00    5.6257446622e+01   -1.4374482323e+01    6.8858252655e+00    2.5372214800e+00   -1.6911703803e+01    1.2800000000e+02    7.7273930001e-03    6.2890625000e-01
       402   -7.6594831231e+00    5.9097580403e+01   -1.3214281463e+01    5.5547983400e+00    3.2091261178e+00   -1.6423407581e+01    1.2800000000e+02    7.7952500005e-03    6.4160156250e-01
       403   -7.4589725052e+00    5.5945984347e+01   -1.4114694609e+01    6.6557221036e+00    2.5533488807e+00   -1.6668043490e+01    1.2800000000e+02    7.6767600003e-03    6.1474609375e-01
       404   -7.6324419926e+00    5.8576607023e+01   -1.7468879439e+01    9.8364374461e+00    2.6363925800e+00   -2.0105272019e+01    1.2800000000e+02    7.6357990001e-03    6.1035156250e-01
       405   -7.5024919314e+00    5.6577866784e+01   -1.2434551549e+01    4.9320596173e+00    2.7353955673e+00   -1.5169947116e+01    1.2800000000e+02    7.8930119998e-03    6.7187500000e-01
       406   -7.5013027561e+00    5.6419306040e+01   -1.1643906721e+01    4.1426039650e+00    2.4618695563e+00   -1.4105776277e+01    1.2800000000e+02    7.7517569998e-03    6.5869140625e-01
       407   -7.3331639626e+00    5.3957601745e+01   -1.3643853117e+01    6.3106891541e+00    2.8425925025e+00   -1.6486445619e+01    1.2800000000e+02    7.7490330004e-03    6.2695312500e-01
       408   -7.4048025156e+00    5.4997405983e+01   -1.4920705579e+01    7.5159030638e+00    2.4695763443e+00   -1.7390281924e+01    1.2800000000e+02    7.7465080003e-03    6.4599609375e-01
       409   -7.3298182070e+00    5.3861071180e+01   -1.3907298954e+01    6.5774807469e+00    2.4003087873e+00   -1.6307607741e+01    1.2800000000e+02    7.7578230002e-03    6.3623046875e-01
       410   -7.4408064341e+00    5.5498449153e+01   -1.4035818033e+01    6.5950115990e+00    2.6303425879e+00   -1.6666160621e+01    1.2800000000e+02    7.7867380005e-03    6.5087890625e-01
       411   -7.5721354247e+00    5.7692097175e+01   -3.3809540234e+01    2.6237404809e+01    2.9790018142e+00   -3.6788542048e+01    1.2800000000e+02    7.7402310008e-03    6.1376953125e-01
       412   -7.5906294737e+00    5.7922338637e+01   -1.3027127431e+01    5.4364979574e+00    2.9167592469e+00   -1.5943886678e+01    1.2800000000e+02    7.7812299996e-03    6.5332031250e-01
       413   -7.5446296448e+00    5.7145803220e+01   -1.3580351649e+01    6.0357220044e+00    2.5618337642e+00   -1.6142185413e+01    1.2800000000e+02    7.7439720008e-03    6.4892578125e-01
       414   -7.7058778652e+00    5.9717109974e+01   -1.3571631887e+01    5.8657540219e+00    2.9165117014e+00   -1.6488143588e+01    1.2800000000e+02    7.8769490001e-03    6.5722656250e-01
       415   -7.5251336866e+00    5.6831391918e+01   -1.2328736702e+01    4.8036030157e+00    2.3945641254e+00   -1.4723300828e+01    1.2800000000e+02    7.7594830000e-03    6.4941406250e-01
       416   -7.4022050910e+00    5.4945620167e+01   -1.6611812089e+01    9.2096069983e+00    2.4671319616e+00   -1.9078944051e+01    1.2800000000e+02    7.7587079995e-03    6.5429687500e-01
       417   -7.5136904492e+00    5.6608060618e+01   -1.2697865260e+01    5.1841748112e+00    2.7444434641e+00   -1.5442308724e+01    1.2800000000e+02    7.6590429999e-03    6.4208984375e-01
       418   -7.4951922548e+00    5.6354534862e+01   -1.6855370388e+01    9.3601781332e+00    2.6127658720e+00   -1.9468136260e+01    1.2800000000e+02    7.6548430006e-03    6.4599609375e-01
       419   -7.4468542085e+00    5.5556995024e+01   -1.2554578617e+01    5.1077244082e+00    2.3026622361e+00   -1.4857240853e+01    1.2800000000e+02    7.7961839997e-03    6.6406250000e-01
       420   -7.6662923387e+00    5.9178609716e+01   -2.0210757588e+01    1.2544465250e+01    2.8479799471e+00   -2.3058737536e+01    1.2800000000e+02    7.6086419995e-03    6.0742187500e-01
       421   -7.3331073503e+00    5.3909709843e+01   -1.3027184995e+01    5.6940776444e+00    2.7617945458e+00   -1.5788979540e+01    1.2800000000e+02    7.7490090007e-03    6.4599609375e-01
       422   -7.4758825344e+00    5.6025064550e+01   -1.5207935595e+01    7.7320530608e+00    2.5575136937e+00   -1.7765449289e+01    1.2800000000e+02    7.7694499996e-03    6.4648437500e-01
       423   -7.3709079995e+00    5.4497451955e+01   -1.3828779211e+01    6.4578712115e+00    2.7979947734e+00   -1.6626773984e+01    1.2800000000e+02    7.6676119998e-03    6.2402343750e-01
       424   -7.4310973024e+00    5.5367388258e+01   -1.0780216729e+01    3.3491194269e+00    2.2999732840e+00   -1.3080190013e+01    1.2800000000e+02    7.7831109993e-03    6.5820312500e-01
       425   -7.5457018931e+00    5.7150878330e+01   -1.4234533413e+01    6.6888315195e+00    2.7255386162e+00   -1.6960072029e+01    1.2800000000e+02    7.6836500002e-03    6.2890625000e-01
       426   -7.4555606729e+00    5.5844900542e+01   -1.3947420695e+01    6.4918600217e+00    3.1116888002e+00   -1.7059109495e+01    1.2800000000e+02    8.6382190002e-03    6.2792968750e-01
       427   -7.3381420188e+00    5.4003574538e+01   -1.4122010946e+01    6.7838689275e+00    2.3646793239e+00   -1.6486690270e+01    1.2800000000e+02    7.6813409996e-03    6.2646484375e-01
       428   -7.3464561875e+00    5.4209826413e+01   -1.7112292685e+01    9.7658364978e+00    2.9954892479e+00   -2.0107781933e+01    1.2800000000e+02    7.6625849997e-03    6.1181640625e-01
       429   -7.7484098269e+00    6.0533086924e+01   -1.2936349672e+01    5.1879398450e+00    2.5328590833e+00   -1.5469208755e+01    1.2800000000e+02    7.7944840004e-03    6.6259765625e-01
       430   -7.5367898146e+00    5.6972627702e+01   -1.2378350409e+01    4.8415605943e+00    2.4545865818e+00   -1.4832936991e+01    1.2800000000e+02    7.7886279996e-03    6.5869140625e-01
       431   -7.3443387859e+00    5.4157896410e+01   -1.4077932409e+01    6.7335936227e+00    2.4031049659e+00   -1.6481037375e+01    1.2800000000e+02    7.6776670003e-03    6.4208984375e-01
       432   -7.4741910733e+00    5.6044711885e+01   -1.6192324835e+01    8.7181337619e+00    2.5848847565e+00   -1.8777209592e+01    1.2800000000e+02    7.7183869998e-03    6.4257812500e-01
       433   -7.4736246073e+00    5.6058525308e+01   -1.5565725831e+01    8.0921012234e+00    2.9131902928e+00   -1.8478916123e+01    1.2800000000e+02    7.7311639998e-03    6.5234375000e-01
       434   -7.4233813108e+00    5.5388004378e+01   -1.4324058400e+01    6.9006770888e+00    2.8162181203e+00   -1.7140276520e+01    1.2800000000e+02    7.6987030006e-03    6.2597656250e-01
       435   -7.5454676529e+00    5.7344138768e+01   -1.6084134907e+01    8.5386672544e+00    2.5129301526e+00   -1.8597065060e+01    1.2800000000e+02    8.5092030004e-03    6.2646484375e-01
       436   -7.4627223339e+00    5.5866244440e+01   -1.6690801571e+01    9.2280792374e+00    2.5936843621e+00   -1.9284485933e+01    1.2800000000e+02    7.5252749994e-03    6.1083984375e-01
       437   -7.4325919974e+00    5.5432142503e+01   -1.3932267841e+01    6.4996758433e+00    2.1123056858e+00   -1.6044573527e+01    1.2800000000e+02    7.6271250000e-03    6.5478515625e-01
       438   -7.4232841025e+00    5.5426990447e+01   -1.5667291249e+01    8.2440071464e+00    2.5650262670e+00   -1.8232317516e+01    1.2800000000e+02    7.6855770003e-03    6.3232421875e-01
       439   -7.4079868733e+00    5.5081204190e+01   -1.3660548520e+01    6.2525616470e+00    2.5138291221e+00   -1.6174377642e+01    1.2800000000e+02    7.6936480000e-03    6.4355468750e-01
       440   -7.3491182897e+00    5.4126788355e+01   -1.3535172372e+01    6.1860540826e+00    2.7588726364e+00   -1.6294045009e+01    1.2800000000e+02    7.7914829999e-03    6.2207031250e-01
       441   -7.5636556895e+00    5.7433567292e+01   -1.5285510609e+01    7.7218549198e+00    2.6380832199e+00   -1.7923593829e+01    1.2800000000e+02    7.7851850001e-03    6.3818359375e-01
       442   -7.4951245016e+00    5.6485051396e+01   -2.0759313321e+01    1.3264188819e+01    2.7818915903e+00   -2.3541204911e+01    1.2800000000e+02    7.6814739996e-03    6.3037109375e-01
       443   -7.4399057903e+00    5.5558771223e+01   -1.5874702586e+01    8.4347967955e+00    2.7992582202e+00   -1.8673960806e+01    1.2800000000e+02    7.7669599996e-03    6.2548828125e-01
       444   -7.4206471823e+00    5.5276959275e+01   -1.8825990378e+01    1.1405343196e+01    2.4092274045e+00   -2.1235217782e+01    1.2800000000e+02    7.7221250003e-03    6.5527343750e-01
       445   -7.3823718912e+00    5.4704843430e+01   -1.3891626300e+01    6.5092544085e+00    2.7688543906e+00   -1.6660480690e+01    1.2800000000e+02    7.6603050002e-03    6.2500000000e-01
       446   -7.4856043176e+00    5.6339797491e+01   -1.5665505497e+01    8.1799011793e+00    2.7541580835e+00   -1.8419663580e+01    1.2800000000e+02    7.6978079996e-03    6.2500000000e-01
       447   -7.4965044769e+00    5.6413857913e+01   -1.3213237990e+01    5.7167335134e+00    2.7684521539e+00   -1.5981690144e+01    1.2800000000e+02    7.7951310004e-03    6.4599609375e-01
       448   -7.4699632959e+00    5.5998165021e+01   -1.3259240820e+01    5.7892775246e+00    2.2814396208e+00   -1.5540680441e+01    1.2800000000e+02    7.7314020000e-03    6.5625000000e-01
       449   -7.4136006105e+00    5.5050058087e+01   -1.4472246859e+01    7.0586462483e+00    2.5265389978e+00   -1.6998785857e+01    1.2800000000e+02    7.7039010002e-03    6.3720703125e-01
       450   -7.3910406005e+00    5.4804377524e+01   -1.4953715850e+01    7.5626752492e+00    2.6937843042e+00   -1.7647500154e+01    1.2800000000e+02    7.7064509996e-03    6.2451171875e-01
       451   -7.4005806471e+00    5.4892539404e+01   -1.1430899323e+01    4.0303186756e+00    2.5064305281e+00   -1.3937329851e+01    1.2800000000e+02    7.7919210007e-03    6.5625000000e-01
       452   -7.4594418096e+00    5.5900679174e+01   -1.3287935692e+01    5.8284938824e+00    2.4505574528e+00   -1.5738493145e+01    1.2800000000e+02    7.7600039995e-03    6.3427734375e-01
       453   -7.4482958628e+00    5.5676406561e+01   -1.3984071609e+01    6.5357757466e+00    2.6790951064e+00   -1.6663166716e+01    1.2800000000e+02    7.8521880005e-03    6.4208984375e-01
       454   -7.4244443951e+00    5.5288577045e+01   -1.3028995529e+01    5.6045511340e+00    2.6102637322e+00   -1.5639259261e+01    1.2800000000e+02    7.8285350000e-03    6.5185546875e-01
       455   -7.4162664554e+00    5.5166158873e+01   -1.2904705355e+01    5.4884388999e+00    2.7952380263e+00   -1.5699943382e+01    1.2800000000e+02    7.7906050001e-03    6.5917968750e-01
       456   -7.3819081385e+00    5.4765982800e+01   -2.2006399513e+01    1.4624491375e+01    2.9663788734e+00   -2.4972778387e+01    1.2800000000e+02    7.7219569994e-03    6.2255859375e-01
       457   -7.5030487535e+00    5.6458848806e+01   -1.6925553464e+01    9.4225047104e+00    2.7558359052e+00   -1.9681389369e+01    1.2800000000e+02    7.6993800003e-03    6.1718750000e-01
       458   -7.4469289899e+00    5.5710554915e+01   -1.5240056669e+01    7.7931276786e+00    2.1981229507e+00   -1.7438179619e+01    1.2800000000e+02    8.5553470008e-03    6.4843750000e-01
       459   -7.5195939355e+00    5.6883242914e+01   -1.3978718466e+01    6.4591245305e+00    2.9832598774e+00   -1.6961978343e+01    1.2800000000e+02    7.6523850003e-03    6.2011718750e-01
       460   -7.3690915141e+00    5.4403566465e+01   -1.1540274412e+01    4.1711828976e+00    2.3147965429e+00   -1.3855070955e+01    1.2800000000e+02    7.7027780007e-03    6.4208984375e-01
       461   -7.3776152513e+00    5.4550001058e+01   -1.3755083074e+01    6.3774678227e+00    2.4349957684e+00   -1.6190078842e+01    1.2800000000e+02    7.7068210003e-03    6.3916015625e-01
       462   -7.4569126276e+00    5.5831503527e+01   -1.4369278642e+01    6.9123660148e+00    2.3946012251e+00   -1.6763879868e+01    1.2800000000e+02    7.7611629995e-03    6.4208984375e-01
       463   -7.5797789333e+00    5.7780638633e+01   -1.3027675804e+01    5.4478968706e+00    2.5524734997e+00   -1.5580149304e+01    1.2800000000e+02    7.6743069994e-03    6.4062500000e-01
       464   -7.4070787971e+00    5.5039701944e+01   -1.1567420429e+01    4.1603416320e+00    2.4483797669e+00   -1.4015800196e+01    1.2800000000e+02    7.8784989992e-03    6.7138671875e-01
       465   -7.5646173381e+00    5.7584154431e+01   -1.4786731475e+01    7.2221141366e+00    3.1617141459e+00   -1.7948445621e+01    1.2800000000e+02    7.6944980001e-03    6.3525390625e-01
       466   -7.7171944342e+00    5.9843646839e+01   -1.6564857073e+01    8.8476626386e+00    2.6469786133e+00   -1.9211835686e+01    1.2800000000e+02    7.8133070001e-03    6.3769531250e-01
       467   -7.3940696294e+00    5.4927498000e+01   -1.3096603361e+01    5.7025337319e+00    2.8822249335e+00   -1.5978828295e+01    1.2800000000e+02    7.7193869993e-03    6.2792968750e-01
       468   -7.5434374419e+00    5.7345382389e+01   -1.5271138968e+01    7.7277015258e+00    3.1741450246e+00   -1.8445283992e+01    1.2800000000e+02    7.7272140006e-03    6.3232421875e-01
       469   -7.7099216050e+00    5.9726153869e+01   -1.8312757115e+01    1.0602835510e+01    2.5758340611e+00   -2.0888591176e+01    1.2800000000e+02    7.9798630004e-03    6.3330078125e-01
       470   -7.3631853668e+00    5.4350774944e+01   -1.0682378323e+01    3.3191929561e+00    2.5154339467e+00   -1.3197812270e+01    1.2800000000e+02    8.1369190002e-03    6.5332031250e-01
       471   -7.5941001366e+00    5.7901659059e+01   -1.3204500408e+01    5.6104002710e+00    2.6884470163e+00   -1.5892947424e+01    1.2800000000e+02    7.7756230003e-03    6.5332031250e-01
       472   -7.4411344942e+00    5.5550391604e+01   -1.4282376814e+01    6.8412423197e+00    2.7196528654e+00   -1.7002029679e+01    1.2800000000e+02    7.7174349999e-03    6.3574218750e-01
       473   -7.4390404449e+00    5.5472309843e+01   -1.2736647176e+01    5.2976067310e+00    2.6144974050e+00   -1.5351144581e+01    1.2800000000e+02    7.7854259998e-03    6.5820312500e-01
       474   -7.4389664539e+00    5.5502047243e+01   -1.4017845073e+01    6.5788786193e+00    3.0834652059e+00   -1.7101310279e+01    1.2800000000e+02    7.7204230001e-03    6.4599609375e-01
       475   -7.3677113785e+00    5.4425693851e+01   -1.4008527295e+01    6.6408159163e+00    2.5586440032e+00   -1.6567171298e+01    1.2800000000e+02    7.7330360000e-03    6.4746093750e-01
       476   -7.3329346401e+00    5.3954285147e+01   -1.3363150668e+01    6.0302160279e+00    2.6510648747e+00   -1.6014215543e+01    1.2800000000e+02    1.4365421000e-02    6.2695312500e-01
       477   -7.5437113041e+00    5.7113887212e+01   -2.1644863773e+01    1.4101152469e+01    2.8231484148e+00   -2.4468012187e+01    1.2800000000e+02    1.5093754000e-02    6.1962890625e-01
       478   -7.5304436531e+00    5.6874868179e+01   -1.2790757405e+01    5.2603137524e+00    2.3326466225e+00   -1.5123404028e+01    1.2800000000e+02    9.5866940001e-03    6.4941406250e-01
       479   -7.5601703428e+00    5.7404977988e+01   -1.3506423067e+01    5.9462527240e+00    2.4661030684e+00   -1.5972526135e+01    1.2800000000e+02    7.7464209999e-03    6.4550781250e-01
       480   -7.5636011921e+00    5.7431498898e+01   -1.5439950320e+01    7.8763491277e+00    3.0654190361e+00   -1.8505369356e+01    1.2800000000e+02    7.8190089998e-03    6.2060546875e-01
       481   -7.3968918793e+00    5.5007726217e+01   -1.4306222235e+01    6.9093303559e+00    2.4390161952e+00   -1.6745238430e+01    1.2800000000e+02    7.6380609999e-03    6.2988281250e-01
       482   -7.4036898315e+00    5.5048607174e+01   -1.7077717543e+01    9.6740277111e+00    2.3674529308e+00   -1.9445170473e+01    1.2800000000e+02    7.6285669993e-03    6.2890625000e-01
       483   -7.5475223133e+00    5.7214391493e+01   -1.2527751309e+01    4.9802289962e+00    2.5476251185e+00   -1.5075376428e+01    1.2800000000e+02    7.7042100002e-03    6.3720703125e-01
       484   -7.5673384975e+00    5.7513545448e+01   -1.8362181543e+01    1.0794843046e+01    2.3872505250e+00   -2.0749432068e+01    1.2800000000e+02    7.7847569992e-03    6.5380859375e-01
       485   -7.3770043564e+00    5.4573952803e+01   -1.3797474751e+01    6.4204703942e+00    2.6004382860e+00   -1.6397913037e+01    1.2800000000e+02    7.7383620001e-03    6.3916015625e-01
       486   -7.5776879788e+00    5.7604082678e+01   -1.2872893924e+01    5.2952059454e+00    3.0298643411e+00   -1.5902758265e+01    1.2800000000e+02    7.8499960000e-03    6.4160156250e-01
       487   -7.4375071634e+00    5.5531920115e+01   -1.2816254745e+01    5.3787475819e+00    2.3628009810e+00   -1.5179055726e+01    1.2800000000e+02    7.8010980005e-03    6.5429687500e-01
       488   -7.2715674971e+00    5.3053402739e+01   -1.3152964695e+01    5.8813971979e+00    2.5030387458e+00   -1.5656003441e+01    1.2800000000e+02    7.7514909999e-03    6.2988281250e-01
       489   -7.3992992024e+00    5.4893927178e+01   -1.2104357045e+01    4.7050578422e+00    2.4147073392e+00   -1.4519064384e+01    1.2800000000e+02    7.7624920004e-03    6.4941406250e-01
       490   -7.6410727415e+00    5.8828847713e+01   -1.6219406684e+01    8.5783339426e+00    2.8727907107e+00   -1.9092197395e+01    1.2800000000e+02    7.8438510000e-03    6.2548828125e-01
       491   -7.4858924033e+00    5.6264245626e+01   -1.2755420571e+01    5.2695281674e+00    2.1848409117e+00   -1.4940261482e+01    1.2800000000e+02    7.6843219995e-03    6.4111328125e-01
       492   -7.5064686934e+00    5.6806411747e+01   -1.5364779409e+01    7.8583107160e+00    2.8755202547e+00   -1.8240299664e+01    1.2800000000e+02    7.8281169999e-03    6.4648437500e-01
       493   -7.4736521266e+00    5.6002685797e+01   -1.3256025148e+01    5.7823730213e+00    2.3683863530e+00   -1.5624411501e+01    1.2800000000e+02    7.8044980000e-03    6.5234375000e-01
       494   -7.5242234592e+00    5.7050253660e+01   -1.6147624991e+01    8.6234015318e+00    2.3425950876e+00   -1.8490220079e+01    1.2800000000e+02    7.5914049994e-03    6.2792968750e-01
       495   -7.5249314631e+00    5.6890833981e+01   -1.3819651360e+01    6.2947198968e+00    2.4672997094e+00   -1.6286951069e+01    1.2800000000e+02    7.6864610000e-03    6.2988281250e-01
       496   -7.4655399139e+00    5.6006825267e+01   -1.4210078659e+01    6.7445387452e+00    2.9063548576e+00   -1.7116433517e+01    1.2800000000e+02    7.6884200007e-03    6.3330078125e-01
       497   -7.4478520426e+00    5.5730947462e+01   -1.3695996578e+01    6.2481445358e+00    2.7886788178e+00   -1.6484675396e+01    1.2800000000e+02    7.9750570003e-03    6.4648437500e-01
       498   -7.6989998989e+00    5.9630935811e+01   -1.5597169737e+01    7.8981698381e+00    2.6867847251e+00   -1.8283954462e+01    1.2800000000e+02    7.7601949997e-03    6.4111328125e-01
       499   -7.6111105370e+00    5.8210604180e+01   -2.0638821498e+01    1.3027710961e+01    2.8598613237e+00   -2.3498682822e+01    1.2800000000e+02    7.8341439994e-03    6.1621093750e-01
