#   index    LocalEnergy         LocalEnergy_sq      LocalPotential      Kinetic             ElecElec            IonElec             BlockWeight         BlockCPU            AcceptRatio         
         0   -7.5281603995e+00    5.6953604701e+01   -1.7031854322e+01    9.5036939228e+00    2.9802391089e+00   -2.0012093431e+01    3.2000000000e+01    2.0301220002e-03    6.2890625000e-01
         1   -7.9130901048e+00    6.3015046185e+01   -1.6156019989e+01    8.2429298846e+00    2.6936910901e+00   -1.8849711079e+01    3.2000000000e+01    1.9403819997e-03    6.6796875000e-01
         2   -7.3238727225e+00    5.3753166076e+01   -1.1873931930e+01    4.5500592078e+00    2.0245138964e+00   -1.3898445827e+01    3.2000000000e+01    1.9249349998e-03    6.3476562500e-01
         3   -7.2661556241e+00    5.2917269830e+01   -1.2500176480e+01    5.2340208562e+00    2.7767588310e+00   -1.5276935311e+01    3.2000000000e+01    1.9697789994e-03    6.6796875000e-01
         4   -7.5958424330e+00    5.7944380826e+01   -1.5439571251e+01    7.8437288185e+00    2.8718851950e+00   -1.8311456446e+01    3.2000000000e+01    1.9011420000e-03    5.9375000000e-01
         5   -7.5325523014e+00    5.6857365096e+01   -1.2887006326e+01    5.3544540249e+00    2.8194467247e+00   -1.5706453051e+01    3.2000000000e+01    2.0381320001e-03    6.5429687500e-01
         6   -7.6075123914e+00    5.8178608806e+01   -2.1610288893e+01    1.4002776502e+01    3.6439919686e+00   -2.5254280862e+01    3.2000000000e+01    1.8971700001e-03    5.8984375000e-01
         7   -7.5451999360e+00    5.7073269904e+01   -1.1432264157e+01    3.8870642207e+00    2.7077038599e+00   -1.4139968017e+01    3.2000000000e+01    1.9532900005e-03    6.6406250000e-01
         8   -7.5089319460e+00    5.6631012378e+01   -1.0836766841e+01    3.3278348951e+00    2.1731668185e+00   -1.3009933660e+01    3.2000000000e+01    1.9754119994e-03    6.9531250000e-01
         9   -7.3124714558e+00    5.3596072549e+01   -1.3493912498e+01    6.1814410423e+00    2.8729008592e+00   -1.6366813357e+01    3.2000000000e+01    1.9263120003e-03    6.3281250000e-01
        10   -7.4734445386e+00    5.5990599292e+01   -1.2077199463e+01    4.6037549240e+00    2.6412851869e+00   -1.4718484650e+01    3.2000000000e+01    1.9407770005e-03    6.3085937500e-01
        11   -7.6134051688e+00    5.8199230427e+01   -1.3201647774e+01    5.5882426053e+00    2.5954228792e+00   -1.5797070653e+01    3.2000000000e+01    1.9095920006e-03    6.2500000000e-01
        12   -7.6561044832e+00    5.8930154238e+01   -1.9210684893e+01    1.1554580410e+01    3.8390994541e+00   -2.3049784347e+01    3.2000000000e+01    1.9417409994e-03    6.4453125000e-01
        13   -7.1534941331e+00    5.1338175338e+01   -1.1782119347e+01    4.6286252135e+00    2.2934217119e+00   -1.4075541058e+01    3.2000000000e+01    1.9761270005e-03    6.1523437500e-01
        14   -7.3513885640e+00    5.4156224563e+01   -1.4292732232e+01    6.9413436677e+00    2.1286160729e+00   -1.6421348305e+01    3.2000000000e+01    1.9115160003e-03    6.5820312500e-01
        15   -7.6896195137e+00    5.9355446000e+01   -2.4571167368e+01    1.6881547854e+01    3.3260994910e+00   -2.7897266859e+01    3.2000000000e+01    1.9345050005e-03    6.2890625000e-01
        16   -7.3616153045e+00    5.4304698597e+01   -1.0945076952e+01    3.5834616477e+00    1.7423292618e+00   -1.2687406214e+01    3.2000000000e+01    1.9092530001e-03    6.8359375000e-01
        17   -7.4545418139e+00    5.5756186711e+01   -1.1226441729e+01    3.7718999153e+00    2.8150568599e+00   -1.4041498589e+01    3.2000000000e+01    1.9464560000e-03    6.4453125000e-01
        18   -7.4205774269e+00    5.5163440110e+01   -1.1239400031e+01    3.8188226042e+00    2.4939808514e+00   -1.3733380883e+01    3.2000000000e+01    1.9421290008e-03    6.2890625000e-01
        19   -7.2085716901e+00    5.2004847427e+01   -1.0612399402e+01    3.4038277114e+00    2.0569837931e+00   -1.2669383195e+01    3.2000000000e+01    1.9670219999e-03    6.8554687500e-01
        20   -7.6082707551e+00    5.8110140715e+01   -1.2876573467e+01    5.2683027115e+00    2.2369072042e+00   -1.5113480671e+01    3.2000000000e+01    1.9208739996e-03    6.4453125000e-01
        21   -7.4110092303e+00    5.5075664422e+01   -1.1593606955e+01    4.1825977243e+00    2.3176108688e+00   -1.3911217823e+01    3.2000000000e+01    1.9187750004e-03    6.4648437500e-01
        22   -7.3361568804e+00    5.4045696330e+01   -1.6158202987e+01    8.8220461062e+00    2.5069379680e+00   -1.8665140955e+01    3.2000000000e+01    1.9911480003e-03    6.1523437500e-01
        23   -7.2216593585e+00    5.2276384627e+01   -1.0221843773e+01    3.0001844143e+00    2.6546696069e+00   -1.2876513380e+01    3.2000000000e+01    1.9740919997e-03    6.7968750000e-01
        24   -7.4798045416e+00    5.6217711357e+01   -1.3295251987e+01    5.8154474455e+00    2.8552585009e+00   -1.6150510488e+01    3.2000000000e+01    1.9361670002e-03    6.3671875000e-01
        25   -7.6217454956e+00    5.8409961543e+01   -1.1850699486e+01    4.2289539906e+00    2.4410669813e+00   -1.4291766468e+01    3.2000000000e+01    1.9887760000e-03    6.9531250000e-01
        26   -7.2736034889e+00    5.3001288175e+01   -1.5101576739e+01    7.8279732500e+00    2.7508146719e+00   -1.7852391411e+01    3.2000000000e+01    1.9000400007e-03    6.1132812500e-01
        27   -7.5994020062e+00    5.7861945692e+01   -1.9092906691e+01    1.1493504684e+01    2.2294422774e+00   -2.1322348968e+01    3.2000000000e+01    1.9597430000e-03    6.6015625000e-01
        28   -7.3511986205e+00    5.4174338496e+01   -1.3885383135e+01    6.5341845141e+00    2.5909433247e+00   -1.6476326459e+01    3.2000000000e+01    1.9254980007e-03    6.2890625000e-01
        29   -7.6418409617e+00    5.8570927812e+01   -1.3097030688e+01    5.4551897264e+00    2.7340957595e+00   -1.5831126448e+01    3.2000000000e+01    1.9425769997e-03    6.4257812500e-01
        30   -7.4371633311e+00    5.5399283291e+01   -1.1039112476e+01    3.6019491453e+00    2.6100774403e+00   -1.3649189917e+01    3.2000000000e+01    2.0303380006e-03    6.6015625000e-01
        31   -7.3157235687e+00    5.3600979171e+01   -1.1722120905e+01    4.4063973365e+00    2.7375085319e+00   -1.4459629437e+01    3.2000000000e+01    1.9512589997e-03    6.6601562500e-01
        32   -7.3511879225e+00    5.4115254242e+01   -1.1240278477e+01    3.8890905547e+00    2.4761768620e+00   -1.3716455339e+01    3.2000000000e+01    1.9668840005e-03    6.8554687500e-01
        33   -7.4012095384e+00    5.4947943331e+01   -1.1256836023e+01    3.8556264848e+00    2.8351294747e+00   -1.4091965498e+01    3.2000000000e+01    1.9419110004e-03    6.4453125000e-01
        34   -7.7423165235e+00    6.0266459550e+01   -1.4637254156e+01    6.8949376326e+00    2.4559484367e+00   -1.7093202593e+01    3.2000000000e+01    1.9222350002e-03    6.1914062500e-01
        35   -7.4818989629e+00    5.6154380205e+01   -1.1560568040e+01    4.0786690767e+00    2.4059938439e+00   -1.3966561883e+01    3.2000000000e+01    1.9799170004e-03    6.9335937500e-01
        36   -7.2864520142e+00    5.3293799395e+01   -2.4384793059e+01    1.7098341045e+01    2.8096376683e+00   -2.7194430727e+01    3.2000000000e+01    1.8835239998e-03    5.6835937500e-01
        37   -7.1351131866e+00    5.1025863841e+01   -1.2123911453e+01    4.9887982667e+00    2.7560013745e+00   -1.4879912828e+01    3.2000000000e+01    1.9515819995e-03    6.4062500000e-01
        38   -7.3778965466e+00    5.4564155111e+01   -1.1191319012e+01    3.8134224653e+00    2.5137904118e+00   -1.3705109424e+01    3.2000000000e+01    1.9572919991e-03    6.5625000000e-01
        39   -7.4056598682e+00    5.4970204971e+01   -1.1774445203e+01    4.3687853347e+00    3.1530079440e+00   -1.4927453147e+01    3.2000000000e+01    2.0033829996e-03    6.4453125000e-01
        40   -7.4214644861e+00    5.5347635153e+01   -1.4418482880e+01    6.9970183943e+00    2.3622862935e+00   -1.6780769174e+01    3.2000000000e+01    1.9499919999e-03    6.5234375000e-01
        41   -7.3806255922e+00    5.4530556806e+01   -9.2861160680e+00    1.9054904758e+00    2.2492412535e+00   -1.1535357322e+01    3.2000000000e+01    1.9655870001e-03    6.8359375000e-01
        42   -7.3150726579e+00    5.3728258715e+01   -1.3048457493e+01    5.7333848354e+00    2.5712134892e+00   -1.5619670982e+01    3.2000000000e+01    1.9353379994e-03    6.2304687500e-01
        43   -7.5064475996e+00    5.6561465665e+01   -1.3541671708e+01    6.0352241084e+00    2.8732139057e+00   -1.6414885614e+01    3.2000000000e+01    1.9355929999e-03    6.4062500000e-01
        44   -7.4045993746e+00    5.5034556692e+01   -1.1109536512e+01    3.7049371378e+00    3.1272924876e+00   -1.4236829000e+01    3.2000000000e+01    1.9472879994e-03    6.4453125000e-01
        45   -7.3838523571e+00    5.4607331881e+01   -1.0290763126e+01    2.9069107686e+00    2.2557335345e+00   -1.2546496660e+01    3.2000000000e+01    1.9723209998e-03    6.7578125000e-01
        46   -7.3131835632e+00    5.3570168300e+01   -1.3964056029e+01    6.6508724659e+00    2.8352234219e+00   -1.6799279451e+01    3.2000000000e+01    1.9095809994e-03    6.0156250000e-01
        47   -7.5129376415e+00    5.6733648913e+01   -1.3348701787e+01    5.8357641456e+00    2.9373792270e+00   -1.6286081014e+01    3.2000000000e+01    2.0040359996e-03    6.3671875000e-01
        48   -7.3939321623e+00    5.4815298994e+01   -1.2043277617e+01    4.6493454550e+00    2.5876102930e+00   -1.4630887910e+01    3.2000000000e+01    1.9441610002e-03    6.4453125000e-01
        49   -7.9006813298e+00    6.3009081234e+01   -1.4925293854e+01    7.0246125241e+00    4.2445963640e+00   -1.9169890218e+01    3.2000000000e+01    1.9259430001e-03    6.2890625000e-01
        50   -7.2313946314e+00    5.2445684673e+01   -1.2445457032e+01    5.2140624005e+00    2.6589471766e+00   -1.5104404208e+01    3.2000000000e+01    1.9563099995e-03    6.4648437500e-01
        51   -7.5308285971e+00    5.6813482860e+01   -1.1787526378e+01    4.2566977809e+00    2.6004267395e+00   -1.4387953117e+01    3.2000000000e+01    1.9593669995e-03    6.6406250000e-01
        52   -7.4573130537e+00    5.5787393683e+01   -1.3339633591e+01    5.8823205373e+00    2.3275619769e+00   -1.5667195568e+01    3.2000000000e+01    1.9563999995e-03    6.5429687500e-01
        53   -7.4215655799e+00    5.5275450654e+01   -1.4795570562e+01    7.3740049822e+00    3.0209354993e+00   -1.7816506061e+01    3.2000000000e+01    1.9266580002e-03    6.4062500000e-01
        54   -7.3127493730e+00    5.3590819092e+01   -1.1744062875e+01    4.4313135023e+00    2.7143304257e+00   -1.4458393301e+01    3.2000000000e+01    1.9545389996e-03    6.5625000000e-01
        55   -7.5159808492e+00    5.6601290444e+01   -1.3499491851e+01    5.9835110016e+00    2.7876349448e+00   -1.6287126796e+01    3.2000000000e+01    1.9497860003e-03    6.1523437500e-01
        56   -7.3299394008e+00    5.3905614403e+01   -1.4086370347e+01    6.7564309459e+00    2.7359603702e+00   -1.6822330717e+01    3.2000000000e+01    1.9622419995e-03    6.2890625000e-01
        57   -7.5917068374e+00    5.7778778721e+01   -1.3055798155e+01    5.4640913177e+00    2.8440707204e+00   -1.5899868876e+01    3.2000000000e+01    1.9305059996e-03    6.2500000000e-01
        58   -7.4357317420e+00    5.5412311825e+01   -1.5382443330e+01    7.9467115884e+00    2.7705751676e+00   -1.8153018498e+01    3.2000000000e+01    1.9477739997e-03    6.4843750000e-01
        59   -7.5011395948e+00    5.6399425408e+01   -1.5148205791e+01    7.6470661962e+00    2.6535620406e+00   -1.7801767832e+01    3.2000000000e+01    1.9644340000e-03    6.6406250000e-01
        60   -7.5450670922e+00    5.7124505170e+01   -1.2974502485e+01    5.4294353929e+00    2.6263260944e+00   -1.5600828580e+01    3.2000000000e+01    1.8960219995e-03    6.1718750000e-01
        61   -7.4100362331e+00    5.5111477412e+01   -1.2612149075e+01    5.2021128424e+00    2.2432744915e+00   -1.4855423567e+01    3.2000000000e+01    1.9721420003e-03    6.7578125000e-01
        62   -7.3473570848e+00    5.4133903925e+01   -1.1857363816e+01    4.5100067312e+00    2.4363959885e+00   -1.4293759804e+01    3.2000000000e+01    1.9708680002e-03    6.7773437500e-01
        63   -7.5153854772e+00    5.6645714606e+01   -1.2775008637e+01    5.2596231595e+00    2.1456668437e+00   -1.4920675480e+01    3.2000000000e+01    1.9186479994e-03    6.5625000000e-01
        64   -7.3251759554e+00    5.3725956189e+01   -1.1609669615e+01    4.2844936596e+00    2.6718672776e+00   -1.4281536893e+01    3.2000000000e+01    2.0174600004e-03    6.6015625000e-01
        65   -7.3611625591e+00    5.4264542577e+01   -1.0567637689e+01    3.2064751299e+00    2.3953450241e+00   -1.2962982713e+01    3.2000000000e+01    1.9607400000e-03    6.6015625000e-01
        66   -7.3951266468e+00    5.4838635257e+01   -1.2205461967e+01    4.8103353206e+00    3.4232762317e+00   -1.5628738199e+01    3.2000000000e+01    1.9301130005e-03    6.1132812500e-01
        67   -7.3635447482e+00    5.4390818946e+01   -1.5463744893e+01    8.1002001451e+00    2.4243313146e+00   -1.7888076208e+01    3.2000000000e+01    1.8840390003e-03    6.1132812500e-01
        68   -7.2189749771e+00    5.2447431928e+01   -1.4352998148e+01    7.1340231714e+00    2.6581567368e+00   -1.7011154885e+01    3.2000000000e+01    1.9286150000e-03    6.4062500000e-01
        69   -7.6376400059e+00    5.8675251900e+01   -1.3636789728e+01    5.9991497224e+00    2.8787412724e+00   -1.6515531001e+01    3.2000000000e+01    1.9257659997e-03    6.1523437500e-01
        70   -7.3567661031e+00    5.4256819684e+01   -9.6886718133e+00    2.3319057103e+00    2.5147333074e+00   -1.2203405121e+01    3.2000000000e+01    2.6796849997e-03    6.8554687500e-01
        71   -7.1886151036e+00    5.1921108658e+01   -1.1464391607e+01    4.2757765038e+00    2.4761092588e+00   -1.3940500866e+01    3.2000000000e+01    2.9250560001e-03    6.2890625000e-01
        72   -7.3286319285e+00    5.3880878920e+01   -1.6344941971e+01    9.0163100429e+00    2.6066150342e+00   -1.8951557006e+01    3.2000000000e+01    1.9710739998e-03    6.5820312500e-01
        73   -7.3538264550e+00    5.4125350605e+01   -8.9760817241e+00    1.6222552690e+00    2.2706213852e+00   -1.1246703109e+01    3.2000000000e+01    1.9836399997e-03    7.0507812500e-01
        74   -7.4308157668e+00    5.5301548920e+01   -1.0286619395e+01    2.8558036282e+00    2.6196405831e+00   -1.2906259978e+01    3.2000000000e+01    1.9643610003e-03    6.7578125000e-01
        75   -7.8159421062e+00    6.1451039840e+01   -1.5166155878e+01    7.3502137722e+00    2.5882782786e+00   -1.7754434157e+01    3.2000000000e+01    1.9766799996e-03    6.7773437500e-01
        76   -7.4613364600e+00    5.5777408470e+01   -1.9098920632e+01    1.1637584172e+01    2.6024703884e+00   -2.1701391021e+01    3.2000000000e+01    1.8934930004e-03    6.0546875000e-01
        77   -7.2983624481e+00    5.3409651076e+01   -1.6103055312e+01    8.8046928637e+00    3.1017036893e+00   -1.9204759001e+01    3.2000000000e+01    1.9164829991e-03    6.0546875000e-01
        78   -7.8960973463e+00    6.2717750914e+01   -2.0619406002e+01    1.2723308655e+01    3.0486889075e+00   -2.3668094909e+01    3.2000000000e+01    1.9036260001e-03    5.8398437500e-01
        79   -7.7356019819e+00    6.0101336406e+01   -1.7586491653e+01    9.8508896709e+00    2.1825612602e+00   -1.9769052913e+01    3.2000000000e+01    1.9572939991e-03    6.6992187500e-01
        80   -7.5084865236e+00    5.6542928855e+01   -1.3416562190e+01    5.9080756667e+00    2.6445242456e+00   -1.6061086436e+01    3.2000000000e+01    2.0387410004e-03    6.6210937500e-01
        81   -7.6679762967e+00    5.9059553741e+01   -1.6282579433e+01    8.6146031364e+00    2.8653754998e+00   -1.9147954933e+01    3.2000000000e+01    1.9160219999e-03    6.3085937500e-01
        82   -7.5853720798e+00    5.7667032385e+01   -1.5807886361e+01    8.2225142809e+00    2.4696728982e+00   -1.8277559259e+01    3.2000000000e+01    1.9539390005e-03    6.5820312500e-01
        83   -7.5319076001e+00    5.6912464110e+01   -1.6479856639e+01    8.9479490390e+00    2.8385175527e+00   -1.9318374192e+01    3.2000000000e+01    1.9352360005e-03    6.3867187500e-01
        84   -7.3500892241e+00    5.4133282186e+01   -1.1575775238e+01    4.2256860138e+00    2.6507760609e+00   -1.4226551299e+01    3.2000000000e+01    1.9331120002e-03    6.3867187500e-01
        85   -7.4540334685e+00    5.5644335112e+01   -1.0279848507e+01    2.8258150389e+00    2.6944410519e+00   -1.2974289559e+01    3.2000000000e+01    1.9820569996e-03    6.8164062500e-01
        86   -7.5325027340e+00    5.6930931099e+01   -1.3236879250e+01    5.7043765157e+00    2.5430178807e+00   -1.5779897130e+01    3.2000000000e+01    1.9591339997e-03    6.6796875000e-01
        87   -7.7663677690e+00    6.0945514728e+01   -1.7967197128e+01    1.0200829359e+01    3.3536839316e+00   -2.1320881060e+01    3.2000000000e+01    1.9460969997e-03    6.1718750000e-01
        88   -7.3119453079e+00    5.3629477739e+01   -1.1224031863e+01    3.9120865546e+00    2.4454888589e+00   -1.3669520721e+01    3.2000000000e+01    2.0410910001e-03    6.7187500000e-01
        89   -7.5374593637e+00    5.6873062131e+01   -1.0170734231e+01    2.6332748669e+00    2.4429758453e+00   -1.2613710076e+01    3.2000000000e+01    1.9473800003e-03    6.5234375000e-01
        90   -7.9387893561e+00    6.3373134628e+01   -1.7624093449e+01    9.6853040926e+00    3.0478974489e+00   -2.0671990898e+01    3.2000000000e+01    1.9307489993e-03    6.2890625000e-01
        91   -7.5780214619e+00    5.7598189545e+01   -1.2986720391e+01    5.4086989289e+00    2.5121201336e+00   -1.5498840524e+01    3.2000000000e+01    1.9522519997e-03    6.6796875000e-01
        92   -7.9661054301e+00    6.3733221752e+01   -1.8403673622e+01    1.0437568192e+01    2.4160401156e+00   -2.0819713738e+01    3.2000000000e+01    1.9137150002e-03    6.1914062500e-01
        93   -7.5277922243e+00    5.6847685003e+01   -1.2024599448e+01    4.4968072238e+00    2.1426240402e+00   -1.4167223488e+01    3.2000000000e+01    1.9407800000e-03    6.5429687500e-01
        94   -7.4723848005e+00    5.6023184494e+01   -1.2471926577e+01    4.9995417760e+00    2.8637453109e+00   -1.5335671887e+01    3.2000000000e+01    1.9674650002e-03    6.6992187500e-01
        95   -7.3440135036e+00    5.4291825812e+01   -1.6411218424e+01    9.0672049208e+00    3.0642160126e+00   -1.9475434437e+01    3.2000000000e+01    1.9101319995e-03    6.0351562500e-01
        96   -7.4378417308e+00    5.5490785608e+01   -1.8392462202e+01    1.0954620471e+01    2.9458820453e+00   -2.1338344247e+01    3.2000000000e+01    1.9390950001e-03    6.4257812500e-01
        97   -7.5133529884e+00    5.6537017680e+01   -1.2021259172e+01    4.5079061841e+00    2.3290278133e+00   -1.4350286986e+01    3.2000000000e+01    2.0230410000e-03    6.6601562500e-01
        98   -7.7365988295e+00    6.0279324920e+01   -1.5688575417e+01    7.9519765872e+00    2.2514030015e+00   -1.7939978418e+01    3.2000000000e+01    1.8888759996e-03    6.3671875000e-01
        99   -7.6391308663e+00    5.8618055425e+01   -1.7037169345e+01    9.3980384783e+00    2.9247030484e+00   -1.9961872393e+01    3.2000000000e+01    1.9032400005e-03    6.2500000000e-01
       100   -7.6970706671e+00    5.9445998290e+01   -1.4205609863e+01    6.5085391963e+00    2.7914857399e+00   -1.6997095603e+01    3.2000000000e+01    1.9576309996e-03    6.6601562500e-01
       101   -7.4250687958e+00    5.5239498007e+01   -1.1432825615e+01    4.0077568196e+00    2.4207387153e+00   -1.3853564331e+01    3.2000000000e+01    1.9565840003e-03    6.7578125000e-01
       102   -7.7625600517e+00    6.0533664584e+01   -1.8068993313e+01    1.0306433261e+01    2.4331285773e+00   -2.0502121890e+01    3.2000000000e+01    1.9202269996e-03    6.1914062500e-01
       103   -7.4213317107e+00    5.5180245203e+01   -1.3368736602e+01    5.9474048908e+00    2.6977348994e+00   -1.6066471501e+01    3.2000000000e+01    1.9377110002e-03    6.4062500000e-01
       104   -7.4134423092e+00    5.5201532066e+01   -1.3481498283e+01    6.0680559742e+00    2.6561420841e+00   -1.6137640367e+01    3.2000000000e+01    1.9355940003e-03    6.3867187500e-01
       105   -7.6598393800e+00    5.8912519594e+01   -1.2293725719e+01    4.6338863391e+00    2.4248425687e+00   -1.4718568288e+01    3.2000000000e+01    1.9373019995e-03    6.5820312500e-01
       106   -7.2174751857e+00    5.2251595623e+01   -9.5509042937e+00    2.3334291079e+00    2.2939166973e+00   -1.1844820991e+01    3.2000000000e+01    2.0222659996e-03    6.7382812500e-01
       107   -7.6080570235e+00    5.8084159030e+01   -1.8960824150e+01    1.1352767126e+01    2.8677426922e+00   -2.1828566842e+01    3.2000000000e+01    1.9548230002e-03    6.4843750000e-01
       108   -7.5500127544e+00    5.7263086733e+01   -3.8091977934e+01    3.0541965179e+01    2.6780322812e+00   -4.0770010215e+01    3.2000000000e+01    1.9200019997e-03    6.2109375000e-01
       109   -7.3176057650e+00    5.3652933983e+01   -1.1249741540e+01    3.9321357750e+00    3.2299635167e+00   -1.4479705057e+01    3.2000000000e+01    1.9533089999e-03    6.5625000000e-01
       110   -7.5597901914e+00    5.7420563264e+01   -1.4786957580e+01    7.2271673883e+00    2.2034031272e+00   -1.6990360707e+01    3.2000000000e+01    1.9262710002e-03    6.2890625000e-01
       111   -7.4658908161e+00    5.6013693730e+01   -1.3761830451e+01    6.2959396353e+00    2.6023621512e+00   -1.6364192603e+01    3.2000000000e+01    1.9374160001e-03    6.2695312500e-01
       112   -7.6862557970e+00    5.9515863477e+01   -1.9183662895e+01    1.1497407098e+01    2.7634243674e+00   -2.1947087263e+01    3.2000000000e+01    1.8927060000e-03    5.8789062500e-01
       113   -7.5220072887e+00    5.6799839421e+01   -1.4465476853e+01    6.9434695640e+00    2.6808914927e+00   -1.7146368345e+01    3.2000000000e+01    1.9149009995e-03    6.1328125000e-01
       114   -7.3818895305e+00    5.4625615149e+01   -1.4769324016e+01    7.3874344853e+00    3.2055070192e+00   -1.7974831035e+01    3.2000000000e+01    1.9831230002e-03    6.1328125000e-01
       115   -7.7491176981e+00    6.0548662304e+01   -1.5723823268e+01    7.9747055702e+00    2.9318675196e+00   -1.8655690788e+01    3.2000000000e+01    1.9281710001e-03    6.2890625000e-01
       116   -7.4510096247e+00    5.5783026638e+01   -1.4595470642e+01    7.1444610176e+00    2.7270953660e+00   -1.7322566008e+01    3.2000000000e+01    1.9378629995e-03    6.3281250000e-01
       117   -7.3581285624e+00    5.4293421019e+01   -1.2544991215e+01    5.1868626528e+00    3.1521928987e+00   -1.5697184114e+01    3.2000000000e+01    1.9571169996e-03    6.5039062500e-01
       118   -7.3423744861e+00    5.4003708452e+01   -1.1932925096e+01    4.5905506094e+00    2.3592753059e+00   -1.4292200401e+01    3.2000000000e+01    1.9261390007e-03    6.3476562500e-01
       119   -7.7316294938e+00    6.0098185513e+01   -1.1821238958e+01    4.0896094641e+00    2.4159402339e+00   -1.4237179192e+01    3.2000000000e+01    1.9584400006e-03    6.6210937500e-01
       120   -7.3911065038e+00    5.4843385402e+01   -2.5768286382e+01    1.8377179878e+01    2.1948995732e+00   -2.7963185955e+01    3.2000000000e+01    1.8803350004e-03    6.0742187500e-01
       121   -7.4643930416e+00    5.5813152087e+01   -1.1470479725e+01    4.0060866835e+00    2.8038036557e+00   -1.4274283381e+01    3.2000000000e+01    1.9605740008e-03    6.6406250000e-01
       122   -7.4617017318e+00    5.5793172262e+01   -9.9567474475e+00    2.4950457156e+00    2.4150772669e+00   -1.2371824714e+01    3.2000000000e+01    1.9566520004e-03    6.6796875000e-01
       123   -7.3730230204e+00    5.4509068611e+01   -1.1118281780e+01    3.7452587596e+00    2.0836929277e+00   -1.3201974708e+01    3.2000000000e+01    1.9914000004e-03    6.6796875000e-01
       124   -7.3923995924e+00    5.4721095189e+01   -1.3029219443e+01    5.6368198510e+00    2.8821221594e+00   -1.5911341603e+01    3.2000000000e+01    1.9516430002e-03    6.4062500000e-01
       125   -7.5005299554e+00    5.6533346066e+01   -1.5928964128e+01    8.4284341730e+00    2.4193309497e+00   -1.8348295078e+01    3.2000000000e+01    1.9046750003e-03    6.4257812500e-01
       126   -7.3967576093e+00    5.4976181464e+01   -1.2168929322e+01    4.7721717132e+00    2.6123248916e+00   -1.4781254214e+01    3.2000000000e+01    1.9545730001e-03    6.5820312500e-01
       127   -7.3521429631e+00    5.4159445790e+01   -1.2331044819e+01    4.9789018561e+00    2.6236703301e+00   -1.4954715149e+01    3.2000000000e+01    1.9366050001e-03    6.4648437500e-01
       128   -7.2204098601e+00    5.2237310854e+01   -1.0374101190e+01    3.1536913301e+00    2.3759614097e+00   -1.2750062600e+01    3.2000000000e+01    1.9635930003e-03    6.6210937500e-01
       129   -7.4626294085e+00    5.5755452650e+01   -1.3234955474e+01    5.7723260651e+00    2.0704367373e+00   -1.5305392211e+01    3.2000000000e+01    1.9619929999e-03    6.7187500000e-01
       130   -7.4051627629e+00    5.5009225383e+01   -1.2822878388e+01    5.4177156247e+00    2.2340115817e+00   -1.5056889969e+01    3.2000000000e+01    1.9408080007e-03    6.5234375000e-01
       131   -7.5036967729e+00    5.6578324891e+01   -1.2484095426e+01    4.9803986536e+00    3.0786218239e+00   -1.5562717250e+01    3.2000000000e+01    1.9882349998e-03    6.1328125000e-01
       132   -7.7446540766e+00    6.0234446378e+01   -2.0935096117e+01    1.3190442041e+01    3.0932062001e+00   -2.4028302318e+01    3.2000000000e+01    1.9014489999e-03    6.0546875000e-01
       133   -7.4596241352e+00    5.5758382893e+01   -1.1505833473e+01    4.0462093381e+00    2.4964333876e+00   -1.4002266861e+01    3.2000000000e+01    1.9490200002e-03    6.4257812500e-01
       134   -7.6142305034e+00    5.8150458888e+01   -2.0788149407e+01    1.3173918904e+01    2.6486499498e+00   -2.3436799357e+01    3.2000000000e+01    1.9531299995e-03    6.5234375000e-01
       135   -7.6986544006e+00    5.9489610102e+01   -1.7758022686e+01    1.0059368285e+01    2.6887829597e+00   -2.0446805646e+01    3.2000000000e+01    1.9432950003e-03    6.4843750000e-01
       136   -7.3905619666e+00    5.4727044178e+01   -1.3187267113e+01    5.7967051461e+00    3.0529573169e+00   -1.6240224430e+01    3.2000000000e+01    2.0328250002e-03    6.4648437500e-01
       137   -7.3564696839e+00    5.4214252263e+01   -1.1370484095e+01    4.0140144106e+00    2.1830450161e+00   -1.3553529111e+01    3.2000000000e+01    1.9852969999e-03    6.5820312500e-01
       138   -7.4946339030e+00    5.6459371175e+01   -1.2705216084e+01    5.2105821812e+00    2.3510088041e+00   -1.5056224888e+01    3.2000000000e+01    1.9446059996e-03    6.4843750000e-01
       139   -7.5468254140e+00    5.7244262072e+01   -1.3615593655e+01    6.0687682413e+00    2.6759377762e+00   -1.6291531431e+01    3.2000000000e+01    1.9934300008e-03    6.3476562500e-01
       140   -7.2854591198e+00    5.3224289255e+01   -1.4472758851e+01    7.1872997316e+00    2.8862981186e+00   -1.7359056970e+01    3.2000000000e+01    1.9183670001e-03    6.2890625000e-01
       141   -7.7067711237e+00    5.9649641228e+01   -2.4069934140e+01    1.6363163016e+01    3.1551409734e+00   -2.7225075113e+01    3.2000000000e+01    1.9031470001e-03    5.9179687500e-01
       142   -7.4671204384e+00    5.6041742109e+01   -1.2906857513e+01    5.4397370744e+00    2.7073962319e+00   -1.5614253745e+01    3.2000000000e+01    1.9661990000e-03    6.7578125000e-01
       143   -7.8311909674e+00    6.1625432759e+01   -1.7010501192e+01    9.1793102246e+00    2.8003399705e+00   -1.9810841163e+01    3.2000000000e+01    1.9513930001e-03    6.4453125000e-01
       144   -7.5512712408e+00    5.7209601940e+01   -2.3684573383e+01    1.6133302142e+01    2.2542220543e+00   -2.5938795437e+01    3.2000000000e+01    1.9343829999e-03    6.3281250000e-01
       145   -7.3491102372e+00    5.4102042974e+01   -1.0835684624e+01    3.4865743868e+00    2.6019099531e+00   -1.3437594577e+01    3.2000000000e+01    1.9729459991e-03    6.8164062500e-01
       146   -7.4080356581e+00    5.4986382387e+01   -8.6202590642e+00    1.2122234061e+00    2.5714706330e+00   -1.1191729697e+01    3.2000000000e+01    1.9747850001e-03    6.8359375000e-01
       147   -7.3790511880e+00    5.4540605438e+01   -1.0318436751e+01    2.9393855633e+00    2.3709202468e+00   -1.2689356998e+01    3.2000000000e+01    1.9739439995e-03    6.8750000000e-01
       148   -7.3751570892e+00    5.4536718074e+01   -1.0187990980e+01    2.8128338903e+00    2.3692619727e+00   -1.2557252952e+01    3.2000000000e+01    2.0362890000e-03    7.0117187500e-01
       149   -7.3481123395e+00    5.4153983474e+01   -1.8047913780e+01    1.0699801441e+01    2.5534472644e+00   -2.0601361045e+01    3.2000000000e+01    1.9732600003e-03    6.7773437500e-01
       150   -7.4079689930e+00    5.5006209954e+01   -1.1737762718e+01    4.3297937247e+00    2.0041665474e+00   -1.3741929265e+01    3.2000000000e+01    1.9515199992e-03    6.6796875000e-01
       151   -7.3709580760e+00    5.4400861573e+01   -1.2840621463e+01    5.4696633872e+00    2.0747003212e+00   -1.4915321784e+01    3.2000000000e+01    1.9644109998e-03    6.6210937500e-01
       152   -7.5841878998e+00    5.8015434951e+01   -1.7265419924e+01    9.6812320243e+00    2.6469605423e+00   -1.9912380466e+01    3.2000000000e+01    1.8954220004e-03    6.1328125000e-01
       153   -7.5032393648e+00    5.6471870067e+01   -1.7632866927e+01    1.0129627562e+01    2.4518615861e+00   -2.0084728513e+01    3.2000000000e+01    1.8830620002e-03    5.9570312500e-01
       154   -7.4907103532e+00    5.6270275350e+01   -4.0775159702e+01    3.3284449349e+01    4.0882489936e+00   -4.4863408696e+01    3.2000000000e+01    1.8821530002e-03    6.0937500000e-01
       155   -7.3953019210e+00    5.4845525092e+01   -1.5291722413e+01    7.8964204923e+00    2.4180795463e+00   -1.7709801960e+01    3.2000000000e+01    1.9424700004e-03    6.3867187500e-01
       156   -7.1490958693e+00    5.1322581482e+01   -1.2531351870e+01    5.3822560008e+00    2.2629234354e+00   -1.4794275305e+01    3.2000000000e+01    2.0624999997e-03    7.1093750000e-01
       157   -7.5544028765e+00    5.7416776819e+01   -1.3922420798e+01    6.3680179216e+00    2.5207130536e+00   -1.6443133852e+01    3.2000000000e+01    1.9222859992e-03    6.3281250000e-01
       158   -7.4574317632e+00    5.5877386622e+01   -1.7380081499e+01    9.9226497361e+00    2.6622758339e+00   -2.0042357333e+01    3.2000000000e+01    1.9412219999e-03    6.4257812500e-01
       159   -7.4253476498e+00    5.5309703031e+01   -1.3008360661e+01    5.5830130110e+00    2.8792567932e+00   -1.5887617454e+01    3.2000000000e+01    1.9508460000e-03    6.6210937500e-01
       160   -7.3664297417e+00    5.4416382041e+01   -1.3738103417e+01    6.3716736751e+00    2.7232698786e+00   -1.6461373295e+01    3.2000000000e+01    1.9058650005e-03    6.1132812500e-01
       161   -7.2739113410e+00    5.3046420056e+01   -1.2347836478e+01    5.0739251368e+00    2.5718693474e+00   -1.4919705825e+01    3.2000000000e+01    1.9126379993e-03    6.0937500000e-01
       162   -7.5126322039e+00    5.6528577582e+01   -1.1964541079e+01    4.4519088755e+00    2.4530865764e+00   -1.4417627656e+01    3.2000000000e+01    1.9471919995e-03    6.5820312500e-01
       163   -7.4859533412e+00    5.6182109079e+01   -1.0983199486e+01    3.4972461451e+00    2.4932541037e+00   -1.3476453590e+01    3.2000000000e+01    1.9792089997e-03    6.8554687500e-01
       164   -7.4994193351e+00    5.6418423305e+01   -1.1005999710e+01    3.5065803746e+00    2.5951624447e+00   -1.3601162154e+01    3.2000000000e+01    1.9524219997e-03    6.6210937500e-01
       165   -7.2393140860e+00    5.2498621729e+01   -1.2401465567e+01    5.1621514810e+00    2.1384735961e+00   -1.4539939163e+01    3.2000000000e+01    1.9961600001e-03    6.3085937500e-01
       166   -7.3049633947e+00    5.3498366468e+01   -1.2215785085e+01    4.9108216901e+00    2.8103262103e+00   -1.5026111295e+01    3.2000000000e+01    1.9562520001e-03    6.6015625000e-01
       167   -7.3897592483e+00    5.4714059513e+01   -1.0489963661e+01    3.1002044129e+00    2.5714491183e+00   -1.3061412779e+01    3.2000000000e+01    1.9694719995e-03    6.7578125000e-01
       168   -7.5169511382e+00    5.6715621768e+01   -1.1468336578e+01    3.9513854398e+00    2.4057696798e+00   -1.3874106258e+01    3.2000000000e+01    1.9518780000e-03    6.6601562500e-01
       169   -7.4299557505e+00    5.5276548145e+01   -1.1337652758e+01    3.9076970073e+00    2.5170010458e+00   -1.3854653804e+01    3.2000000000e+01    1.9577359999e-03    6.6992187500e-01
       170   -7.6620824633e+00    5.9037180439e+01   -1.4306552998e+01    6.6444705347e+00    2.7341824642e+00   -1.7040735462e+01    3.2000000000e+01    1.9669980002e-03    6.6210937500e-01
       171   -7.5188320359e+00    5.6674809805e+01   -2.2030530721e+01    1.4511698685e+01    2.3094204198e+00   -2.4339951141e+01    3.2000000000e+01    1.9623310000e-03    6.6406250000e-01
       172   -7.3189091659e+00    5.3842965810e+01   -4.2238877087e+01    3.4919967921e+01    3.4375832292e+00   -4.5676460316e+01    3.2000000000e+01    1.9169410007e-03    6.2109375000e-01
       173   -7.6671353278e+00    5.9029539221e+01   -4.5693020144e+01    3.8025884816e+01    2.9912791762e+00   -4.8684299320e+01    3.2000000000e+01    1.9959239999e-03    6.1328125000e-01
       174   -7.1763172145e+00    5.1569620117e+01   -1.3000964669e+01    5.8246474544e+00    2.8394849182e+00   -1.5840449587e+01    3.2000000000e+01    1.8965820000e-03    5.9765625000e-01
       175   -7.3895523298e+00    5.4717519515e+01   -9.5913975914e+00    2.2018452616e+00    2.2864190119e+00   -1.1877816603e+01    3.2000000000e+01    1.9313550001e-03    6.6796875000e-01
       176   -7.3036965331e+00    5.3490560383e+01   -1.4001515732e+01    6.6978191990e+00    2.5673610452e+00   -1.6568876777e+01    3.2000000000e+01    1.9121930000e-03    6.3671875000e-01
       177   -7.6361710754e+00    5.8548749761e+01   -1.2959667566e+01    5.3234964910e+00    2.6042230149e+00   -1.5563890581e+01    3.2000000000e+01    1.9532560009e-03    6.6015625000e-01
       178   -7.3867333420e+00    5.4641692041e+01   -1.0728920054e+01    3.3421867121e+00    2.4078361521e+00   -1.3136756206e+01    3.2000000000e+01    1.9366970000e-03    6.3085937500e-01
       179   -7.4442740001e+00    5.5596352570e+01   -1.3100039486e+01    5.6557654855e+00    2.8717427586e+00   -1.5971782244e+01    3.2000000000e+01    1.9364769996e-03    6.3867187500e-01
       180   -7.2712779647e+00    5.2973382220e+01   -1.1158014867e+01    3.8867369020e+00    2.5779367010e+00   -1.3735951568e+01    3.2000000000e+01    1.9482509997e-03    6.5820312500e-01
       181   -7.3225638862e+00    5.3804244802e+01   -1.2555722513e+01    5.2331586269e+00    2.8220935913e+00   -1.5377816104e+01    3.2000000000e+01    1.9591729997e-03    6.2695312500e-01
       182   -7.4246223454e+00    5.5414434930e+01   -1.1470923040e+01    4.0463006950e+00    2.4157732104e+00   -1.3886696251e+01    3.2000000000e+01    2.0031390004e-03    6.4843750000e-01
       183   -7.6392575031e+00    5.8616129593e+01   -2.3033919854e+01    1.5394662351e+01    3.0597814308e+00   -2.6093701285e+01    3.2000000000e+01    1.9180930003e-03    6.1328125000e-01
       184   -7.4864964149e+00    5.6350608151e+01   -1.6829152647e+01    9.3426562322e+00    3.1491299730e+00   -1.9978282620e+01    3.2000000000e+01    1.9121630003e-03    6.0742187500e-01
       185   -7.5878897600e+00    5.8094072702e+01   -1.6243827247e+01    8.6559374872e+00    2.7446991175e+00   -1.8988526365e+01    3.2000000000e+01    1.9334589997e-03    6.2500000000e-01
       186   -7.7684348759e+00    6.0616741524e+01   -1.5939485027e+01    8.1710501507e+00    2.8923963759e+00   -1.8831881402e+01    3.2000000000e+01    1.9256980004e-03    6.2304687500e-01
       187   -7.5483566214e+00    5.7310517802e+01   -1.6671240060e+01    9.1228834388e+00    2.8072334250e+00   -1.9478473485e+01    3.2000000000e+01    1.9441840004e-03    6.4062500000e-01
       188   -7.5665252874e+00    5.7595385611e+01   -1.5011713357e+01    7.4451880693e+00    2.8193412555e+00   -1.7831054612e+01    3.2000000000e+01    1.9645559996e-03    6.5820312500e-01
       189   -7.4004708618e+00    5.4893718870e+01   -1.2702687322e+01    5.3022164600e+00    2.5868520874e+00   -1.5289539409e+01    3.2000000000e+01    1.9315680001e-03    6.3476562500e-01
       190   -7.3874854986e+00    5.4686103379e+01   -1.4535466803e+01    7.1479813045e+00    2.5963396214e+00   -1.7131806424e+01    3.2000000000e+01    1.9981209998e-03    6.3085937500e-01
       191   -7.2451509582e+00    5.2649592864e+01   -1.1538946736e+01    4.2937957783e+00    2.3484105944e+00   -1.3887357331e+01    3.2000000000e+01    1.9474279998e-03    6.6015625000e-01
       192   -7.4503970590e+00    5.5763398180e+01   -1.2919735696e+01    5.4693386370e+00    2.5874561063e+00   -1.5507191802e+01    3.2000000000e+01    1.9332950005e-03    6.2304687500e-01
       193   -7.4319013770e+00    5.5405411444e+01   -1.1111123419e+01    3.6792220421e+00    2.5275131156e+00   -1.3638636535e+01    3.2000000000e+01    1.9522359999e-03    6.6210937500e-01
       194   -7.6932743312e+00    5.9612703957e+01   -1.8465659376e+01    1.0772385045e+01    2.5997747279e+00   -2.1065434104e+01    3.2000000000e+01    1.8993290005e-03    5.9179687500e-01
       195   -7.5385951986e+00    5.7011450277e+01   -1.2596993404e+01    5.0583982055e+00    2.4281213885e+00   -1.5025114793e+01    3.2000000000e+01    1.9573120007e-03    6.5429687500e-01
       196   -7.6403786391e+00    5.8693179145e+01   -1.1991698686e+01    4.3513200467e+00    2.4681004693e+00   -1.4459799155e+01    3.2000000000e+01    1.9536959999e-03    6.6796875000e-01
       197   -7.5506586894e+00    5.7340773126e+01   -1.4925422835e+01    7.3747641458e+00    2.3468701787e+00   -1.7272293014e+01    3.2000000000e+01    1.9389420004e-03    6.4843750000e-01
       198   -7.3726073358e+00    5.4485181916e+01   -1.1243553720e+01    3.8709463837e+00    2.0909744342e+00   -1.3334528154e+01    3.2000000000e+01    1.9922120000e-03    6.6406250000e-01
       199   -7.4139897394e+00    5.5098322250e+01   -8.7714928745e+00    1.3575031351e+00    2.1602661039e+00   -1.0931758978e+01    3.2000000000e+01    1.9824390001e-03    6.7773437500e-01
       200   -7.3409329438e+00    5.4220473435e+01   -2.0328107152e+01    1.2987174209e+01    3.0907261461e+00   -2.3418833299e+01    3.2000000000e+01    1.9118600003e-03    5.9960937500e-01
       201   -7.4003066921e+00    5.4973546467e+01   -1.4257329601e+01    6.8570229091e+00    2.6037705367e+00   -1.6861100138e+01    3.2000000000e+01    1.9596229995e-03    6.6406250000e-01
       202   -7.2963055960e+00    5.3366016469e+01   -1.1195525796e+01    3.8992201997e+00    2.2239337557e+00   -1.3419459551e+01    3.2000000000e+01    1.9414810004e-03    6.3671875000e-01
       203   -7.6777173676e+00    5.9426110609e+01   -1.5938662992e+01    8.2609456244e+00    2.4507862546e+00   -1.8389449247e+01    3.2000000000e+01    1.9179950004e-03    6.3085937500e-01
       204   -7.5267730468e+00    5.6843577008e+01   -1.2513250728e+01    4.9864776815e+00    2.6748468092e+00   -1.5188097538e+01    3.2000000000e+01    1.9479419998e-03    6.4648437500e-01
       205   -7.6695900684e+00    5.9069862275e+01   -2.2519819198e+01    1.4850229129e+01    3.3481610319e+00   -2.5867980230e+01    3.2000000000e+01    1.8870140002e-03    5.7421875000e-01
       206   -7.3638817472e+00    5.4351985996e+01   -1.4266187575e+01    6.9023058276e+00    2.0472758590e+00   -1.6313463434e+01    3.2000000000e+01    1.9447029999e-03    6.7578125000e-01
       207   -7.5059498960e+00    5.6410725650e+01   -1.0508642582e+01    3.0026926856e+00    2.0076649009e+00   -1.2516307482e+01    3.2000000000e+01    1.9701069996e-03    6.7968750000e-01
       208   -7.4439279209e+00    5.5687287666e+01   -1.8275229067e+01    1.0831301147e+01    2.6069135519e+00   -2.0882142619e+01    3.2000000000e+01    1.9390540001e-03    6.6210937500e-01
       209   -7.4082030891e+00    5.5040886184e+01   -1.1659418082e+01    4.2512149929e+00    2.2745809209e+00   -1.3933999003e+01    3.2000000000e+01    1.9332809998e-03    6.4648437500e-01
       210   -7.3886803362e+00    5.4702823139e+01   -1.2869906028e+01    5.4812256922e+00    2.3376269865e+00   -1.5207533015e+01    3.2000000000e+01    1.9431960000e-03    6.5429687500e-01
       211   -7.2843391784e+00    5.3103157149e+01   -1.2906917179e+01    5.6225780002e+00    2.4493076182e+00   -1.5356224797e+01    3.2000000000e+01    1.9028259994e-03    6.0351562500e-01
       212   -7.8722966801e+00    6.2362115689e+01   -1.5724571613e+01    7.8522749326e+00    2.2164810898e+00   -1.7941052702e+01    3.2000000000e+01    1.9515569993e-03    6.6210937500e-01
       213   -7.3359087998e+00    5.3956397937e+01   -9.1183895231e+00    1.7824807232e+00    2.3882536759e+00   -1.1506643199e+01    3.2000000000e+01    1.9652930005e-03    6.7968750000e-01
       214   -7.3210418965e+00    5.3709225469e+01   -1.2027724230e+01    4.7066823339e+00    2.3868855300e+00   -1.4414609760e+01    3.2000000000e+01    1.9479009998e-03    6.4453125000e-01
       215   -7.8712489571e+00    6.2571535258e+01   -1.6054458558e+01    8.1832096011e+00    3.7894793624e+00   -1.9843937921e+01    3.2000000000e+01    2.0259430003e-03    6.6210937500e-01
       216   -7.4707027880e+00    5.6136799222e+01   -1.6935460105e+01    9.4647573175e+00    2.1289086214e+00   -1.9064368727e+01    3.2000000000e+01    1.9421269999e-03    6.9140625000e-01
       217   -7.3347302071e+00    5.3931915449e+01   -1.1884254048e+01    4.5495238407e+00    1.9811265240e+00   -1.3865380572e+01    3.2000000000e+01    1.8857020004e-03    6.4843750000e-01
       218   -7.3886916486e+00    5.4641412211e+01   -9.4209100555e+00    2.0322184069e+00    2.4187746707e+00   -1.1839684726e+01    3.2000000000e+01    1.9484470004e-03    6.6406250000e-01
       219   -7.3089472838e+00    5.3594188672e+01   -1.0123711743e+01    2.8147644590e+00    2.3648973755e+00   -1.2488609118e+01    3.2000000000e+01    1.9654009993e-03    6.6796875000e-01
       220   -7.7187023991e+00    5.9776704607e+01   -1.4974091863e+01    7.2553894639e+00    3.0746102645e+00   -1.8048702127e+01    3.2000000000e+01    1.9309069994e-03    6.3867187500e-01
       221   -7.4184853950e+00    5.5212253745e+01   -1.1290398945e+01    3.8719135504e+00    2.3429492635e+00   -1.3633348209e+01    3.2000000000e+01    1.9475760000e-03    6.2304687500e-01
       222   -7.3831378640e+00    5.4735200493e+01   -1.1776674683e+01    4.3935368193e+00    2.1068891061e+00   -1.3883563789e+01    3.2000000000e+01    1.9574669996e-03    6.8359375000e-01
       223   -7.5139230753e+00    5.6689459490e+01   -2.3019090608e+01    1.5505167533e+01    2.8082402658e+00   -2.5827330874e+01    3.2000000000e+01    2.0516659997e-03    6.2304687500e-01
       224   -7.7412549115e+00    6.0426109256e+01   -1.8491832299e+01    1.0750577387e+01    3.0760812953e+00   -2.1567913594e+01    3.2000000000e+01    1.9727330000e-03    6.0351562500e-01
       225   -7.3155619553e+00    5.3585537385e+01   -1.1378185209e+01    4.0626232540e+00    2.9805786673e+00   -1.4358763877e+01    3.2000000000e+01    1.9075900000e-03    6.0351562500e-01
       226   -7.3005906867e+00    5.3559247452e+01   -1.7479221506e+01    1.0178630820e+01    2.8965716723e+00   -2.0375793178e+01    3.2000000000e+01    1.9380099993e-03    6.3281250000e-01
       227   -7.7115782376e+00    5.9633553340e+01   -1.6884425850e+01    9.1728476123e+00    2.7257566474e+00   -1.9610182497e+01    3.2000000000e+01    1.9295530001e-03    6.2890625000e-01
       228   -7.4466749027e+00    5.5565373791e+01   -1.4064944803e+01    6.6182698999e+00    2.7890321073e+00   -1.6853976910e+01    3.2000000000e+01    1.9124740002e-03    6.1523437500e-01
       229   -7.3130838339e+00    5.3547488046e+01   -9.9688980443e+00    2.6558142105e+00    2.5602156038e+00   -1.2529113648e+01    3.2000000000e+01    2.2147420004e-03    6.8164062500e-01
       230   -7.4089433047e+00    5.5015950560e+01   -1.7588837293e+01    1.0179893988e+01    2.7668304332e+00   -2.0355667726e+01    3.2000000000e+01    1.9123120001e-03    6.0742187500e-01
       231   -7.2802459633e+00    5.3130928795e+01   -1.1063503541e+01    3.7832575779e+00    2.4097305676e+00   -1.3473234109e+01    3.2000000000e+01    1.9524059999e-03    6.4062500000e-01
       232   -7.2633936991e+00    5.2850693507e+01   -1.0131485355e+01    2.8680916561e+00    2.6306552012e+00   -1.2762140556e+01    3.2000000000e+01    2.0509659998e-03    6.6796875000e-01
       233   -7.7550814722e+00    6.0680161946e+01   -1.5610804061e+01    7.8557225886e+00    3.7732047271e+00   -1.9384008788e+01    3.2000000000e+01    1.9036619997e-03    5.9960937500e-01
       234   -7.5952188304e+00    5.7850994748e+01   -2.0634501422e+01    1.3039282592e+01    3.1811264005e+00   -2.3815627823e+01    3.2000000000e+01    1.9317960005e-03    6.1523437500e-01
       235   -7.6561259467e+00    5.8887937447e+01   -1.1444661533e+01    3.7885355860e+00    2.3014093482e+00   -1.3746070881e+01    3.2000000000e+01    1.9972660002e-03    7.0507812500e-01
       236   -7.5984856317e+00    5.7864597876e+01   -1.3618238796e+01    6.0197531643e+00    2.6149613164e+00   -1.6233200112e+01    3.2000000000e+01    1.9458650004e-03    6.2695312500e-01
       237   -7.3025924866e+00    5.3397049363e+01   -1.0259097542e+01    2.9565050549e+00    2.4440745653e+00   -1.2703172107e+01    3.2000000000e+01    1.9710540000e-03    6.6601562500e-01
       238   -7.3916865696e+00    5.4735450124e+01   -1.0615745759e+01    3.2240591896e+00    2.5173767906e+00   -1.3133122550e+01    3.2000000000e+01    2.1594509999e-03    6.4648437500e-01
       239   -7.7645120461e+00    6.0798270474e+01   -1.4203127598e+01    6.4386155518e+00    2.2470578370e+00   -1.6450185435e+01    3.2000000000e+01    1.9488739999e-03    6.4453125000e-01
       240   -7.2007499457e+00    5.1970697284e+01   -1.0742167744e+01    3.5414177984e+00    2.3674214864e+00   -1.3109589230e+01    3.2000000000e+01    1.9338319998e-03    6.3281250000e-01
       241   -7.5396602543e+00    5.7040684510e+01   -1.5651536986e+01    8.1118767315e+00    2.5589077118e+00   -1.8210444698e+01    3.2000000000e+01    2.0014390002e-03    6.2500000000e-01
       242   -7.6351611482e+00    5.8523200328e+01   -1.6772169509e+01    9.1370083605e+00    2.2709615618e+00   -1.9043131071e+01    3.2000000000e+01    1.9156409999e-03    6.2500000000e-01
       243   -7.1829533258e+00    5.1713561343e+01   -1.1097745936e+01    3.9147926100e+00    2.7777660223e+00   -1.3875511958e+01    3.2000000000e+01    1.9571329995e-03    6.6210937500e-01
       244   -7.9469708459e+00    6.3461019739e+01   -1.5965658444e+01    8.0186875985e+00    2.6299994570e+00   -1.8595657901e+01    3.2000000000e+01    1.9608009998e-03    6.5429687500e-01
       245   -7.5431975027e+00    5.7057309767e+01   -1.1089082327e+01    3.5458848245e+00    2.8182518253e+00   -1.3907334153e+01    3.2000000000e+01    1.9714009995e-03    6.6796875000e-01
       246   -7.5137217618e+00    5.6593135325e+01   -1.5021746589e+01    7.5080248269e+00    2.7076289588e+00   -1.7729375548e+01    3.2000000000e+01    2.1855870000e-03    6.5429687500e-01
       247   -7.4112338388e+00    5.5000631360e+01   -1.3569774722e+01    6.1585408835e+00    3.2067838114e+00   -1.6776558534e+01    3.2000000000e+01    1.9749640005e-03    6.2304687500e-01
       248   -7.7300602078e+00    6.0176173297e+01   -3.1645555279e+01    2.3915495071e+01    2.6762648330e+00   -3.4321820112e+01    3.2000000000e+01    1.9233570001e-03    6.0937500000e-01
       249   -7.2805308865e+00    5.3222622099e+01   -1.3830883973e+01    6.5503530868e+00    2.9627187663e+00   -1.6793602740e+01    3.2000000000e+01    2.0127219996e-03    6.2500000000e-01
       250   -7.5333897458e+00    5.7099861996e+01   -1.4586980567e+01    7.0535908212e+00    2.5773650845e+00   -1.7164345652e+01    3.2000000000e+01    1.9454930007e-03    6.3671875000e-01
       251   -7.6144323428e+00    5.8392767355e+01   -1.8614738725e+01    1.1000306382e+01    3.4518133362e+00   -2.2066552061e+01    3.2000000000e+01    1.9192800000e-03    6.1914062500e-01
       252   -7.9824332723e+00    6.4219999052e+01   -2.0776111103e+01    1.2793677830e+01    2.9923596464e+00   -2.3768470749e+01    3.2000000000e+01    1.9394569999e-03    6.2304687500e-01
       253   -7.7868740381e+00    6.0823794407e+01   -1.7972779898e+01    1.0185905860e+01    2.6787282476e+00   -2.0651508146e+01    3.2000000000e+01    1.9486410001e-03    6.4062500000e-01
       254   -7.5184575150e+00    5.6603926540e+01   -1.4966316613e+01    7.4478590981e+00    2.5984056152e+00   -1.7564722228e+01    3.2000000000e+01    2.1850379999e-03    6.4062500000e-01
       255   -7.2642574794e+00    5.2891160680e+01   -1.0187217959e+01    2.9229604797e+00    2.8171037313e+00   -1.3004321690e+01    3.2000000000e+01    1.9442509993e-03    6.3476562500e-01
       256   -7.3114693026e+00    5.3508749059e+01   -1.0102971822e+01    2.7915025191e+00    2.1927956193e+00   -1.2295767441e+01    3.2000000000e+01    1.9441060003e-03    6.4453125000e-01
       257   -7.4590432332e+00    5.5743311887e+01   -1.0299636389e+01    2.8405931554e+00    2.5885004441e+00   -1.2888136833e+01    3.2000000000e+01    2.0617550008e-03    6.7968750000e-01
       258   -7.3780781793e+00    5.4622894344e+01   -1.4243390019e+01    6.8653118398e+00    3.3110184985e+00   -1.7554408518e+01    3.2000000000e+01    1.9059329998e-03    6.1132812500e-01
       259   -7.4053718402e+00    5.4948575702e+01   -1.8042260724e+01    1.0636888883e+01    3.1715470722e+00   -2.1213807796e+01    3.2000000000e+01    1.9286209999e-03    6.2109375000e-01
       260   -7.7607157178e+00    6.0430323329e+01   -2.7204745559e+01    1.9444029841e+01    3.2248535950e+00   -3.0429599154e+01    3.2000000000e+01    1.9055700004e-03    5.9375000000e-01
       261   -7.4772325418e+00    5.5991686350e+01   -8.7185931597e+00    1.2413606179e+00    4.6116093746e+00   -1.3330202534e+01    3.2000000000e+01    1.9380170006e-03    6.4257812500e-01
       262   -7.6119045701e+00    5.8249780647e+01   -1.2413083351e+01    4.8011787812e+00    2.6557464556e+00   -1.5068829807e+01    3.2000000000e+01    2.0009549999e-03    6.5625000000e-01
       263   -7.4090557577e+00    5.5040984069e+01   -9.5708151061e+00    2.1617593484e+00    2.4908771916e+00   -1.2061692298e+01    3.2000000000e+01    1.9706310004e-03    6.8554687500e-01
       264   -7.3188616383e+00    5.3697745087e+01   -1.3431758178e+01    6.1128965398e+00    2.3984745398e+00   -1.5830232718e+01    3.2000000000e+01    1.9245960002e-03    6.4257812500e-01
       265   -7.4297014572e+00    5.5328332639e+01   -2.2447646839e+01    1.5017945382e+01    2.1251675481e+00   -2.4572814387e+01    3.2000000000e+01    1.9383039999e-03    6.6796875000e-01
       266   -7.3282844378e+00    5.3960404790e+01   -1.2921293915e+01    5.5930094771e+00    2.7365358183e+00   -1.5657829733e+01    3.2000000000e+01    1.9832600001e-03    6.2890625000e-01
       267   -7.6644176650e+00    5.9284451401e+01   -1.4745282174e+01    7.0808645093e+00    2.1292598208e+00   -1.6874541995e+01    3.2000000000e+01    1.9039440003e-03    6.3085937500e-01
       268   -7.5046035162e+00    5.6431129812e+01   -1.4000958872e+01    6.4963553555e+00    2.5586442614e+00   -1.6559603133e+01    3.2000000000e+01    1.9720199998e-03    6.7382812500e-01
       269   -7.4611238509e+00    5.5922727314e+01   -1.2482294889e+01    5.0211710383e+00    2.6270633969e+00   -1.5109358286e+01    3.2000000000e+01    1.9595300000e-03    6.4843750000e-01
       270   -7.6508263634e+00    5.8746108435e+01   -1.2791517817e+01    5.1406914541e+00    2.2276054943e+00   -1.5019123312e+01    3.2000000000e+01    1.9388860001e-03    6.4257812500e-01
       271   -7.3276729159e+00    5.3759702620e+01   -1.1027289075e+01    3.6996161590e+00    2.2705799832e+00   -1.3297869058e+01    3.2000000000e+01    2.1813269996e-03    6.6796875000e-01
       272   -7.3238633876e+00    5.3778577129e+01   -1.1276366477e+01    3.9525030896e+00    2.2191130973e+00   -1.3495479575e+01    3.2000000000e+01    1.9842599995e-03    6.8164062500e-01
       273   -7.4918583236e+00    5.6204136198e+01   -1.2724663352e+01    5.2328050288e+00    2.8350657134e+00   -1.5559729066e+01    3.2000000000e+01    1.9573119998e-03    6.4843750000e-01
       274   -7.3244525612e+00    5.3959196607e+01   -2.3053034815e+01    1.5728582254e+01    3.3597857389e+00   -2.6412820554e+01    3.2000000000e+01    2.0157299996e-03    6.1328125000e-01
       275   -7.3900989861e+00    5.4715092557e+01   -1.1090454014e+01    3.7003550281e+00    2.4006691350e+00   -1.3491123149e+01    3.2000000000e+01    1.9576870000e-03    6.4843750000e-01
       276   -7.2228722340e+00    5.2277798187e+01   -1.0593667562e+01    3.3707953277e+00    2.2754934950e+00   -1.2869161057e+01    3.2000000000e+01    1.9559760003e-03    6.7578125000e-01
       277   -7.4095794229e+00    5.5041725061e+01   -1.0851543950e+01    3.4419645269e+00    2.8928111880e+00   -1.3744355138e+01    3.2000000000e+01    1.9519140005e-03    6.5234375000e-01
       278   -7.5230902010e+00    5.6702503030e+01   -9.9501962620e+00    2.4271060609e+00    2.6006147685e+00   -1.2550811030e+01    3.2000000000e+01    1.9689379997e-03    6.8164062500e-01
       279   -7.3599200194e+00    5.4317798942e+01   -1.1232941997e+01    3.8730219776e+00    2.3677729534e+00   -1.3600714950e+01    3.2000000000e+01    2.1888679994e-03    6.5820312500e-01
       280   -7.2987444947e+00    5.3339802364e+01   -9.1900649477e+00    1.8913204530e+00    2.2116982736e+00   -1.1401763221e+01    3.2000000000e+01    1.9757520004e-03    6.7968750000e-01
       281   -7.5105828636e+00    5.6917467095e+01   -1.2526847737e+01    5.0162648735e+00    1.9846150690e+00   -1.4511462806e+01    3.2000000000e+01    1.9212910001e-03    6.6406250000e-01
       282   -7.4615458880e+00    5.5868746004e+01   -2.0112259695e+01    1.2650713807e+01    3.1315130269e+00   -2.3243772721e+01    3.2000000000e+01    1.9648059997e-03    6.1914062500e-01
       283   -7.3375819042e+00    5.4080222656e+01   -1.2311857326e+01    4.9742754214e+00    2.7559412128e+00   -1.5067798538e+01    3.2000000000e+01    1.9298110001e-03    6.3281250000e-01
       284   -7.5632885230e+00    5.7447400508e+01   -1.0960694452e+01    3.3974059294e+00    2.6294188426e+00   -1.3590113295e+01    3.2000000000e+01    1.9894010002e-03    6.9140625000e-01
       285   -7.5565175120e+00    5.7360654359e+01   -1.3106356258e+01    5.5498387458e+00    2.4903766675e+00   -1.5596732925e+01    3.2000000000e+01    1.9494910002e-03    6.3671875000e-01
       286   -7.5247634209e+00    5.6763526323e+01   -2.0303090988e+01    1.2778327567e+01    2.5511652060e+00   -2.2854256194e+01    3.2000000000e+01    1.9327849996e-03    6.3867187500e-01
       287   -7.6067311590e+00    5.8078276225e+01   -1.6520765225e+01    8.9140340658e+00    2.6049444942e+00   -1.9125709719e+01    3.2000000000e+01    2.1493539998e-03    6.1718750000e-01
       288   -7.5386603181e+00    5.6922328684e+01   -1.7800096920e+01    1.0261436601e+01    3.0429229208e+00   -2.0843019840e+01    3.2000000000e+01    1.9398860004e-03    6.3867187500e-01
       289   -8.0130509429e+00    6.4797870173e+01   -1.8837717079e+01    1.0824666136e+01    3.6568264046e+00   -2.2494543484e+01    3.2000000000e+01    1.9292279994e-03    6.0156250000e-01
       290   -7.9736788052e+00    6.4120742615e+01   -1.6523020846e+01    8.5493420405e+00    2.6269274819e+00   -1.9149948328e+01    3.2000000000e+01    1.9786519997e-03    6.4257812500e-01
       291   -7.6432743757e+00    5.8710062353e+01   -1.4620817035e+01    6.9775426595e+00    3.1188528788e+00   -1.7739669914e+01    3.2000000000e+01    1.9063860000e-03    6.1132812500e-01
       292   -7.2706909551e+00    5.2928399996e+01   -1.1407368471e+01    4.1366775161e+00    2.3230138096e+00   -1.3730382281e+01    3.2000000000e+01    1.9491619996e-03    6.4062500000e-01
       293   -7.2442843961e+00    5.2586421464e+01   -1.2794993617e+01    5.5507092211e+00    2.6842811220e+00   -1.5479274739e+01    3.2000000000e+01    1.9202399999e-03    6.4062500000e-01
       294   -7.7743929969e+00    6.0886823150e+01   -1.5721938793e+01    7.9475457956e+00    2.0510812470e+00   -1.7773020040e+01    3.2000000000e+01    1.9044530000e-03    6.3867187500e-01
       295   -7.5550463955e+00    5.7353848702e+01   -2.3908800496e+01    1.6353754101e+01    2.4208127941e+00   -2.6329613290e+01    3.2000000000e+01    1.8938860003e-03    5.9375000000e-01
       296   -7.3616527669e+00    5.4323017366e+01   -1.2388575065e+01    5.0269222984e+00    2.5869265873e+00   -1.4975501653e+01    3.2000000000e+01    2.1176639993e-03    6.4453125000e-01
       297   -7.6872209152e+00    5.9469637959e+01   -1.5736671566e+01    8.0494506505e+00    2.6318461592e+00   -1.8368517725e+01    3.2000000000e+01    1.9341939997e-03    6.3085937500e-01
       298   -7.2894265416e+00    5.3315420825e+01   -1.3574333100e+01    6.2849065586e+00    3.0200575206e+00   -1.6594390621e+01    3.2000000000e+01    1.9246109996e-03    6.3867187500e-01
       299   -7.4503787077e+00    5.5671161105e+01   -1.0613633454e+01    3.1632547461e+00    2.7631515295e+00   -1.3376784983e+01    3.2000000000e+01    1.9918440003e-03    6.6015625000e-01
       300   -7.4168296346e+00    5.5114995974e+01   -1.4321252923e+01    6.9044232887e+00    2.9067066239e+00   -1.7227959547e+01    3.2000000000e+01    1.9138380003e-03    6.4257812500e-01
       301   -7.3134665766e+00    5.3616163756e+01   -1.1740724295e+01    4.4272577179e+00    2.5883958781e+00   -1.4329120173e+01    3.2000000000e+01    1.9618060005e-03    6.6601562500e-01
       302   -7.3507325287e+00    5.4129064851e+01   -1.1394355019e+01    4.0436224902e+00    2.7818758763e+00   -1.4176230895e+01    3.2000000000e+01    1.9620330004e-03    6.5625000000e-01
       303   -7.3633901152e+00    5.4332728293e+01   -1.0682672688e+01    3.3192825733e+00    2.5559839017e+00   -1.3238656590e+01    3.2000000000e+01    1.9596490001e-03    6.7968750000e-01
       304   -7.8262711520e+00    6.1594070317e+01   -1.6331038240e+01    8.5047670876e+00    2.6448869630e+00   -1.8975925203e+01    3.2000000000e+01    2.0501740000e-03    6.2695312500e-01
       305   -7.2818293450e+00    5.3228908488e+01   -1.5020042063e+01    7.7382127178e+00    2.6203744621e+00   -1.7640416525e+01    3.2000000000e+01    1.9261550005e-03    6.4062500000e-01
       306   -7.4671995167e+00    5.5923667562e+01   -1.2874563011e+01    5.4073634944e+00    2.6494523636e+00   -1.5524015375e+01    3.2000000000e+01    1.9489020005e-03    6.5234375000e-01
       307   -7.4386406541e+00    5.5579430797e+01   -1.0462569456e+01    3.0239288021e+00    2.4027215250e+00   -1.2865290981e+01    3.2000000000e+01    2.0130080002e-03    6.9140625000e-01
       308   -7.5392360284e+00    5.6978929799e+01   -1.5215849250e+01    7.6766132217e+00    2.0869543720e+00   -1.7302803622e+01    3.2000000000e+01    1.9653700001e-03    6.8164062500e-01
       309   -7.3076388246e+00    5.3502274394e+01   -1.4162478109e+01    6.8548392846e+00    2.2636031607e+00   -1.6426081270e+01    3.2000000000e+01    1.9388289993e-03    6.6015625000e-01
       310   -7.3841054322e+00    5.4619203300e+01   -1.1388384972e+01    4.0042795399e+00    2.5792839382e+00   -1.3967668910e+01    3.2000000000e+01    1.9476929992e-03    6.5820312500e-01
       311   -7.5968447370e+00    5.8125509846e+01   -1.6158920246e+01    8.5620755088e+00    2.7331129458e+00   -1.8892033192e+01    3.2000000000e+01    1.9479809998e-03    6.5039062500e-01
       312   -7.9042689027e+00    6.2842845937e+01   -2.1087662729e+01    1.3183393827e+01    2.9593578067e+00   -2.4047020536e+01    3.2000000000e+01    1.9034730003e-03    5.9570312500e-01
       313   -7.2938819031e+00    5.3291367306e+01   -1.1195197436e+01    3.9013155327e+00    2.3471478927e+00   -1.3542345328e+01    3.2000000000e+01    2.0835860005e-03    6.7968750000e-01
       314   -7.3183234935e+00    5.3869628472e+01   -1.5389199057e+01    8.0708755634e+00    2.7910644373e+00   -1.8180263494e+01    3.2000000000e+01    1.9176640008e-03    6.0937500000e-01
       315   -7.7505907081e+00    6.0279160689e+01   -1.5360454388e+01    7.6098636802e+00    2.7671149551e+00   -1.8127569343e+01    3.2000000000e+01    1.9352299996e-03    6.4257812500e-01
       316   -8.0119132589e+00    6.4544944334e+01   -2.3951682392e+01    1.5939769133e+01    2.7353125267e+00   -2.6686994919e+01    3.2000000000e+01    1.9325000003e-03    5.9375000000e-01
       317   -7.6558911667e+00    5.8913840496e+01   -1.3259744193e+01    5.6038530262e+00    2.5291857941e+00   -1.5788929987e+01    3.2000000000e+01    1.9313909997e-03    6.3085937500e-01
       318   -7.3417352192e+00    5.4089805828e+01   -1.5606730012e+01    8.2649947931e+00    3.3790631711e+00   -1.8985793183e+01    3.2000000000e+01    1.9062689998e-03    6.0937500000e-01
       319   -7.4920869064e+00    5.6308813721e+01   -1.7556713009e+01    1.0064626103e+01    3.0184996042e+00   -2.0575212614e+01    3.2000000000e+01    1.9304620000e-03    6.2695312500e-01
       320   -7.5453154426e+00    5.7100455080e+01   -1.2823663110e+01    5.2783476678e+00    2.6602616111e+00   -1.5483924721e+01    3.2000000000e+01    1.9190829998e-03    6.2500000000e-01
       321   -7.6531780193e+00    5.8912658618e+01   -1.3236693250e+01    5.5835152306e+00    2.0313090844e+00   -1.5268002334e+01    3.2000000000e+01    2.0543299997e-03    6.4648437500e-01
       322   -7.1841131403e+00    5.1885717803e+01   -1.8049112123e+01    1.0864998982e+01    2.8336242684e+00   -2.0882736391e+01    3.2000000000e+01    1.9548609998e-03    6.5429687500e-01
       323   -7.5295395865e+00    5.6995853803e+01   -1.4494779369e+01    6.9652397829e+00    2.4570904009e+00   -1.6951869770e+01    3.2000000000e+01    1.9355889999e-03    6.3867187500e-01
       324   -7.5821535668e+00    5.7948642498e+01   -1.4321508502e+01    6.7393549350e+00    2.7921646871e+00   -1.7113673189e+01    3.2000000000e+01    1.9704509996e-03    6.2500000000e-01
       325   -7.3857712600e+00    5.4800853275e+01   -1.7814799100e+01    1.0429027840e+01    3.0363820404e+00   -2.0851181140e+01    3.2000000000e+01    1.9256070000e-03    6.2890625000e-01
       326   -7.3902658576e+00    5.4691927461e+01   -1.0313266419e+01    2.9230005613e+00    2.6576197793e+00   -1.2970886198e+01    3.2000000000e+01    1.9471390005e-03    6.4453125000e-01
       327   -7.4560494913e+00    5.5797708387e+01   -1.1995643637e+01    4.5395941452e+00    2.0433106366e+00   -1.4038954273e+01    3.2000000000e+01    1.9385719997e-03    6.4257812500e-01
       328   -7.5996164776e+00    5.8078687556e+01   -1.1479246126e+01    3.8796296481e+00    2.2867147604e+00   -1.3765960886e+01    3.2000000000e+01    1.9606870001e-03    6.6796875000e-01
       329   -7.3734061186e+00    5.4636338828e+01   -1.4260327664e+01    6.8869215449e+00    2.9169269137e+00   -1.7177254577e+01    3.2000000000e+01    2.0697920008e-03    6.5039062500e-01
       330   -7.6346247045e+00    5.8773176702e+01   -1.9561298378e+01    1.1926673673e+01    3.8931166976e+00   -2.3454415076e+01    3.2000000000e+01    1.9410289997e-03    6.4843750000e-01
       331   -7.6067972714e+00    5.8162209459e+01   -1.6067876466e+01    8.4610791941e+00    2.4847607455e+00   -1.8552637211e+01    3.2000000000e+01    1.9322569997e-03    6.2500000000e-01
       332   -7.4463371200e+00    5.5576218923e+01   -1.0182515416e+01    2.7361782955e+00    2.4585039868e+00   -1.2641019402e+01    3.2000000000e+01    2.0045679994e-03    6.7773437500e-01
       333   -7.2940416900e+00    5.3297323551e+01   -9.4949036293e+00    2.2008619393e+00    2.3107516918e+00   -1.1805655321e+01    3.2000000000e+01    1.9839659999e-03    6.9726562500e-01
       334   -7.4499972742e+00    5.6019708915e+01   -1.5143768477e+01    7.6937712025e+00    3.2706766962e+00   -1.8414445173e+01    3.2000000000e+01    1.9180600002e-03    6.0742187500e-01
       335   -7.3902065631e+00    5.4751618383e+01   -1.5869522012e+01    8.4793154492e+00    2.5474798411e+00   -1.8417001853e+01    3.2000000000e+01    1.8995969995e-03    6.2500000000e-01
       336   -7.2391355744e+00    5.2623869601e+01   -1.4415841414e+01    7.1767058401e+00    2.9108430999e+00   -1.7326684514e+01    3.2000000000e+01    1.9359280004e-03    6.4453125000e-01
       337   -7.5883366746e+00    5.7703964148e+01   -1.6552857343e+01    8.9645206688e+00    2.8543627169e+00   -1.9407220060e+01    3.2000000000e+01    1.9584679994e-03    6.7187500000e-01
       338   -7.2329991127e+00    5.2446389227e+01   -9.1384946619e+00    1.9054955492e+00    3.1177417869e+00   -1.2256236449e+01    3.2000000000e+01    2.0950369999e-03    6.8750000000e-01
       339   -7.2339329828e+00    5.2476796819e+01   -1.1849295440e+01    4.6153624568e+00    2.5106491728e+00   -1.4359944612e+01    3.2000000000e+01    1.9236560001e-03    6.1914062500e-01
       340   -7.3380153335e+00    5.3906021674e+01   -1.3659242416e+01    6.3212270821e+00    3.2289823394e+00   -1.6888224755e+01    3.2000000000e+01    1.8938329995e-03    5.9765625000e-01
       341   -7.5869210469e+00    5.7859508565e+01   -1.6591650683e+01    9.0047296365e+00    3.0029568299e+00   -1.9594607513e+01    3.2000000000e+01    1.9602170005e-03    6.1914062500e-01
       342   -7.3903177327e+00    5.4733453734e+01   -1.3724344299e+01    6.3340265663e+00    2.6845461779e+00   -1.6408890477e+01    3.2000000000e+01    1.9140080003e-03    6.0546875000e-01
       343   -7.5301168201e+00    5.6804993397e+01   -1.2920453046e+01    5.3903362260e+00    3.6178307726e+00   -1.6538283819e+01    3.2000000000e+01    1.9212900006e-03    6.1523437500e-01
       344   -7.3577279935e+00    5.4415387486e+01   -1.2008366248e+01    4.6506382545e+00    1.9315055204e+00   -1.3939871768e+01    3.2000000000e+01    1.9460510002e-03    6.6992187500e-01
       345   -7.4326935877e+00    5.5449692325e+01   -1.5977322587e+01    8.5446289992e+00    2.4391765381e+00   -1.8416499125e+01    3.2000000000e+01    1.8749219998e-03    6.2109375000e-01
       346   -7.5842602653e+00    5.7786615162e+01   -1.9227313769e+01    1.1643053504e+01    2.8301228134e+00   -2.2057436582e+01    3.2000000000e+01    2.0440249991e-03    6.2890625000e-01
       347   -7.4038488155e+00    5.5066038635e+01   -1.4604373839e+01    7.2005250231e+00    2.8312803066e+00   -1.7435654145e+01    3.2000000000e+01    1.9170470005e-03    6.1523437500e-01
       348   -7.6316896956e+00    5.8586960219e+01   -1.6398226705e+01    8.7665370099e+00    3.5788231680e+00   -1.9977049873e+01    3.2000000000e+01    1.9101859998e-03    6.0156250000e-01
       349   -7.5704552271e+00    5.7808833930e+01   -2.0420991985e+01    1.2850536758e+01    3.0983448273e+00   -2.3519336812e+01    3.2000000000e+01    1.9352250001e-03    5.9179687500e-01
       350   -7.3274537239e+00    5.3822083879e+01   -1.3331053500e+01    6.0035997765e+00    2.3577334375e+00   -1.5688786938e+01    3.2000000000e+01    1.9363110005e-03    6.4257812500e-01
       351   -7.5762804299e+00    5.7877319366e+01   -1.5349258733e+01    7.7729783035e+00    1.9692850903e+00   -1.7318543824e+01    3.2000000000e+01    1.9520329997e-03    6.6992187500e-01
       352   -7.4249329179e+00    5.5258005277e+01   -1.4752975013e+01    7.3280420948e+00    2.7733332782e+00   -1.7526308291e+01    3.2000000000e+01    1.9615410001e-03    6.7578125000e-01
       353   -7.3759591270e+00    5.4541379980e+01   -1.2898578833e+01    5.5226197058e+00    2.6487347149e+00   -1.5547313548e+01    3.2000000000e+01    1.9403240003e-03    6.2890625000e-01
       354   -7.5031780664e+00    5.6628460838e+01   -2.0860107840e+01    1.3356929773e+01    2.7762757095e+00   -2.3636383549e+01    3.2000000000e+01    1.9177830000e-03    6.2695312500e-01
       355   -7.4167040603e+00    5.5141783181e+01   -1.2248468936e+01    4.8317648755e+00    2.2247464868e+00   -1.4473215423e+01    3.2000000000e+01    2.0034270001e-03    6.2109375000e-01
       356   -7.3392647458e+00    5.3927858330e+01   -1.1481014290e+01    4.1417495442e+00    2.0719038872e+00   -1.3552918177e+01    3.2000000000e+01    1.9110359999e-03    6.4648437500e-01
       357   -7.2725456552e+00    5.3005913149e+01   -1.1002360987e+01    3.7298153322e+00    2.6014897839e+00   -1.3603850771e+01    3.2000000000e+01    1.9459460000e-03    6.5429687500e-01
       358   -7.7063643863e+00    5.9746975179e+01   -1.3677734932e+01    5.9713705459e+00    2.5493920789e+00   -1.6227127011e+01    3.2000000000e+01    1.9778489996e-03    6.4843750000e-01
       359   -7.4009002597e+00    5.5040649127e+01   -1.7033834856e+01    9.6329345965e+00    3.2423039558e+00   -2.0276138812e+01    3.2000000000e+01    1.9230339994e-03    6.0937500000e-01
       360   -7.5686173752e+00    5.7551804752e+01   -1.4362035782e+01    6.7934184069e+00    2.5603429936e+00   -1.6922378776e+01    3.2000000000e+01    1.9496360001e-03    6.4648437500e-01
       361   -7.3775822879e+00    5.4533916807e+01   -1.0011179805e+01    2.6335975167e+00    2.4496858871e+00   -1.2460865692e+01    3.2000000000e+01    1.9721520002e-03    6.6796875000e-01
       362   -7.6515661290e+00    5.8807298523e+01   -1.6027018916e+01    8.3754527871e+00    2.7592141867e+00   -1.8786233103e+01    3.2000000000e+01    1.9151870001e-03    6.0742187500e-01
       363   -7.5771226036e+00    5.7592212989e+01   -1.3796209807e+01    6.2190872036e+00    3.1826514999e+00   -1.6978861307e+01    3.2000000000e+01    2.1621090000e-03    6.6601562500e-01
       364   -7.2820962457e+00    5.3227773020e+01   -1.1943561315e+01    4.6614650689e+00    2.3309074500e+00   -1.4274468765e+01    3.2000000000e+01    1.9390050002e-03    6.3671875000e-01
       365   -7.3296008992e+00    5.3831747033e+01   -1.0067270611e+01    2.7376697121e+00    2.1683099209e+00   -1.2235580532e+01    3.2000000000e+01    2.0191410003e-03    7.1875000000e-01
       366   -7.5596083447e+00    5.7392753496e+01   -2.2778291275e+01    1.5218682930e+01    2.5877885323e+00   -2.5366079807e+01    3.2000000000e+01    1.9851010002e-03    6.4843750000e-01
       367   -7.7866462251e+00    6.0892568783e+01   -1.9381233382e+01    1.1594587157e+01    2.7273153821e+00   -2.2108548764e+01    3.2000000000e+01    1.9329480001e-03    6.4648437500e-01
       368   -7.3049397411e+00    5.3435931737e+01   -1.0979067323e+01    3.6741275815e+00    2.3646288586e+00   -1.3343696181e+01    3.2000000000e+01    1.9890840003e-03    6.7968750000e-01
       369   -7.6595042909e+00    5.8859404689e+01   -1.2204993700e+01    4.5454894092e+00    2.6426489956e+00   -1.4847642696e+01    3.2000000000e+01    1.9496630002e-03    6.6015625000e-01
       370   -7.5009807152e+00    5.6479757825e+01   -2.9455589370e+01    2.1954608655e+01    3.6414577414e+00   -3.3097047111e+01    3.2000000000e+01    1.9212040006e-03    5.8398437500e-01
       371   -7.4577346954e+00    5.5778094092e+01   -2.2423703059e+01    1.4965968364e+01    2.4430335176e+00   -2.4866736577e+01    3.2000000000e+01    1.9318770001e-03    6.2890625000e-01
       372   -7.5550156999e+00    5.7142343449e+01   -1.2831193468e+01    5.2761777683e+00    2.8575193261e+00   -1.5688712794e+01    3.2000000000e+01    2.0712160003e-03    6.5429687500e-01
       373   -7.3282809702e+00    5.3813329392e+01   -1.2702212318e+01    5.3739313483e+00    2.7932572931e+00   -1.5495469612e+01    3.2000000000e+01    1.9603060000e-03    6.6210937500e-01
       374   -7.6271196635e+00    5.8471984808e+01   -1.5964174018e+01    8.3370543543e+00    3.2015319008e+00   -1.9165705919e+01    3.2000000000e+01    1.8877709999e-03    6.0351562500e-01
       375   -7.4584913920e+00    5.5821028301e+01   -1.1289939867e+01    3.8314484752e+00    2.4238205505e+00   -1.3713760418e+01    3.2000000000e+01    1.9631360001e-03    6.2695312500e-01
       376   -7.7017909990e+00    5.9524489798e+01   -1.3232424485e+01    5.5306334857e+00    2.5599806913e+00   -1.5792405176e+01    3.2000000000e+01    1.9632180001e-03    6.8359375000e-01
       377   -7.4648947687e+00    5.6131201292e+01   -1.9138270794e+01    1.1673376025e+01    2.9157073656e+00   -2.2053978160e+01    3.2000000000e+01    1.8987899994e-03    5.9375000000e-01
       378   -7.4291049195e+00    5.5346604048e+01   -1.2936643259e+01    5.5075383395e+00    2.6093448188e+00   -1.5545988078e+01    3.2000000000e+01    1.9396130001e-03    6.3281250000e-01
       379   -7.5796666798e+00    5.8051411480e+01   -1.5024407667e+01    7.4447409869e+00    2.7173136588e+00   -1.7741721326e+01    3.2000000000e+01    1.9164109999e-03    6.1718750000e-01
       380   -7.2643358096e+00    5.3030346990e+01   -1.4121570616e+01    6.8572348061e+00    3.3431716318e+00   -1.7464742247e+01    3.2000000000e+01    2.1015689999e-03    6.0937500000e-01
       381   -7.3367532283e+00    5.3925231236e+01   -1.0642059053e+01    3.3053058247e+00    2.5544762929e+00   -1.3196535346e+01    3.2000000000e+01    1.9673610004e-03    6.6406250000e-01
       382   -7.6472786393e+00    5.8660002224e+01   -1.6179977727e+01    8.5326990877e+00    1.9632781055e+00   -1.8143255832e+01    3.2000000000e+01    1.9578579995e-03    6.5820312500e-01
       383   -7.3339980359e+00    5.3866941856e+01   -1.0304729689e+01    2.9707316528e+00    2.0839418868e+00   -1.2388671576e+01    3.2000000000e+01    2.1238930003e-03    6.7773437500e-01
       384   -7.2127449644e+00    5.2222288776e+01   -1.9427623032e+01    1.2214878068e+01    3.3648634793e+00   -2.2792486511e+01    3.2000000000e+01    1.9329080005e-03    6.1914062500e-01
       385   -7.4871351740e+00    5.6226159728e+01   -1.5878481423e+01    8.3913462494e+00    2.4176690831e+00   -1.8296150507e+01    3.2000000000e+01    1.9702790005e-03    6.5625000000e-01
       386   -7.3634151402e+00    5.4450863943e+01   -1.3078250794e+01    5.7148356538e+00    2.7593753943e+00   -1.5837626188e+01    3.2000000000e+01    1.9491220000e-03    6.3476562500e-01
       387   -7.4689754716e+00    5.5940520821e+01   -1.4270996596e+01    6.8020211244e+00    2.6155278714e+00   -1.6886524467e+01    3.2000000000e+01    2.2200050007e-03    6.2890625000e-01
       388   -7.4969813387e+00    5.6326787335e+01   -1.3537627786e+01    6.0406464476e+00    2.5346819314e+00   -1.6072309718e+01    3.2000000000e+01    2.0847289998e-03    6.4843750000e-01
       389   -7.2649476708e+00    5.2904500957e+01   -9.1225893607e+00    1.8576416900e+00    2.3322348904e+00   -1.1454824251e+01    3.2000000000e+01    1.9797610003e-03    6.9531250000e-01
       390   -7.4952704153e+00    5.6533892679e+01   -1.3609911037e+01    6.1146406221e+00    2.5099704896e+00   -1.6119881527e+01    3.2000000000e+01    1.9632210006e-03    6.6601562500e-01
       391   -7.3117190906e+00    5.3568720317e+01   -9.6310865886e+00    2.3193674981e+00    2.6882998740e+00   -1.2319386463e+01    3.2000000000e+01    2.1368039997e-03    6.5234375000e-01
       392   -7.4300233318e+00    5.5273185116e+01   -1.0786702474e+01    3.3566791420e+00    2.5584396324e+00   -1.3345142106e+01    3.2000000000e+01    1.9430550001e-03    6.3085937500e-01
       393   -7.3874182322e+00    5.4783473507e+01   -1.4010075677e+01    6.6226574451e+00    2.6273424783e+00   -1.6637418156e+01    3.2000000000e+01    1.9598160006e-03    6.5429687500e-01
       394   -7.4419777449e+00    5.5504544400e+01   -1.2309009808e+01    4.8670320627e+00    2.4974164372e+00   -1.4806426245e+01    3.2000000000e+01    1.9827569995e-03    6.7187500000e-01
       395   -7.3910101374e+00    5.4750893755e+01   -1.3258327139e+01    5.8673170017e+00    2.4385503565e+00   -1.5696877496e+01    3.2000000000e+01    1.9271399997e-03    6.2304687500e-01
       396   -7.4431623431e+00    5.5516526894e+01   -1.0184886538e+01    2.7417241952e+00    2.5055441171e+00   -1.2690430655e+01    3.2000000000e+01    2.1425030000e-03    6.9921875000e-01
       397   -7.3864866968e+00    5.4642927060e+01   -1.1871244413e+01    4.4847577157e+00    2.2085418160e+00   -1.4079786228e+01    3.2000000000e+01    1.9621499996e-03    6.7187500000e-01
       398   -7.7786068524e+00    6.0678956990e+01   -2.4997948435e+01    1.7219341583e+01    3.0227755569e+00   -2.8020723992e+01    3.2000000000e+01    1.9261880007e-03    6.2109375000e-01
       399   -7.4478795861e+00    5.5526900315e+01   -1.0665507331e+01    3.2176277453e+00    2.1475370142e+00   -1.2813044346e+01    3.2000000000e+01    1.9674460000e-03    6.5039062500e-01
       400   -7.5481752977e+00    5.7247186440e+01   -3.0707886631e+01    2.3159711334e+01    2.7616419465e+00   -3.3469528578e+01    3.2000000000e+01    1.8956220001e-03    5.8789062500e-01
       401   -7.3960480562e+00    5.4812944083e+01   -1.3207305283e+01    5.8112572271e+00    2.7608967457e+00   -1.5968202029e+01    3.2000000000e+01    1.9528220000e-03    6.4648437500e-01
       402   -7.2820797607e+00    5.3111637289e+01   -1.0094162332e+01    2.8120825712e+00    2.2197027864e+00   -1.2313865118e+01    3.2000000000e+01    1.9451279995e-03    6.5429687500e-01
       403   -7.5136445753e+00    5.6664129716e+01   -1.8489600174e+01    1.0975955598e+01    2.5216898180e+00   -2.1011289992e+01    3.2000000000e+01    1.9543219996e-03    6.3867187500e-01
       404   -7.5329009173e+00    5.6878165004e+01   -1.5298564651e+01    7.7656637335e+00    2.3870606063e+00   -1.7685625257e+01    3.2000000000e+01    1.8948120005e-03    6.4062500000e-01
       405   -8.1631199045e+00    6.6978097226e+01   -2.4179775262e+01    1.6016655358e+01    3.4691159009e+00   -2.7648891163e+01    3.2000000000e+01    2.0101130003e-03    5.7812500000e-01
       406   -7.5746101605e+00    5.7578472371e+01   -2.0027580063e+01    1.2452969903e+01    2.2678906113e+00   -2.2295470675e+01    3.2000000000e+01    1.8970300007e-03    6.1914062500e-01
       407   -7.4374900125e+00    5.5419362153e+01   -1.6352763892e+01    8.9152738795e+00    2.2434588094e+00   -1.8596222701e+01    3.2000000000e+01    1.8798820001e-03    6.1914062500e-01
       408   -7.4324204183e+00    5.5507617596e+01   -1.6055041501e+01    8.6226210825e+00    2.9439659297e+00   -1.8999007431e+01    3.2000000000e+01    1.9713960000e-03    6.1914062500e-01
       409   -7.2363862485e+00    5.2462158972e+01   -1.0200579558e+01    2.9641933096e+00    2.2989527371e+00   -1.2499532295e+01    3.2000000000e+01    1.9504749998e-03    6.5429687500e-01
       410   -7.8706948205e+00    6.2205190240e+01   -1.4730443896e+01    6.8597490750e+00    2.7650535545e+00   -1.7495497450e+01    3.2000000000e+01    1.9398300001e-03    6.2109375000e-01
       411   -7.6715789506e+00    5.9204505111e+01   -1.6130722047e+01    8.4591430969e+00    2.8511123767e+00   -1.8981834424e+01    3.2000000000e+01    1.9361980003e-03    6.1718750000e-01
       412   -7.5127433672e+00    5.6571266362e+01   -1.7695766737e+01    1.0183023370e+01    2.8469826476e+00   -2.0542749385e+01    3.2000000000e+01    1.9128719996e-03    6.0546875000e-01
       413   -7.4140812227e+00    5.5047996267e+01   -1.1345715611e+01    3.9316343881e+00    2.4426335355e+00   -1.3788349146e+01    3.2000000000e+01    2.1314950000e-03    6.7773437500e-01
       414   -7.4860129454e+00    5.6208242321e+01   -1.2965587326e+01    5.4795743811e+00    3.0858711620e+00   -1.6051458488e+01    3.2000000000e+01    1.9312450004e-03    6.3085937500e-01
       415   -7.3668376090e+00    5.4503171258e+01   -1.1164231569e+01    3.7973939596e+00    3.6697051762e+00   -1.4833936745e+01    3.2000000000e+01    1.9420859999e-03    6.4062500000e-01
       416   -7.4574886821e+00    5.5749467510e+01   -1.4049968076e+01    6.5924793943e+00    2.3372063944e+00   -1.6387174471e+01    3.2000000000e+01    1.9829189996e-03    6.4257812500e-01
       417   -7.4035849292e+00    5.4955488724e+01   -1.3072203653e+01    5.6686187237e+00    2.4221347654e+00   -1.5494338418e+01    3.2000000000e+01    1.9726139999e-03    6.8164062500e-01
       418   -7.2443389626e+00    5.2635594654e+01   -1.8882229895e+01    1.1637890933e+01    3.1725977669e+00   -2.2054827662e+01    3.2000000000e+01    1.8760659996e-03    5.5664062500e-01
       419   -7.5034127256e+00    5.6502393672e+01   -1.5410179788e+01    7.9067670626e+00    3.0047967121e+00   -1.8414976500e+01    3.2000000000e+01    1.9465490004e-03    6.4648437500e-01
       420   -7.5169611177e+00    5.6782655632e+01   -1.4606578901e+01    7.0896177835e+00    2.3748709879e+00   -1.6981449889e+01    3.2000000000e+01    1.9247279997e-03    6.3085937500e-01
       421   -7.1959873812e+00    5.2040013694e+01   -1.5707229971e+01    8.5112425896e+00    2.1538624702e+00   -1.7861092441e+01    3.2000000000e+01    1.8557379999e-03    6.0351562500e-01
       422   -7.6257474769e+00    5.8618428911e+01   -1.8633391187e+01    1.1007643710e+01    3.1415164927e+00   -2.1774907680e+01    3.2000000000e+01    2.0511119992e-03    6.0742187500e-01
       423   -7.4924010444e+00    5.6350745310e+01   -2.6908069066e+01    1.9415668022e+01    3.6046115408e+00   -3.0512680607e+01    3.2000000000e+01    1.9129280008e-03    6.0351562500e-01
       424   -7.8131670655e+00    6.1229229668e+01   -4.6512444861e+01    3.8699277796e+01    2.7188174043e+00   -4.9231262266e+01    3.2000000000e+01    1.9364989994e-03    6.1718750000e-01
       425   -7.5870353196e+00    5.7716602659e+01   -1.1684335555e+01    4.0973002353e+00    2.6091153709e+00   -1.4293450926e+01    3.2000000000e+01    1.9965699994e-03    6.7578125000e-01
       426   -7.5393416002e+00    5.7009404657e+01   -1.1624083819e+01    4.0847422186e+00    2.6596286495e+00   -1.4283712468e+01    3.2000000000e+01    1.9781999999e-03    6.7773437500e-01
       427   -7.3696988797e+00    5.4493093047e+01   -1.4898707337e+01    7.5290084575e+00    3.9257239954e+00   -1.8824431333e+01    3.2000000000e+01    1.9118509999e-03    5.9765625000e-01
       428   -7.3040441142e+00    5.3439900267e+01   -1.2113405990e+01    4.8093618756e+00    1.8819477557e+00   -1.3995353746e+01    3.2000000000e+01    1.9818410001e-03    6.8164062500e-01
       429   -7.6390416295e+00    5.8625125480e+01   -2.2348745700e+01    1.4709704070e+01    2.3015056479e+00   -2.4650251348e+01    3.2000000000e+01    1.9314519996e-03    6.3671875000e-01
       430   -7.3182724655e+00    5.3686152882e+01   -1.1725422404e+01    4.4071499386e+00    2.3244195151e+00   -1.4049841919e+01    3.2000000000e+01    2.1131369995e-03    6.4453125000e-01
       431   -7.5332863620e+00    5.6994283993e+01   -1.7298876580e+01    9.7655902175e+00    2.9268943328e+00   -2.0225770912e+01    3.2000000000e+01    1.9498239999e-03    6.5039062500e-01
       432   -7.3855569971e+00    5.4756016500e+01   -3.1259097491e+01    2.3873540494e+01    2.9442130250e+00   -3.4203310516e+01    3.2000000000e+01    1.9125010003e-03    5.9765625000e-01
       433   -7.6735348797e+00    5.9006141887e+01   -3.0356688296e+01    2.2683153416e+01    3.1557675705e+00   -3.3512455867e+01    3.2000000000e+01    1.9937260004e-03    5.9570312500e-01
       434   -7.5992916883e+00    5.8034702445e+01   -1.4169056253e+01    6.5697645647e+00    3.1412948670e+00   -1.7310351120e+01    3.2000000000e+01    1.9196670000e-03    6.2304687500e-01
       435   -7.3689890986e+00    5.4532487314e+01   -1.3348230289e+01    5.9792411908e+00    2.5341274212e+00   -1.5882357711e+01    3.2000000000e+01    1.9497780004e-03    6.4257812500e-01
       436   -7.3539169917e+00    5.4275606969e+01   -1.5390209318e+01    8.0362923266e+00    2.8261475779e+00   -1.8216356896e+01    3.2000000000e+01    1.9676960001e-03    6.2695312500e-01
       437   -7.2799580758e+00    5.3135208641e+01   -1.1686189229e+01    4.4062311529e+00    2.5379384316e+00   -1.4224127660e+01    3.2000000000e+01    1.9162399994e-03    6.2500000000e-01
       438   -7.5572863086e+00    5.7359930140e+01   -1.4063692697e+01    6.5064063887e+00    2.8326990035e+00   -1.6896391701e+01    3.2000000000e+01    1.9782850004e-03    6.6015625000e-01
       439   -7.4734424918e+00    5.5978918042e+01   -1.2460648534e+01    4.9872060418e+00    2.5476685665e+00   -1.5008317100e+01    3.2000000000e+01    2.0285410001e-03    6.5039062500e-01
       440   -7.5239928802e+00    5.6656517875e+01   -1.4116885303e+01    6.5928924230e+00    2.6208525726e+00   -1.6737737876e+01    3.2000000000e+01    1.9948809995e-03    6.4648437500e-01
       441   -7.6000251470e+00    5.7889165479e+01   -1.2397900654e+01    4.7978755073e+00    2.7525522023e+00   -1.5150452857e+01    3.2000000000e+01    1.9243500001e-03    6.3671875000e-01
       442   -7.6254639823e+00    5.8266329507e+01   -1.5286205047e+01    7.6607410649e+00    2.4963758854e+00   -1.7782580933e+01    3.2000000000e+01    1.9487810005e-03    5.9375000000e-01
       443   -7.2670545926e+00    5.2892636431e+01   -1.1308811321e+01    4.0417567288e+00    2.4832452838e+00   -1.3792056605e+01    3.2000000000e+01    1.9732129995e-03    6.4257812500e-01
       444   -7.7778980401e+00    6.1078332810e+01   -1.5560533916e+01    7.7826358755e+00    2.5551226395e+00   -1.8115656555e+01    3.2000000000e+01    2.0039479996e-03    6.6601562500e-01
       445   -7.3927439297e+00    5.4730793524e+01   -1.2020209491e+01    4.6274655613e+00    2.0955602122e+00   -1.4115769703e+01    3.2000000000e+01    1.9993580008e-03    7.0312500000e-01
       446   -7.3430572786e+00    5.4138023669e+01   -1.0483953212e+01    3.1408959332e+00    2.6683452656e+00   -1.3152298477e+01    3.2000000000e+01    1.9846720006e-03    6.8945312500e-01
       447   -7.2397002533e+00    5.2696201538e+01   -2.6332588132e+01    1.9092887879e+01    3.2531884278e+00   -2.9585776560e+01    3.2000000000e+01    2.0583930000e-03    5.9765625000e-01
       448   -7.3413330758e+00    5.4043322800e+01   -1.3097344036e+01    5.7560109605e+00    2.6189249387e+00   -1.5716268975e+01    3.2000000000e+01    1.9830259998e-03    6.3671875000e-01
       449   -7.3853404369e+00    5.4851876195e+01   -1.2513171891e+01    5.1278314539e+00    2.6526477581e+00   -1.5165819649e+01    3.2000000000e+01    1.9534470002e-03    6.5820312500e-01
       450   -7.6244963442e+00    5.8472571561e+01   -1.7059043980e+01    9.4345476358e+00    3.6162096530e+00   -2.0675253633e+01    3.2000000000e+01    2.0114670006e-03    6.2304687500e-01
       451   -7.6183129069e+00    5.8406853793e+01   -2.0185279802e+01    1.2566966895e+01    2.5863168194e+00   -2.2771596622e+01    3.2000000000e+01    1.9371950002e-03    6.4062500000e-01
       452   -7.5017566881e+00    5.6469443098e+01   -1.7593921945e+01    1.0092165257e+01    2.8331191467e+00   -2.0427041092e+01    3.2000000000e+01    1.9849090004e-03    6.5234375000e-01
       453   -7.4436873544e+00    5.5518979425e+01   -1.4358493419e+01    6.9148060647e+00    2.2004403885e+00   -1.6558933808e+01    3.2000000000e+01    1.8837719999e-03    6.0742187500e-01
       454   -7.4416697442e+00    5.5642576890e+01   -1.3451554322e+01    6.0098845773e+00    2.5235494576e+00   -1.5975103779e+01    3.2000000000e+01    1.9301820003e-03    6.5625000000e-01
       455   -7.4545520770e+00    5.5963193695e+01   -1.3362209155e+01    5.9076570777e+00    2.9061386933e+00   -1.6268347848e+01    3.2000000000e+01    2.1074210008e-03    6.8750000000e-01
       456   -7.5561740172e+00    5.7402868943e+01   -1.7605188370e+01    1.0049014353e+01    4.0870027882e+00   -2.1692191158e+01    3.2000000000e+01    1.9539850000e-03    6.1523437500e-01
       457   -7.5680129268e+00    5.7419409652e+01   -1.1997829332e+01    4.4298164053e+00    2.3476625307e+00   -1.4345491863e+01    3.2000000000e+01    1.9656670001e-03    6.5625000000e-01
       458   -7.7785596812e+00    6.0628335845e+01   -1.5574834722e+01    7.7962750403e+00    2.7175570320e+00   -1.8292391754e+01    3.2000000000e+01    1.9623529997e-03    6.2500000000e-01
       459   -7.2959999406e+00    5.3337181490e+01   -1.2432085170e+01    5.1360852298e+00    2.9874083242e+00   -1.5419493495e+01    3.2000000000e+01    1.9386650001e-03    6.1132812500e-01
       460   -7.6948490414e+00    5.9440418456e+01   -1.1592339617e+01    3.8974905753e+00    2.6187252280e+00   -1.4211064845e+01    3.2000000000e+01    2.0066980005e-03    6.5625000000e-01
       461   -7.2698004910e+00    5.3179061567e+01   -1.2413026791e+01    5.1432263005e+00    2.4202883589e+00   -1.4833315150e+01    3.2000000000e+01    1.9665000000e-03    6.8945312500e-01
       462   -7.4129297541e+00    5.5090270512e+01   -1.4327839324e+01    6.9149095703e+00    2.6181661411e+00   -1.6946005465e+01    3.2000000000e+01    1.9378269999e-03    6.3281250000e-01
       463   -7.5083104645e+00    5.6532139728e+01   -1.1637566814e+01    4.1292563493e+00    2.5324769031e+00   -1.4170043717e+01    3.2000000000e+01    2.0027659994e-03    6.8750000000e-01
       464   -7.3523116003e+00    5.4217118383e+01   -1.3530804943e+01    6.1784933424e+00    2.6723360647e+00   -1.6203141007e+01    3.2000000000e+01    2.0432039992e-03    6.3867187500e-01
       465   -7.8516259481e+00    6.2185329452e+01   -1.6785626499e+01    8.9340005505e+00    2.6918894459e+00   -1.9477515944e+01    3.2000000000e+01    1.9195740006e-03    6.4062500000e-01
       466   -7.2475583432e+00    5.2698942458e+01   -1.4356625645e+01    7.1090673018e+00    2.6892612533e+00   -1.7045886898e+01    3.2000000000e+01    1.9871300001e-03    6.3671875000e-01
       467   -7.4604101059e+00    5.5771944439e+01   -1.4729101446e+01    7.2686913402e+00    2.2936901014e+00   -1.7022791547e+01    3.2000000000e+01    1.9371190001e-03    6.3085937500e-01
       468   -7.5069725761e+00    5.6582901791e+01   -1.3319067178e+01    5.8120946021e+00    2.7239522840e+00   -1.6043019462e+01    3.2000000000e+01    1.9494879998e-03    6.4843750000e-01
       469   -7.3218211237e+00    5.3744087914e+01   -1.6842077783e+01    9.5202566589e+00    2.8245494326e+00   -1.9666627215e+01    3.2000000000e+01    1.9031210004e-03    5.9960937500e-01
       470   -7.3831963549e+00    5.4637255384e+01   -1.0677657773e+01    3.2944614180e+00    2.3912427009e+00   -1.3068900474e+01    3.2000000000e+01    1.9704810002e-03    6.7382812500e-01
       471   -7.3372599113e+00    5.4076185872e+01   -1.5241201208e+01    7.9039412964e+00    2.6404642775e+00   -1.7881665485e+01    3.2000000000e+01    1.9306180002e-03    6.3671875000e-01
       472   -7.7694998776e+00    6.0581316302e+01   -2.8185816080e+01    2.0416316202e+01    3.9206696121e+00   -3.2106485692e+01    3.2000000000e+01    2.0245460000e-03    5.7031250000e-01
       473   -7.3656176857e+00    5.4430219167e+01   -1.5111763220e+01    7.7461455342e+00    3.2456264224e+00   -1.8357389642e+01    3.2000000000e+01    1.9156859998e-03    6.0351562500e-01
       474   -7.4994096259e+00    5.6332396348e+01   -1.1811215004e+01    4.3118053777e+00    2.4681564055e+00   -1.4279371409e+01    3.2000000000e+01    1.9756390002e-03    6.8164062500e-01
       475   -7.6052931059e+00    5.8216550129e+01   -1.4853139321e+01    7.2478462152e+00    2.5963175410e+00   -1.7449456862e+01    3.2000000000e+01    1.9509929998e-03    6.2890625000e-01
       476   -7.3392078152e+00    5.3971207740e+01   -1.4026815716e+01    6.6876079010e+00    2.5238869293e+00   -1.6550702645e+01    3.2000000000e+01    1.9499410000e-03    6.5625000000e-01
       477   -7.5626358837e+00    5.7377926470e+01   -1.6802858941e+01    9.2402230570e+00    2.5300398355e+00   -1.9332898776e+01    3.2000000000e+01    1.9684620001e-03    6.6992187500e-01
       478   -7.3783911103e+00    5.4559109165e+01   -1.2134188717e+01    4.7557976065e+00    2.1302032770e+00   -1.4264391994e+01    3.2000000000e+01    1.9557380001e-03    6.6210937500e-01
       479   -7.4133941771e+00    5.5089477737e+01   -9.0289515835e+00    1.6155574064e+00    2.4250247201e+00   -1.1453976304e+01    3.2000000000e+01    1.9841919993e-03    7.0703125000e-01
       480   -7.3702171359e+00    5.4428936416e+01   -1.0521397947e+01    3.1511808111e+00    2.6466281959e+00   -1.3168026143e+01    3.2000000000e+01    2.1374750004e-03    6.7578125000e-01
       481   -7.5112595369e+00    5.6538545868e+01   -1.0605383254e+01    3.0941237175e+00    2.4270119721e+00   -1.3032395226e+01    3.2000000000e+01    1.9929840000e-03    7.0117187500e-01
       482   -7.2332762493e+00    5.2472299869e+01   -1.0667499791e+01    3.4342235418e+00    2.3481474103e+00   -1.3015647202e+01    3.2000000000e+01    1.9796060005e-03    6.8164062500e-01
       483   -7.4405865153e+00    5.5495417134e+01   -1.4294982396e+01    6.8543958807e+00    2.3275895400e+00   -1.6622571936e+01    3.2000000000e+01    1.9476349999e-03    6.5039062500e-01
       484   -7.6604057048e+00    5.9101540379e+01   -1.5472370483e+01    7.8119647786e+00    2.6143517630e+00   -1.8086722246e+01    3.2000000000e+01    2.0835100004e-03    6.2695312500e-01
       485   -7.5363085511e+00    5.6959393816e+01   -1.2721509657e+01    5.1852011055e+00    2.1515911894e+00   -1.4873100846e+01    3.2000000000e+01    1.9700369994e-03    6.8164062500e-01
       486   -7.2733904023e+00    5.3054894827e+01   -1.3250964897e+01    5.9775744949e+00    2.6194476526e+00   -1.5870412550e+01    3.2000000000e+01    1.9355610002e-03    6.3085937500e-01
       487   -7.5111209519e+00    5.6607131719e+01   -1.5603283432e+01    8.0921624802e+00    2.8936594436e+00   -1.8496942876e+01    3.2000000000e+01    2.2013650005e-03    6.4062500000e-01
       488   -7.3213222137e+00    5.3709621810e+01   -1.1364659574e+01    4.0433373606e+00    2.3179088035e+00   -1.3682568378e+01    3.2000000000e+01    2.0571109999e-03    6.5234375000e-01
       489   -7.3164447776e+00    5.3672281783e+01   -1.0457994166e+01    3.1415493884e+00    2.5060978024e+00   -1.2964091968e+01    3.2000000000e+01    1.9752170001e-03    6.9335937500e-01
       490   -7.3802775799e+00    5.4565768334e+01   -1.2953668934e+01    5.5733913543e+00    2.5849117146e+00   -1.5538580649e+01    3.2000000000e+01    1.9162660001e-03    6.1523437500e-01
       491   -7.6295716420e+00    5.8733597888e+01   -1.4032501932e+01    6.4029302897e+00    3.0417429721e+00   -1.7074244904e+01    3.2000000000e+01    2.1699919998e-03    6.2890625000e-01
       492   -6.9431672069e+00    4.8433171476e+01   -1.3869755782e+01    6.9265885753e+00    2.5780872585e+00   -1.6447843041e+01    3.2000000000e+01    1.9851449997e-03    6.2695312500e-01
       493   -7.3408515152e+00    5.3988391746e+01   -1.2979633449e+01    5.6387819334e+00    2.9830196959e+00   -1.5962653145e+01    3.2000000000e+01    1.9751109994e-03    6.5234375000e-01
       494   -7.8684219304e+00    6.2436414529e+01   -2.0667490086e+01    1.2799068155e+01    2.8197955960e+00   -2.3487285682e+01    3.2000000000e+01    1.9440690003e-03    6.3671875000e-01
       495   -7.2356019914e+00    5.2530690338e+01   -1.2799475721e+01    5.5638737291e+00    2.8186032289e+00   -1.5618078949e+01    3.2000000000e+01    2.2379929997e-03    6.2695312500e-01
       496   -7.5525607646e+00    5.7137873638e+01   -1.2982042289e+01    5.4294815246e+00    2.3824835365e+00   -1.5364525826e+01    3.2000000000e+01    1.9798710000e-03    6.6210937500e-01
       497   -7.4269875758e+00    5.5201285378e+01   -1.1219195652e+01    3.7922080762e+00    2.2761741109e+00   -1.3495369763e+01    3.2000000000e+01    2.0740619993e-03    6.5234375000e-01
       498   -7.5654567140e+00    5.7459414554e+01   -1.2759603781e+01    5.1941470670e+00    2.4096094820e+00   -1.5169213263e+01    3.2000000000e+01    1.9584660004e-03    6.5234375000e-01
       499   -7.6979475161e+00    5.9497543471e+01   -1.9721610022e+01    1.2023662506e+01    2.7976976899e+00   -2.2519307712e+01    3.2000000000e+01    2.2480930002e-03    6.3671875000e-01
