#   index    LocalEnergy         LocalEnergy_sq      LocalPotential      Kinetic             ElecElec            IonElec             BlockWeight         BlockCPU            AcceptRatio         
         0   -7.5301043181e+00    5.7032641921e+01   -1.3262338548e+01    5.7322342298e+00    3.3008555305e+00   -1.6563194078e+01    1.2800000000e+02    8.7986649996e-03    6.3867187500e-01
         1   -7.5423348185e+00    5.7187864925e+01   -1.5739983908e+01    8.1976490894e+00    2.5721007199e+00   -1.8312084628e+01    1.2800000000e+02    7.8337909999e-03    6.4794921875e-01
         2   -7.5011979876e+00    5.6572074774e+01   -1.3112321198e+01    5.6111232101e+00    2.7496471749e+00   -1.5861968373e+01    1.2800000000e+02    7.7876480000e-03    6.3281250000e-01
         3   -7.6388997434e+00    5.8655391537e+01   -1.4353942357e+01    6.7150426135e+00    2.8164708639e+00   -1.7170413221e+01    1.2800000000e+02    8.0605589992e-03    6.4648437500e-01
         4   -7.4026418900e+00    5.4952770407e+01   -1.2999695983e+01    5.5970540928e+00    2.2257211724e+00   -1.5225417155e+01    1.2800000000e+02    7.8225079997e-03    6.6064453125e-01
         5   -7.5489319448e+00    5.7317575612e+01   -1.4998737835e+01    7.4498058902e+00    2.7887710439e+00   -1.7787508879e+01    1.2800000000e+02    8.2219380001e-03    6.3671875000e-01
         6   -7.4249593396e+00    5.5346973829e+01   -1.4818153221e+01    7.3931938816e+00    3.0539913555e+00   -1.7872144577e+01    1.2800000000e+02    8.1197780000e-03    6.2939453125e-01
         7   -7.3892681467e+00    5.4739204879e+01   -1.1346198862e+01    3.9569307149e+00    2.4766205536e+00   -1.3822819415e+01    1.2800000000e+02    1.2557705000e-02    6.6357421875e-01
         8   -7.4576376845e+00    5.5854045687e+01   -1.3158321800e+01    5.7006841159e+00    2.9504053616e+00   -1.6108727162e+01    1.2800000000e+02    1.3840624000e-02    6.4697265625e-01
         9   -7.3289729767e+00    5.3839796681e+01   -1.2392724934e+01    5.0637519576e+00    2.3483065464e+00   -1.4741031481e+01    1.2800000000e+02    1.4017790000e-02    6.4355468750e-01
        10   -7.5551565113e+00    5.7279077128e+01   -1.3052278388e+01    5.4971218762e+00    2.5346992350e+00   -1.5586977623e+01    1.2800000000e+02    8.3784899998e-03    6.4160156250e-01
        11   -7.5496117853e+00    5.7167787560e+01   -1.9361595998e+01    1.1811984212e+01    2.5138880967e+00   -2.1875484094e+01    1.2800000000e+02    7.7576260001e-03    6.4404296875e-01
        12   -7.3862855619e+00    5.4739185106e+01   -1.3270418975e+01    5.8841334130e+00    2.5035974169e+00   -1.5774016392e+01    1.2800000000e+02    7.9629920001e-03    6.4599609375e-01
        13   -7.6894744638e+00    5.9560932314e+01   -1.5872689359e+01    8.1832148948e+00    2.7416675061e+00   -1.8614356865e+01    1.2800000000e+02    7.7191809996e-03    6.3378906250e-01
        14   -7.5296484681e+00    5.6933195349e+01   -1.3109944240e+01    5.5802957719e+00    2.4336618890e+00   -1.5543606129e+01    1.2800000000e+02    7.7594020004e-03    6.4746093750e-01
        15   -7.3541486025e+00    5.4241902136e+01   -1.3995220247e+01    6.6410716442e+00    2.4566408022e+00   -1.6451861049e+01    1.2800000000e+02    8.6867370001e-03    6.6748046875e-01
        16   -7.4572606165e+00    5.5797056454e+01   -1.4612308974e+01    7.1550483572e+00    2.4844763340e+00   -1.7096785308e+01    1.2800000000e+02    7.8758340005e-03    6.2890625000e-01
        17   -7.4256093298e+00    5.5325250169e+01   -1.2835061335e+01    5.4094520055e+00    2.3393189351e+00   -1.5174380270e+01    1.2800000000e+02    8.0575219999e-03    6.4160156250e-01
        18   -7.5589347220e+00    5.7340976000e+01   -1.3953943904e+01    6.3950091824e+00    2.7050766346e+00   -1.6659020539e+01    1.2800000000e+02    1.1209823000e-02    6.4257812500e-01
        19   -7.4622293453e+00    5.5815265952e+01   -1.7744395020e+01    1.0282165675e+01    2.8628554880e+00   -2.0607250508e+01    1.2800000000e+02    1.2228314000e-02    6.4355468750e-01
        20   -7.4772824568e+00    5.6125875690e+01   -1.6114263459e+01    8.6369810026e+00    2.7494009091e+00   -1.8863664368e+01    1.2800000000e+02    7.7620970005e-03    6.4111328125e-01
        21   -7.5026111631e+00    5.6598737131e+01   -1.2431416542e+01    4.9288053789e+00    2.5573100803e+00   -1.4988726622e+01    1.2800000000e+02    7.8307960002e-03    6.5917968750e-01
        22   -7.6171848299e+00    5.8449260170e+01   -1.7680621490e+01    1.0063436660e+01    2.7846000342e+00   -2.0465221524e+01    1.2800000000e+02    7.8165360001e-03    6.5966796875e-01
        23   -7.3857521647e+00    5.4665057305e+01   -1.2007510787e+01    4.6217586227e+00    2.6338824841e+00   -1.4641393272e+01    1.2800000000e+02    8.2308000001e-03    6.4599609375e-01
        24   -7.6067756800e+00    5.8163902095e+01   -1.8204514361e+01    1.0597738681e+01    2.6304519225e+00   -2.0834966284e+01    1.2800000000e+02    8.4870900000e-03    6.2548828125e-01
        25   -7.5933118549e+00    5.7939629314e+01   -1.3493925891e+01    5.9006140363e+00    2.5701758761e+00   -1.6064101767e+01    1.2800000000e+02    8.1593329996e-03    6.3574218750e-01
        26   -7.6520592807e+00    5.8923046982e+01   -1.7843687476e+01    1.0191628196e+01    3.2764324602e+00   -2.1120119937e+01    1.2800000000e+02    7.7896720004e-03    6.1523437500e-01
        27   -7.4204580407e+00    5.5226192598e+01   -1.1611829234e+01    4.1913711936e+00    2.7785016215e+00   -1.4390330856e+01    1.2800000000e+02    7.8105460007e-03    6.5234375000e-01
        28   -7.5390917073e+00    5.7137282465e+01   -1.4731360793e+01    7.1922690856e+00    2.4689309318e+00   -1.7200291725e+01    1.2800000000e+02    7.8549030004e-03    6.3378906250e-01
        29   -7.2395485294e+00    5.2584544256e+01   -1.3623695165e+01    6.3841466360e+00    2.8386659728e+00   -1.6462361138e+01    1.2800000000e+02    7.7092560005e-03    6.2548828125e-01
        30   -7.4199301361e+00    5.5274434187e+01   -1.3749930934e+01    6.3300007975e+00    2.6700068112e+00   -1.6419937745e+01    1.2800000000e+02    7.9014949997e-03    6.4941406250e-01
        31   -7.5248459016e+00    5.6908804240e+01   -1.3354993720e+01    5.8301478179e+00    2.5242623201e+00   -1.5879256040e+01    1.2800000000e+02    7.7634299996e-03    6.4697265625e-01
        32   -7.5515712221e+00    5.7269387891e+01   -1.9135537606e+01    1.1583966384e+01    3.1894908051e+00   -2.2325028411e+01    1.2800000000e+02    7.6937900003e-03    6.1425781250e-01
        33   -7.4634492640e+00    5.5889297381e+01   -1.1997991486e+01    4.5345422224e+00    2.3279416002e+00   -1.4325933087e+01    1.2800000000e+02    7.8289609992e-03    6.5966796875e-01
        34   -7.6162019680e+00    5.8351518582e+01   -1.4084295877e+01    6.4680939093e+00    2.4190291450e+00   -1.6503325022e+01    1.2800000000e+02    7.7784300001e-03    6.3476562500e-01
        35   -7.3120039115e+00    5.3682952128e+01   -1.8766167535e+01    1.1454163624e+01    2.8196396750e+00   -2.1585807210e+01    1.2800000000e+02    8.2501979996e-03    6.5039062500e-01
        36   -7.4719082194e+00    5.6075024997e+01   -1.2836145705e+01    5.3642374856e+00    2.7563160039e+00   -1.5592461709e+01    1.2800000000e+02    7.7439879997e-03    6.5087890625e-01
        37   -7.3470585869e+00    5.4209517509e+01   -1.4728996307e+01    7.3819377205e+00    2.7187880001e+00   -1.7447784307e+01    1.2800000000e+02    7.7919160003e-03    6.1035156250e-01
        38   -7.2674372245e+00    5.3017547094e+01   -1.4432558959e+01    7.1651217349e+00    2.4971181977e+00   -1.6929677157e+01    1.2800000000e+02    8.0277290008e-03    6.2988281250e-01
        39   -7.4474866923e+00    5.5716870432e+01   -1.7408085495e+01    9.9605988022e+00    2.9443474458e+00   -2.0352432940e+01    1.2800000000e+02    8.1163080004e-03    6.2207031250e-01
        40   -7.3999479045e+00    5.4881809022e+01   -1.2185749999e+01    4.7858020944e+00    2.5220380460e+00   -1.4707788045e+01    1.2800000000e+02    7.7531890001e-03    6.5478515625e-01
        41   -7.6379380885e+00    5.8632867299e+01   -1.6380330944e+01    8.7423928556e+00    2.6362179225e+00   -1.9016548866e+01    1.2800000000e+02    7.8446880007e-03    6.3232421875e-01
        42   -7.4399575195e+00    5.5480281424e+01   -1.1973052558e+01    4.5330950385e+00    2.6613666992e+00   -1.4634419257e+01    1.2800000000e+02    7.8348830002e-03    6.6455078125e-01
        43   -7.5152034536e+00    5.6698083069e+01   -1.6163776704e+01    8.6485732505e+00    2.7249846464e+00   -1.8888761350e+01    1.2800000000e+02    7.9096270001e-03    6.3330078125e-01
        44   -7.6195216116e+00    5.8570505933e+01   -1.5374050488e+01    7.7545288763e+00    2.9745621292e+00   -1.8348612617e+01    1.2800000000e+02    7.9629789998e-03    6.2451171875e-01
        45   -7.4368490263e+00    5.5511618006e+01   -1.3216597224e+01    5.7797481979e+00    2.4592988980e+00   -1.5675896122e+01    1.2800000000e+02    8.0843060005e-03    6.4794921875e-01
        46   -7.3751937432e+00    5.4537380195e+01   -1.3034306575e+01    5.6591128314e+00    2.8243186373e+00   -1.5858625212e+01    1.2800000000e+02    7.7080860001e-03    6.4062500000e-01
        47   -7.6186975136e+00    5.8503078883e+01   -1.3592538787e+01    5.9738412732e+00    3.2233590991e+00   -1.6815897886e+01    1.2800000000e+02    7.8526879997e-03    6.3916015625e-01
        48   -7.5164016870e+00    5.6775573770e+01   -1.3871528858e+01    6.3551271714e+00    2.5506637944e+00   -1.6422192653e+01    1.2800000000e+02    7.7822610001e-03    6.4843750000e-01
        49   -7.3836585840e+00    5.4754689445e+01   -1.3601740517e+01    6.2180819330e+00    2.8482371913e+00   -1.6449977708e+01    1.2800000000e+02    7.7907300001e-03    6.3378906250e-01
        50   -7.5862788363e+00    5.7852756613e+01   -1.4559138017e+01    6.9728591811e+00    2.6785369920e+00   -1.7237675009e+01    1.2800000000e+02    7.7259150003e-03    6.4599609375e-01
        51   -7.4577605187e+00    5.5786413217e+01   -1.3804287228e+01    6.3465267088e+00    2.7613390125e+00   -1.6565626240e+01    1.2800000000e+02    7.7072639997e-03    6.3134765625e-01
        52   -7.4578232432e+00    5.5835070057e+01   -1.3320106345e+01    5.8622831018e+00    2.5014478367e+00   -1.5821554182e+01    1.2800000000e+02    7.7099400005e-03    6.4013671875e-01
        53   -7.4217240579e+00    5.5224007454e+01   -1.6252644248e+01    8.8309201897e+00    2.5425833518e+00   -1.8795227599e+01    1.2800000000e+02    7.8457059999e-03    6.3574218750e-01
        54   -7.4871215296e+00    5.6326636995e+01   -1.4354618941e+01    6.8674974117e+00    2.3752158732e+00   -1.6729834814e+01    1.2800000000e+02    8.8109500002e-03    6.4111328125e-01
        55   -7.4016372874e+00    5.4940473630e+01   -1.3717987490e+01    6.3163502030e+00    2.9077068850e+00   -1.6625694375e+01    1.2800000000e+02    7.6498460003e-03    6.2158203125e-01
        56   -7.3439137831e+00    5.4103114234e+01   -1.5994120206e+01    8.6502064225e+00    2.5452237574e+00   -1.8539343963e+01    1.2800000000e+02    8.5021579998e-03    6.2451171875e-01
        57   -7.4687573279e+00    5.5929486251e+01   -1.3874722482e+01    6.4059651542e+00    2.6429601937e+00   -1.6517682676e+01    1.2800000000e+02    7.7293990007e-03    6.4550781250e-01
        58   -7.5970562226e+00    5.8078973527e+01   -1.4138843837e+01    6.5417876139e+00    2.6674240098e+00   -1.6806267846e+01    1.2800000000e+02    8.5947640000e-03    6.3525390625e-01
        59   -7.4698356079e+00    5.6033880373e+01   -1.8989692846e+01    1.1519857238e+01    2.6505006504e+00   -2.1640193496e+01    1.2800000000e+02    7.5425750001e-03    6.2646484375e-01
        60   -7.5117504986e+00    5.6790313770e+01   -1.3273957064e+01    5.7622065652e+00    2.4795325589e+00   -1.5753489623e+01    1.2800000000e+02    8.1404240000e-03    6.3427734375e-01
        61   -7.5312412207e+00    5.6979752279e+01   -1.4302776977e+01    6.7715357561e+00    2.5229729205e+00   -1.6825749897e+01    1.2800000000e+02    7.6938120001e-03    6.4697265625e-01
        62   -7.6562806061e+00    5.8909986124e+01   -2.0288014559e+01    1.2631733953e+01    2.5863554017e+00   -2.2874369961e+01    1.2800000000e+02    7.7742619997e-03    6.3330078125e-01
        63   -7.4497143746e+00    5.5667695500e+01   -1.3028474259e+01    5.5787598847e+00    2.6885199193e+00   -1.5716994179e+01    1.2800000000e+02    7.7728159995e-03    6.5625000000e-01
        64   -7.3354750180e+00    5.4013470540e+01   -1.3655371365e+01    6.3198963472e+00    2.4807536703e+00   -1.6136125036e+01    1.2800000000e+02    7.8163709995e-03    6.5380859375e-01
        65   -7.5161493376e+00    5.6777826363e+01   -1.8915303068e+01    1.1399153731e+01    2.5461733522e+00   -2.1461476420e+01    1.2800000000e+02    7.6583090004e-03    6.1621093750e-01
        66   -7.4359690181e+00    5.5449174053e+01   -1.3240734260e+01    5.8047652416e+00    2.4751971877e+00   -1.5715931447e+01    1.2800000000e+02    7.8360580001e-03    6.5478515625e-01
        67   -7.3445386552e+00    5.4104945229e+01   -1.2761732128e+01    5.4171934730e+00    2.5856464396e+00   -1.5347378568e+01    1.2800000000e+02    7.7789440002e-03    6.5478515625e-01
        68   -7.4902880008e+00    5.6223042440e+01   -1.4051429257e+01    6.5611412562e+00    2.6523220420e+00   -1.6703751299e+01    1.2800000000e+02    7.7960340004e-03    6.4599609375e-01
        69   -7.6555661590e+00    5.9013320269e+01   -1.6275697635e+01    8.6201314758e+00    2.7747202650e+00   -1.9050417900e+01    1.2800000000e+02    7.7233379998e-03    6.2500000000e-01
        70   -7.3996934424e+00    5.4873897157e+01   -1.1675934627e+01    4.2762411843e+00    2.2896281174e+00   -1.3965562744e+01    1.2800000000e+02    7.7371170000e-03    6.5136718750e-01
        71   -7.5684834744e+00    5.7587308187e+01   -2.0188589301e+01    1.2620105826e+01    2.8516083257e+00   -2.3040197626e+01    1.2800000000e+02    7.7294379998e-03    6.3818359375e-01
        72   -7.4530093641e+00    5.5743659615e+01   -1.3734003512e+01    6.2809941479e+00    2.6010591797e+00   -1.6335062692e+01    1.2800000000e+02    7.7396520001e-03    6.3720703125e-01
        73   -7.3878584127e+00    5.4788209005e+01   -1.1911048169e+01    4.5231897559e+00    2.4430136853e+00   -1.4354061854e+01    1.2800000000e+02    7.7762339997e-03    6.4892578125e-01
        74   -7.4739982075e+00    5.6128885730e+01   -1.3274889854e+01    5.8008916463e+00    2.5735068284e+00   -1.5848396682e+01    1.2800000000e+02    7.6853650007e-03    6.4794921875e-01
        75   -7.4893449611e+00    5.6206566049e+01   -1.1172533442e+01    3.6831884808e+00    2.6984962914e+00   -1.3871029733e+01    1.2800000000e+02    7.7366329997e-03    6.4404296875e-01
        76   -7.5451734722e+00    5.7253723767e+01   -1.7514189927e+01    9.9690164552e+00    3.0775834884e+00   -2.0591773416e+01    1.2800000000e+02    7.6441020001e-03    6.0693359375e-01
        77   -7.4136106122e+00    5.5145345867e+01   -1.6250681080e+01    8.8370704675e+00    2.6907647121e+00   -1.8941445792e+01    1.2800000000e+02    7.7057689996e-03    6.5478515625e-01
        78   -7.4433933502e+00    5.5567234075e+01   -1.4327919638e+01    6.8845262876e+00    2.6749277466e+00   -1.7002847384e+01    1.2800000000e+02    7.7699820004e-03    6.4550781250e-01
        79   -7.3884611025e+00    5.4729071936e+01   -1.2463986523e+01    5.0755254204e+00    2.6701669288e+00   -1.5134153452e+01    1.2800000000e+02    7.7383140006e-03    6.3378906250e-01
        80   -7.3874521456e+00    5.4843994131e+01   -1.5899038123e+01    8.5115859775e+00    2.4724063095e+00   -1.8371444433e+01    1.2800000000e+02    7.6618580006e-03    6.3623046875e-01
        81   -7.6072255090e+00    5.8221249742e+01   -1.3828261827e+01    6.2210363178e+00    2.2063469158e+00   -1.6034608743e+01    1.2800000000e+02    7.6416590000e-03    6.4453125000e-01
        82   -7.6109273511e+00    5.8217961590e+01   -1.4106882100e+01    6.4959547492e+00    2.6673355957e+00   -1.6774217696e+01    1.2800000000e+02    7.7636520000e-03    6.3964843750e-01
        83   -7.4468647490e+00    5.5704263726e+01   -1.3834132757e+01    6.3872680080e+00    2.6144346429e+00   -1.6448567400e+01    1.2800000000e+02    7.6525049999e-03    6.2939453125e-01
        84   -7.4591018268e+00    5.5765142530e+01   -1.2188489512e+01    4.7293876848e+00    2.4742169237e+00   -1.4662706435e+01    1.2800000000e+02    7.7303700000e-03    6.4453125000e-01
        85   -7.2952071126e+00    5.3362867648e+01   -1.2228851466e+01    4.9336443529e+00    2.4555415563e+00   -1.4684393022e+01    1.2800000000e+02    7.7183829999e-03    6.3964843750e-01
        86   -7.4080524493e+00    5.5079083162e+01   -1.3977617758e+01    6.5695653088e+00    2.4943147014e+00   -1.6471932459e+01    1.2800000000e+02    8.2640000001e-03    6.5527343750e-01
        87   -7.5851573746e+00    5.7826057446e+01   -1.3416428898e+01    5.8312715230e+00    2.5509146964e+00   -1.5967343594e+01    1.2800000000e+02    7.7586050002e-03    6.4208984375e-01
        88   -7.4462684277e+00    5.5583237682e+01   -1.2640174549e+01    5.1939061211e+00    2.6269231019e+00   -1.5267097651e+01    1.2800000000e+02    7.7388900008e-03    6.5136718750e-01
        89   -7.4720742265e+00    5.6124677032e+01   -1.2725825191e+01    5.2537509643e+00    2.5934737343e+00   -1.5319298925e+01    1.2800000000e+02    7.7665740000e-03    6.4648437500e-01
        90   -7.4077571361e+00    5.5119757739e+01   -1.4945208055e+01    7.5374509187e+00    2.9039542982e+00   -1.7849162353e+01    1.2800000000e+02    7.6812910002e-03    6.2744140625e-01
        91   -7.5647260943e+00    5.7538702643e+01   -1.3826955192e+01    6.2622290978e+00    2.4512962414e+00   -1.6278251434e+01    1.2800000000e+02    7.6646309999e-03    6.3623046875e-01
        92   -7.4742587696e+00    5.6058282708e+01   -1.2887958621e+01    5.4136998515e+00    2.3890230293e+00   -1.5276981650e+01    1.2800000000e+02    7.7412880000e-03    6.6162109375e-01
        93   -7.5617942994e+00    5.7455680506e+01   -1.4551482305e+01    6.9896880058e+00    2.6020446479e+00   -1.7153526953e+01    1.2800000000e+02    7.6410940001e-03    6.4355468750e-01
        94   -7.6238055277e+00    5.8513048462e+01   -1.5521210638e+01    7.8974051099e+00    2.8251871541e+00   -1.8346397792e+01    1.2800000000e+02    7.7237710002e-03    6.4355468750e-01
        95   -7.6220635065e+00    5.8449012626e+01   -1.2679977663e+01    5.0579141563e+00    2.4730839885e+00   -1.5153061651e+01    1.2800000000e+02    7.7709349998e-03    6.5576171875e-01
        96   -7.5770038793e+00    5.7643395292e+01   -1.3670155870e+01    6.0931519910e+00    2.4901576727e+00   -1.6160313543e+01    1.2800000000e+02    7.6856189999e-03    6.5673828125e-01
        97   -7.4898745141e+00    5.6323181564e+01   -1.2424711008e+01    4.9348364937e+00    2.5115758180e+00   -1.4936286826e+01    1.2800000000e+02    7.7973850002e-03    6.5087890625e-01
        98   -7.5577119979e+00    5.7365227066e+01   -1.6164213935e+01    8.6065019375e+00    2.7275455683e+00   -1.8891759504e+01    1.2800000000e+02    7.6694090003e-03    6.1621093750e-01
        99   -7.4744703614e+00    5.6053346045e+01   -1.4180944690e+01    6.7064743282e+00    2.5279335278e+00   -1.6708878217e+01    1.2800000000e+02    7.7361720005e-03    6.3671875000e-01
       100   -7.5418396508e+00    5.7117145762e+01   -1.4505919799e+01    6.9640801487e+00    2.8780776146e+00   -1.7383997414e+01    1.2800000000e+02    7.6165969995e-03    6.3916015625e-01
       101   -7.3802649835e+00    5.4620099083e+01   -1.3661041563e+01    6.2807765795e+00    2.6361748282e+00   -1.6297216391e+01    1.2800000000e+02    7.7481389999e-03    6.4697265625e-01
       102   -7.5036205355e+00    5.6580463079e+01   -1.3690818560e+01    6.1871980244e+00    2.6321643437e+00   -1.6322982904e+01    1.2800000000e+02    7.6847690007e-03    6.3623046875e-01
       103   -7.4962408956e+00    5.6439664903e+01   -1.3776708455e+01    6.2804675597e+00    2.5229505303e+00   -1.6299658986e+01    1.2800000000e+02    7.6709639998e-03    6.4501953125e-01
       104   -7.5131669633e+00    5.6689261358e+01   -1.4758154681e+01    7.2449877178e+00    2.6864361094e+00   -1.7444590790e+01    1.2800000000e+02    7.7238379999e-03    6.4062500000e-01
       105   -7.3840764751e+00    5.4674824105e+01   -1.4556409077e+01    7.1723326017e+00    2.7732734781e+00   -1.7329682555e+01    1.2800000000e+02    7.7591429999e-03    6.4550781250e-01
       106   -7.3670661187e+00    5.4382815086e+01   -1.0999519108e+01    3.6324529895e+00    2.2906418146e+00   -1.3290160923e+01    1.2800000000e+02    7.7557949999e-03    6.5625000000e-01
       107   -7.4116834613e+00    5.5120181990e+01   -1.4619611992e+01    7.2079285305e+00    2.8716527038e+00   -1.7491264696e+01    1.2800000000e+02    7.6498550006e-03    6.1376953125e-01
       108   -7.4937699563e+00    5.6368152837e+01   -1.3412622197e+01    5.9188522406e+00    2.3599762010e+00   -1.5772598398e+01    1.2800000000e+02    7.7505130002e-03    6.4990234375e-01
       109   -7.5836646331e+00    5.7807150946e+01   -4.0990049939e+01    3.3406385306e+01    3.0100029584e+00   -4.4000052898e+01    1.2800000000e+02    7.8211760001e-03    6.2841796875e-01
       110   -7.4784512095e+00    5.6177062796e+01   -1.4112529528e+01    6.6340783184e+00    2.5336399146e+00   -1.6646169443e+01    1.2800000000e+02    7.7601880002e-03    6.4941406250e-01
       111   -7.3966905663e+00    5.4854197246e+01   -1.0796249924e+01    3.3995593578e+00    2.2197303620e+00   -1.3015980286e+01    1.2800000000e+02    8.0066929995e-03    6.8310546875e-01
       112   -7.3963641004e+00    5.4838943294e+01   -1.5531100724e+01    8.1347366240e+00    2.8280729431e+00   -1.8359173667e+01    1.2800000000e+02    7.6014800006e-03    6.1425781250e-01
       113   -7.2887903834e+00    5.3299445883e+01   -1.2283864818e+01    4.9950744349e+00    2.6523899550e+00   -1.4936254773e+01    1.2800000000e+02    7.9359350002e-03    6.3720703125e-01
       114   -7.3656097800e+00    5.4444091723e+01   -1.2898758842e+01    5.5331490618e+00    2.5528861721e+00   -1.5451645014e+01    1.2800000000e+02    7.8139319994e-03    6.6259765625e-01
       115   -7.6520984830e+00    5.8880478207e+01   -1.4320350424e+01    6.6682519413e+00    2.4889903442e+00   -1.6809340768e+01    1.2800000000e+02    7.8406230004e-03    6.3916015625e-01
       116   -7.5712265701e+00    5.7620588511e+01   -3.1562736137e+01    2.3991509566e+01    2.6083138453e+00   -3.4171049982e+01    1.2800000000e+02    8.2389749996e-03    6.3232421875e-01
       117   -7.4386214296e+00    5.5477208382e+01   -1.2009262143e+01    4.5706407138e+00    2.8843582703e+00   -1.4893620414e+01    1.2800000000e+02    7.9432650000e-03    6.4355468750e-01
       118   -7.4154325539e+00    5.5185074929e+01   -1.5062442941e+01    7.6470103875e+00    2.6750087388e+00   -1.7737451680e+01    1.2800000000e+02    7.8142419998e-03    6.2939453125e-01
       119   -7.3245812793e+00    5.3847472694e+01   -1.3385577742e+01    6.0609964625e+00    2.6106746840e+00   -1.5996252426e+01    1.2800000000e+02    7.7497900002e-03    6.2939453125e-01
       120   -7.5294404994e+00    5.6941351686e+01   -1.4838988397e+01    7.3095478976e+00    2.3994391834e+00   -1.7238427580e+01    1.2800000000e+02    7.7810499997e-03    6.3623046875e-01
       121   -7.4449531371e+00    5.5621899107e+01   -1.2627191813e+01    5.1822386763e+00    2.4970185357e+00   -1.5124210349e+01    1.2800000000e+02    7.6697199993e-03    6.3134765625e-01
       122   -7.7196195217e+00    6.0006692306e+01   -1.8856288184e+01    1.1136668663e+01    2.9096703394e+00   -2.1765958524e+01    1.2800000000e+02    7.6677389998e-03    6.1572265625e-01
       123   -7.4965676462e+00    5.6472692168e+01   -1.4550730016e+01    7.0541623695e+00    2.6342569196e+00   -1.7184986935e+01    1.2800000000e+02    7.6730960000e-03    6.4013671875e-01
       124   -7.5276073838e+00    5.6965151940e+01   -1.5036958150e+01    7.5093507658e+00    2.6698920712e+00   -1.7706850221e+01    1.2800000000e+02    8.6570760004e-03    6.4111328125e-01
       125   -7.5134748976e+00    5.6771525059e+01   -2.3127113817e+01    1.5613638920e+01    3.0052144447e+00   -2.6132328262e+01    1.2800000000e+02    7.8078799997e-03    6.0791015625e-01
       126   -7.7433645970e+00    6.0254042525e+01   -1.8419371523e+01    1.0676006926e+01    2.9340149139e+00   -2.1353386437e+01    1.2800000000e+02    7.8312669993e-03    6.1230468750e-01
       127   -7.5237132569e+00    5.6810299501e+01   -1.1959042829e+01    4.4353295725e+00    2.8048743241e+00   -1.4763917154e+01    1.2800000000e+02    7.9149040002e-03    6.6796875000e-01
       128   -7.4461279915e+00    5.5679695047e+01   -1.3367962728e+01    5.9218347363e+00    2.6774837812e+00   -1.6045446509e+01    1.2800000000e+02    8.3381069999e-03    6.4257812500e-01
       129   -7.6917507580e+00    5.9453235073e+01   -1.6088902831e+01    8.3971520733e+00    3.4216670105e+00   -1.9510569842e+01    1.2800000000e+02    7.7195349995e-03    6.2597656250e-01
       130   -7.5096714351e+00    5.6667898772e+01   -1.3004357644e+01    5.4946862091e+00    2.7493814441e+00   -1.5753739088e+01    1.2800000000e+02    7.9441889993e-03    6.4111328125e-01
       131   -7.4403979076e+00    5.5462354136e+01   -1.4781913544e+01    7.3415156363e+00    2.6196685019e+00   -1.7401582046e+01    1.2800000000e+02    8.3176360004e-03    6.5039062500e-01
       132   -7.5526381290e+00    5.7304631081e+01   -1.3342279903e+01    5.7896417736e+00    2.6201469435e+00   -1.5962426846e+01    1.2800000000e+02    7.9537760002e-03    6.6992187500e-01
       133   -7.4427788959e+00    5.5565161190e+01   -1.1975541182e+01    4.5327622864e+00    2.4292757443e+00   -1.4404816927e+01    1.2800000000e+02    7.7876210007e-03    6.6015625000e-01
       134   -7.3719653013e+00    5.4539043716e+01   -1.4462081814e+01    7.0901165131e+00    2.4461917528e+00   -1.6908273567e+01    1.2800000000e+02    7.7971349992e-03    6.6064453125e-01
       135   -7.4259170923e+00    5.5373800515e+01   -1.4520769219e+01    7.0948521263e+00    2.8694400020e+00   -1.7390209221e+01    1.2800000000e+02    8.1103529992e-03    6.4843750000e-01
       136   -7.6908681819e+00    5.9510369956e+01   -1.3858128347e+01    6.1672601652e+00    2.6522762557e+00   -1.6510404603e+01    1.2800000000e+02    7.8145090001e-03    6.4648437500e-01
       137   -7.5160521503e+00    5.6817544511e+01   -1.5844367204e+01    8.3283150534e+00    2.5110377989e+00   -1.8355405003e+01    1.2800000000e+02    7.6594760003e-03    6.3427734375e-01
       138   -7.6205508390e+00    5.8500418585e+01   -1.3928750104e+01    6.3081992649e+00    3.0508330184e+00   -1.6979583122e+01    1.2800000000e+02    7.7261580000e-03    6.3134765625e-01
       139   -7.7740509651e+00    6.0694243888e+01   -1.8206460610e+01    1.0432409645e+01    3.2511596288e+00   -2.1457620239e+01    1.2800000000e+02    7.6472499995e-03    6.0742187500e-01
       140   -7.4221428027e+00    5.5259466913e+01   -1.5054352970e+01    7.6322101669e+00    2.4738416291e+00   -1.7528194599e+01    1.2800000000e+02    7.8775659995e-03    6.5087890625e-01
       141   -7.5205635407e+00    5.6905428600e+01   -1.7287770153e+01    9.7672066119e+00    2.5712959150e+00   -1.9859066068e+01    1.2800000000e+02    7.7604620001e-03    6.3867187500e-01
       142   -7.4589747593e+00    5.5899241287e+01   -1.3852012866e+01    6.3930381065e+00    2.4094495133e+00   -1.6261462379e+01    1.2800000000e+02    7.7053710002e-03    6.3720703125e-01
       143   -7.5156930415e+00    5.6696283737e+01   -1.7008591980e+01    9.4928989382e+00    2.4968503682e+00   -1.9505442348e+01    1.2800000000e+02    7.7324790000e-03    6.3330078125e-01
       144   -7.4753019961e+00    5.6009073155e+01   -1.1233509013e+01    3.7582070173e+00    2.7253062047e+00   -1.3958815218e+01    1.2800000000e+02    7.7513639999e-03    6.5966796875e-01
       145   -7.4666536952e+00    5.5910428784e+01   -1.9038687261e+01    1.1572033566e+01    2.6671249296e+00   -2.1705812190e+01    1.2800000000e+02    7.7379080003e-03    6.2939453125e-01
       146   -7.4634675269e+00    5.5980486101e+01   -1.5050845673e+01    7.5873781457e+00    2.7636778193e+00   -1.7814523492e+01    1.2800000000e+02    7.6061740001e-03    6.2304687500e-01
       147   -7.4329511349e+00    5.5439532803e+01   -1.5166954586e+01    7.7340034513e+00    2.5252431560e+00   -1.7692197742e+01    1.2800000000e+02    7.7301629999e-03    6.3671875000e-01
       148   -7.5084165870e+00    5.6506126908e+01   -1.7139896432e+01    9.6314798447e+00    2.7944101156e+00   -1.9934306547e+01    1.2800000000e+02    7.6925590001e-03    6.2353515625e-01
       149   -7.4062169824e+00    5.4971901408e+01   -1.2395921021e+01    4.9897040384e+00    2.5409479635e+00   -1.4936868984e+01    1.2800000000e+02    7.7517370000e-03    6.4160156250e-01
       150   -7.3874052210e+00    5.4719173594e+01   -1.2101390289e+01    4.7139850680e+00    2.7317465209e+00   -1.4833136810e+01    1.2800000000e+02    7.6949369995e-03    6.3769531250e-01
       151   -7.5298082087e+00    5.6961884666e+01   -1.4228557664e+01    6.6987494554e+00    2.5645642762e+00   -1.6793121940e+01    1.2800000000e+02    7.8461109997e-03    6.4892578125e-01
       152   -7.4095878563e+00    5.5189337283e+01   -1.4726806526e+01    7.3172186694e+00    3.1019623865e+00   -1.7828768912e+01    1.2800000000e+02    7.7336429995e-03    6.3769531250e-01
       153   -7.4823120741e+00    5.6162253596e+01   -1.3402179415e+01    5.9198673409e+00    2.6790853105e+00   -1.6081264725e+01    1.2800000000e+02    7.8296570000e-03    6.3330078125e-01
       154   -7.6160760120e+00    5.8321469218e+01   -1.4087279828e+01    6.4712038156e+00    2.6900792656e+00   -1.6777359093e+01    1.2800000000e+02    7.7318429994e-03    6.3574218750e-01
       155   -7.3588559979e+00    5.4260755051e+01   -1.2655053132e+01    5.2961971344e+00    2.5705869077e+00   -1.5225640040e+01    1.2800000000e+02    7.7106520002e-03    6.3574218750e-01
       156   -7.6215468106e+00    5.8480783832e+01   -1.7303581973e+01    9.6820351626e+00    2.9760614225e+00   -2.0279643396e+01    1.2800000000e+02    7.6685129998e-03    6.1914062500e-01
       157   -7.3779292907e+00    5.4634552165e+01   -1.3018701852e+01    5.6407725614e+00    2.4447471724e+00   -1.5463449024e+01    1.2800000000e+02    7.7095120005e-03    6.3867187500e-01
       158   -7.3513184451e+00    5.4270586423e+01   -1.4012082115e+01    6.6607636700e+00    2.5343763751e+00   -1.6546458490e+01    1.2800000000e+02    7.8212600001e-03    6.5966796875e-01
       159   -7.5146440894e+00    5.6708291661e+01   -1.6073028336e+01    8.5583842462e+00    2.9313268570e+00   -1.9004355193e+01    1.2800000000e+02    7.7371280004e-03    6.3916015625e-01
       160   -7.5687369151e+00    5.7488491079e+01   -1.6757646941e+01    9.1889100257e+00    2.5428765231e+00   -1.9300523464e+01    1.2800000000e+02    7.7663590000e-03    6.4355468750e-01
       161   -7.3811976879e+00    5.4647723205e+01   -1.1608783624e+01    4.2275859358e+00    2.6845294028e+00   -1.4293313026e+01    1.2800000000e+02    7.7911059998e-03    6.5478515625e-01
       162   -7.4854342520e+00    5.6313975078e+01   -1.3777926183e+01    6.2924919308e+00    2.0868696285e+00   -1.5864795811e+01    1.2800000000e+02    7.8657530003e-03    6.5673828125e-01
       163   -7.3944660035e+00    5.4792120553e+01   -1.2758370668e+01    5.3639046649e+00    2.6125081797e+00   -1.5370878848e+01    1.2800000000e+02    7.6711610000e-03    6.4355468750e-01
       164   -7.4235261413e+00    5.5251393072e+01   -1.1300479148e+01    3.8769530071e+00    2.5975748674e+00   -1.3898054016e+01    1.2800000000e+02    7.9957880007e-03    6.7138671875e-01
       165   -7.4026897160e+00    5.4945090677e+01   -1.3059745446e+01    5.6570557305e+00    2.4541770076e+00   -1.5513922454e+01    1.2800000000e+02    7.6444020006e-03    6.4306640625e-01
       166   -7.5536854693e+00    5.7355442984e+01   -1.3595790494e+01    6.0421050250e+00    2.5919530140e+00   -1.6187743508e+01    1.2800000000e+02    7.9116790002e-03    6.4453125000e-01
       167   -7.3640894603e+00    5.4370733812e+01   -1.1861947578e+01    4.4978581181e+00    2.6744846180e+00   -1.4536432196e+01    1.2800000000e+02    7.7946239999e-03    6.5380859375e-01
       168   -7.5666407033e+00    5.7614143629e+01   -1.4126639006e+01    6.5599983027e+00    2.5853928138e+00   -1.6712031820e+01    1.2800000000e+02    7.8056010007e-03    6.4501953125e-01
       169   -7.4825684477e+00    5.6195449864e+01   -1.9961204736e+01    1.2478636288e+01    2.6829793110e+00   -2.2644184047e+01    1.2800000000e+02    7.7691930001e-03    6.3378906250e-01
       170   -7.4527272978e+00    5.5699233221e+01   -1.5910539914e+01    8.4578126167e+00    2.9859693386e+00   -1.8896509253e+01    1.2800000000e+02    7.6780170002e-03    6.0400390625e-01
       171   -7.3978403517e+00    5.4969568510e+01   -1.8367472728e+01    1.0969632377e+01    2.8758621617e+00   -2.1243334890e+01    1.2800000000e+02    7.7655799996e-03    6.2451171875e-01
       172   -7.3862189274e+00    5.4718589131e+01   -1.4372160549e+01    6.9859416220e+00    2.8059134042e+00   -1.7178073954e+01    1.2800000000e+02    7.7412720002e-03    6.4794921875e-01
       173   -7.3521473425e+00    5.4274518321e+01   -1.4198022300e+01    6.8458749575e+00    2.5108244847e+00   -1.6708846785e+01    1.2800000000e+02    7.7733310000e-03    6.3525390625e-01
       174   -7.4705443993e+00    5.6092554493e+01   -1.4061376867e+01    6.5908324672e+00    2.8125796312e+00   -1.6873956498e+01    1.2800000000e+02    7.7089759998e-03    6.2890625000e-01
       175   -7.4247608528e+00    5.5319406427e+01   -1.3433749654e+01    6.0089888017e+00    2.4878619918e+00   -1.5921611646e+01    1.2800000000e+02    7.7295179999e-03    6.3281250000e-01
       176   -7.6050763783e+00    5.8103156533e+01   -1.4169075993e+01    6.5639996143e+00    2.6113133434e+00   -1.6780389336e+01    1.2800000000e+02    7.6723980001e-03    6.3818359375e-01
       177   -7.5182450094e+00    5.6797168733e+01   -1.2320824187e+01    4.8025791776e+00    2.4986737588e+00   -1.4819497946e+01    1.2800000000e+02    7.7970689999e-03    6.5722656250e-01
       178   -7.5055698512e+00    5.6582797390e+01   -1.4528243739e+01    7.0226738881e+00    2.6946766789e+00   -1.7222920418e+01    1.2800000000e+02    7.7567079998e-03    6.4697265625e-01
       179   -7.3691898313e+00    5.4530865485e+01   -1.3148092002e+01    5.7789021703e+00    2.6309458213e+00   -1.5779037823e+01    1.2800000000e+02    7.7448600005e-03    6.3476562500e-01
       180   -7.4705645490e+00    5.5997867199e+01   -1.7670992813e+01    1.0200428264e+01    2.6130838711e+00   -2.0284076684e+01    1.2800000000e+02    7.7310449997e-03    6.5283203125e-01
       181   -7.4367776414e+00    5.5487246971e+01   -1.5503751051e+01    8.0669734092e+00    2.6828477058e+00   -1.8186598756e+01    1.2800000000e+02    7.6429299997e-03    6.2792968750e-01
       182   -7.5503305590e+00    5.7300157221e+01   -1.4897652982e+01    7.3473224232e+00    2.5943877813e+00   -1.7492040763e+01    1.2800000000e+02    7.7484809999e-03    6.3818359375e-01
       183   -7.4426433103e+00    5.5569046494e+01   -1.4418219292e+01    6.9755759815e+00    2.5104945217e+00   -1.6928713814e+01    1.2800000000e+02    7.7207510003e-03    6.4160156250e-01
       184   -7.4491789058e+00    5.5720129432e+01   -1.5552538614e+01    8.1033597083e+00    2.7702321701e+00   -1.8322770784e+01    1.2800000000e+02    7.7166220008e-03    6.4501953125e-01
       185   -7.5678875089e+00    5.7503499691e+01   -1.9630313788e+01    1.2062426279e+01    2.7331490011e+00   -2.2363462789e+01    1.2800000000e+02    7.6583870004e-03    6.2695312500e-01
       186   -7.5646601211e+00    5.7461947337e+01   -1.4119827660e+01    6.5551675386e+00    2.3008811190e+00   -1.6420708779e+01    1.2800000000e+02    7.7203279998e-03    6.4501953125e-01
       187   -7.4165362678e+00    5.5113065073e+01   -9.9351277014e+00    2.5185914336e+00    2.6507217301e+00   -1.2585849431e+01    1.2800000000e+02    7.7823060001e-03    6.5917968750e-01
       188   -7.7882734203e+00    6.1007052526e+01   -1.6242179958e+01    8.4539065375e+00    2.7842474424e+00   -1.9026427400e+01    1.2800000000e+02    7.8364800002e-03    6.2792968750e-01
       189   -7.3260270768e+00    5.3814454350e+01   -1.2827516487e+01    5.5014894099e+00    2.7067999178e+00   -1.5534316404e+01    1.2800000000e+02    7.6234380003e-03    6.2939453125e-01
       190   -7.5196708618e+00    5.6719757397e+01   -1.3977992339e+01    6.4583214770e+00    2.6022226662e+00   -1.6580215005e+01    1.2800000000e+02    7.6426440000e-03    6.1376953125e-01
       191   -7.4315830919e+00    5.5372815744e+01   -1.7495253445e+01    1.0063670353e+01    2.5547612228e+00   -2.0050014668e+01    1.2800000000e+02    7.6613470001e-03    6.3427734375e-01
       192   -7.4655036437e+00    5.5913979058e+01   -1.4681414637e+01    7.2159109936e+00    2.7151996846e+00   -1.7396614322e+01    1.2800000000e+02    7.7781740001e-03    6.3525390625e-01
       193   -7.4992869452e+00    5.6525258379e+01   -1.3515137724e+01    6.0158507791e+00    2.4824062031e+00   -1.5997543927e+01    1.2800000000e+02    7.7005849998e-03    6.3916015625e-01
       194   -7.2912711380e+00    5.3388991216e+01   -1.3686590548e+01    6.3953194103e+00    2.7141613113e+00   -1.6400751860e+01    1.2800000000e+02    7.8887070003e-03    6.1132812500e-01
       195   -7.5953284768e+00    5.8134636410e+01   -1.3127479653e+01    5.5321511764e+00    2.6022520149e+00   -1.5729731668e+01    1.2800000000e+02    7.7594790000e-03    6.4941406250e-01
       196   -7.3946706995e+00    5.4765544622e+01   -1.2167799392e+01    4.7731286923e+00    2.4583031463e+00   -1.4626102538e+01    1.2800000000e+02    7.8026609999e-03    6.4404296875e-01
       197   -7.4015732914e+00    5.4970855292e+01   -1.2019450568e+01    4.6178772762e+00    2.5673067082e+00   -1.4586757276e+01    1.2800000000e+02    7.8996530001e-03    6.6552734375e-01
       198   -7.3589254575e+00    5.4279379330e+01   -1.2218154584e+01    4.8592291269e+00    2.4409652413e+00   -1.4659119826e+01    1.2800000000e+02    7.6735310004e-03    6.4550781250e-01
       199   -7.4670920367e+00    5.5961589272e+01   -2.1661729669e+01    1.4194637632e+01    2.9997876683e+00   -2.4661517338e+01    1.2800000000e+02    7.6112180004e-03    6.2255859375e-01
       200   -7.6270112782e+00    5.8456462673e+01   -2.7395162514e+01    1.9768151236e+01    3.1669303056e+00   -3.0562092820e+01    1.2800000000e+02    7.7297080006e-03    6.1865234375e-01
       201   -7.4791425002e+00    5.6207722035e+01   -1.6535891677e+01    9.0567491767e+00    2.9926167603e+00   -1.9528508437e+01    1.2800000000e+02    7.7473649999e-03    6.2548828125e-01
       202   -7.5033509942e+00    5.6514719537e+01   -1.3792055574e+01    6.2887045801e+00    2.2474727489e+00   -1.6039528323e+01    1.2800000000e+02    7.7545169997e-03    6.6357421875e-01
       203   -7.3368511754e+00    5.3901756188e+01   -1.1294892371e+01    3.9580411951e+00    2.2833044787e+00   -1.3578196849e+01    1.2800000000e+02    7.7813990001e-03    6.5625000000e-01
       204   -7.4656736981e+00    5.5936346408e+01   -1.3388288163e+01    5.9226144652e+00    2.8391515417e+00   -1.6227439705e+01    1.2800000000e+02    7.7554330001e-03    6.4746093750e-01
       205   -7.4088807345e+00    5.5063643148e+01   -1.4584491513e+01    7.1756107790e+00    2.7064619824e+00   -1.7290953496e+01    1.2800000000e+02    7.7611130000e-03    6.3525390625e-01
       206   -7.5751289005e+00    5.7658090925e+01   -1.2352642959e+01    4.7775140582e+00    2.6081200664e+00   -1.4960763025e+01    1.2800000000e+02    7.8120259996e-03    6.5625000000e-01
       207   -7.6100403541e+00    5.8139758314e+01   -1.6336817694e+01    8.7267773398e+00    2.6877439694e+00   -1.9024561663e+01    1.2800000000e+02    7.7333610006e-03    6.3427734375e-01
       208   -7.5138666456e+00    5.6653686952e+01   -1.6435115193e+01    8.9212485473e+00    2.5008287069e+00   -1.8935943900e+01    1.2800000000e+02    7.6632500004e-03    6.2060546875e-01
       209   -7.5897709402e+00    5.7859196604e+01   -1.6561943346e+01    8.9721724056e+00    2.8348436497e+00   -1.9396786995e+01    1.2800000000e+02    7.6830930002e-03    6.1279296875e-01
       210   -7.3544664663e+00    5.4322263120e+01   -1.3172564634e+01    5.8180981674e+00    2.2937212018e+00   -1.5466285835e+01    1.2800000000e+02    7.6678630003e-03    6.4892578125e-01
       211   -7.4114129636e+00    5.5101866450e+01   -1.2124720318e+01    4.7133073543e+00    2.5941593562e+00   -1.4718879674e+01    1.2800000000e+02    7.8016300004e-03    6.5478515625e-01
       212   -7.3617771006e+00    5.4338444892e+01   -1.2883119089e+01    5.5213419887e+00    2.7644898015e+00   -1.5647608891e+01    1.2800000000e+02    7.7688839992e-03    6.4550781250e-01
       213   -7.4241394573e+00    5.5241443469e+01   -1.5054077017e+01    7.6299375594e+00    2.4842865893e+00   -1.7538363606e+01    1.2800000000e+02    7.8027370000e-03    6.5527343750e-01
       214   -7.4285783538e+00    5.5393099495e+01   -1.2345069563e+01    4.9164912090e+00    2.6129377463e+00   -1.4958007309e+01    1.2800000000e+02    8.3333030007e-03    6.6601562500e-01
       215   -7.4555465372e+00    5.5872555691e+01   -1.4215083617e+01    6.7595370796e+00    2.3587925316e+00   -1.6573876148e+01    1.2800000000e+02    7.7473789997e-03    6.4208984375e-01
       216   -7.6046305107e+00    5.8082997287e+01   -2.1155224773e+01    1.3550594262e+01    2.7192836101e+00   -2.3874508383e+01    1.2800000000e+02    7.6198139996e-03    6.1132812500e-01
       217   -7.4204945306e+00    5.5206422951e+01   -1.1847627338e+01    4.4271328074e+00    2.6236997715e+00   -1.4471327110e+01    1.2800000000e+02    7.8080909998e-03    6.6845703125e-01
       218   -7.5713438377e+00    5.7688503089e+01   -1.4477988348e+01    6.9066445101e+00    2.8260476241e+00   -1.7304035972e+01    1.2800000000e+02    7.7804690000e-03    6.3281250000e-01
       219   -7.4227698736e+00    5.5305479995e+01   -1.4294531998e+01    6.8717621242e+00    2.8959864488e+00   -1.7190518447e+01    1.2800000000e+02    7.7389569997e-03    6.3867187500e-01
       220   -7.3761490625e+00    5.4644172677e+01   -1.6907756842e+01    9.5316077791e+00    3.0536645458e+00   -1.9961421387e+01    1.2800000000e+02    7.7737279998e-03    6.2792968750e-01
       221   -7.2539409463e+00    5.2841239351e+01   -1.4987886427e+01    7.7339454804e+00    2.9363368069e+00   -1.7924223233e+01    1.2800000000e+02    7.7524789995e-03    6.4111328125e-01
       222   -7.4784416213e+00    5.6103113059e+01   -1.3370459279e+01    5.8920176575e+00    2.5430303893e+00   -1.5913489668e+01    1.2800000000e+02    7.7249160004e-03    6.3623046875e-01
       223   -7.4949899552e+00    5.6381787907e+01   -1.4587905720e+01    7.0929157643e+00    2.7940250830e+00   -1.7381930803e+01    1.2800000000e+02    7.6954770002e-03    6.2890625000e-01
       224   -7.4744204520e+00    5.6097726044e+01   -2.8691473560e+01    2.1217053108e+01    2.6675300194e+00   -3.1359003579e+01    1.2800000000e+02    7.8283009998e-03    6.2597656250e-01
       225   -7.4774730583e+00    5.6235685292e+01   -1.6491362222e+01    9.0138891641e+00    2.6920303695e+00   -1.9183392592e+01    1.2800000000e+02    7.7172330002e-03    6.4257812500e-01
       226   -7.4606692659e+00    5.5899803989e+01   -1.4616745005e+01    7.1560757393e+00    2.8939269216e+00   -1.7510671927e+01    1.2800000000e+02    7.7925349997e-03    6.2500000000e-01
       227   -7.4434812803e+00    5.5587980799e+01   -1.2411003537e+01    4.9675222571e+00    2.2426896130e+00   -1.4653693150e+01    1.2800000000e+02    7.9403479995e-03    6.5673828125e-01
       228   -7.4184373634e+00    5.5238266684e+01   -1.3664124868e+01    6.2456875049e+00    2.9697873501e+00   -1.6633912218e+01    1.2800000000e+02    7.8442990007e-03    6.3964843750e-01
       229   -7.2862699877e+00    5.3217746145e+01   -1.2649677047e+01    5.3634070588e+00    2.8001893851e+00   -1.5449866432e+01    1.2800000000e+02    7.9645259993e-03    6.5283203125e-01
       230   -7.4154437657e+00    5.5235431100e+01   -1.7925871754e+01    1.0510427988e+01    2.9698091022e+00   -2.0895680856e+01    1.2800000000e+02    7.8532699999e-03    6.1816406250e-01
       231   -7.2838921295e+00    5.3145310038e+01   -1.0827186446e+01    3.5432943165e+00    2.7439665429e+00   -1.3571152989e+01    1.2800000000e+02    7.7495239993e-03    6.2890625000e-01
       232   -7.4519150912e+00    5.5678851142e+01   -1.2303302944e+01    4.8513878525e+00    2.5455144529e+00   -1.4848817397e+01    1.2800000000e+02    7.7814440001e-03    6.5527343750e-01
       233   -7.4234297475e+00    5.5369059954e+01   -1.5381915964e+01    7.9584862161e+00    2.6626821554e+00   -1.8044598119e+01    1.2800000000e+02    7.8857999997e-03    6.3134765625e-01
       234   -7.5535462887e+00    5.7226342744e+01   -1.8787345050e+01    1.1233798762e+01    3.3225846992e+00   -2.2109929750e+01    1.2800000000e+02    7.7298760007e-03    6.2988281250e-01
       235   -7.5923392989e+00    5.7988461198e+01   -1.3717636511e+01    6.1252972117e+00    2.4710207398e+00   -1.6188657250e+01    1.2800000000e+02    7.8836229995e-03    6.5625000000e-01
       236   -7.3876302213e+00    5.4695175900e+01   -1.2932344231e+01    5.5447140096e+00    2.9596201270e+00   -1.5891964358e+01    1.2800000000e+02    7.7570219992e-03    6.3964843750e-01
       237   -7.5205305473e+00    5.6815586250e+01   -1.6646282982e+01    9.1257524348e+00    2.4055009901e+00   -1.9051783972e+01    1.2800000000e+02    7.7396200004e-03    6.3037109375e-01
       238   -7.4695066569e+00    5.6049200199e+01   -1.4289915143e+01    6.8204084865e+00    2.7467038385e+00   -1.7036618982e+01    1.2800000000e+02    7.7039059997e-03    6.3134765625e-01
       239   -7.3272529944e+00    5.3792783856e+01   -1.1346269925e+01    4.0190169308e+00    2.5404739107e+00   -1.3886743836e+01    1.2800000000e+02    7.8298059998e-03    6.3232421875e-01
       240   -7.3722745474e+00    5.4471850058e+01   -1.0366703013e+01    2.9944284660e+00    2.4627020642e+00   -1.2829405078e+01    1.2800000000e+02    7.8025909997e-03    6.7529296875e-01
       241   -7.4711685604e+00    5.5996752188e+01   -1.1920771849e+01    4.4496032886e+00    2.4743448128e+00   -1.4395116662e+01    1.2800000000e+02    7.9321819994e-03    6.7138671875e-01
       242   -7.5245184107e+00    5.6809642353e+01   -1.2926817001e+01    5.4022985904e+00    2.6934182978e+00   -1.5620235299e+01    1.2800000000e+02    7.7688120000e-03    6.6455078125e-01
       243   -7.5358033726e+00    5.7056426959e+01   -1.6524289737e+01    8.9884863644e+00    2.9034720711e+00   -1.9427761808e+01    1.2800000000e+02    7.6935729994e-03    6.1083984375e-01
       244   -7.7329328655e+00    6.0217634266e+01   -1.4253048938e+01    6.5201160725e+00    2.3837548985e+00   -1.6636803837e+01    1.2800000000e+02    7.6751979996e-03    6.4111328125e-01
       245   -7.4537578053e+00    5.5758679153e+01   -1.8185539887e+01    1.0731782082e+01    2.3763227826e+00   -2.0561862670e+01    1.2800000000e+02    7.8701969996e-03    6.5673828125e-01
       246   -7.4256183659e+00    5.5329768109e+01   -1.2603001139e+01    5.1773827735e+00    2.8015738079e+00   -1.5404574947e+01    1.2800000000e+02    7.8050480006e-03    6.5625000000e-01
       247   -7.3639835049e+00    5.4360434089e+01   -1.3336932670e+01    5.9729491654e+00    2.8274596644e+00   -1.6164392335e+01    1.2800000000e+02    7.6879340004e-03    6.3525390625e-01
       248   -7.5547708743e+00    5.7469994238e+01   -1.4450770390e+01    6.8959995160e+00    2.5728639824e+00   -1.7023634373e+01    1.2800000000e+02    7.7296339996e-03    6.4062500000e-01
       249   -7.4804711863e+00    5.6127860526e+01   -1.2337353725e+01    4.8568825392e+00    2.5617320765e+00   -1.4899085802e+01    1.2800000000e+02    7.7925989999e-03    6.6455078125e-01
       250   -7.6115837031e+00    5.8237363238e+01   -2.2176022204e+01    1.4564438501e+01    3.1632327691e+00   -2.5339254973e+01    1.2800000000e+02    7.7729129998e-03    6.3623046875e-01
       251   -7.4904172852e+00    5.6371140861e+01   -1.5166205619e+01    7.6757883339e+00    2.8039056508e+00   -1.7970111270e+01    1.2800000000e+02    7.6740320001e-03    6.1474609375e-01
       252   -7.4931109165e+00    5.6395671189e+01   -1.5442251833e+01    7.9491409164e+00    2.3904563448e+00   -1.7832708178e+01    1.2800000000e+02    7.7877799995e-03    6.4208984375e-01
       253   -7.4655638855e+00    5.5985158012e+01   -1.4667111450e+01    7.2015475643e+00    2.6565398203e+00   -1.7323651270e+01    1.2800000000e+02    7.6759670001e-03    6.2841796875e-01
       254   -7.3532728166e+00    5.4174756931e+01   -1.2316888739e+01    4.9636159228e+00    2.3936681070e+00   -1.4710556846e+01    1.2800000000e+02    7.8393750000e-03    6.4404296875e-01
       255   -7.4446053425e+00    5.5614779546e+01   -1.0795508284e+01    3.3509029412e+00    2.4932465401e+00   -1.3288754824e+01    1.2800000000e+02    7.9439589999e-03    6.5820312500e-01
       256   -7.5161083570e+00    5.6738929841e+01   -1.3963826696e+01    6.4477183390e+00    2.6167283771e+00   -1.6580555073e+01    1.2800000000e+02    7.8686220004e-03    6.4306640625e-01
       257   -7.4359422257e+00    5.5478153486e+01   -1.1894346634e+01    4.4584044084e+00    2.2792228587e+00   -1.4173569493e+01    1.2800000000e+02    7.7749220000e-03    6.6210937500e-01
       258   -7.5853768087e+00    5.7812361031e+01   -1.7060525986e+01    9.4751491769e+00    2.8959019728e+00   -1.9956427958e+01    1.2800000000e+02    8.8600790004e-03    6.4208984375e-01
       259   -7.4787621804e+00    5.6090885002e+01   -1.4942431469e+01    7.4636692888e+00    2.6037329161e+00   -1.7546164385e+01    1.2800000000e+02    7.8042859996e-03    6.5576171875e-01
       260   -7.3863767619e+00    5.4697024873e+01   -1.7932281584e+01    1.0545904822e+01    2.8169366212e+00   -2.0749218205e+01    1.2800000000e+02    8.0444639998e-03    6.3525390625e-01
       261   -7.5057559675e+00    5.6542004646e+01   -1.2822095845e+01    5.3163398778e+00    2.5889145514e+00   -1.5411010397e+01    1.2800000000e+02    7.8028959997e-03    6.4892578125e-01
       262   -7.3888791549e+00    5.4723076986e+01   -1.1734853363e+01    4.3459742076e+00    2.7614734890e+00   -1.4496326852e+01    1.2800000000e+02    8.0347429994e-03    6.4599609375e-01
       263   -7.2829562456e+00    5.3163829595e+01   -1.2406407665e+01    5.1234514194e+00    2.6102486071e+00   -1.5016656272e+01    1.2800000000e+02    7.7159699995e-03    6.4404296875e-01
       264   -7.4032163382e+00    5.5010110193e+01   -1.2853862903e+01    5.4506465651e+00    2.4437604170e+00   -1.5297623320e+01    1.2800000000e+02    7.7549950001e-03    6.4843750000e-01
       265   -7.4689689286e+00    5.6004483808e+01   -1.2507443857e+01    5.0384749288e+00    2.6387956284e+00   -1.5146239486e+01    1.2800000000e+02    8.0267610001e-03    6.4257812500e-01
       266   -7.4199454342e+00    5.5284633291e+01   -1.5810233887e+01    8.3902884530e+00    2.8314598957e+00   -1.8641693783e+01    1.2800000000e+02    7.7255550004e-03    6.2646484375e-01
       267   -7.4105124312e+00    5.5081128117e+01   -1.0954895964e+01    3.5443835326e+00    2.2932367574e+00   -1.3248132721e+01    1.2800000000e+02    8.0329069997e-03    6.6259765625e-01
       268   -7.5401321324e+00    5.7074767548e+01   -1.4691590507e+01    7.1514583742e+00    2.3626163523e+00   -1.7054206859e+01    1.2800000000e+02    7.8713090006e-03    6.6992187500e-01
       269   -7.2914749241e+00    5.3310312425e+01   -1.3648977250e+01    6.3575023262e+00    2.7036817332e+00   -1.6352658984e+01    1.2800000000e+02    7.8974580001e-03    6.4257812500e-01
       270   -7.3997125543e+00    5.4940670915e+01   -1.5286733861e+01    7.8870213070e+00    2.7000458546e+00   -1.7986779716e+01    1.2800000000e+02    7.8437539996e-03    6.4306640625e-01
       271   -7.5714875481e+00    5.7724147744e+01   -1.9639214398e+01    1.2067726850e+01    2.8777118234e+00   -2.2516926222e+01    1.2800000000e+02    7.8274240004e-03    6.1962890625e-01
       272   -7.5338700868e+00    5.7008712008e+01   -1.2866055794e+01    5.3321857071e+00    2.6132057137e+00   -1.5479261508e+01    1.2800000000e+02    7.7477569994e-03    6.4550781250e-01
       273   -7.2898376619e+00    5.3264288443e+01   -1.3146750575e+01    5.8569129136e+00    2.2584367561e+00   -1.5405187332e+01    1.2800000000e+02    7.7820710003e-03    6.3818359375e-01
       274   -7.4011708432e+00    5.5030746179e+01   -1.4928709553e+01    7.5275387101e+00    2.5673493738e+00   -1.7496058927e+01    1.2800000000e+02    7.5941730001e-03    6.1376953125e-01
       275   -7.5272834323e+00    5.6889645523e+01   -2.3994778742e+01    1.6467495310e+01    2.7214494034e+00   -2.6716228146e+01    1.2800000000e+02    7.7406999999e-03    6.3574218750e-01
       276   -7.2964620093e+00    5.3357001117e+01   -1.3053362637e+01    5.7569006282e+00    2.6846207034e+00   -1.5737983341e+01    1.2800000000e+02    7.7703170000e-03    6.5478515625e-01
       277   -7.4343364711e+00    5.5405977977e+01   -1.3573014864e+01    6.1386783925e+00    2.3462633187e+00   -1.5919278182e+01    1.2800000000e+02    7.7740739998e-03    6.6699218750e-01
       278   -7.4491857862e+00    5.5730976425e+01   -1.6099319029e+01    8.6501332426e+00    2.7180437236e+00   -1.8817362752e+01    1.2800000000e+02    7.5822549998e-03    6.2841796875e-01
       279   -7.7302014396e+00    6.0016173625e+01   -1.7399792275e+01    9.6695908356e+00    2.8371073309e+00   -2.0236899606e+01    1.2800000000e+02    7.7928800001e-03    6.3183593750e-01
       280   -7.4751316688e+00    5.6049033385e+01   -1.3335818659e+01    5.8606869905e+00    2.6549245674e+00   -1.5990743227e+01    1.2800000000e+02    7.6449910002e-03    6.2158203125e-01
       281   -7.5927459905e+00    5.8095742105e+01   -1.4836902041e+01    7.2441560508e+00    3.0782888559e+00   -1.7915190897e+01    1.2800000000e+02    8.7778769994e-03    6.3134765625e-01
       282   -7.5850526604e+00    5.7857248966e+01   -1.5208662396e+01    7.6236097353e+00    2.7158553858e+00   -1.7924517781e+01    1.2800000000e+02    7.7504930005e-03    6.5039062500e-01
       283   -7.3725007071e+00    5.4479281097e+01   -1.2317598671e+01    4.9450979635e+00    2.6025603210e+00   -1.4920158992e+01    1.2800000000e+02    7.6834519996e-03    6.3525390625e-01
       284   -7.5172225975e+00    5.6776349450e+01   -1.4904499683e+01    7.3872770857e+00    2.4910153931e+00   -1.7395515076e+01    1.2800000000e+02    7.8670299999e-03    6.4453125000e-01
       285   -7.3863829299e+00    5.4763517691e+01   -1.4812175068e+01    7.4257921383e+00    2.0554457753e+00   -1.6867620844e+01    1.2800000000e+02    7.4878949999e-03    6.3525390625e-01
       286   -7.4535194701e+00    5.5807504714e+01   -1.3374754930e+01    5.9212354595e+00    2.3724956294e+00   -1.5747250559e+01    1.2800000000e+02    7.6313860000e-03    6.4355468750e-01
       287   -7.4943472605e+00    5.6492461572e+01   -1.4931471912e+01    7.4371246519e+00    2.5262643252e+00   -1.7457736238e+01    1.2800000000e+02    7.6126800004e-03    6.3281250000e-01
       288   -7.6018194531e+00    5.8190497765e+01   -1.6861699912e+01    9.2598804590e+00    2.3848038937e+00   -1.9246503806e+01    1.2800000000e+02    7.6919749999e-03    6.3378906250e-01
       289   -7.4765341336e+00    5.6071856866e+01   -1.7020994324e+01    9.5444601901e+00    2.2857935996e+00   -1.9306787923e+01    1.2800000000e+02    7.6911030001e-03    6.4501953125e-01
       290   -7.4394661898e+00    5.5581025609e+01   -1.4291883531e+01    6.8524173408e+00    2.5813449650e+00   -1.6873228496e+01    1.2800000000e+02    7.7926530003e-03    6.4257812500e-01
       291   -7.5193670188e+00    5.6764681060e+01   -1.5112038188e+01    7.5926711694e+00    2.8116852344e+00   -1.7923723423e+01    1.2800000000e+02    7.6824940006e-03    6.3427734375e-01
       292   -7.4329737380e+00    5.5559084828e+01   -1.6400913041e+01    8.9679393034e+00    2.8471843770e+00   -1.9248097418e+01    1.2800000000e+02    7.6904580001e-03    6.1718750000e-01
       293   -7.4376599526e+00    5.5609404877e+01   -3.6284400042e+01    2.8846740090e+01    2.8089592742e+00   -3.9093359317e+01    1.2800000000e+02    7.6553760000e-03    6.2548828125e-01
       294   -7.3216249820e+00    5.3796322873e+01   -1.6487096561e+01    9.1654715789e+00    2.2785917177e+00   -1.8765688279e+01    1.2800000000e+02    7.6322579998e-03    6.3720703125e-01
       295   -7.4491844823e+00    5.5686778949e+01   -1.5145435069e+01    7.6962505866e+00    2.9808772145e+00   -1.8126312283e+01    1.2800000000e+02    7.6715510004e-03    6.2744140625e-01
       296   -7.4773741433e+00    5.6142763165e+01   -1.2989419339e+01    5.5120451962e+00    2.6802159758e+00   -1.5669635315e+01    1.2800000000e+02    7.7341269998e-03    6.5136718750e-01
       297   -7.5856038097e+00    5.7701565332e+01   -1.6240820080e+01    8.6552162700e+00    2.7996065705e+00   -1.9040426650e+01    1.2800000000e+02    7.8034710004e-03    6.2011718750e-01
       298   -7.4889312311e+00    5.6347834877e+01   -1.3022362834e+01    5.5334316030e+00    2.5694087202e+00   -1.5591771554e+01    1.2800000000e+02    7.7344550000e-03    6.4208984375e-01
       299   -7.6906682503e+00    5.9468428245e+01   -1.6857798080e+01    9.1671298296e+00    2.6161992379e+00   -1.9473997318e+01    1.2800000000e+02    7.7727509997e-03    6.1865234375e-01
       300   -7.4600815012e+00    5.6000804178e+01   -1.7390234345e+01    9.9301528442e+00    2.7910434204e+00   -2.0181277766e+01    1.2800000000e+02    7.6518360002e-03    6.2500000000e-01
       301   -7.4095139072e+00    5.5184856888e+01   -1.3152015772e+01    5.7425018647e+00    2.5381605179e+00   -1.5690176290e+01    1.2800000000e+02    8.3834030002e-03    6.4550781250e-01
       302   -7.3709082880e+00    5.4599507625e+01   -1.6629660434e+01    9.2587521457e+00    2.8192087542e+00   -1.9448869188e+01    1.2800000000e+02    7.6849779998e-03    6.2451171875e-01
       303   -7.5829184755e+00    5.7763082206e+01   -1.1611349780e+01    4.0284313047e+00    2.0968731126e+00   -1.3708222893e+01    1.2800000000e+02    8.2177180002e-03    6.8310546875e-01
       304   -7.4485070868e+00    5.5674440262e+01   -1.3115956415e+01    5.6674493281e+00    2.5284699939e+00   -1.5644426409e+01    1.2800000000e+02    7.7384240003e-03    6.5429687500e-01
       305   -7.6426012193e+00    5.8695322244e+01   -1.5690251958e+01    8.0476507388e+00    2.5423203718e+00   -1.8232572330e+01    1.2800000000e+02    8.3331830001e-03    6.3671875000e-01
       306   -7.4592647801e+00    5.5815778704e+01   -1.4336028131e+01    6.8767633505e+00    2.2984613079e+00   -1.6634489439e+01    1.2800000000e+02    7.7284529998e-03    6.5283203125e-01
       307   -7.4332117871e+00    5.5369670940e+01   -1.3235643256e+01    5.8024314685e+00    2.3212524607e+00   -1.5556895716e+01    1.2800000000e+02    7.7586119996e-03    6.5136718750e-01
       308   -7.5246229833e+00    5.6866284301e+01   -1.5810897229e+01    8.2862742455e+00    2.5661690230e+00   -1.8377066252e+01    1.2800000000e+02    7.7925590003e-03    6.5722656250e-01
       309   -7.3946097207e+00    5.4823771208e+01   -1.3935549637e+01    6.5409399168e+00    2.5940775520e+00   -1.6529627190e+01    1.2800000000e+02    8.9103219998e-03    6.4453125000e-01
       310   -7.5154654343e+00    5.6756514659e+01   -1.3981907559e+01    6.4664421247e+00    2.4109372557e+00   -1.6392844815e+01    1.2800000000e+02    7.7442980000e-03    6.4013671875e-01
       311   -7.6468890894e+00    5.8789572544e+01   -1.4412669495e+01    6.7657804060e+00    2.8140014201e+00   -1.7226670916e+01    1.2800000000e+02    7.8237540001e-03    6.3525390625e-01
       312   -7.4305102507e+00    5.5365742574e+01   -1.3792746487e+01    6.3622362358e+00    2.7847013998e+00   -1.6577447886e+01    1.2800000000e+02    7.7139400000e-03    6.4453125000e-01
       313   -7.4825507808e+00    5.6215553263e+01   -1.2825169402e+01    5.3426186214e+00    2.8527681400e+00   -1.5677937542e+01    1.2800000000e+02    7.8611870003e-03    6.5576171875e-01
       314   -7.4043921183e+00    5.4990247931e+01   -1.1870110771e+01    4.4657186527e+00    2.5536090162e+00   -1.4423719787e+01    1.2800000000e+02    7.6740939994e-03    6.4306640625e-01
       315   -7.5502244747e+00    5.7329619368e+01   -1.4906581721e+01    7.3563572459e+00    2.2315473725e+00   -1.7138129093e+01    1.2800000000e+02    7.7069589997e-03    6.5576171875e-01
       316   -7.3501827948e+00    5.4200350009e+01   -1.1617302446e+01    4.2671196510e+00    2.3182465009e+00   -1.3935548947e+01    1.2800000000e+02    7.7895899994e-03    6.5136718750e-01
       317   -7.4127214006e+00    5.5182757716e+01   -1.1034669780e+01    3.6219483794e+00    2.4400890334e+00   -1.3474758813e+01    1.2800000000e+02    7.8400610000e-03    6.5820312500e-01
       318   -7.4993638459e+00    5.6484265108e+01   -1.2528250375e+01    5.0288865289e+00    2.3407388263e+00   -1.4868989201e+01    1.2800000000e+02    8.0006660000e-03    6.6259765625e-01
       319   -7.5277105782e+00    5.7066465661e+01   -1.4983670604e+01    7.4559600260e+00    2.5234826592e+00   -1.7507153263e+01    1.2800000000e+02    7.6109660004e-03    6.3134765625e-01
       320   -7.4713035220e+00    5.5994292797e+01   -1.4148587300e+01    6.6772837780e+00    2.6304789290e+00   -1.6779066229e+01    1.2800000000e+02    8.0565469998e-03    6.6650390625e-01
       321   -7.4515680712e+00    5.5694602812e+01   -1.5046593373e+01    7.5950253017e+00    2.6879137945e+00   -1.7734507167e+01    1.2800000000e+02    7.6789049999e-03    6.3281250000e-01
       322   -7.3826928423e+00    5.4655677717e+01   -1.2864848791e+01    5.4821559488e+00    2.5004781626e+00   -1.5365326954e+01    1.2800000000e+02    7.8887439995e-03    6.4160156250e-01
       323   -7.5149400838e+00    5.6666244695e+01   -1.3856854617e+01    6.3419145334e+00    2.6611197955e+00   -1.6517974413e+01    1.2800000000e+02    7.7627069995e-03    6.4599609375e-01
       324   -7.4708994515e+00    5.5940339829e+01   -1.3485477168e+01    6.0145777169e+00    2.6430898443e+00   -1.6128567013e+01    1.2800000000e+02    7.9246870000e-03    6.4892578125e-01
       325   -7.3714080887e+00    5.4616142399e+01   -1.6767156967e+01    9.3957488780e+00    2.8535820005e+00   -1.9620738967e+01    1.2800000000e+02    7.6218249997e-03    6.0546875000e-01
       326   -7.4084500803e+00    5.5030026782e+01   -2.0186926564e+01    1.2778476483e+01    2.6300829941e+00   -2.2817009558e+01    1.2800000000e+02    7.8820589997e-03    6.3964843750e-01
       327   -7.5932453500e+00    5.7965239412e+01   -1.7023220976e+01    9.4299756258e+00    2.6156517311e+00   -1.9638872707e+01    1.2800000000e+02    7.7075649997e-03    6.2988281250e-01
       328   -7.4623985238e+00    5.5861780654e+01   -1.6380905893e+01    8.9185073692e+00    2.7905701540e+00   -1.9171476047e+01    1.2800000000e+02    7.9602480000e-03    6.1474609375e-01
       329   -7.4463937346e+00    5.5614999076e+01   -1.2273801715e+01    4.8274079803e+00    2.2888825338e+00   -1.4562684249e+01    1.2800000000e+02    7.8537820000e-03    6.7285156250e-01
       330   -7.5212721241e+00    5.6770143294e+01   -1.5433858701e+01    7.9125865770e+00    2.5873268491e+00   -1.8021185550e+01    1.2800000000e+02    7.8297689997e-03    6.5185546875e-01
       331   -7.5386794581e+00    5.7024758585e+01   -1.3114668549e+01    5.5759890906e+00    2.5369524113e+00   -1.5651620960e+01    1.2800000000e+02    7.7775929994e-03    6.4160156250e-01
       332   -7.4129232863e+00    5.5253562357e+01   -1.3030282000e+01    5.6173587138e+00    2.6736143484e+00   -1.5703896349e+01    1.2800000000e+02    7.8432460004e-03    6.4306640625e-01
       333   -7.4598449956e+00    5.5878648109e+01   -1.2666243825e+01    5.2063988294e+00    2.4031706259e+00   -1.5069414451e+01    1.2800000000e+02    7.6933709997e-03    6.3427734375e-01
       334   -7.5127718372e+00    5.6762309631e+01   -1.3370902893e+01    5.8581310562e+00    2.9012706941e+00   -1.6272173588e+01    1.2800000000e+02    7.7912750003e-03    6.4257812500e-01
       335   -7.4030627240e+00    5.4951075417e+01   -1.3087575374e+01    5.6845126497e+00    2.5585886863e+00   -1.5646164060e+01    1.2800000000e+02    7.7989580004e-03    6.4648437500e-01
       336   -7.5019105940e+00    5.6652788291e+01   -1.2101981492e+01    4.6000708976e+00    2.5084201237e+00   -1.4610401615e+01    1.2800000000e+02    7.7770169992e-03    6.4501953125e-01
       337   -7.5438571381e+00    5.7142182022e+01   -1.4748289063e+01    7.2044319247e+00    2.7374363623e+00   -1.7485725425e+01    1.2800000000e+02    7.7392500007e-03    6.3769531250e-01
       338   -7.6954565187e+00    5.9556140946e+01   -1.3399000231e+01    5.7035437122e+00    2.3986602904e+00   -1.5797660521e+01    1.2800000000e+02    7.7086749998e-03    6.5283203125e-01
       339   -7.4885136902e+00    5.6278833773e+01   -1.3920764954e+01    6.4322512640e+00    2.8917605840e+00   -1.6812525538e+01    1.2800000000e+02    7.7794620001e-03    6.2744140625e-01
       340   -7.3689588006e+00    5.4435124754e+01   -1.4343156889e+01    6.9741980887e+00    2.6875535643e+00   -1.7030710454e+01    1.2800000000e+02    7.7209370002e-03    6.3574218750e-01
       341   -7.3700479773e+00    5.4482453024e+01   -1.3835400555e+01    6.4653525773e+00    2.8074359848e+00   -1.6642836539e+01    1.2800000000e+02    8.1367220000e-03    6.2109375000e-01
       342   -7.5133980195e+00    5.6745141946e+01   -1.4357142127e+01    6.8437441077e+00    2.8180359601e+00   -1.7175178087e+01    1.2800000000e+02    7.8805300000e-03    6.3525390625e-01
       343   -7.4941802539e+00    5.6497894982e+01   -1.4857529337e+01    7.3633490828e+00    2.5878976843e+00   -1.7445427021e+01    1.2800000000e+02    7.7825680000e-03    6.4550781250e-01
       344   -7.5563437616e+00    5.7418715068e+01   -1.4583928312e+01    7.0275845508e+00    2.8655099089e+00   -1.7449438221e+01    1.2800000000e+02    7.6959640000e-03    6.2158203125e-01
       345   -7.5207019907e+00    5.6953055158e+01   -1.3384281902e+01    5.8635799114e+00    2.7288271689e+00   -1.6113109071e+01    1.2800000000e+02    7.8433310000e-03    6.5039062500e-01
       346   -7.5041501927e+00    5.6567011764e+01   -1.3324837400e+01    5.8206872074e+00    2.7143015547e+00   -1.6039138955e+01    1.2800000000e+02    7.8126230001e-03    6.5332031250e-01
       347   -7.4311889938e+00    5.5366763725e+01   -1.6139094491e+01    8.7079054974e+00    2.6135491611e+00   -1.8752643652e+01    1.2800000000e+02    7.8668039996e-03    6.5478515625e-01
       348   -7.5698437511e+00    5.7675319756e+01   -1.4947289663e+01    7.3774459120e+00    2.7527354063e+00   -1.7700025069e+01    1.2800000000e+02    7.6616020006e-03    6.3037109375e-01
       349   -7.3758604969e+00    5.4489422644e+01   -1.0995861496e+01    3.6200009989e+00    2.2995495052e+00   -1.3295411001e+01    1.2800000000e+02    7.8994880005e-03    6.6699218750e-01
       350   -7.4150504350e+00    5.5197589265e+01   -1.3912228440e+01    6.4971780053e+00    2.5839037685e+00   -1.6496132209e+01    1.2800000000e+02    7.6515279998e-03    6.2988281250e-01
       351   -7.4680044190e+00    5.5916617969e+01   -1.4055351555e+01    6.5873471365e+00    2.4464476003e+00   -1.6501799156e+01    1.2800000000e+02    7.7530459994e-03    6.5185546875e-01
       352   -7.4102867702e+00    5.5120893801e+01   -1.4002855964e+01    6.5925691934e+00    2.6017409463e+00   -1.6604596910e+01    1.2800000000e+02    7.6892289999e-03    6.3574218750e-01
       353   -7.6541884946e+00    5.8910488839e+01   -1.7200122668e+01    9.5459341736e+00    3.1044882388e+00   -2.0304610907e+01    1.2800000000e+02    7.7135579995e-03    6.2890625000e-01
       354   -7.4645046266e+00    5.5846202632e+01   -1.5308551264e+01    7.8440466377e+00    2.6951511630e+00   -1.8003702427e+01    1.2800000000e+02    7.8188509997e-03    6.4599609375e-01
       355   -7.3197561978e+00    5.3776048514e+01   -1.7150532735e+01    9.8307765375e+00    2.6041467150e+00   -1.9754679450e+01    1.2800000000e+02    7.7368780003e-03    6.3330078125e-01
       356   -7.4017325391e+00    5.4983858099e+01   -1.2888434771e+01    5.4867022322e+00    2.5565164509e+00   -1.5444951222e+01    1.2800000000e+02    7.8426700002e-03    6.5771484375e-01
       357   -7.4587118848e+00    5.5839884599e+01   -1.3265640938e+01    5.8069290534e+00    2.6842169717e+00   -1.5949857910e+01    1.2800000000e+02    7.7320979999e-03    6.3916015625e-01
       358   -7.4833523712e+00    5.6194111229e+01   -1.5389671927e+01    7.9063195556e+00    2.5939922432e+00   -1.7983664170e+01    1.2800000000e+02    7.7288580005e-03    6.3037109375e-01
       359   -7.4098150642e+00    5.5086287845e+01   -1.7870217918e+01    1.0460402854e+01    2.5744553244e+00   -2.0444673242e+01    1.2800000000e+02    7.7924039997e-03    6.5185546875e-01
       360   -7.3499422118e+00    5.4209603116e+01   -1.4669167532e+01    7.3192253197e+00    2.5770754321e+00   -1.7246242964e+01    1.2800000000e+02    7.7819139997e-03    6.2695312500e-01
       361   -7.4761708046e+00    5.6057136339e+01   -1.4807554700e+01    7.3313838951e+00    2.6074373556e+00   -1.7414992055e+01    1.2800000000e+02    7.8695769998e-03    6.6357421875e-01
       362   -7.5023172933e+00    5.6542657787e+01   -1.4635634925e+01    7.1333176319e+00    2.3831067316e+00   -1.7018741657e+01    1.2800000000e+02    7.7666340003e-03    6.5039062500e-01
       363   -7.3975319480e+00    5.4938114372e+01   -1.4643396499e+01    7.2458645512e+00    2.7349233293e+00   -1.7378319828e+01    1.2800000000e+02    7.6118520001e-03    6.2304687500e-01
       364   -7.3869275980e+00    5.4713236540e+01   -1.7321456507e+01    9.9345289085e+00    3.0077216421e+00   -2.0329178149e+01    1.2800000000e+02    1.0045636001e-02    6.3623046875e-01
       365   -7.3678441996e+00    5.4511135222e+01   -1.2520366179e+01    5.1525219791e+00    2.5234251465e+00   -1.5043791325e+01    1.2800000000e+02    8.8377560005e-03    6.4404296875e-01
       366   -7.5883513778e+00    5.7925045679e+01   -1.4438996869e+01    6.8506454912e+00    2.6178313188e+00   -1.7056828188e+01    1.2800000000e+02    7.7820719998e-03    6.3916015625e-01
       367   -7.5641259279e+00    5.7561667591e+01   -1.8145722726e+01    1.0581596798e+01    2.5001933777e+00   -2.0645916104e+01    1.2800000000e+02    7.7081710006e-03    6.2939453125e-01
       368   -7.6180588119e+00    5.8259648031e+01   -1.5712376229e+01    8.0943174169e+00    2.8053170406e+00   -1.8517693269e+01    1.2800000000e+02    7.8704940006e-03    6.5039062500e-01
       369   -7.4380754167e+00    5.5625418959e+01   -1.1877626042e+01    4.4395506252e+00    2.3882393077e+00   -1.4265865350e+01    1.2800000000e+02    7.7211260004e-03    6.5722656250e-01
       370   -7.5552422532e+00    5.7303258476e+01   -1.5722132100e+01    8.1668898470e+00    3.0404307471e+00   -1.8762562847e+01    1.2800000000e+02    7.6653760007e-03    6.0302734375e-01
       371   -7.4456228392e+00    5.5637189980e+01   -1.2540342600e+01    5.0947197610e+00    2.6659881499e+00   -1.5206330750e+01    1.2800000000e+02    7.8301260000e-03    6.6308593750e-01
       372   -7.4030476549e+00    5.5000612207e+01   -1.3222425068e+01    5.8193774127e+00    2.6153006598e+00   -1.5837725727e+01    1.2800000000e+02    8.1454400006e-03    6.3330078125e-01
       373   -7.5022673195e+00    5.6453823947e+01   -1.3002596982e+01    5.5003296622e+00    2.6618487586e+00   -1.5664445740e+01    1.2800000000e+02    7.8211379996e-03    6.5576171875e-01
       374   -7.4550678711e+00    5.5714361417e+01   -1.2756257239e+01    5.3011893677e+00    2.3976602547e+00   -1.5153917494e+01    1.2800000000e+02    8.2238239993e-03    6.4648437500e-01
       375   -7.4207015977e+00    5.5196090443e+01   -1.3756154834e+01    6.3354532361e+00    2.3935416291e+00   -1.6149696463e+01    1.2800000000e+02    7.7528599995e-03    6.3916015625e-01
       376   -7.3674224963e+00    5.4486701227e+01   -1.2272394093e+01    4.9049715963e+00    2.4519908798e+00   -1.4724384972e+01    1.2800000000e+02    8.3878930000e-03    6.5625000000e-01
       377   -7.3714168151e+00    5.4537557835e+01   -1.2459898038e+01    5.0884812226e+00    2.7818876849e+00   -1.5241785723e+01    1.2800000000e+02    8.0575439997e-03    6.4160156250e-01
       378   -7.5093497123e+00    5.6662853380e+01   -1.9597530714e+01    1.2088181002e+01    2.7095032162e+00   -2.2307033931e+01    1.2800000000e+02    7.7116689999e-03    6.3916015625e-01
       379   -7.4178059607e+00    5.5197195583e+01   -1.2420312356e+01    5.0025063948e+00    2.3242281700e+00   -1.4744540526e+01    1.2800000000e+02    7.8952570002e-03    6.5722656250e-01
       380   -7.4477228851e+00    5.5720242753e+01   -1.9865421124e+01    1.2417698239e+01    2.9479395489e+00   -2.2813360673e+01    1.2800000000e+02    8.3869319997e-03    6.1181640625e-01
       381   -7.5450015451e+00    5.7124139196e+01   -1.7233953612e+01    9.6889520674e+00    2.7309154662e+00   -1.9964869079e+01    1.2800000000e+02    7.9970550005e-03    6.4501953125e-01
       382   -7.8232814565e+00    6.1585205350e+01   -2.1562105912e+01    1.3738824456e+01    3.0356763267e+00   -2.4597782239e+01    1.2800000000e+02    8.0908089994e-03    6.1474609375e-01
       383   -7.5956128672e+00    5.8016381124e+01   -1.4658938925e+01    7.0633260577e+00    2.6921322887e+00   -1.7351071214e+01    1.2800000000e+02    8.2379870000e-03    6.3574218750e-01
       384   -7.4591239355e+00    5.5808296168e+01   -1.0946950112e+01    3.4878261764e+00    2.5179643448e+00   -1.3464914457e+01    1.2800000000e+02    8.4494190005e-03    6.5771484375e-01
       385   -7.4538757352e+00    5.5763787543e+01   -1.8256490631e+01    1.0802614896e+01    2.9412929526e+00   -2.1197783584e+01    1.2800000000e+02    8.0834099999e-03    6.3964843750e-01
       386   -7.2881433217e+00    5.3246081940e+01   -1.1912972592e+01    4.6248292702e+00    2.6949485786e+00   -1.4607921170e+01    1.2800000000e+02    7.6981789998e-03    6.4208984375e-01
       387   -7.4699804074e+00    5.6044821496e+01   -1.4466503441e+01    6.9965230333e+00    2.8084023627e+00   -1.7274905803e+01    1.2800000000e+02    8.3089519994e-03    6.5332031250e-01
       388   -7.4920379703e+00    5.6339706262e+01   -1.8180892677e+01    1.0688854707e+01    2.9317283804e+00   -2.1112621057e+01    1.2800000000e+02    7.6231339999e-03    6.1767578125e-01
       389   -7.4883184253e+00    5.6375083295e+01   -1.5789046403e+01    8.3007279782e+00    2.7030157090e+00   -1.8492062112e+01    1.2800000000e+02    7.7684839998e-03    6.3281250000e-01
       390   -7.3509913134e+00    5.4196492919e+01   -1.4550528943e+01    7.1995376299e+00    2.3259410672e+00   -1.6876470011e+01    1.2800000000e+02    7.6767410001e-03    6.5332031250e-01
       391   -7.5405969671e+00    5.7118208719e+01   -1.5128877338e+01    7.5882803711e+00    2.6590843315e+00   -1.7787961670e+01    1.2800000000e+02    7.7512939997e-03    6.2451171875e-01
       392   -7.2773782137e+00    5.3115287599e+01   -1.1851480403e+01    4.5741021896e+00    2.7428961941e+00   -1.4594376597e+01    1.2800000000e+02    7.8374690002e-03    6.4990234375e-01
       393   -7.6717044056e+00    5.9193321544e+01   -1.4553972731e+01    6.8822683251e+00    2.5712260146e+00   -1.7125198745e+01    1.2800000000e+02    7.7595160001e-03    6.3623046875e-01
       394   -7.3932470981e+00    5.4849761162e+01   -1.6256844472e+01    8.8635973737e+00    2.7426540333e+00   -1.8999498505e+01    1.2800000000e+02    7.7290680001e-03    6.5039062500e-01
       395   -7.4235399942e+00    5.5311006003e+01   -1.2500698689e+01    5.0771586944e+00    2.5533759378e+00   -1.5054074626e+01    1.2800000000e+02    7.7760009999e-03    6.4697265625e-01
       396   -7.5760014493e+00    5.7869108362e+01   -1.5156349633e+01    7.5803481837e+00    2.7057255401e+00   -1.7862075173e+01    1.2800000000e+02    7.6834100000e-03    6.2597656250e-01
       397   -7.4691147075e+00    5.6058156932e+01   -1.3592482191e+01    6.1233674832e+00    2.7106939296e+00   -1.6303176120e+01    1.2800000000e+02    7.7524480002e-03    6.3671875000e-01
       398   -7.4620218013e+00    5.5915147420e+01   -1.2093856259e+01    4.6318344574e+00    2.5390292626e+00   -1.4632885521e+01    1.2800000000e+02    7.8909100002e-03    6.6259765625e-01
       399   -7.5683914122e+00    5.7651139720e+01   -1.6183320528e+01    8.6149291157e+00    3.3676801803e+00   -1.9551000708e+01    1.2800000000e+02    7.6411780001e-03    6.0693359375e-01
       400   -7.3229594248e+00    5.3865915431e+01   -1.2030930645e+01    4.7079712207e+00    2.6658524347e+00   -1.4696783080e+01    1.2800000000e+02    7.7950650002e-03    6.3916015625e-01
       401   -7.6715451290e+00    5.9182423234e+01   -1.5144323784e+01    7.4727786551e+00    2.5659412186e+00   -1.7710265003e+01    1.2800000000e+02    7.7614940001e-03    6.5087890625e-01
       402   -7.4257076745e+00    5.5331083977e+01   -1.4421727054e+01    6.9960193797e+00    2.7991973034e+00   -1.7220924358e+01    1.2800000000e+02    7.7720740001e-03    6.3378906250e-01
       403   -7.4176551717e+00    5.5221239424e+01   -1.3098160568e+01    5.6805053967e+00    2.6544906626e+00   -1.5752651231e+01    1.2800000000e+02    7.7069509998e-03    6.3232421875e-01
       404   -7.5057159415e+00    5.6483493601e+01   -1.2265717156e+01    4.7600012146e+00    2.6051226395e+00   -1.4870839796e+01    1.2800000000e+02    7.7701920000e-03    6.4208984375e-01
       405   -7.3753577470e+00    5.4575372490e+01   -1.3925519343e+01    6.5501615963e+00    2.5397330002e+00   -1.6465252344e+01    1.2800000000e+02    7.7189229996e-03    6.3720703125e-01
       406   -7.5029217745e+00    5.6480059316e+01   -1.2454424421e+01    4.9515026467e+00    2.6515428402e+00   -1.5105967261e+01    1.2800000000e+02    7.7773650000e-03    6.5966796875e-01
       407   -7.4852034776e+00    5.6398669791e+01   -1.8626946196e+01    1.1141742718e+01    2.7298003822e+00   -2.1356746578e+01    1.2800000000e+02    7.6825930000e-03    6.2695312500e-01
       408   -7.5960578488e+00    5.8169485604e+01   -1.6586418319e+01    8.9903604705e+00    2.4603798148e+00   -1.9046798134e+01    1.2800000000e+02    9.3320140004e-03    6.2304687500e-01
       409   -7.4180193199e+00    5.5167396795e+01   -1.3380594415e+01    5.9625750952e+00    2.6844813054e+00   -1.6065075721e+01    1.2800000000e+02    7.6037359995e-03    6.3720703125e-01
       410   -7.4713556352e+00    5.5980906272e+01   -1.3967191033e+01    6.4958353976e+00    2.4802861912e+00   -1.6447477224e+01    1.2800000000e+02    7.9298009996e-03    6.4013671875e-01
       411   -7.3395357098e+00    5.3967772851e+01   -1.1714584168e+01    4.3750484586e+00    2.3611961453e+00   -1.4075780314e+01    1.2800000000e+02    7.7819429998e-03    6.4794921875e-01
       412   -7.4490161334e+00    5.5773328236e+01   -1.3427656246e+01    5.9786401131e+00    2.5254020936e+00   -1.5953058340e+01    1.2800000000e+02    7.9689889999e-03    6.4306640625e-01
       413   -7.3692626350e+00    5.4462218163e+01   -1.2821382048e+01    5.4521194129e+00    2.6599354514e+00   -1.5481317499e+01    1.2800000000e+02    7.8718189998e-03    6.5625000000e-01
       414   -7.3511334649e+00    5.4139725626e+01   -1.1143790091e+01    3.7926566260e+00    2.3338919932e+00   -1.3477682084e+01    1.2800000000e+02    7.8818949996e-03    6.5869140625e-01
       415   -7.5941384972e+00    5.7961838995e+01   -1.6081195691e+01    8.4870571943e+00    2.8368764206e+00   -1.8918072112e+01    1.2800000000e+02    7.8296850006e-03    6.3964843750e-01
       416   -7.6307700446e+00    5.8554663641e+01   -1.7682726196e+01    1.0051956151e+01    2.9822733996e+00   -2.0664999595e+01    1.2800000000e+02    7.7886469999e-03    6.3671875000e-01
       417   -7.4540674743e+00    5.5671344429e+01   -1.0997712109e+01    3.5436446351e+00    2.4052356011e+00   -1.3402947711e+01    1.2800000000e+02    1.3599768000e-02    6.4453125000e-01
       418   -7.4155234383e+00    5.5185938849e+01   -1.5333032928e+01    7.9175094901e+00    2.9093116098e+00   -1.8242344538e+01    1.2800000000e+02    1.4298559000e-02    6.3037109375e-01
       419   -7.3631111953e+00    5.4420586599e+01   -1.6737386944e+01    9.3742757486e+00    2.5036541624e+00   -1.9241041106e+01    1.2800000000e+02    1.4128334000e-02    6.1962890625e-01
       420   -7.4019354485e+00    5.4920916280e+01   -1.4641265057e+01    7.2393296089e+00    2.8816502093e+00   -1.7522915267e+01    1.2800000000e+02    8.8074499999e-03    6.1767578125e-01
       421   -7.4365084312e+00    5.5527726026e+01   -2.1582046070e+01    1.4145537639e+01    2.6739769035e+00   -2.4256022973e+01    1.2800000000e+02    7.9011420003e-03    6.2207031250e-01
       422   -7.3416529049e+00    5.4067832012e+01   -1.4581161517e+01    7.2395086120e+00    2.9585841937e+00   -1.7539745711e+01    1.2800000000e+02    7.9732639997e-03    6.2744140625e-01
       423   -7.4885780141e+00    5.6271379332e+01   -1.3583436445e+01    6.0948584306e+00    2.6306261732e+00   -1.6214062618e+01    1.2800000000e+02    8.0380940008e-03    6.5380859375e-01
       424   -7.4308794565e+00    5.5455614412e+01   -1.4817465141e+01    7.3865856849e+00    2.6163971135e+00   -1.7433862255e+01    1.2800000000e+02    7.9012509996e-03    6.4892578125e-01
       425   -7.5655827698e+00    5.7490834351e+01   -1.7449218138e+01    9.8836353680e+00    3.2150965093e+00   -2.0664314647e+01    1.2800000000e+02    7.9573080002e-03    6.3574218750e-01
       426   -7.5570084815e+00    5.7414890192e+01   -1.5775109419e+01    8.2181009377e+00    2.7156651862e+00   -1.8490774606e+01    1.2800000000e+02    7.6777810000e-03    6.2451171875e-01
       427   -7.5241409361e+00    5.6826991192e+01   -1.5970189661e+01    8.4460487249e+00    2.4423376421e+00   -1.8412527303e+01    1.2800000000e+02    7.9375579999e-03    6.3769531250e-01
       428   -7.3850380488e+00    5.4759106985e+01   -1.3894368708e+01    6.5093306588e+00    2.4738217304e+00   -1.6368190438e+01    1.2800000000e+02    7.7331380007e-03    6.3964843750e-01
       429   -7.7889317211e+00    6.1099541600e+01   -1.7035542810e+01    9.2466110889e+00    2.8695895864e+00   -1.9905132396e+01    1.2800000000e+02    7.8133419993e-03    6.2500000000e-01
       430   -7.3095497231e+00    5.3609450313e+01   -1.1737284944e+01    4.4277352210e+00    2.4206723114e+00   -1.4157957256e+01    1.2800000000e+02    8.0128310001e-03    6.4599609375e-01
       431   -7.3697731538e+00    5.4610594844e+01   -1.7007994103e+01    9.6382209489e+00    3.0343597503e+00   -2.0042353853e+01    1.2800000000e+02    7.8473310004e-03    6.1376953125e-01
       432   -7.4077475330e+00    5.5110632909e+01   -1.4332174130e+01    6.9244265973e+00    2.7728335317e+00   -1.7105007662e+01    1.2800000000e+02    7.7291030002e-03    6.3867187500e-01
       433   -7.2859102966e+00    5.3229135494e+01   -1.3480516510e+01    6.1946062132e+00    2.7114990700e+00   -1.6192015580e+01    1.2800000000e+02    7.7773000003e-03    6.2402343750e-01
       434   -7.4172406415e+00    5.5163477748e+01   -1.2932016977e+01    5.5147763352e+00    2.7432575730e+00   -1.5675274550e+01    1.2800000000e+02    7.7104129996e-03    6.3671875000e-01
       435   -7.4087308507e+00    5.5057944198e+01   -1.3428146888e+01    6.0194160369e+00    2.7197312210e+00   -1.6147878109e+01    1.2800000000e+02    7.8385300003e-03    6.3916015625e-01
       436   -7.3687276230e+00    5.4467212173e+01   -1.4624678794e+01    7.2559511705e+00    2.7062933447e+00   -1.7330972138e+01    1.2800000000e+02    7.7053830000e-03    6.3574218750e-01
       437   -7.4705821872e+00    5.5994947370e+01   -1.4059914302e+01    6.5893321148e+00    2.6558579630e+00   -1.6715772265e+01    1.2800000000e+02    7.8483660000e-03    6.4599609375e-01
       438   -7.5815122379e+00    5.7746473984e+01   -1.4670116593e+01    7.0886043547e+00    2.6220871528e+00   -1.7292203745e+01    1.2800000000e+02    7.6880600000e-03    6.4111328125e-01
       439   -7.6419553945e+00    5.8873671367e+01   -1.6172138256e+01    8.5301828613e+00    3.8891187590e+00   -2.0061257015e+01    1.2800000000e+02    7.7266359995e-03    6.2207031250e-01
       440   -7.4354546545e+00    5.5475312913e+01   -1.1604650246e+01    4.1691955916e+00    2.3754512835e+00   -1.3980101530e+01    1.2800000000e+02    7.8588679999e-03    6.7041015625e-01
       441   -7.4064979940e+00    5.4990871155e+01   -1.1853256221e+01    4.4467582270e+00    2.7536497701e+00   -1.4606905991e+01    1.2800000000e+02    7.7802559999e-03    6.3671875000e-01
       442   -7.4251060570e+00    5.5282631660e+01   -1.0617579667e+01    3.1924736103e+00    2.3390551918e+00   -1.2956634859e+01    1.2800000000e+02    7.7699860003e-03    6.5869140625e-01
       443   -7.4042216012e+00    5.4992670027e+01   -1.2057142743e+01    4.6529211413e+00    2.6306650879e+00   -1.4687807830e+01    1.2800000000e+02    7.8372369999e-03    6.6552734375e-01
       444   -7.4638369294e+00    5.5993633290e+01   -1.4327756075e+01    6.8639191459e+00    2.8005299379e+00   -1.7128286013e+01    1.2800000000e+02    7.9014739995e-03    6.5576171875e-01
       445   -7.4448890972e+00    5.5760492159e+01   -2.1677905176e+01    1.4233016079e+01    2.7934429607e+00   -2.4471348137e+01    1.2800000000e+02    7.6291229998e-03    6.2402343750e-01
       446   -7.5346359975e+00    5.6990383149e+01   -1.3010448311e+01    5.4758123136e+00    2.6682211764e+00   -1.5678669487e+01    1.2800000000e+02    7.9013229997e-03    6.3623046875e-01
       447   -7.4505042440e+00    5.5717197804e+01   -1.4990722634e+01    7.5402183899e+00    2.4535280236e+00   -1.7444250658e+01    1.2800000000e+02    7.7171350003e-03    6.5087890625e-01
       448   -7.5277919081e+00    5.6945505623e+01   -1.3862461618e+01    6.3346697103e+00    2.7148122080e+00   -1.6577273826e+01    1.2800000000e+02    7.8519010003e-03    6.2353515625e-01
       449   -7.5665640415e+00    5.7539124191e+01   -1.4275133432e+01    6.7085693910e+00    2.5495920418e+00   -1.6824725474e+01    1.2800000000e+02    7.7258570000e-03    6.3623046875e-01
       450   -7.5188832685e+00    5.6772455204e+01   -2.2787524180e+01    1.5268640911e+01    3.1391676426e+00   -2.5926691822e+01    1.2800000000e+02    7.8141699996e-03    5.8789062500e-01
       451   -7.4949960025e+00    5.6468494199e+01   -1.4688747266e+01    7.1937512639e+00    2.6473578005e+00   -1.7336105067e+01    1.2800000000e+02    7.7724459998e-03    6.5673828125e-01
       452   -7.3269734857e+00    5.3835199858e+01   -1.2000774685e+01    4.6738011996e+00    2.5482955139e+00   -1.4549070199e+01    1.2800000000e+02    7.9313060005e-03    6.5527343750e-01
       453   -7.4332988233e+00    5.5433435977e+01   -1.2262714712e+01    4.8294158886e+00    2.6879279884e+00   -1.4950642700e+01    1.2800000000e+02    7.7774359997e-03    6.5478515625e-01
       454   -7.3995015930e+00    5.4930705250e+01   -1.2865545126e+01    5.4660435325e+00    2.5821526130e+00   -1.5447697738e+01    1.2800000000e+02    7.8173219999e-03    6.2500000000e-01
       455   -7.3750908955e+00    5.4505315605e+01   -2.1096927509e+01    1.3721836614e+01    3.1275783954e+00   -2.4224505905e+01    1.2800000000e+02    7.6340830001e-03    6.1621093750e-01
       456   -7.3295596999e+00    5.3913593989e+01   -1.3864089996e+01    6.5345302964e+00    2.6539405352e+00   -1.6518030532e+01    1.2800000000e+02    7.8008439996e-03    6.4062500000e-01
       457   -7.4773088891e+00    5.6162031288e+01   -1.2167869336e+01    4.6905604468e+00    2.6430933004e+00   -1.4810962636e+01    1.2800000000e+02    7.8105709999e-03    6.5234375000e-01
       458   -7.4114042900e+00    5.5041348372e+01   -1.2272426036e+01    4.8610217465e+00    2.5573649513e+00   -1.4829790988e+01    1.2800000000e+02    7.7210130003e-03    6.4794921875e-01
       459   -7.5391027108e+00    5.7047365230e+01   -1.3538150034e+01    5.9990473230e+00    2.2218011427e+00   -1.5759951176e+01    1.2800000000e+02    7.7870329997e-03    6.3281250000e-01
       460   -7.5356593278e+00    5.7127668471e+01   -1.4545925370e+01    7.0102660418e+00    2.8377750169e+00   -1.7383700387e+01    1.2800000000e+02    7.7047499999e-03    6.3818359375e-01
       461   -7.3491348750e+00    5.4164409274e+01   -1.2561959809e+01    5.2128249345e+00    2.4331713101e+00   -1.4995131120e+01    1.2800000000e+02    7.8770790005e-03    6.5136718750e-01
       462   -7.3251711718e+00    5.3966018639e+01   -1.5512482010e+01    8.1873108377e+00    2.9455698034e+00   -1.8458051813e+01    1.2800000000e+02    7.6039659998e-03    6.0791015625e-01
       463   -7.5250763581e+00    5.6819703646e+01   -1.5121487609e+01    7.5964112507e+00    2.6969418631e+00   -1.7818429472e+01    1.2800000000e+02    7.8222809998e-03    6.3330078125e-01
       464   -7.6235996539e+00    5.8388626123e+01   -2.1866823030e+01    1.4243223376e+01    3.1240577543e+00   -2.4990880784e+01    1.2800000000e+02    7.6603589996e-03    6.2500000000e-01
       465   -7.5529330548e+00    5.7314113982e+01   -2.8776188945e+01    2.1223255890e+01    3.0015677407e+00   -3.1777756686e+01    1.2800000000e+02    7.8831869996e-03    6.4453125000e-01
       466   -7.5800303133e+00    5.7705026897e+01   -2.0787748788e+01    1.3207718475e+01    2.7143743051e+00   -2.3502123093e+01    1.2800000000e+02    8.3835780006e-03    6.4794921875e-01
       467   -7.6474848879e+00    5.8856971228e+01   -1.5868643313e+01    8.2211584252e+00    2.9782888555e+00   -1.8846932169e+01    1.2800000000e+02    7.8478389996e-03    6.1767578125e-01
       468   -7.4825190659e+00    5.6154079793e+01   -1.3971687100e+01    6.4891680340e+00    2.2464502283e+00   -1.6218137328e+01    1.2800000000e+02    7.7681789999e-03    6.6015625000e-01
       469   -7.5029818364e+00    5.6468373406e+01   -1.2857432607e+01    5.3544507707e+00    2.3988178209e+00   -1.5256250428e+01    1.2800000000e+02    7.9002129996e-03    6.4599609375e-01
       470   -7.5969302949e+00    5.7934214358e+01   -2.6031163866e+01    1.8434233571e+01    2.8954531090e+00   -2.8926616975e+01    1.2800000000e+02    7.6411540003e-03    6.2304687500e-01
       471   -7.5504208950e+00    5.7262791096e+01   -1.4160152004e+01    6.6097311088e+00    2.6654279455e+00   -1.6825579949e+01    1.2800000000e+02    7.8328160007e-03    6.3964843750e-01
       472   -7.5083121598e+00    5.6579490571e+01   -1.6545146260e+01    9.0368340999e+00    2.8381165150e+00   -1.9383262775e+01    1.2800000000e+02    7.7091169996e-03    6.3085937500e-01
       473   -7.4255249943e+00    5.5409949551e+01   -1.3653954947e+01    6.2284299525e+00    2.7783619880e+00   -1.6432316935e+01    1.2800000000e+02    7.8001690008e-03    6.2792968750e-01
       474   -7.5492223823e+00    5.7330385674e+01   -1.4192301675e+01    6.6430792930e+00    2.2217323576e+00   -1.6414034033e+01    1.2800000000e+02    7.7494230000e-03    6.4257812500e-01
       475   -7.3613744783e+00    5.4373464283e+01   -1.1389744838e+01    4.0283703595e+00    2.5909223061e+00   -1.3980667144e+01    1.2800000000e+02    7.7365759998e-03    6.4794921875e-01
       476   -7.4126319023e+00    5.5107003153e+01   -1.8712361116e+01    1.1299729214e+01    2.8117933092e+00   -2.1524154425e+01    1.2800000000e+02    7.8668110000e-03    6.3525390625e-01
       477   -7.4200941726e+00    5.5254681764e+01   -1.2323868647e+01    4.9037744746e+00    2.6873270175e+00   -1.5011195665e+01    1.2800000000e+02    7.7326889996e-03    6.4843750000e-01
       478   -7.4526551341e+00    5.5731736163e+01   -1.3567874081e+01    6.1152189468e+00    2.8341361875e+00   -1.6402010268e+01    1.2800000000e+02    7.8727709997e-03    6.2158203125e-01
       479   -7.3854347074e+00    5.4675719582e+01   -1.3362869136e+01    5.9774344289e+00    2.6741459385e+00   -1.6037015075e+01    1.2800000000e+02    7.7689970003e-03    6.3525390625e-01
       480   -7.3972612956e+00    5.4900661002e+01   -1.2890375973e+01    5.4931146771e+00    2.1700048884e+00   -1.5060380861e+01    1.2800000000e+02    7.7962999994e-03    6.4697265625e-01
       481   -7.6267840454e+00    5.8525752328e+01   -1.5985177181e+01    8.3583931359e+00    2.5235439846e+00   -1.8508721166e+01    1.2800000000e+02    7.6827240000e-03    6.4257812500e-01
       482   -7.4523566248e+00    5.5705965453e+01   -1.2749170123e+01    5.2968134978e+00    2.3579467511e+00   -1.5107116874e+01    1.2800000000e+02    7.8964079994e-03    6.4111328125e-01
       483   -7.3402022632e+00    5.4047356365e+01   -1.3222619741e+01    5.8824174782e+00    2.7718774191e+00   -1.5994497160e+01    1.2800000000e+02    7.6845539998e-03    6.2451171875e-01
       484   -7.3263451959e+00    5.3809229481e+01   -1.1273142730e+01    3.9467975345e+00    2.5752533183e+00   -1.3848396049e+01    1.2800000000e+02    1.1327154000e-02    6.6601562500e-01
       485   -7.5069770616e+00    5.6587455242e+01   -1.6722777072e+01    9.2158000099e+00    2.8988553221e+00   -1.9621632394e+01    1.2800000000e+02    1.3069128000e-02    6.3916015625e-01
       486   -7.6791834784e+00    5.9272274216e+01   -1.4833845140e+01    7.1546616619e+00    2.8418035272e+00   -1.7675648668e+01    1.2800000000e+02    1.3012803000e-02    6.3330078125e-01
       487   -7.6062802215e+00    5.8121690613e+01   -1.2279206550e+01    4.6729263287e+00    2.4070232635e+00   -1.4686229814e+01    1.2800000000e+02    9.8788949999e-03    6.5625000000e-01
       488   -7.5644230437e+00    5.7437754049e+01   -1.5472205010e+01    7.9077819667e+00    2.6289397755e+00   -1.8101144786e+01    1.2800000000e+02    7.8709299996e-03    6.3427734375e-01
       489   -7.6096935519e+00    5.8229947906e+01   -2.1898249153e+01    1.4288555601e+01    2.9560241896e+00   -2.4854273342e+01    1.2800000000e+02    7.8149630008e-03    6.1914062500e-01
       490   -7.4212159847e+00    5.5215298193e+01   -1.2682568428e+01    5.2613524436e+00    2.7168522526e+00   -1.5399420681e+01    1.2800000000e+02    7.7090370005e-03    6.3964843750e-01
       491   -7.5404570431e+00    5.7083927548e+01   -1.5266983031e+01    7.7265259879e+00    2.8973887945e+00   -1.8164371826e+01    1.2800000000e+02    7.9161119993e-03    6.2158203125e-01
       492   -7.6125963916e+00    5.8226684693e+01   -1.4827562179e+01    7.2149657875e+00    2.6716275665e+00   -1.7499189746e+01    1.2800000000e+02    7.6192920005e-03    6.2841796875e-01
       493   -7.4248245019e+00    5.5320408305e+01   -1.2120605514e+01    4.6957810117e+00    2.5672868193e+00   -1.4687892333e+01    1.2800000000e+02    8.0361450000e-03    6.5722656250e-01
       494   -7.3706431168e+00    5.4505733359e+01   -1.2849896384e+01    5.4792532672e+00    2.6574160661e+00   -1.5507312450e+01    1.2800000000e+02    7.7318370004e-03    6.4501953125e-01
       495   -7.6291634002e+00    5.8556147751e+01   -1.7554248405e+01    9.9250850049e+00    3.1692876241e+00   -2.0723536029e+01    1.2800000000e+02    7.9519580004e-03    6.3232421875e-01
       496   -7.5036856941e+00    5.6547642985e+01   -1.4804536687e+01    7.3008509930e+00    2.3079278256e+00   -1.7112464513e+01    1.2800000000e+02    7.7876599998e-03    6.5869140625e-01
       497   -7.4118733139e+00    5.5108360187e+01   -1.1920576476e+01    4.5087031622e+00    2.5991345637e+00   -1.4519711040e+01    1.2800000000e+02    7.9916510003e-03    6.4062500000e-01
       498   -7.4758629372e+00    5.6180255344e+01   -1.6038982565e+01    8.5631196279e+00    2.8633881028e+00   -1.8902370668e+01    1.2800000000e+02    7.7155299996e-03    6.3623046875e-01
       499   -7.4686003625e+00    5.6133205838e+01   -1.4170761807e+01    6.7021614447e+00    2.7859371242e+00   -1.6956698931e+01    1.2800000000e+02    7.9479269998e-03    6.3232421875e-01
