#   index    LocalEnergy         LocalEnergy_sq      LocalPotential      Kinetic             ElecElec            IonElec             BlockWeight         BlockCPU            AcceptRatio         
         0   -7.6206385810e+00    5.8309996865e+01   -1.7879428642e+01    1.0258790061e+01    2.5840332372e+00   -2.0463461879e+01    1.2800000000e+02    8.1706439996e-03    6.3378906250e-01
         1   -7.4108160238e+00    5.5127591934e+01   -1.1704244210e+01    4.2934281858e+00    2.4838709217e+00   -1.4188115131e+01    1.2800000000e+02    7.9650239995e-03    6.4648437500e-01
         2   -7.4380256081e+00    5.5563859206e+01   -1.3547561332e+01    6.1095357239e+00    2.7264330300e+00   -1.6273994362e+01    1.2800000000e+02    7.9673900000e-03    6.4648437500e-01
         3   -7.4514406948e+00    5.5699897592e+01   -1.4493753176e+01    7.0423124809e+00    2.6303966681e+00   -1.7124149844e+01    1.2800000000e+02    7.8007689999e-03    6.4990234375e-01
         4   -7.5289010690e+00    5.6983301447e+01   -1.6284327071e+01    8.7554260017e+00    2.9275607738e+00   -1.9211887844e+01    1.2800000000e+02    7.8785099995e-03    6.3916015625e-01
         5   -7.4853292155e+00    5.6286924004e+01   -2.0397113206e+01    1.2911783990e+01    2.8536531375e+00   -2.3250766344e+01    1.2800000000e+02    7.7328870002e-03    6.3134765625e-01
         6   -7.8556542645e+00    6.2238440975e+01   -1.7944989466e+01    1.0089335202e+01    3.7952499558e+00   -2.1740239422e+01    1.2800000000e+02    7.7562120005e-03    6.1035156250e-01
         7   -7.3915308828e+00    5.4883924114e+01   -1.8927967704e+01    1.1536436821e+01    2.9208943118e+00   -2.1848862015e+01    1.2800000000e+02    7.7192560002e-03    6.2402343750e-01
         8   -7.3999091888e+00    5.4908408864e+01   -1.3302912920e+01    5.9030037308e+00    2.4969353221e+00   -1.5799848242e+01    1.2800000000e+02    7.6835009995e-03    6.4208984375e-01
         9   -7.4598918286e+00    5.5862736445e+01   -1.2732641351e+01    5.2727495223e+00    2.3341493446e+00   -1.5066790696e+01    1.2800000000e+02    7.8144519994e-03    6.5087890625e-01
        10   -7.4013359054e+00    5.4970750857e+01   -1.2975229066e+01    5.5738931605e+00    2.6576795936e+00   -1.5632908659e+01    1.2800000000e+02    7.8177330006e-03    6.4794921875e-01
        11   -7.4720636008e+00    5.6015931033e+01   -1.5737499347e+01    8.2654357458e+00    2.6248110042e+00   -1.8362310351e+01    1.2800000000e+02    8.0058650001e-03    6.4257812500e-01
        12   -7.4293007322e+00    5.5332846312e+01   -1.4428080300e+01    6.9987795674e+00    2.7794406485e+00   -1.7207520948e+01    1.2800000000e+02    7.6956649991e-03    6.1621093750e-01
        13   -7.5365440888e+00    5.7074462864e+01   -1.8304923818e+01    1.0768379729e+01    2.5291971195e+00   -2.0834120937e+01    1.2800000000e+02    8.2555460003e-03    6.3867187500e-01
        14   -7.4257056990e+00    5.5288380412e+01   -1.5361739716e+01    7.9360340169e+00    2.7045689827e+00   -1.8066308699e+01    1.2800000000e+02    8.2300320000e-03    6.4501953125e-01
        15   -7.4633937798e+00    5.5867316747e+01   -1.2096742336e+01    4.6333485564e+00    2.5191068944e+00   -1.4615849231e+01    1.2800000000e+02    7.9934059995e-03    6.4306640625e-01
        16   -7.4302069716e+00    5.5423041468e+01   -1.2025772015e+01    4.5955650432e+00    2.5052414376e+00   -1.4531013452e+01    1.2800000000e+02    7.8626509994e-03    6.6699218750e-01
        17   -7.4793186504e+00    5.6119921632e+01   -1.4716581144e+01    7.2372624939e+00    2.5796936581e+00   -1.7296274802e+01    1.2800000000e+02    7.9102509999e-03    6.4160156250e-01
        18   -7.3787943635e+00    5.4642852081e+01   -1.3937542402e+01    6.5587480388e+00    2.4797555306e+00   -1.6417297933e+01    1.2800000000e+02    7.6781870002e-03    6.3525390625e-01
        19   -7.4574761656e+00    5.5778700746e+01   -1.1330500088e+01    3.8730239228e+00    2.5469613558e+00   -1.3877461444e+01    1.2800000000e+02    7.8718690002e-03    6.5087890625e-01
        20   -7.3419246404e+00    5.4112874684e+01   -1.2408985781e+01    5.0670611406e+00    2.4149544619e+00   -1.4823940243e+01    1.2800000000e+02    7.7650140001e-03    6.3623046875e-01
        21   -7.4330300880e+00    5.5476361476e+01   -2.3027511555e+01    1.5594481467e+01    2.6123063537e+00   -2.5639817908e+01    1.2800000000e+02    7.8702930005e-03    6.4794921875e-01
        22   -7.4076958170e+00    5.5028213558e+01   -1.4385138320e+01    6.9774425032e+00    2.9305180188e+00   -1.7315656339e+01    1.2800000000e+02    7.7855380005e-03    6.5039062500e-01
        23   -7.5327988508e+00    5.6982443244e+01   -2.3429145017e+01    1.5896346167e+01    2.8178792824e+00   -2.6247024300e+01    1.2800000000e+02    7.8960740002e-03    6.1914062500e-01
        24   -7.5803390912e+00    5.7717059749e+01   -1.7538442981e+01    9.9581038898e+00    2.8633766880e+00   -2.0401819669e+01    1.2800000000e+02    8.2907739998e-03    6.4306640625e-01
        25   -7.6716427010e+00    5.9346393244e+01   -1.6945334035e+01    9.2736913337e+00    3.0649939975e+00   -2.0010328032e+01    1.2800000000e+02    7.8895389997e-03    6.4111328125e-01
        26   -7.3861657981e+00    5.4757104031e+01   -1.6335934094e+01    8.9497682955e+00    2.7356336306e+00   -1.9071567724e+01    1.2800000000e+02    7.6440679995e-03    6.2255859375e-01
        27   -7.3872299190e+00    5.4857791269e+01   -1.8598332036e+01    1.1211102116e+01    2.7392041380e+00   -2.1337536173e+01    1.2800000000e+02    7.6668040001e-03    6.2255859375e-01
        28   -7.5543655352e+00    5.7363039331e+01   -1.4116108325e+01    6.5617427897e+00    2.6974683005e+00   -1.6813576625e+01    1.2800000000e+02    7.7575700006e-03    6.2841796875e-01
        29   -7.7050195369e+00    5.9705553756e+01   -1.7853507811e+01    1.0148488274e+01    3.1886172923e+00   -2.1042125103e+01    1.2800000000e+02    7.6919270005e-03    6.2353515625e-01
        30   -7.5331040080e+00    5.6920204974e+01   -1.3692948303e+01    6.1598442950e+00    2.8989450548e+00   -1.6591893358e+01    1.2800000000e+02    7.7345299997e-03    6.3964843750e-01
        31   -7.3602676861e+00    5.4419798229e+01   -1.3328614853e+01    5.9683471674e+00    2.9015394869e+00   -1.6230154340e+01    1.2800000000e+02    7.6830110002e-03    6.2548828125e-01
        32   -7.4027103222e+00    5.5012377325e+01   -1.5047009929e+01    7.6442996068e+00    2.3483835446e+00   -1.7395393474e+01    1.2800000000e+02    7.7631510003e-03    6.3037109375e-01
        33   -7.5410736714e+00    5.7174103901e+01   -1.6433687523e+01    8.8926138518e+00    2.5523618502e+00   -1.8986049373e+01    1.2800000000e+02    7.7363800001e-03    6.3964843750e-01
        34   -7.3666550617e+00    5.4409523239e+01   -1.2208951040e+01    4.8422959782e+00    2.6344086275e+00   -1.4843359668e+01    1.2800000000e+02    7.9675820007e-03    6.6015625000e-01
        35   -7.5543604066e+00    5.7412823492e+01   -2.1216357609e+01    1.3661997203e+01    2.8496602994e+00   -2.4066017909e+01    1.2800000000e+02    7.7078390004e-03    6.2597656250e-01
        36   -7.3268682010e+00    5.3782146064e+01   -1.1533824907e+01    4.2069567064e+00    2.4177565102e+00   -1.3951581417e+01    1.2800000000e+02    7.9701499999e-03    6.5478515625e-01
        37   -7.6191438569e+00    5.8374545262e+01   -1.6935478681e+01    9.3163348245e+00    2.7610416768e+00   -1.9696520358e+01    1.2800000000e+02    7.6189820002e-03    6.2353515625e-01
        38   -7.4637695111e+00    5.5901332050e+01   -1.2608229875e+01    5.1444603641e+00    2.6173874853e+00   -1.5225617360e+01    1.2800000000e+02    7.8601780006e-03    6.4404296875e-01
        39   -7.3330298604e+00    5.3994480687e+01   -1.3382264945e+01    6.0492350848e+00    2.5641300736e+00   -1.5946395019e+01    1.2800000000e+02    7.6186289998e-03    6.2353515625e-01
        40   -7.3803592088e+00    5.4623817601e+01   -1.3501685018e+01    6.1213258094e+00    2.6512125405e+00   -1.6152897559e+01    1.2800000000e+02    8.0574880003e-03    6.4794921875e-01
        41   -7.3937995664e+00    5.4798659800e+01   -1.2371438684e+01    4.9776391180e+00    2.5375868748e+00   -1.4909025559e+01    1.2800000000e+02    7.7436590000e-03    6.4843750000e-01
        42   -7.4165518409e+00    5.5123709480e+01   -1.2929760200e+01    5.5132083589e+00    2.6143091236e+00   -1.5544069323e+01    1.2800000000e+02    7.8564659998e-03    6.4794921875e-01
        43   -7.5902811478e+00    5.7881206134e+01   -2.1877471673e+01    1.4287190525e+01    2.7033297698e+00   -2.4580801443e+01    1.2800000000e+02    7.7033170001e-03    6.4062500000e-01
        44   -7.4429812676e+00    5.5591213608e+01   -1.3311452355e+01    5.8684710878e+00    2.6650924433e+00   -1.5976544799e+01    1.2800000000e+02    7.7057999997e-03    6.4746093750e-01
        45   -7.4486848287e+00    5.5676271470e+01   -1.7999950932e+01    1.0551266104e+01    2.9415002499e+00   -2.0941451182e+01    1.2800000000e+02    7.7199139996e-03    6.1962890625e-01
        46   -7.6363810224e+00    5.8776411685e+01   -1.4522363135e+01    6.8859821129e+00    2.4934319831e+00   -1.7015795118e+01    1.2800000000e+02    7.7401600001e-03    6.4843750000e-01
        47   -7.4009291670e+00    5.4911626234e+01   -1.1737218695e+01    4.3362895283e+00    2.4601113488e+00   -1.4197330044e+01    1.2800000000e+02    7.8239980003e-03    6.4501953125e-01
        48   -7.3677413028e+00    5.4514039098e+01   -1.5213883921e+01    7.8461426186e+00    2.6942425954e+00   -1.7908126517e+01    1.2800000000e+02    7.6127339998e-03    6.1083984375e-01
        49   -7.4293960782e+00    5.5421772354e+01   -1.6769501542e+01    9.3401054634e+00    2.6860084809e+00   -1.9455510022e+01    1.2800000000e+02    7.8669559998e-03    6.3623046875e-01
        50   -7.6121852815e+00    5.8344416745e+01   -1.3975136367e+01    6.3629510858e+00    2.6100008210e+00   -1.6585137188e+01    1.2800000000e+02    7.6889189995e-03    6.3623046875e-01
        51   -7.4472761658e+00    5.5612234017e+01   -1.1436771177e+01    3.9894950116e+00    2.4625432403e+00   -1.3899314418e+01    1.2800000000e+02    7.9023489998e-03    6.5429687500e-01
        52   -7.6034446507e+00    5.8150074809e+01   -1.4027343235e+01    6.4238985839e+00    2.5713613024e+00   -1.6598704537e+01    1.2800000000e+02    7.6610339993e-03    6.2597656250e-01
        53   -7.2807666822e+00    5.3137831897e+01   -1.2957339359e+01    5.6765726770e+00    2.7844206330e+00   -1.5741759992e+01    1.2800000000e+02    7.8788110004e-03    6.4257812500e-01
        54   -7.3830112173e+00    5.4691375436e+01   -1.1994627928e+01    4.6116167102e+00    2.2521129042e+00   -1.4246740832e+01    1.2800000000e+02    7.7127599998e-03    6.5966796875e-01
        55   -7.3786673026e+00    5.4533444438e+01   -1.1474278145e+01    4.0956108429e+00    2.3029241436e+00   -1.3777202289e+01    1.2800000000e+02    7.8484200003e-03    6.5722656250e-01
        56   -7.4609674709e+00    5.5915453307e+01   -1.4409600590e+01    6.9486331190e+00    2.4920659711e+00   -1.6901666561e+01    1.2800000000e+02    7.7410740005e-03    6.4697265625e-01
        57   -7.4502064014e+00    5.5680650372e+01   -1.7771201084e+01    1.0320994682e+01    2.6669755270e+00   -2.0438176611e+01    1.2800000000e+02    7.7548569998e-03    6.3574218750e-01
        58   -7.4922419627e+00    5.6501277973e+01   -1.4747991835e+01    7.2557498720e+00    2.9956498049e+00   -1.7743641640e+01    1.2800000000e+02    7.5894049996e-03    6.0449218750e-01
        59   -7.4796329869e+00    5.6161231416e+01   -1.3841739253e+01    6.3621062659e+00    2.5398054043e+00   -1.6381544657e+01    1.2800000000e+02    7.7695380005e-03    6.4111328125e-01
        60   -7.4445322367e+00    5.5669787830e+01   -1.5158460879e+01    7.7139286420e+00    2.8172479313e+00   -1.7975708810e+01    1.2800000000e+02    7.8083690005e-03    6.3720703125e-01
        61   -7.3984088674e+00    5.4912600081e+01   -1.5298196485e+01    7.8997876178e+00    2.6423374167e+00   -1.7940533902e+01    1.2800000000e+02    7.7324270005e-03    6.3964843750e-01
        62   -7.4642505466e+00    5.5921685866e+01   -1.3373293049e+01    5.9090425027e+00    2.6570217878e+00   -1.6030314837e+01    1.2800000000e+02    7.9074820005e-03    6.4794921875e-01
        63   -7.4327309944e+00    5.5436979123e+01   -1.2712703741e+01    5.2799727463e+00    2.8320092712e+00   -1.5544713012e+01    1.2800000000e+02    8.0467910002e-03    6.3916015625e-01
        64   -7.5927102996e+00    5.7996724775e+01   -4.7604956195e+01    4.0012245895e+01    2.8084037146e+00   -5.0413359910e+01    1.2800000000e+02    7.8983260000e-03    6.2841796875e-01
        65   -7.4039408860e+00    5.4952109332e+01   -1.3022783294e+01    5.6188424083e+00    2.6700019602e+00   -1.5692785254e+01    1.2800000000e+02    7.7885220007e-03    6.5039062500e-01
        66   -7.3669937679e+00    5.4402599666e+01   -1.1653540662e+01    4.2865468946e+00    2.3794788213e+00   -1.4033019484e+01    1.2800000000e+02    7.9202350007e-03    6.6015625000e-01
        67   -7.5813974168e+00    5.7792737821e+01   -2.2891692715e+01    1.5310295298e+01    3.2661237496e+00   -2.6157816465e+01    1.2800000000e+02    7.6428470002e-03    6.1425781250e-01
        68   -7.5841102003e+00    5.7789604549e+01   -1.3389869833e+01    5.8057596327e+00    2.8980595009e+00   -1.6287929334e+01    1.2800000000e+02    7.8740540002e-03    6.3623046875e-01
        69   -7.5204870163e+00    5.6726659632e+01   -1.3931271162e+01    6.4107841456e+00    2.7005772596e+00   -1.6631848422e+01    1.2800000000e+02    7.8051669998e-03    6.6455078125e-01
        70   -7.4328431446e+00    5.5439698805e+01   -1.2457989006e+01    5.0251458616e+00    2.6474364837e+00   -1.5105425490e+01    1.2800000000e+02    7.9104890001e-03    6.5966796875e-01
        71   -7.6063927280e+00    5.8173392440e+01   -1.5275996451e+01    7.6696037225e+00    2.4941620104e+00   -1.7770158461e+01    1.2800000000e+02    7.5745230006e-03    6.3085937500e-01
        72   -7.4455562568e+00    5.5536658313e+01   -1.2025943067e+01    4.5803868106e+00    2.6231459682e+00   -1.4649089036e+01    1.2800000000e+02    7.8167180000e-03    6.3476562500e-01
        73   -7.6509254731e+00    5.9037001220e+01   -2.2480781628e+01    1.4829856155e+01    3.7603518472e+00   -2.6241133475e+01    1.2800000000e+02    7.6046639997e-03    6.0937500000e-01
        74   -7.3732333006e+00    5.4542789582e+01   -1.1233501394e+01    3.8602680935e+00    2.8317377966e+00   -1.4065239191e+01    1.2800000000e+02    7.8439500003e-03    6.4599609375e-01
        75   -7.4073097185e+00    5.5016347001e+01   -1.1292719162e+01    3.8854094438e+00    2.4358868215e+00   -1.3728605984e+01    1.2800000000e+02    7.8230870004e-03    6.6308593750e-01
        76   -7.4564747360e+00    5.5720945815e+01   -1.2001995291e+01    4.5455205549e+00    2.4631525070e+00   -1.4465147798e+01    1.2800000000e+02    7.7337540006e-03    6.3916015625e-01
        77   -7.5107192117e+00    5.6597955177e+01   -1.4783570807e+01    7.2728515952e+00    2.4559229172e+00   -1.7239493724e+01    1.2800000000e+02    7.8799309995e-03    6.5527343750e-01
        78   -7.5377308853e+00    5.7071794387e+01   -1.3605838555e+01    6.0681076697e+00    2.4981730741e+00   -1.6104011629e+01    1.2800000000e+02    7.7126189999e-03    6.4892578125e-01
        79   -7.5157394426e+00    5.6822511727e+01   -1.2485427333e+01    4.9696878905e+00    2.4369221877e+00   -1.4922349521e+01    1.2800000000e+02    7.8314949997e-03    6.5185546875e-01
        80   -7.4521490378e+00    5.5761065221e+01   -1.2554316942e+01    5.1021679038e+00    2.8456228572e+00   -1.5399939799e+01    1.2800000000e+02    7.7699839994e-03    6.4208984375e-01
        81   -7.3879899224e+00    5.4817558489e+01   -1.2450785074e+01    5.0627951516e+00    2.5617078576e+00   -1.5012492932e+01    1.2800000000e+02    7.8740110002e-03    6.4306640625e-01
        82   -7.5473270543e+00    5.7235892163e+01   -1.4582089448e+01    7.0347623939e+00    2.6544150388e+00   -1.7236504487e+01    1.2800000000e+02    7.6658950002e-03    6.3867187500e-01
        83   -7.5552528489e+00    5.7285864150e+01   -1.2346883454e+01    4.7916306054e+00    2.1801319545e+00   -1.4527015409e+01    1.2800000000e+02    7.7686340001e-03    6.6845703125e-01
        84   -7.4299824846e+00    5.5408382988e+01   -1.3709833949e+01    6.2798514647e+00    2.4669885306e+00   -1.6176822480e+01    1.2800000000e+02    7.6625709999e-03    6.4257812500e-01
        85   -7.4903720202e+00    5.6378713768e+01   -1.3273630579e+01    5.7832585587e+00    2.3218869753e+00   -1.5595517554e+01    1.2800000000e+02    7.8349760006e-03    6.5380859375e-01
        86   -7.3895023262e+00    5.4812708423e+01   -1.3570258626e+01    6.1807563001e+00    2.3924579345e+00   -1.5962716561e+01    1.2800000000e+02    7.7411749999e-03    6.3232421875e-01
        87   -7.6593447275e+00    5.9060429773e+01   -1.6468101567e+01    8.8087568395e+00    2.5965408042e+00   -1.9064642371e+01    1.2800000000e+02    7.9365230004e-03    6.4160156250e-01
        88   -7.4761403882e+00    5.6188738985e+01   -1.4361684303e+01    6.8855439149e+00    2.5561851384e+00   -1.6917869442e+01    1.2800000000e+02    7.6883069996e-03    6.4306640625e-01
        89   -7.5874069165e+00    5.7905723199e+01   -1.3974805832e+01    6.3873989158e+00    2.6187195342e+00   -1.6593525366e+01    1.2800000000e+02    7.8475950004e-03    6.4746093750e-01
        90   -7.4882342742e+00    5.6350958305e+01   -1.7454698322e+01    9.9664640482e+00    3.0423369986e+00   -2.0497035321e+01    1.2800000000e+02    7.6366610001e-03    6.3525390625e-01
        91   -7.4865637251e+00    5.6333103583e+01   -1.5514812613e+01    8.0282488882e+00    2.8382108778e+00   -1.8353023491e+01    1.2800000000e+02    7.6927300006e-03    6.1865234375e-01
        92   -7.5580445093e+00    5.7366097523e+01   -1.5831683961e+01    8.2736394520e+00    2.6155071630e+00   -1.8447191124e+01    1.2800000000e+02    7.8123980002e-03    6.2158203125e-01
        93   -7.5313364947e+00    5.6950306613e+01   -1.3021642195e+01    5.4903056999e+00    2.5631549756e+00   -1.5584797170e+01    1.2800000000e+02    7.7350820002e-03    6.3574218750e-01
        94   -7.5378960764e+00    5.6993145774e+01   -1.8788748254e+01    1.1250852178e+01    3.0909398383e+00   -2.1879688093e+01    1.2800000000e+02    7.7434310006e-03    6.0253906250e-01
        95   -7.5367972194e+00    5.7031275500e+01   -1.3557601961e+01    6.0208047411e+00    2.4286524301e+00   -1.5986254391e+01    1.2800000000e+02    7.6975550000e-03    6.2939453125e-01
        96   -7.4261905870e+00    5.5333017518e+01   -1.3717121624e+01    6.2909310373e+00    2.6313134577e+00   -1.6348435082e+01    1.2800000000e+02    7.7469360003e-03    6.2060546875e-01
        97   -7.4602623828e+00    5.5870741977e+01   -1.2166950194e+01    4.7066878113e+00    2.7445020023e+00   -1.4911452196e+01    1.2800000000e+02    7.7224500001e-03    6.4941406250e-01
        98   -7.5307757114e+00    5.6929118412e+01   -1.3622177672e+01    6.0914019605e+00    2.5735934277e+00   -1.6195771100e+01    1.2800000000e+02    7.8195139995e-03    6.3134765625e-01
        99   -7.3882906350e+00    5.4847750338e+01   -1.5884735624e+01    8.4964449894e+00    2.2889206692e+00   -1.8173656294e+01    1.2800000000e+02    7.5616999993e-03    6.4746093750e-01
       100   -7.4216574400e+00    5.5298449929e+01   -1.2972612691e+01    5.5509552510e+00    2.6127653116e+00   -1.5585378003e+01    1.2800000000e+02    7.8232190008e-03    6.4208984375e-01
       101   -7.4919087654e+00    5.6308057322e+01   -1.7481952112e+01    9.9900433464e+00    2.7994093476e+00   -2.0281361459e+01    1.2800000000e+02    7.6626930004e-03    6.1132812500e-01
       102   -7.3264373155e+00    5.3762066357e+01   -1.2877085582e+01    5.5506482667e+00    2.5296547780e+00   -1.5406740360e+01    1.2800000000e+02    7.8978510001e-03    6.5771484375e-01
       103   -7.3710555823e+00    5.4516323503e+01   -1.4370922825e+01    6.9998672423e+00    2.5709773465e+00   -1.6941900171e+01    1.2800000000e+02    7.6170319999e-03    6.2548828125e-01
       104   -7.5768767480e+00    5.7622214851e+01   -2.2767894441e+01    1.5191017693e+01    2.6790873966e+00   -2.5446981838e+01    1.2800000000e+02    7.8960010005e-03    6.5625000000e-01
       105   -7.4797563579e+00    5.6220480632e+01   -1.2526327954e+01    5.0465715962e+00    2.5679828021e+00   -1.5094310756e+01    1.2800000000e+02    7.8037109997e-03    6.5869140625e-01
       106   -7.4193416464e+00    5.5237585196e+01   -1.2246488340e+01    4.8271466934e+00    2.4987781268e+00   -1.4745266466e+01    1.2800000000e+02    7.7118789995e-03    6.4941406250e-01
       107   -7.5115224214e+00    5.6671206567e+01   -1.5216640356e+01    7.7051179344e+00    2.9562574146e+00   -1.8172897770e+01    1.2800000000e+02    7.7921570000e-03    6.1767578125e-01
       108   -7.5909939765e+00    5.7905794072e+01   -1.6098926756e+01    8.5079327792e+00    2.6020821571e+00   -1.8701008913e+01    1.2800000000e+02    7.7224510005e-03    6.4453125000e-01
       109   -7.4952584425e+00    5.6344737462e+01   -1.5861122464e+01    8.3658640213e+00    2.6486803660e+00   -1.8509802830e+01    1.2800000000e+02    7.8262659999e-03    6.3037109375e-01
       110   -7.4131846863e+00    5.5064339538e+01   -1.1364658900e+01    3.9514742137e+00    2.5381303008e+00   -1.3902789201e+01    1.2800000000e+02    7.7962589994e-03    6.5283203125e-01
       111   -7.6384288384e+00    5.8743374673e+01   -1.7561507248e+01    9.9230784093e+00    2.6806445355e+00   -2.0242151783e+01    1.2800000000e+02    7.7738189993e-03    6.3085937500e-01
       112   -7.5661855031e+00    5.7506573245e+01   -1.8455322593e+01    1.0889137090e+01    2.6456693508e+00   -2.1100991944e+01    1.2800000000e+02    7.4873639996e-03    6.1962890625e-01
       113   -7.5777380026e+00    5.7711721890e+01   -1.5351649035e+01    7.7739110328e+00    3.0280909836e+00   -1.8379740019e+01    1.2800000000e+02    7.7729549994e-03    6.3720703125e-01
       114   -7.4548172110e+00    5.6010287138e+01   -2.3196706305e+01    1.5741889094e+01    3.1515742095e+00   -2.6348280514e+01    1.2800000000e+02    7.5176090004e-03    6.0400390625e-01
       115   -7.5104666692e+00    5.6543934568e+01   -1.2913128408e+01    5.4026617388e+00    2.5866781214e+00   -1.5499806529e+01    1.2800000000e+02    7.8998680001e-03    6.5869140625e-01
       116   -7.3814283711e+00    5.4649167573e+01   -1.2735474263e+01    5.3540458919e+00    3.0308383389e+00   -1.5766312602e+01    1.2800000000e+02    7.6497270002e-03    6.2109375000e-01
       117   -7.4683521869e+00    5.5981923841e+01   -1.4214852239e+01    6.7465000524e+00    2.5832430089e+00   -1.6798095248e+01    1.2800000000e+02    7.8437239999e-03    6.3427734375e-01
       118   -7.4153450029e+00    5.5188024456e+01   -1.2648105035e+01    5.2327600324e+00    2.5729356340e+00   -1.5221040669e+01    1.2800000000e+02    7.7569559999e-03    6.4892578125e-01
       119   -7.5443717421e+00    5.7343107730e+01   -1.4837511788e+01    7.2931400459e+00    2.5744682664e+00   -1.7411980054e+01    1.2800000000e+02    7.8250090000e-03    6.3964843750e-01
       120   -7.5131560827e+00    5.6639579031e+01   -1.4334260360e+01    6.8211042775e+00    2.7607259178e+00   -1.7094986278e+01    1.2800000000e+02    7.7796850001e-03    6.4746093750e-01
       121   -7.5960213502e+00    5.8103233606e+01   -1.3624030152e+01    6.0280088018e+00    2.8855745307e+00   -1.6509604683e+01    1.2800000000e+02    7.7432520002e-03    6.3867187500e-01
       122   -7.4226742364e+00    5.5267058873e+01   -1.3642575835e+01    6.2199015984e+00    2.9829454642e+00   -1.6625521299e+01    1.2800000000e+02    7.8063399997e-03    6.1914062500e-01
       123   -7.4328523590e+00    5.5435688892e+01   -1.4559451008e+01    7.1265986486e+00    2.6516212822e+00   -1.7211072290e+01    1.2800000000e+02    7.7455000001e-03    6.3574218750e-01
       124   -7.5015382553e+00    5.6497626626e+01   -1.3174686289e+01    5.6731480333e+00    2.6954039341e+00   -1.5870090223e+01    1.2800000000e+02    7.9203140003e-03    6.5673828125e-01
       125   -7.5712098647e+00    5.7497581058e+01   -1.3516091822e+01    5.9448819573e+00    2.3036506638e+00   -1.5819742486e+01    1.2800000000e+02    7.6532569992e-03    6.5283203125e-01
       126   -7.4898022112e+00    5.6437598536e+01   -1.5325579841e+01    7.8357776302e+00    2.4263077973e+00   -1.7751887639e+01    1.2800000000e+02    7.8344889998e-03    6.4062500000e-01
       127   -7.5048123453e+00    5.6598769378e+01   -1.3363430929e+01    5.8586185840e+00    2.6368209040e+00   -1.6000251833e+01    1.2800000000e+02    7.7120890001e-03    6.4111328125e-01
       128   -7.4291780056e+00    5.5355708324e+01   -1.7730343208e+01    1.0301165202e+01    2.9553111906e+00   -2.0685654398e+01    1.2800000000e+02    7.7781149994e-03    6.3281250000e-01
       129   -7.4689542546e+00    5.6008912194e+01   -1.4335659633e+01    6.8667053785e+00    2.7175398489e+00   -1.7053199482e+01    1.2800000000e+02    7.7112359995e-03    6.3916015625e-01
       130   -7.4101791184e+00    5.5169378748e+01   -1.5928114563e+01    8.5179354446e+00    2.6623443053e+00   -1.8590458868e+01    1.2800000000e+02    7.9013779996e-03    6.3183593750e-01
       131   -7.4412806440e+00    5.5568007890e+01   -1.1975081594e+01    4.5338009498e+00    2.5799739118e+00   -1.4555055506e+01    1.2800000000e+02    7.6874699998e-03    6.4208984375e-01
       132   -7.4899534154e+00    5.6392027727e+01   -1.7152839037e+01    9.6628856215e+00    2.6628305428e+00   -1.9815669580e+01    1.2800000000e+02    7.8138030003e-03    6.3183593750e-01
       133   -7.4389271009e+00    5.5474745658e+01   -1.6771413288e+01    9.3324861874e+00    2.6237928107e+00   -1.9395206099e+01    1.2800000000e+02    7.7414309999e-03    6.4941406250e-01
       134   -7.4611431043e+00    5.5818625780e+01   -1.1216521858e+01    3.7553787536e+00    2.4734732808e+00   -1.3689995139e+01    1.2800000000e+02    7.9087429995e-03    6.5283203125e-01
       135   -7.4246684575e+00    5.5331183874e+01   -1.4837821514e+01    7.4131530564e+00    2.6299563557e+00   -1.7467777870e+01    1.2800000000e+02    7.7108300002e-03    6.4501953125e-01
       136   -7.4379847098e+00    5.5520556473e+01   -1.3637540589e+01    6.1995558793e+00    2.7316030913e+00   -1.6369143680e+01    1.2800000000e+02    7.7520540008e-03    6.4257812500e-01
       137   -7.5318019987e+00    5.6893605177e+01   -1.3989907864e+01    6.4581058653e+00    2.3488426737e+00   -1.6338750538e+01    1.2800000000e+02    7.7844830003e-03    6.4208984375e-01
       138   -7.4222801485e+00    5.5244804242e+01   -1.4372662474e+01    6.9503823259e+00    2.5363342053e+00   -1.6908996680e+01    1.2800000000e+02    7.8398720007e-03    6.6796875000e-01
       139   -7.4178658184e+00    5.5180235449e+01   -1.1614485714e+01    4.1966198951e+00    2.7719715971e+00   -1.4386457311e+01    1.2800000000e+02    7.8621210005e-03    6.4648437500e-01
       140   -7.4100813526e+00    5.5139521892e+01   -1.1923512178e+01    4.5134308252e+00    2.7674767112e+00   -1.4690988889e+01    1.2800000000e+02    7.8197809999e-03    6.6162109375e-01
       141   -7.5010732080e+00    5.6581410764e+01   -1.4927537269e+01    7.4264640608e+00    2.7295196085e+00   -1.7657056877e+01    1.2800000000e+02    7.7311900004e-03    6.2060546875e-01
       142   -7.3085512650e+00    5.3601587439e+01   -1.3406084645e+01    6.0975333800e+00    2.6324948385e+00   -1.6038579483e+01    1.2800000000e+02    7.5709019993e-03    6.1621093750e-01
       143   -7.5771220954e+00    5.7728917761e+01   -1.4262384095e+01    6.6852619999e+00    2.6785268028e+00   -1.6940910898e+01    1.2800000000e+02    7.8340299997e-03    6.3183593750e-01
       144   -7.4169441920e+00    5.5174081243e+01   -1.1440451585e+01    4.0235073929e+00    2.6002891565e+00   -1.4040740741e+01    1.2800000000e+02    7.8049720005e-03    6.5576171875e-01
       145   -7.4892817274e+00    5.6414339209e+01   -1.4780486580e+01    7.2912048525e+00    2.9890003127e+00   -1.7769486893e+01    1.2800000000e+02    7.8032250003e-03    6.2597656250e-01
       146   -7.3681734016e+00    5.4483049751e+01   -1.1581382077e+01    4.2132086750e+00    2.2264902728e+00   -1.3807872349e+01    1.2800000000e+02    7.7198039999e-03    6.5429687500e-01
       147   -7.4537768207e+00    5.5803097060e+01   -1.7545760535e+01    1.0091983714e+01    2.8037434578e+00   -2.0349503993e+01    1.2800000000e+02    7.7475690005e-03    6.1767578125e-01
       148   -7.4377856582e+00    5.5529424713e+01   -1.2985672246e+01    5.5478865873e+00    2.5578300614e+00   -1.5543502307e+01    1.2800000000e+02    7.6807249998e-03    6.4208984375e-01
       149   -7.4953475727e+00    5.6426811255e+01   -1.2518956852e+01    5.0236092790e+00    2.4569756754e+00   -1.4975932527e+01    1.2800000000e+02    7.9323559994e-03    6.6503906250e-01
       150   -7.4953002612e+00    5.6539503545e+01   -1.3443178412e+01    5.9478781509e+00    2.5334739082e+00   -1.5976652320e+01    1.2800000000e+02    7.6935560000e-03    6.3671875000e-01
       151   -7.3939075758e+00    5.4969413286e+01   -1.4409514486e+01    7.0156069100e+00    3.0599616841e+00   -1.7469476170e+01    1.2800000000e+02    7.9717599992e-03    6.3281250000e-01
       152   -7.5705434880e+00    5.7504545541e+01   -1.3253010575e+01    5.6824670874e+00    2.6516492970e+00   -1.5904659872e+01    1.2800000000e+02    7.7874640001e-03    6.5429687500e-01
       153   -7.3316668984e+00    5.3961192146e+01   -1.8073547989e+01    1.0741881090e+01    2.7936348288e+00   -2.0867182818e+01    1.2800000000e+02    7.6510990002e-03    6.2402343750e-01
       154   -7.4711835666e+00    5.6195739948e+01   -1.8471994938e+01    1.1000811371e+01    2.6250620854e+00   -2.1097057023e+01    1.2800000000e+02    7.7009050001e-03    6.2255859375e-01
       155   -7.6990070187e+00    5.9708805401e+01   -1.5054002165e+01    7.3549951463e+00    2.7908669785e+00   -1.7844869143e+01    1.2800000000e+02    7.7212730002e-03    6.3818359375e-01
       156   -7.6550506043e+00    5.8969399308e+01   -1.7214355914e+01    9.5593053098e+00    2.9794047331e+00   -2.0193760647e+01    1.2800000000e+02    7.8858509996e-03    6.4794921875e-01
       157   -7.5172390004e+00    5.6743292334e+01   -2.5387197288e+01    1.7869958287e+01    3.0164770923e+00   -2.8403674380e+01    1.2800000000e+02    7.5743230000e-03    6.1328125000e-01
       158   -7.4041812163e+00    5.5037476946e+01   -1.6566376530e+01    9.1621953134e+00    2.7511560719e+00   -1.9317532602e+01    1.2800000000e+02    7.8679359995e-03    6.3769531250e-01
       159   -7.3943967553e+00    5.4875858558e+01   -1.5931451532e+01    8.5370547765e+00    2.6316817191e+00   -1.8563133251e+01    1.2800000000e+02    7.7020909994e-03    6.3232421875e-01
       160   -7.4629253873e+00    5.5863909284e+01   -1.3011069792e+01    5.5481444043e+00    2.6802341009e+00   -1.5691303892e+01    1.2800000000e+02    7.8643130000e-03    6.3378906250e-01
       161   -7.7190688590e+00    5.9975670868e+01   -2.9184587226e+01    2.1465518367e+01    3.4054562670e+00   -3.2590043493e+01    1.2800000000e+02    7.6500579999e-03    6.0693359375e-01
       162   -7.6359082104e+00    5.8646439517e+01   -1.8679735772e+01    1.1043827562e+01    2.8418532943e+00   -2.1521589066e+01    1.2800000000e+02    7.8686320003e-03    6.3574218750e-01
       163   -7.3919099713e+00    5.4795192722e+01   -1.2910023328e+01    5.5181133568e+00    2.7637418736e+00   -1.5673765202e+01    1.2800000000e+02    7.7121060003e-03    6.3769531250e-01
       164   -7.5783645440e+00    5.7880229549e+01   -1.3701725457e+01    6.1233609134e+00    2.9714159469e+00   -1.6673141404e+01    1.2800000000e+02    7.9360499994e-03    6.3671875000e-01
       165   -7.3557119864e+00    5.4364619840e+01   -1.4512384295e+01    7.1566723085e+00    2.9117751071e+00   -1.7424159402e+01    1.2800000000e+02    8.2973310000e-03    6.1816406250e-01
       166   -7.4245147083e+00    5.5302219814e+01   -1.2016571436e+01    4.5920567273e+00    2.3500088893e+00   -1.4366580325e+01    1.2800000000e+02    8.2832170001e-03    6.5039062500e-01
       167   -7.4410659458e+00    5.5614343307e+01   -1.3682762517e+01    6.2416965715e+00    2.5334576607e+00   -1.6216220178e+01    1.2800000000e+02    7.7353629995e-03    6.4892578125e-01
       168   -7.3411092564e+00    5.4011750285e+01   -1.2970559731e+01    5.6294504745e+00    2.5585693043e+00   -1.5529129035e+01    1.2800000000e+02    8.1361880002e-03    6.3525390625e-01
       169   -7.6167676862e+00    5.8305489806e+01   -1.5666872408e+01    8.0501047221e+00    2.7303815747e+00   -1.8397253983e+01    1.2800000000e+02    7.9035319995e-03    6.3085937500e-01
       170   -7.5744969822e+00    5.7596785530e+01   -1.5466423135e+01    7.8919261528e+00    2.7903488013e+00   -1.8256771936e+01    1.2800000000e+02    7.9197929999e-03    6.3623046875e-01
       171   -7.4493872570e+00    5.5698568650e+01   -1.2132149241e+01    4.6827619843e+00    2.8994203713e+00   -1.5031569613e+01    1.2800000000e+02    8.1563080003e-03    6.3671875000e-01
       172   -7.6004262186e+00    5.8140260831e+01   -2.1531867548e+01    1.3931441330e+01    2.7796964262e+00   -2.4311563974e+01    1.2800000000e+02    7.7555480002e-03    6.1621093750e-01
       173   -7.4294957855e+00    5.5350264330e+01   -1.6553133697e+01    9.1236379115e+00    2.4825901546e+00   -1.9035723852e+01    1.2800000000e+02    8.0107120002e-03    6.3769531250e-01
       174   -7.4708470304e+00    5.6102168055e+01   -1.6786076848e+01    9.3152298179e+00    3.1466752410e+00   -1.9932752089e+01    1.2800000000e+02    7.8364029996e-03    6.2548828125e-01
       175   -7.4213629391e+00    5.5267980076e+01   -1.4341394030e+01    6.9200310910e+00    2.8852557490e+00   -1.7226649779e+01    1.2800000000e+02    7.9203549994e-03    6.3867187500e-01
       176   -7.4623496392e+00    5.5906318431e+01   -1.3419788928e+01    5.9574392887e+00    2.7968406450e+00   -1.6216629573e+01    1.2800000000e+02    7.9825080002e-03    6.2353515625e-01
       177   -7.4712763063e+00    5.6116430213e+01   -1.2139213343e+01    4.6679370366e+00    2.2653359562e+00   -1.4404549299e+01    1.2800000000e+02    7.9176969994e-03    6.6015625000e-01
       178   -7.4436162760e+00    5.5612126530e+01   -1.3847289419e+01    6.4036731434e+00    2.5053055269e+00   -1.6352594946e+01    1.2800000000e+02    8.0414969998e-03    6.3818359375e-01
       179   -7.4804485231e+00    5.6100342447e+01   -1.5665341754e+01    8.1848932309e+00    2.6275406420e+00   -1.8292882396e+01    1.2800000000e+02    7.8681280002e-03    6.2255859375e-01
       180   -7.3748463036e+00    5.4577495334e+01   -2.1849960252e+01    1.4475113949e+01    2.8376705067e+00   -2.4687630759e+01    1.2800000000e+02    7.9743490005e-03    6.2011718750e-01
       181   -7.4799208017e+00    5.6164991114e+01   -1.2169829791e+01    4.6899089892e+00    2.4947999990e+00   -1.4664629790e+01    1.2800000000e+02    7.9994420003e-03    6.5087890625e-01
       182   -7.4509442311e+00    5.5689442904e+01   -1.4011253183e+01    6.5603089520e+00    2.5781947404e+00   -1.6589447924e+01    1.2800000000e+02    8.0461529997e-03    6.4501953125e-01
       183   -7.6831415308e+00    5.9364149738e+01   -2.6870861076e+01    1.9187719545e+01    2.4024242753e+00   -2.9273285351e+01    1.2800000000e+02    7.9783789997e-03    6.5039062500e-01
       184   -7.4566347683e+00    5.5867333574e+01   -1.4625497925e+01    7.1688631568e+00    2.4111665420e+00   -1.7036664467e+01    1.2800000000e+02    8.1673380000e-03    6.5283203125e-01
       185   -7.4588167278e+00    5.5853526834e+01   -1.9953904631e+01    1.2495087903e+01    2.9653417673e+00   -2.2919246398e+01    1.2800000000e+02    7.9631550007e-03    6.2841796875e-01
       186   -7.4524873896e+00    5.5750181076e+01   -1.3592295962e+01    6.1398085723e+00    2.8035333472e+00   -1.6395829309e+01    1.2800000000e+02    8.1221660002e-03    6.4794921875e-01
       187   -7.3286688196e+00    5.3955585848e+01   -1.5804484427e+01    8.4758156070e+00    2.7385654935e+00   -1.8543049920e+01    1.2800000000e+02    8.0414409995e-03    6.4062500000e-01
       188   -7.4012576517e+00    5.4941126220e+01   -1.2376297386e+01    4.9750397344e+00    2.5305426021e+00   -1.4906839988e+01    1.2800000000e+02    8.0930200002e-03    6.4746093750e-01
       189   -7.4627680360e+00    5.5899125427e+01   -1.2550083823e+01    5.0873157871e+00    2.6618852037e+00   -1.5211969027e+01    1.2800000000e+02    7.9344260002e-03    6.2988281250e-01
       190   -7.3481734376e+00    5.4157153511e+01   -1.0912954751e+01    3.5647813134e+00    2.7269097686e+00   -1.3639864520e+01    1.2800000000e+02    8.0506989998e-03    6.5332031250e-01
       191   -7.4169194359e+00    5.5230922080e+01   -1.7221515083e+01    9.8045956469e+00    2.7728035742e+00   -1.9994318657e+01    1.2800000000e+02    7.9104570004e-03    6.3183593750e-01
       192   -7.6343350827e+00    5.8565629089e+01   -1.8372192874e+01    1.0737857791e+01    3.0024158915e+00   -2.1374608766e+01    1.2800000000e+02    7.7965389992e-03    6.2109375000e-01
       193   -7.5917742404e+00    5.7866180531e+01   -1.5275005358e+01    7.6832311176e+00    2.5667411920e+00   -1.7841746550e+01    1.2800000000e+02    8.1369090003e-03    6.5478515625e-01
       194   -7.5494937716e+00    5.7247104987e+01   -1.3823425361e+01    6.2739315898e+00    2.6967514288e+00   -1.6520176790e+01    1.2800000000e+02    7.9428129993e-03    6.4941406250e-01
       195   -7.4416120017e+00    5.5693535317e+01   -1.5337031091e+01    7.8954190888e+00    2.4902494090e+00   -1.7827280500e+01    1.2800000000e+02    8.0141199996e-03    6.4062500000e-01
       196   -7.4840299347e+00    5.6219318992e+01   -1.6561870756e+01    9.0778408211e+00    2.8599555829e+00   -1.9421826339e+01    1.2800000000e+02    7.8657500007e-03    6.2500000000e-01
       197   -7.3845154009e+00    5.4758473870e+01   -1.4446112650e+01    7.0615972496e+00    2.8634969767e+00   -1.7309609627e+01    1.2800000000e+02    7.8340680002e-03    6.3623046875e-01
       198   -7.4842040306e+00    5.6257194873e+01   -1.3823692118e+01    6.3394880878e+00    2.6663726296e+00   -1.6490064748e+01    1.2800000000e+02    8.0717319997e-03    6.3378906250e-01
       199   -7.4756386319e+00    5.6024960067e+01   -1.2691052453e+01    5.2154138214e+00    2.4355320308e+00   -1.5126584484e+01    1.2800000000e+02    7.9399360002e-03    6.5771484375e-01
       200   -7.4742232763e+00    5.6002545075e+01   -1.2506243123e+01    5.0320198465e+00    2.4304007310e+00   -1.4936643854e+01    1.2800000000e+02    7.9272869998e-03    6.6113281250e-01
       201   -7.5268581962e+00    5.6898305475e+01   -1.2784395530e+01    5.2575373336e+00    2.7225720439e+00   -1.5506967574e+01    1.2800000000e+02    8.1006159999e-03    6.5917968750e-01
       202   -7.4082197088e+00    5.5043543167e+01   -1.3787300026e+01    6.3790803169e+00    2.8434777301e+00   -1.6630777756e+01    1.2800000000e+02    7.8884639997e-03    6.3623046875e-01
       203   -7.5613253115e+00    5.7399660530e+01   -1.2699827488e+01    5.1385021761e+00    2.6812127420e+00   -1.5381040230e+01    1.2800000000e+02    8.1357419995e-03    6.5380859375e-01
       204   -7.3859615992e+00    5.4674178413e+01   -1.3097500674e+01    5.7115390749e+00    2.7526868598e+00   -1.5850187534e+01    1.2800000000e+02    7.8823069998e-03    6.4062500000e-01
       205   -7.4801819779e+00    5.6239901837e+01   -1.4645399142e+01    7.1652171644e+00    3.0352414371e+00   -1.7680640579e+01    1.2800000000e+02    8.0779399996e-03    6.6015625000e-01
       206   -7.4083600616e+00    5.5016934200e+01   -1.2920978801e+01    5.5126187397e+00    2.3606738932e+00   -1.5281652694e+01    1.2800000000e+02    8.0036010004e-03    6.6210937500e-01
       207   -7.4358159999e+00    5.5535520036e+01   -1.3772785772e+01    6.3369697723e+00    2.7325505249e+00   -1.6505336297e+01    1.2800000000e+02    1.0346106000e-02    6.4013671875e-01
       208   -7.4319134620e+00    5.5466054848e+01   -1.5530171965e+01    8.0982585031e+00    2.7031417902e+00   -1.8233313755e+01    1.2800000000e+02    8.0159440004e-03    6.2744140625e-01
       209   -7.5061744323e+00    5.6482940250e+01   -2.3021659207e+01    1.5515484775e+01    2.8186834176e+00   -2.5840342625e+01    1.2800000000e+02    7.8640420006e-03    6.4257812500e-01
       210   -7.4472265956e+00    5.5643310617e+01   -1.1897420489e+01    4.4501938936e+00    2.3054062964e+00   -1.4202826786e+01    1.2800000000e+02    7.8497140003e-03    6.4843750000e-01
       211   -7.6938961143e+00    5.9610692668e+01   -1.4999672097e+01    7.3057759825e+00    2.7119423085e+00   -1.7711614405e+01    1.2800000000e+02    7.7817319998e-03    6.3623046875e-01
       212   -7.3940709614e+00    5.4831228290e+01   -1.1152103041e+01    3.7580320795e+00    2.6217802917e+00   -1.3773883333e+01    1.2800000000e+02    8.0204870001e-03    6.6992187500e-01
       213   -7.5270802388e+00    5.6881404111e+01   -1.3583730888e+01    6.0566506492e+00    2.3956423746e+00   -1.5979373263e+01    1.2800000000e+02    7.6985940004e-03    6.4111328125e-01
       214   -7.5521284729e+00    5.7212264603e+01   -1.2948336708e+01    5.3962082353e+00    2.8136952899e+00   -1.5762031998e+01    1.2800000000e+02    8.0504490006e-03    6.4501953125e-01
       215   -7.4621454171e+00    5.5812985306e+01   -1.1044015703e+01    3.5818702861e+00    2.5123242617e+00   -1.3556339965e+01    1.2800000000e+02    7.8840240003e-03    6.6943359375e-01
       216   -7.4575897773e+00    5.5816275987e+01   -1.1413159388e+01    3.9555696106e+00    2.6098119382e+00   -1.4022971326e+01    1.2800000000e+02    7.9868089997e-03    6.6552734375e-01
       217   -7.4922247453e+00    5.6297874385e+01   -1.2758060224e+01    5.2658354790e+00    2.5679648433e+00   -1.5326025068e+01    1.2800000000e+02    7.7545149998e-03    6.5576171875e-01
       218   -7.2864470407e+00    5.3317222443e+01   -1.4708052617e+01    7.4216055759e+00    2.9239971898e+00   -1.7632049806e+01    1.2800000000e+02    7.7809190007e-03    6.0937500000e-01
       219   -7.4433527356e+00    5.5564011179e+01   -1.2028034513e+01    4.5846817778e+00    2.5588545120e+00   -1.4586889025e+01    1.2800000000e+02    7.9365380006e-03    6.7724609375e-01
       220   -7.3624096863e+00    5.4450343127e+01   -1.2881517557e+01    5.5191078704e+00    2.2231762888e+00   -1.5104693845e+01    1.2800000000e+02    7.8160110006e-03    6.3916015625e-01
       221   -7.4763962233e+00    5.6105199480e+01   -1.3884230025e+01    6.4078338017e+00    2.3827475310e+00   -1.6266977556e+01    1.2800000000e+02    7.7180779999e-03    6.5478515625e-01
       222   -7.4999282784e+00    5.6498295000e+01   -1.5578246495e+01    8.0783182164e+00    2.9181248807e+00   -1.8496371375e+01    1.2800000000e+02    7.8214320001e-03    6.1621093750e-01
       223   -7.5563810893e+00    5.7315721021e+01   -1.6726255470e+01    9.1698743810e+00    2.5661161310e+00   -1.9292371601e+01    1.2800000000e+02    7.6326380004e-03    6.2597656250e-01
       224   -7.4665491965e+00    5.6030573384e+01   -1.5888449531e+01    8.4219003345e+00    2.6622696084e+00   -1.8550719139e+01    1.2800000000e+02    7.6979230007e-03    6.2304687500e-01
       225   -7.4912588501e+00    5.6358224024e+01   -1.4357883758e+01    6.8666249080e+00    2.7410851298e+00   -1.7098968888e+01    1.2800000000e+02    7.8183340001e-03    6.2451171875e-01
       226   -7.5980872346e+00    5.8136464020e+01   -1.5379356960e+01    7.7812697251e+00    2.8582069393e+00   -1.8237563899e+01    1.2800000000e+02    7.8107999998e-03    6.3720703125e-01
       227   -7.7308072000e+00    6.0142081623e+01   -1.4851949285e+01    7.1211420854e+00    2.4768825850e+00   -1.7328831870e+01    1.2800000000e+02    7.8928729999e-03    6.4843750000e-01
       228   -7.3899716924e+00    5.4816173314e+01   -1.4417458402e+01    7.0274867100e+00    2.9509983250e+00   -1.7368456727e+01    1.2800000000e+02    7.7448840002e-03    6.2207031250e-01
       229   -7.4180498797e+00    5.5207262723e+01   -1.2987529470e+01    5.5694795902e+00    2.3166027917e+00   -1.5304132262e+01    1.2800000000e+02    7.8428429997e-03    6.3769531250e-01
       230   -7.5856222014e+00    5.7836496685e+01   -1.2378124776e+01    4.7925025747e+00    2.4804297483e+00   -1.4858554524e+01    1.2800000000e+02    7.7444580002e-03    6.5820312500e-01
       231   -7.5940464260e+00    5.8049453156e+01   -1.5732121312e+01    8.1380748864e+00    2.5936989644e+00   -1.8325820277e+01    1.2800000000e+02    7.8750680004e-03    6.3720703125e-01
       232   -7.4166377060e+00    5.5187903818e+01   -1.5140369913e+01    7.7237322066e+00    2.6119347149e+00   -1.7752304628e+01    1.2800000000e+02    7.6816729998e-03    6.2451171875e-01
       233   -7.3911662366e+00    5.4856043080e+01   -1.4116739441e+01    6.7255732046e+00    2.3828418933e+00   -1.6499581335e+01    1.2800000000e+02    7.7591039999e-03    6.3574218750e-01
       234   -7.6079972272e+00    5.8097384082e+01   -2.0190344041e+01    1.2582346814e+01    2.4893611043e+00   -2.2679705145e+01    1.2800000000e+02    7.8212409999e-03    6.5478515625e-01
       235   -7.5088703434e+00    5.6596465436e+01   -1.4674886273e+01    7.1660159293e+00    2.5930850702e+00   -1.7267971343e+01    1.2800000000e+02    7.8252880003e-03    6.3476562500e-01
       236   -7.3738837106e+00    5.4584674637e+01   -1.2620109570e+01    5.2462258598e+00    2.8236960476e+00   -1.5443805618e+01    1.2800000000e+02    7.8110730001e-03    6.6162109375e-01
       237   -7.4715825330e+00    5.6055651007e+01   -1.3454300562e+01    5.9827180291e+00    2.4612011324e+00   -1.5915501694e+01    1.2800000000e+02    7.8543700001e-03    6.2890625000e-01
       238   -7.3673616155e+00    5.4436399756e+01   -1.2818420591e+01    5.4510589754e+00    2.7209673202e+00   -1.5539387911e+01    1.2800000000e+02    7.7917649996e-03    6.5576171875e-01
       239   -7.4460672377e+00    5.5638264669e+01   -1.5165209127e+01    7.7191418894e+00    2.8503489868e+00   -1.8015558114e+01    1.2800000000e+02    7.8573960000e-03    6.3818359375e-01
       240   -7.5740955613e+00    5.7577843348e+01   -1.8593540388e+01    1.1019444827e+01    2.9487927135e+00   -2.1542333102e+01    1.2800000000e+02    7.7380020002e-03    6.3671875000e-01
       241   -7.4738091975e+00    5.5968788691e+01   -1.5043050362e+01    7.5692411641e+00    2.8406074297e+00   -1.7883657791e+01    1.2800000000e+02    7.6423399996e-03    6.1621093750e-01
       242   -7.5810540552e+00    5.7795261724e+01   -1.5357701668e+01    7.7766476131e+00    2.7535468020e+00   -1.8111248470e+01    1.2800000000e+02    7.8809059996e-03    6.3769531250e-01
       243   -7.3273126908e+00    5.3871212188e+01   -1.2557423413e+01    5.2301107218e+00    2.3462232382e+00   -1.4903646651e+01    1.2800000000e+02    7.7844529997e-03    6.6015625000e-01
       244   -7.5342718250e+00    5.7045151538e+01   -1.4265359938e+01    6.7310881127e+00    2.7279239740e+00   -1.6993283912e+01    1.2800000000e+02    7.9175889996e-03    6.4306640625e-01
       245   -7.6368812134e+00    5.8808482267e+01   -1.5027783532e+01    7.3909023189e+00    2.2449905460e+00   -1.7272774078e+01    1.2800000000e+02    7.7007840000e-03    6.4306640625e-01
       246   -7.3636511940e+00    5.4432060752e+01   -1.3928064883e+01    6.5644136890e+00    2.6579973944e+00   -1.6586062277e+01    1.2800000000e+02    7.8415779999e-03    6.2890625000e-01
       247   -7.5166536320e+00    5.6838861467e+01   -1.4615332040e+01    7.0986784085e+00    2.7871483192e+00   -1.7402480360e+01    1.2800000000e+02    7.7875789993e-03    6.5039062500e-01
       248   -7.6208888889e+00    5.8580656253e+01   -1.5019382190e+01    7.3984933014e+00    2.8990688144e+00   -1.7918451005e+01    1.2800000000e+02    7.8493860001e-03    6.3378906250e-01
       249   -7.4204925786e+00    5.5231882009e+01   -1.5215003638e+01    7.7945110592e+00    2.4938927656e+00   -1.7708896403e+01    1.2800000000e+02    7.7777170000e-03    6.5185546875e-01
       250   -7.4876825638e+00    5.6369938031e+01   -1.8094119689e+01    1.0606437126e+01    3.0473213936e+00   -2.1141441083e+01    1.2800000000e+02    7.8020589999e-03    6.1621093750e-01
       251   -7.3765064046e+00    5.4516782200e+01   -1.1659699035e+01    4.2831926301e+00    2.2577319178e+00   -1.3917430952e+01    1.2800000000e+02    7.6819759997e-03    6.5429687500e-01
       252   -7.4649452938e+00    5.6000347363e+01   -1.3018792105e+01    5.5538468112e+00    2.3697311454e+00   -1.5388523250e+01    1.2800000000e+02    7.7279329998e-03    6.3964843750e-01
       253   -7.3268729377e+00    5.3908623748e+01   -1.3678113692e+01    6.3512407546e+00    2.7643968684e+00   -1.6442510561e+01    1.2800000000e+02    7.7497110005e-03    6.2939453125e-01
       254   -7.5404278829e+00    5.7125755525e+01   -1.9827092697e+01    1.2286664814e+01    2.8191604855e+00   -2.2646253183e+01    1.2800000000e+02    7.8410959995e-03    6.2304687500e-01
       255   -7.4372748006e+00    5.5501739690e+01   -1.3257267584e+01    5.8199927838e+00    2.3672221008e+00   -1.5624489685e+01    1.2800000000e+02    7.7419139998e-03    6.5234375000e-01
       256   -7.3757197767e+00    5.4508095734e+01   -1.1551229302e+01    4.1755095254e+00    2.3325396263e+00   -1.3883768928e+01    1.2800000000e+02    7.8023369997e-03    6.6210937500e-01
       257   -7.4312652471e+00    5.5357460791e+01   -1.7153365746e+01    9.7221004991e+00    2.8247414207e+00   -1.9978107167e+01    1.2800000000e+02    7.9614809993e-03    6.4062500000e-01
       258   -7.4916805212e+00    5.6403266909e+01   -1.1906996635e+01    4.4153161139e+00    2.2713284803e+00   -1.4178325115e+01    1.2800000000e+02    7.7861829996e-03    6.6796875000e-01
       259   -7.3250891812e+00    5.3877838381e+01   -1.4215946297e+01    6.8908571154e+00    2.5042272790e+00   -1.6720173576e+01    1.2800000000e+02    7.8088159999e-03    6.3134765625e-01
       260   -7.3471693260e+00    5.4194565461e+01   -2.2098373241e+01    1.4751203915e+01    2.8955930764e+00   -2.4993966317e+01    1.2800000000e+02    7.6768399995e-03    6.2109375000e-01
       261   -7.4639559937e+00    5.5926479890e+01   -2.1862036908e+01    1.4398080914e+01    2.8663815955e+00   -2.4728418503e+01    1.2800000000e+02    7.7946180008e-03    6.2695312500e-01
       262   -7.3360512188e+00    5.3928199900e+01   -1.5963414232e+01    8.6273630127e+00    2.7719413266e+00   -1.8735355558e+01    1.2800000000e+02    7.7213619998e-03    6.5332031250e-01
       263   -7.3723733845e+00    5.4480359513e+01   -1.1412648565e+01    4.0402751801e+00    2.6590639778e+00   -1.4071712542e+01    1.2800000000e+02    7.9369120003e-03    6.4550781250e-01
       264   -7.5194951903e+00    5.6768715446e+01   -1.6185187693e+01    8.6656925027e+00    3.1954008784e+00   -1.9380588571e+01    1.2800000000e+02    7.7547399997e-03    6.2988281250e-01
       265   -7.5443406313e+00    5.7035909710e+01   -1.4054201664e+01    6.5098610323e+00    2.8056426119e+00   -1.6859844275e+01    1.2800000000e+02    7.8384740000e-03    6.2597656250e-01
       266   -7.4141870288e+00    5.5137586513e+01   -1.1542753710e+01    4.1285666807e+00    2.5304889651e+00   -1.4073242675e+01    1.2800000000e+02    7.8244830001e-03    6.5917968750e-01
       267   -7.4261003166e+00    5.5346709455e+01   -2.2290830878e+01    1.4864730561e+01    2.8119235313e+00   -2.5102754409e+01    1.2800000000e+02    7.7617910001e-03    6.2451171875e-01
       268   -7.3699479226e+00    5.4548560216e+01   -1.1883877475e+01    4.5139295524e+00    2.6637461085e+00   -1.4547623584e+01    1.2800000000e+02    7.8191040002e-03    6.5673828125e-01
       269   -7.4337815252e+00    5.5523860041e+01   -1.8639104448e+01    1.1205322923e+01    2.8373424330e+00   -2.1476446881e+01    1.2800000000e+02    7.9781519999e-03    6.1914062500e-01
       270   -7.4027122460e+00    5.5068085915e+01   -1.4865557319e+01    7.4628450732e+00    2.9256261522e+00   -1.7791183471e+01    1.2800000000e+02    7.7041960003e-03    6.2744140625e-01
       271   -7.4617558175e+00    5.5860769029e+01   -1.2056526046e+01    4.5947702286e+00    2.5540690317e+00   -1.4610595078e+01    1.2800000000e+02    7.9907380004e-03    6.4550781250e-01
       272   -7.5294086023e+00    5.6903057186e+01   -1.5137625375e+01    7.6082167730e+00    2.7009986670e+00   -1.7838624042e+01    1.2800000000e+02    7.7323230007e-03    6.3525390625e-01
       273   -7.6293830826e+00    5.8477875302e+01   -1.9008019911e+01    1.1378636829e+01    3.0630989589e+00   -2.2071118870e+01    1.2800000000e+02    7.6182829998e-03    6.1425781250e-01
       274   -7.5316936410e+00    5.7017334892e+01   -1.8105495083e+01    1.0573801442e+01    2.7178593838e+00   -2.0823354467e+01    1.2800000000e+02    7.9105129998e-03    6.3769531250e-01
       275   -7.5592237780e+00    5.7405288148e+01   -2.0246577472e+01    1.2687353694e+01    2.9760481915e+00   -2.3222625664e+01    1.2800000000e+02    7.5832620005e-03    6.0595703125e-01
       276   -7.6032100658e+00    5.8012824688e+01   -2.0241142002e+01    1.2637931937e+01    2.8956041541e+00   -2.3136746156e+01    1.2800000000e+02    7.8345679995e-03    6.2109375000e-01
       277   -7.4875681143e+00    5.6253593012e+01   -1.2765163625e+01    5.2775955103e+00    2.1014090032e+00   -1.4866572628e+01    1.2800000000e+02    7.6519450004e-03    6.4990234375e-01
       278   -7.5099059622e+00    5.6645224723e+01   -1.3309530088e+01    5.7996241253e+00    2.4621555153e+00   -1.5771685603e+01    1.2800000000e+02    8.0867120005e-03    6.7041015625e-01
       279   -7.5137853174e+00    5.6686781507e+01   -1.2530436522e+01    5.0166512050e+00    2.4323171204e+00   -1.4962753643e+01    1.2800000000e+02    7.7984210002e-03    6.6552734375e-01
       280   -7.3714358404e+00    5.4466043810e+01   -1.3125324857e+01    5.7538890168e+00    2.4779538923e+00   -1.5603278749e+01    1.2800000000e+02    7.8956369998e-03    6.4843750000e-01
       281   -7.7327798426e+00    6.0109547620e+01   -1.6444929835e+01    8.7121499920e+00    2.6538743204e+00   -1.9098804155e+01    1.2800000000e+02    7.7528129996e-03    6.4355468750e-01
       282   -7.5147188048e+00    5.6798097823e+01   -1.3046122475e+01    5.5314036698e+00    2.4017294457e+00   -1.5447851920e+01    1.2800000000e+02    7.8780300000e-03    6.5136718750e-01
       283   -7.3145408192e+00    5.3686427541e+01   -1.4437135895e+01    7.1225950757e+00    2.4198727270e+00   -1.6857008622e+01    1.2800000000e+02    7.6704370003e-03    6.5087890625e-01
       284   -7.5947524024e+00    5.7957679079e+01   -1.6211895518e+01    8.6171431157e+00    3.0673769262e+00   -1.9279272444e+01    1.2800000000e+02    7.9281489998e-03    6.4843750000e-01
       285   -7.5800095362e+00    5.7746177418e+01   -1.6402109884e+01    8.8221003479e+00    2.9998660473e+00   -1.9401975931e+01    1.2800000000e+02    7.6708889992e-03    6.1621093750e-01
       286   -7.3532556225e+00    5.4288911455e+01   -1.0831326558e+01    3.4780709354e+00    2.6717449915e+00   -1.3503071549e+01    1.2800000000e+02    7.9802729997e-03    6.6992187500e-01
       287   -7.5707533328e+00    5.7609394525e+01   -1.3852651515e+01    6.2818981818e+00    2.5619973330e+00   -1.6414648848e+01    1.2800000000e+02    7.7378900005e-03    6.4013671875e-01
       288   -7.5586757722e+00    5.7368073036e+01   -1.3176121702e+01    5.6174459300e+00    2.3963888173e+00   -1.5572510520e+01    1.2800000000e+02    7.8489460002e-03    6.5087890625e-01
       289   -7.4838590332e+00    5.6235690964e+01   -1.4423451847e+01    6.9395928139e+00    2.8887165975e+00   -1.7312168445e+01    1.2800000000e+02    7.7892199997e-03    6.4794921875e-01
       290   -7.3799931551e+00    5.4626635216e+01   -1.2607233884e+01    5.2272407286e+00    2.4890895882e+00   -1.5096323472e+01    1.2800000000e+02    7.8032399997e-03    6.4892578125e-01
       291   -7.4003429072e+00    5.4890084143e+01   -1.4619580212e+01    7.2192373045e+00    2.5140599804e+00   -1.7133640192e+01    1.2800000000e+02    8.5407389997e-03    6.4160156250e-01
       292   -7.4892164133e+00    5.6266546576e+01   -1.6781550974e+01    9.2923345606e+00    2.8250767826e+00   -1.9606627757e+01    1.2800000000e+02    7.6914680003e-03    6.3281250000e-01
       293   -7.4866510260e+00    5.6335844123e+01   -1.1608014028e+01    4.1213630020e+00    2.5229733078e+00   -1.4130987336e+01    1.2800000000e+02    8.0184210001e-03    6.6894531250e-01
       294   -7.5964983190e+00    5.8117284190e+01   -1.8174031175e+01    1.0577532856e+01    2.9364099322e+00   -2.1110441107e+01    1.2800000000e+02    7.6442630007e-03    6.1425781250e-01
       295   -7.5803362474e+00    5.7801420127e+01   -2.0672144845e+01    1.3091808597e+01    2.6681525108e+00   -2.3340297355e+01    1.2800000000e+02    7.8358850005e-03    6.3183593750e-01
       296   -7.3577812217e+00    5.4210211897e+01   -1.1562827069e+01    4.2050458478e+00    2.7635809925e+00   -1.4326408062e+01    1.2800000000e+02    7.8004600000e-03    6.4697265625e-01
       297   -7.5791837599e+00    5.7797716898e+01   -1.6344103087e+01    8.7649193273e+00    3.1598363240e+00   -1.9503939411e+01    1.2800000000e+02    7.8317440002e-03    6.2255859375e-01
       298   -7.5011858436e+00    5.6467992020e+01   -1.3619641974e+01    6.1184561300e+00    2.6454914178e+00   -1.6265133391e+01    1.2800000000e+02    7.7248609996e-03    6.3134765625e-01
       299   -7.4531792357e+00    5.5748970744e+01   -1.3590953056e+01    6.1377738198e+00    2.3306750309e+00   -1.5921628086e+01    1.2800000000e+02    7.8103649994e-03    6.3232421875e-01
       300   -7.5382087918e+00    5.7303508307e+01   -1.4439145118e+01    6.9009363258e+00    2.9569827275e+00   -1.7396127845e+01    1.2800000000e+02    7.8032259999e-03    6.3720703125e-01
       301   -7.3789883585e+00    5.4752042586e+01   -1.4118563836e+01    6.7395754778e+00    2.7193768084e+00   -1.6837940645e+01    1.2800000000e+02    7.9822999996e-03    6.4941406250e-01
       302   -7.4042806957e+00    5.5053208678e+01   -1.6317833460e+01    8.9135527641e+00    2.6153587499e+00   -1.8933192210e+01    1.2800000000e+02    7.6949490003e-03    6.2060546875e-01
       303   -7.4085502150e+00    5.5034913647e+01   -1.1488111962e+01    4.0795617474e+00    2.7141275717e+00   -1.4202239534e+01    1.2800000000e+02    7.9749160004e-03    6.6503906250e-01
       304   -7.4242216330e+00    5.5302870878e+01   -1.4613450497e+01    7.1892288636e+00    3.0756669076e+00   -1.7689117404e+01    1.2800000000e+02    7.7517069994e-03    6.4062500000e-01
       305   -7.5145649312e+00    5.6729780828e+01   -1.8602114135e+01    1.1087549204e+01    2.8819166048e+00   -2.1484030740e+01    1.2800000000e+02    7.8002110004e-03    6.2207031250e-01
       306   -7.2994120880e+00    5.3429982500e+01   -1.4122594013e+01    6.8231819253e+00    2.5385516183e+00   -1.6661145632e+01    1.2800000000e+02    7.7395629996e-03    6.3720703125e-01
       307   -7.4252978976e+00    5.5339792842e+01   -1.3344613200e+01    5.9193153029e+00    2.5710647526e+00   -1.5915677953e+01    1.2800000000e+02    7.8515429996e-03    6.4013671875e-01
       308   -7.5558911436e+00    5.7246658962e+01   -1.6519670078e+01    8.9637789342e+00    2.6027940073e+00   -1.9122464085e+01    1.2800000000e+02    7.9653499997e-03    6.5136718750e-01
       309   -7.6548004037e+00    5.9052757998e+01   -1.4821546171e+01    7.1667457675e+00    2.6679162839e+00   -1.7489462455e+01    1.2800000000e+02    7.8330199995e-03    6.3720703125e-01
       310   -7.7268227934e+00    6.0090913191e+01   -1.6250927630e+01    8.5241048370e+00    2.7080822802e+00   -1.8959009911e+01    1.2800000000e+02    7.9108540003e-03    6.2500000000e-01
       311   -7.4635355832e+00    5.5964064051e+01   -1.2048090416e+01    4.5845548329e+00    2.5148328708e+00   -1.4562923287e+01    1.2800000000e+02    7.8199499994e-03    6.5234375000e-01
       312   -7.3872463963e+00    5.4658221800e+01   -1.2376871445e+01    4.9896250483e+00    2.7140112062e+00   -1.5090882651e+01    1.2800000000e+02    7.8519359995e-03    6.3476562500e-01
       313   -7.7582095112e+00    6.0749961625e+01   -1.7343960435e+01    9.5857509240e+00    3.0026217828e+00   -2.0346582218e+01    1.2800000000e+02    7.6944350003e-03    6.2402343750e-01
       314   -7.5961007482e+00    5.8028770609e+01   -2.1502830363e+01    1.3906729615e+01    2.6923471897e+00   -2.4195177553e+01    1.2800000000e+02    7.8489010002e-03    6.3818359375e-01
       315   -7.3577954452e+00    5.4341199842e+01   -1.2122476851e+01    4.7646814054e+00    2.8158972774e+00   -1.4938374128e+01    1.2800000000e+02    7.8162339996e-03    6.6552734375e-01
       316   -7.4403457326e+00    5.5520244096e+01   -1.1967331497e+01    4.5269857641e+00    2.5021162470e+00   -1.4469447744e+01    1.2800000000e+02    7.8511100000e-03    6.5673828125e-01
       317   -7.4354566777e+00    5.5520617825e+01   -1.2093440427e+01    4.6579837490e+00    2.3417560931e+00   -1.4435196520e+01    1.2800000000e+02    7.6777370004e-03    6.5087890625e-01
       318   -7.5412557924e+00    5.7083271423e+01   -1.3460697146e+01    5.9194413539e+00    2.7700700989e+00   -1.6230767245e+01    1.2800000000e+02    7.8543689997e-03    6.5771484375e-01
       319   -7.4567259159e+00    5.5767623281e+01   -1.3858172849e+01    6.4014469329e+00    2.6374580231e+00   -1.6495630872e+01    1.2800000000e+02    7.6718370001e-03    6.3232421875e-01
       320   -7.6524639822e+00    5.8934706142e+01   -1.6985755518e+01    9.3332915362e+00    3.0761249363e+00   -2.0061880455e+01    1.2800000000e+02    7.7639199999e-03    6.2402343750e-01
       321   -7.6154084254e+00    5.8280725185e+01   -1.1496660615e+01    3.8812521892e+00    2.2708151493e+00   -1.3767475764e+01    1.2800000000e+02    7.7148569999e-03    6.5527343750e-01
       322   -7.7701352195e+00    6.0717681992e+01   -1.9266595680e+01    1.1496460461e+01    3.1809264864e+00   -2.2447522167e+01    1.2800000000e+02    7.7906830002e-03    6.1962890625e-01
       323   -7.5570062684e+00    5.7563007619e+01   -1.6494795103e+01    8.9377888349e+00    2.9556902856e+00   -1.9450485389e+01    1.2800000000e+02    7.6386619994e-03    6.2060546875e-01
       324   -7.7015853111e+00    5.9624017451e+01   -1.7709450840e+01    1.0007865528e+01    2.9087717760e+00   -2.0618222616e+01    1.2800000000e+02    7.7094710005e-03    6.1523437500e-01
       325   -7.3421316518e+00    5.4057202952e+01   -1.2446363089e+01    5.1042314371e+00    2.4347345907e+00   -1.4881097680e+01    1.2800000000e+02    7.9244950002e-03    6.5039062500e-01
       326   -7.5602587499e+00    5.7440621512e+01   -1.4211422264e+01    6.6511635145e+00    2.8622798104e+00   -1.7073702075e+01    1.2800000000e+02    7.7353719998e-03    6.4208984375e-01
       327   -7.4415007595e+00    5.5575107778e+01   -1.7402069836e+01    9.9605690768e+00    2.5871537553e+00   -1.9989223592e+01    1.2800000000e+02    7.8769169995e-03    6.5087890625e-01
       328   -7.4817777348e+00    5.6302654823e+01   -1.4725221656e+01    7.2434439215e+00    2.6781933444e+00   -1.7403415001e+01    1.2800000000e+02    7.7599589995e-03    6.4501953125e-01
       329   -7.5237883479e+00    5.6761001674e+01   -1.3917380427e+01    6.3935920796e+00    2.4493299849e+00   -1.6366710412e+01    1.2800000000e+02    7.9833979999e-03    6.6650390625e-01
       330   -7.5347782846e+00    5.7202821644e+01   -2.6352916731e+01    1.8818138446e+01    2.9502723898e+00   -2.9303189121e+01    1.2800000000e+02    7.6864100001e-03    6.1669921875e-01
       331   -7.7301221991e+00    6.0186502609e+01   -1.5348738153e+01    7.6186159540e+00    2.5828628864e+00   -1.7931601039e+01    1.2800000000e+02    7.7702680001e-03    6.4257812500e-01
       332   -7.5263440846e+00    5.6991593883e+01   -1.3759008862e+01    6.2326647774e+00    3.0010136482e+00   -1.6760022510e+01    1.2800000000e+02    7.6883769998e-03    6.4062500000e-01
       333   -7.4120637380e+00    5.5254937639e+01   -1.6302325684e+01    8.8902619462e+00    2.6887266727e+00   -1.8991052357e+01    1.2800000000e+02    7.7936390007e-03    6.2548828125e-01
       334   -7.3610544422e+00    5.4329714803e+01   -1.2155601362e+01    4.7945469203e+00    2.5279975913e+00   -1.4683598954e+01    1.2800000000e+02    7.6153749997e-03    6.4843750000e-01
       335   -7.4793204400e+00    5.6102400369e+01   -1.2856089311e+01    5.3767688713e+00    2.6936580622e+00   -1.5549747373e+01    1.2800000000e+02    7.8696680002e-03    6.4501953125e-01
       336   -7.4345982420e+00    5.5402147180e+01   -1.5326049383e+01    7.8914511412e+00    2.8593143675e+00   -1.8185363751e+01    1.2800000000e+02    7.7089300003e-03    6.3476562500e-01
       337   -7.5227777770e+00    5.6817639605e+01   -1.9943671532e+01    1.2420893755e+01    2.8410436740e+00   -2.2784715206e+01    1.2800000000e+02    7.7777410006e-03    6.1376953125e-01
       338   -7.4862973415e+00    5.6275623117e+01   -1.2892891384e+01    5.4065940430e+00    2.6194394437e+00   -1.5512330828e+01    1.2800000000e+02    7.7655529994e-03    6.4746093750e-01
       339   -7.4470053766e+00    5.5639708160e+01   -1.3251073103e+01    5.8040677261e+00    2.7070349234e+00   -1.5958108026e+01    1.2800000000e+02    7.8744690009e-03    6.4160156250e-01
       340   -7.4635603427e+00    5.5909887737e+01   -1.4007774730e+01    6.5442143870e+00    2.7324609714e+00   -1.6740235701e+01    1.2800000000e+02    7.7655790001e-03    6.4257812500e-01
       341   -7.6564187909e+00    5.8913417777e+01   -1.6704039692e+01    9.0476209014e+00    2.7314354433e+00   -1.9435475136e+01    1.2800000000e+02    7.7631489994e-03    6.3037109375e-01
       342   -7.4080250375e+00    5.5066607716e+01   -1.3972566683e+01    6.5645416451e+00    2.5864826379e+00   -1.6559049321e+01    1.2800000000e+02    7.8959839993e-03    6.4306640625e-01
       343   -7.4621932226e+00    5.5913522402e+01   -1.4511117820e+01    7.0489245975e+00    2.6791491134e+00   -1.7190266934e+01    1.2800000000e+02    7.6506790001e-03    6.2744140625e-01
       344   -7.3765579057e+00    5.4580818870e+01   -1.2832678049e+01    5.4561201435e+00    2.6557903686e+00   -1.5488468418e+01    1.2800000000e+02    7.8330030001e-03    6.3427734375e-01
       345   -7.4107152063e+00    5.5046451422e+01   -1.0908694204e+01    3.4979789977e+00    2.2466059026e+00   -1.3155300107e+01    1.2800000000e+02    7.7161870004e-03    6.6943359375e-01
       346   -7.3268669484e+00    5.3776127572e+01   -1.0261507215e+01    2.9346402662e+00    2.4058219979e+00   -1.2667329213e+01    1.2800000000e+02    7.9923989997e-03    6.7333984375e-01
       347   -7.3604125484e+00    5.4280788454e+01   -1.1938111448e+01    4.5776988992e+00    2.2774800738e+00   -1.4215591521e+01    1.2800000000e+02    7.6271839998e-03    6.4160156250e-01
       348   -7.5333925145e+00    5.6974853957e+01   -1.3766673443e+01    6.2332809285e+00    2.5423993244e+00   -1.6309072767e+01    1.2800000000e+02    7.8325790000e-03    6.4501953125e-01
       349   -7.5353941647e+00    5.7044501463e+01   -1.8603411031e+01    1.1068016866e+01    2.5849272237e+00   -2.1188338254e+01    1.2800000000e+02    7.7237380001e-03    6.4111328125e-01
       350   -7.4186747132e+00    5.5281015576e+01   -1.4205579420e+01    6.7869047066e+00    2.8018192231e+00   -1.7007398643e+01    1.2800000000e+02    7.8640110005e-03    6.1914062500e-01
       351   -7.5549100045e+00    5.7336742723e+01   -1.3958609704e+01    6.4036996994e+00    2.9549545966e+00   -1.6913564301e+01    1.2800000000e+02    7.7209940000e-03    6.3183593750e-01
       352   -7.4734084288e+00    5.6007859777e+01   -1.4187416678e+01    6.7140082488e+00    2.6751073766e+00   -1.6862524054e+01    1.2800000000e+02    7.8742779997e-03    6.3281250000e-01
       353   -7.6834751633e+00    5.9437388224e+01   -1.3474888113e+01    5.7914129500e+00    2.6712631148e+00   -1.6146151228e+01    1.2800000000e+02    7.7866210004e-03    6.4648437500e-01
       354   -7.5414148684e+00    5.7144308470e+01   -2.3827734305e+01    1.6286319437e+01    2.7231345328e+00   -2.6550868838e+01    1.2800000000e+02    7.9171970001e-03    6.5234375000e-01
       355   -7.4987905997e+00    5.6420880652e+01   -1.6899815924e+01    9.4010253247e+00    2.7131608718e+00   -1.9612976796e+01    1.2800000000e+02    7.7252649999e-03    6.4599609375e-01
       356   -7.3901214605e+00    5.4882897990e+01   -1.4278561142e+01    6.8884396820e+00    2.8182494179e+00   -1.7096810560e+01    1.2800000000e+02    7.7652959999e-03    6.3037109375e-01
       357   -7.5000015576e+00    5.6431265076e+01   -1.6323729050e+01    8.8237274924e+00    2.7736507880e+00   -1.9097379838e+01    1.2800000000e+02    7.7082670005e-03    6.1572265625e-01
       358   -7.5236021436e+00    5.6841058949e+01   -1.3320672300e+01    5.7970701560e+00    2.6217670868e+00   -1.5942439386e+01    1.2800000000e+02    7.7120240003e-03    6.3769531250e-01
       359   -7.4354565403e+00    5.5408571296e+01   -1.3428644173e+01    5.9931876325e+00    2.5542867071e+00   -1.5982930880e+01    1.2800000000e+02    7.8685930002e-03    6.3525390625e-01
       360   -7.4486441280e+00    5.5616759834e+01   -1.6441468121e+01    8.9928239933e+00    2.6608465063e+00   -1.9102314628e+01    1.2800000000e+02    7.6967209998e-03    6.2597656250e-01
       361   -7.4632991807e+00    5.6051601862e+01   -1.6049207552e+01    8.5859083715e+00    2.7630341103e+00   -1.8812241663e+01    1.2800000000e+02    9.0030660003e-03    6.3037109375e-01
       362   -7.3524657022e+00    5.4254674262e+01   -1.4250058211e+01    6.8975925087e+00    2.7406594879e+00   -1.6990717699e+01    1.2800000000e+02    7.6832129998e-03    6.2500000000e-01
       363   -7.4392271613e+00    5.5534485334e+01   -1.3799486470e+01    6.3602593088e+00    2.9691747174e+00   -1.6768661188e+01    1.2800000000e+02    7.9516740007e-03    6.3671875000e-01
       364   -7.4084657424e+00    5.5072187388e+01   -1.3204603509e+01    5.7961377670e+00    2.7456063291e+00   -1.5950209839e+01    1.2800000000e+02    7.7501219994e-03    6.4062500000e-01
       365   -7.3403805093e+00    5.4088214954e+01   -1.2998815434e+01    5.6584349245e+00    2.5366195876e+00   -1.5535435021e+01    1.2800000000e+02    7.9239970000e-03    6.5087890625e-01
       366   -7.5853962774e+00    5.7880942857e+01   -1.4382111173e+01    6.7967148953e+00    2.5389057501e+00   -1.6921016923e+01    1.2800000000e+02    7.7278409999e-03    6.2988281250e-01
       367   -7.4924280623e+00    5.6272655232e+01   -1.2515869105e+01    5.0234410426e+00    2.4701313099e+00   -1.4986000415e+01    1.2800000000e+02    7.8731330004e-03    6.5087890625e-01
       368   -7.4832735436e+00    5.6231169135e+01   -1.2557026772e+01    5.0737532281e+00    2.4911093234e+00   -1.5048136095e+01    1.2800000000e+02    7.7290780000e-03    6.4697265625e-01
       369   -7.3923191557e+00    5.4819128846e+01   -1.3847836077e+01    6.4555169208e+00    2.5868120219e+00   -1.6434648098e+01    1.2800000000e+02    7.8230609997e-03    6.5332031250e-01
       370   -7.5292084198e+00    5.6875268917e+01   -1.6766402745e+01    9.2371943248e+00    2.4404365226e+00   -1.9206839267e+01    1.2800000000e+02    7.5425819996e-03    6.3623046875e-01
       371   -7.5818118907e+00    5.7751759142e+01   -1.7259868696e+01    9.6780568058e+00    2.6825442815e+00   -1.9942412978e+01    1.2800000000e+02    7.7623999996e-03    6.3232421875e-01
       372   -7.5025197669e+00    5.6583891298e+01   -1.3787934232e+01    6.2854144650e+00    2.8339892823e+00   -1.6621923514e+01    1.2800000000e+02    7.7299700006e-03    6.3574218750e-01
       373   -7.3971796198e+00    5.4882811553e+01   -1.3881726538e+01    6.4845469185e+00    2.5071845537e+00   -1.6388911092e+01    1.2800000000e+02    7.7895830000e-03    6.3037109375e-01
       374   -7.4313588496e+00    5.5367062657e+01   -1.2260134185e+01    4.8287753355e+00    2.4186749856e+00   -1.4678809171e+01    1.2800000000e+02    7.7748740005e-03    6.5771484375e-01
       375   -7.5174332994e+00    5.6761785983e+01   -1.4736122876e+01    7.2186895769e+00    2.8231418398e+00   -1.7559264716e+01    1.2800000000e+02    7.6001860007e-03    6.2109375000e-01
       376   -7.4496188898e+00    5.5808600820e+01   -1.9468381016e+01    1.2018762126e+01    3.0235660833e+00   -2.2491947099e+01    1.2800000000e+02    7.8349460000e-03    6.2353515625e-01
       377   -7.6491779871e+00    5.8886049058e+01   -3.3292667867e+01    2.5643489880e+01    2.9047276701e+00   -3.6197395537e+01    1.2800000000e+02    7.6886300003e-03    6.2353515625e-01
       378   -7.4899158079e+00    5.6277371958e+01   -1.5653368288e+01    8.1634524801e+00    2.6439697586e+00   -1.8297338047e+01    1.2800000000e+02    7.8495380003e-03    6.4404296875e-01
       379   -7.5034398385e+00    5.6435952486e+01   -1.2959233039e+01    5.4557932006e+00    2.6923511251e+00   -1.5651584164e+01    1.2800000000e+02    7.6708049992e-03    6.2548828125e-01
       380   -7.4133486710e+00    5.5116925087e+01   -1.2847470647e+01    5.4341219760e+00    2.4520872016e+00   -1.5299557849e+01    1.2800000000e+02    7.8880720002e-03    6.5625000000e-01
       381   -7.5474635899e+00    5.7110505221e+01   -1.3429312302e+01    5.8818487122e+00    2.4536598150e+00   -1.5882972117e+01    1.2800000000e+02    7.7629670004e-03    6.5722656250e-01
       382   -7.4699610787e+00    5.6037652799e+01   -1.3093397896e+01    5.6234368173e+00    2.2672453805e+00   -1.5360643276e+01    1.2800000000e+02    7.8595490004e-03    6.5332031250e-01
       383   -7.4306971895e+00    5.5489346913e+01   -2.0242932453e+01    1.2812235264e+01    2.9888585369e+00   -2.3231790990e+01    1.2800000000e+02    7.6528090003e-03    6.1181640625e-01
       384   -7.4723158618e+00    5.6009984145e+01   -1.2284099695e+01    4.8117838327e+00    2.4848841106e+00   -1.4768983805e+01    1.2800000000e+02    7.8746749996e-03    6.4550781250e-01
       385   -7.5326896341e+00    5.6998939033e+01   -1.4409208051e+01    6.8765184171e+00    2.7591725708e+00   -1.7168380622e+01    1.2800000000e+02    7.7173370000e-03    6.3525390625e-01
       386   -7.3944893508e+00    5.4789180680e+01   -1.2294722352e+01    4.9002330015e+00    2.5052217727e+00   -1.4799944125e+01    1.2800000000e+02    7.8755149998e-03    6.4746093750e-01
       387   -7.4145725871e+00    5.5141646295e+01   -1.4355673318e+01    6.9411007313e+00    2.4977986658e+00   -1.6853471984e+01    1.2800000000e+02    7.6665150000e-03    6.2792968750e-01
       388   -7.5091611179e+00    5.6653557602e+01   -1.4028237434e+01    6.5190763165e+00    2.5286014290e+00   -1.6556838863e+01    1.2800000000e+02    7.8426279997e-03    6.4648437500e-01
       389   -7.4813280296e+00    5.6210125502e+01   -1.4155515260e+01    6.6741872301e+00    2.8225167242e+00   -1.6978031984e+01    1.2800000000e+02    7.7964399998e-03    6.4746093750e-01
       390   -7.4506723417e+00    5.5698174790e+01   -1.4185592007e+01    6.7349196651e+00    2.8352885930e+00   -1.7020880600e+01    1.2800000000e+02    7.6047149996e-03    6.0742187500e-01
       391   -7.5504108428e+00    5.7400496441e+01   -1.7257844086e+01    9.7074332435e+00    2.7724715413e+00   -2.0030315628e+01    1.2800000000e+02    7.8540389995e-03    6.3037109375e-01
       392   -7.4395455695e+00    5.5528080647e+01   -1.2731150524e+01    5.2916049543e+00    2.8676710752e+00   -1.5598821599e+01    1.2800000000e+02    7.8146270007e-03    6.4697265625e-01
       393   -7.4680111471e+00    5.5982410929e+01   -1.4067797850e+01    6.5997867031e+00    2.5595679877e+00   -1.6627365838e+01    1.2800000000e+02    7.8234180000e-03    6.3671875000e-01
       394   -7.5868582388e+00    5.7874162939e+01   -1.5124359335e+01    7.5375010958e+00    2.6652245292e+00   -1.7789583864e+01    1.2800000000e+02    7.6912859995e-03    6.4062500000e-01
       395   -7.3828768401e+00    5.4754658382e+01   -1.2371309364e+01    4.9884325237e+00    2.6283455127e+00   -1.4999654877e+01    1.2800000000e+02    7.9027519996e-03    6.4404296875e-01
       396   -7.3812033963e+00    5.4681183637e+01   -1.3838968784e+01    6.4577653877e+00    2.5776041228e+00   -1.6416572907e+01    1.2800000000e+02    7.6972639999e-03    6.3134765625e-01
       397   -7.4093173816e+00    5.5131251966e+01   -1.2019773213e+01    4.6104558312e+00    2.9811214745e+00   -1.5000894687e+01    1.2800000000e+02    7.9878699999e-03    6.5332031250e-01
       398   -7.4505233928e+00    5.5641135838e+01   -1.4606220527e+01    7.1556971342e+00    2.7810964276e+00   -1.7387316955e+01    1.2800000000e+02    7.8674489996e-03    6.4746093750e-01
       399   -7.3635782222e+00    5.4445316650e+01   -1.3859136646e+01    6.4955584237e+00    2.8557250982e+00   -1.6714861744e+01    1.2800000000e+02    7.8567809996e-03    6.2500000000e-01
       400   -7.3188520026e+00    5.3720485558e+01   -1.2533645272e+01    5.2147932692e+00    2.5849036586e+00   -1.5118548930e+01    1.2800000000e+02    7.7246840001e-03    6.3769531250e-01
       401   -7.5536341053e+00    5.7345069669e+01   -1.6102994183e+01    8.5493600782e+00    3.0583679643e+00   -1.9161362148e+01    1.2800000000e+02    7.8705100004e-03    6.3476562500e-01
       402   -7.2441109818e+00    5.2621462698e+01   -1.1770210339e+01    4.5260993574e+00    2.7129678897e+00   -1.4483178229e+01    1.2800000000e+02    7.7202659995e-03    6.3476562500e-01
       403   -7.5600002186e+00    5.7462714107e+01   -1.5485032880e+01    7.9250326612e+00    2.7868758298e+00   -1.8271908710e+01    1.2800000000e+02    7.8297989994e-03    6.3769531250e-01
       404   -7.3737732308e+00    5.4605999985e+01   -1.3030018907e+01    5.6562456758e+00    2.3888844875e+00   -1.5418903394e+01    1.2800000000e+02    7.6103240008e-03    6.3818359375e-01
       405   -7.3576954360e+00    5.4265794429e+01   -1.2289251065e+01    4.9315556289e+00    2.7717996042e+00   -1.5061050669e+01    1.2800000000e+02    7.9979060001e-03    6.3720703125e-01
       406   -7.4755499569e+00    5.6120089236e+01   -1.3964890740e+01    6.4893407831e+00    2.4339756207e+00   -1.6398866361e+01    1.2800000000e+02    7.7240490000e-03    6.4355468750e-01
       407   -7.4989869090e+00    5.6484839314e+01   -1.7788746232e+01    1.0289759323e+01    2.8346511749e+00   -2.0623397407e+01    1.2800000000e+02    7.7408019997e-03    6.4306640625e-01
       408   -7.5824976761e+00    5.7824848856e+01   -1.4540785080e+01    6.9582874039e+00    2.9149250490e+00   -1.7455710129e+01    1.2800000000e+02    7.8972860001e-03    6.4941406250e-01
       409   -7.4244004099e+00    5.5277897074e+01   -1.2406353940e+01    4.9819535300e+00    2.4507450619e+00   -1.4857099002e+01    1.2800000000e+02    7.7152610002e-03    6.4501953125e-01
       410   -7.5731468685e+00    5.7652806255e+01   -1.7661346872e+01    1.0088200004e+01    2.9415514514e+00   -2.0602898323e+01    1.2800000000e+02    7.8296680003e-03    6.2353515625e-01
       411   -7.4034643434e+00    5.4951290505e+01   -1.3454430410e+01    6.0509660671e+00    2.5888533690e+00   -1.6043283779e+01    1.2800000000e+02    7.7872739994e-03    6.5380859375e-01
       412   -7.6060773479e+00    5.8161122170e+01   -1.5410889944e+01    7.8048125962e+00    2.3767436438e+00   -1.7787633588e+01    1.2800000000e+02    7.8443140001e-03    6.4599609375e-01
       413   -7.4030238789e+00    5.5042803619e+01   -1.2706137951e+01    5.3031140717e+00    2.5081657126e+00   -1.5214303663e+01    1.2800000000e+02    7.7351840000e-03    6.4501953125e-01
       414   -7.3081707818e+00    5.3561466893e+01   -1.2204703732e+01    4.8965329503e+00    2.3763612448e+00   -1.4581064977e+01    1.2800000000e+02    7.7972589997e-03    6.3330078125e-01
       415   -7.4881974447e+00    5.6249952280e+01   -1.2492443011e+01    5.0042455668e+00    2.4983761983e+00   -1.4990819210e+01    1.2800000000e+02    7.7509389994e-03    6.4257812500e-01
       416   -7.3486262772e+00    5.4153779056e+01   -1.2158680738e+01    4.8100544604e+00    2.8527382350e+00   -1.5011418973e+01    1.2800000000e+02    7.9206490000e-03    6.5087890625e-01
       417   -7.4104883203e+00    5.5126485923e+01   -1.4099174080e+01    6.6886857601e+00    2.7805591374e+00   -1.6879733218e+01    1.2800000000e+02    7.6596119998e-03    6.3623046875e-01
       418   -7.3928907895e+00    5.4828171091e+01   -1.5563556059e+01    8.1706652697e+00    2.6450123274e+00   -1.8208568387e+01    1.2800000000e+02    7.8214659998e-03    6.2792968750e-01
       419   -7.4409734293e+00    5.5585338048e+01   -2.0721719724e+01    1.3280746295e+01    3.0072406082e+00   -2.3728960333e+01    1.2800000000e+02    7.7560430000e-03    6.2402343750e-01
       420   -7.5601339891e+00    5.7368842074e+01   -1.2682344274e+01    5.1222102847e+00    2.6179748539e+00   -1.5300319128e+01    1.2800000000e+02    7.8820389999e-03    6.5087890625e-01
       421   -7.6057292850e+00    5.8100804678e+01   -1.6183411962e+01    8.5776826774e+00    2.8162781083e+00   -1.8999690071e+01    1.2800000000e+02    7.6661229996e-03    6.2841796875e-01
       422   -7.5113909289e+00    5.6692123800e+01   -1.4704793925e+01    7.1934029959e+00    2.7491675726e+00   -1.7453961497e+01    1.2800000000e+02    7.6984420002e-03    6.3330078125e-01
       423   -7.4648480656e+00    5.5935664839e+01   -1.4681969719e+01    7.2171216530e+00    2.4469618525e+00   -1.7128931571e+01    1.2800000000e+02    7.8567720002e-03    6.4599609375e-01
       424   -7.4312478667e+00    5.5404745863e+01   -1.4620035766e+01    7.1887878989e+00    2.9524965783e+00   -1.7572532344e+01    1.2800000000e+02    7.6744250000e-03    6.2158203125e-01
       425   -7.5474904134e+00    5.7318316185e+01   -1.3104683059e+01    5.5571926451e+00    2.7676218390e+00   -1.5872304898e+01    1.2800000000e+02    7.8289829999e-03    6.3623046875e-01
       426   -7.4523047099e+00    5.5769349488e+01   -1.4622253743e+01    7.1699490330e+00    2.6282051265e+00   -1.7250458869e+01    1.2800000000e+02    7.7519549995e-03    6.3281250000e-01
       427   -7.3995993773e+00    5.4895216588e+01   -1.2204140518e+01    4.8045411405e+00    2.9322321979e+00   -1.5136372716e+01    1.2800000000e+02    7.8910309994e-03    6.3916015625e-01
       428   -7.5421263763e+00    5.7255162573e+01   -1.3863283418e+01    6.3211570417e+00    2.6133064456e+00   -1.6476589864e+01    1.2800000000e+02    7.7638639996e-03    6.4257812500e-01
       429   -7.3771341200e+00    5.4620520218e+01   -1.1601739493e+01    4.2246053733e+00    2.4172116306e+00   -1.4018951124e+01    1.2800000000e+02    7.9617430001e-03    6.6894531250e-01
       430   -7.4441504890e+00    5.5618614195e+01   -1.2794914808e+01    5.3507643191e+00    2.6085109080e+00   -1.5403425716e+01    1.2800000000e+02    7.7065870000e-03    6.2548828125e-01
       431   -7.3605704287e+00    5.4314619828e+01   -1.2178438058e+01    4.8178676291e+00    2.4431509217e+00   -1.4621588980e+01    1.2800000000e+02    7.9060170001e-03    6.4111328125e-01
       432   -7.3518093465e+00    5.4186808714e+01   -1.2928572669e+01    5.5767633220e+00    2.5489820534e+00   -1.5477554722e+01    1.2800000000e+02    7.7186700000e-03    6.4355468750e-01
       433   -7.4826660258e+00    5.6355083235e+01   -2.4001681909e+01    1.6519015883e+01    2.6362091059e+00   -2.6637891015e+01    1.2800000000e+02    7.8292939997e-03    6.2597656250e-01
       434   -7.4967199268e+00    5.6498062753e+01   -1.3475914406e+01    5.9791944791e+00    2.4513983666e+00   -1.5927312773e+01    1.2800000000e+02    7.7840009999e-03    6.4990234375e-01
       435   -7.3053912312e+00    5.3480915592e+01   -1.1241239697e+01    3.9358484660e+00    2.6277239844e+00   -1.3868963681e+01    1.2800000000e+02    7.9714230005e-03    6.5625000000e-01
       436   -7.3580205358e+00    5.4392338903e+01   -1.3929422261e+01    6.5714017248e+00    2.6697041580e+00   -1.6599126419e+01    1.2800000000e+02    7.7257159992e-03    6.2792968750e-01
       437   -7.4104632200e+00    5.5221403862e+01   -1.3634321244e+01    6.2238580243e+00    2.5366336275e+00   -1.6170954872e+01    1.2800000000e+02    7.7928299997e-03    6.3671875000e-01
       438   -7.3519860968e+00    5.4163146641e+01   -1.2285452746e+01    4.9334666494e+00    2.3972969523e+00   -1.4682749698e+01    1.2800000000e+02    7.7895000004e-03    6.5576171875e-01
       439   -7.4218607007e+00    5.5270676533e+01   -1.4105681142e+01    6.6838204416e+00    2.7800485196e+00   -1.6885729662e+01    1.2800000000e+02    7.7616540002e-03    6.4697265625e-01
       440   -7.3672328624e+00    5.4382206687e+01   -1.4970635044e+01    7.6034021813e+00    2.4799464497e+00   -1.7450581493e+01    1.2800000000e+02    7.7361610001e-03    6.3916015625e-01
       441   -7.4350032408e+00    5.5495834828e+01   -1.7995468317e+01    1.0560465076e+01    2.6833089520e+00   -2.0678777268e+01    1.2800000000e+02    7.6943400009e-03    6.3183593750e-01
       442   -7.4422403868e+00    5.5558709478e+01   -3.0349746305e+01    2.2907505918e+01    2.8906914036e+00   -3.3240437708e+01    1.2800000000e+02    7.8003050003e-03    6.2451171875e-01
       443   -7.4879027970e+00    5.6210933561e+01   -1.0876980708e+01    3.3890779110e+00    2.8001312557e+00   -1.3677111964e+01    1.2800000000e+02    7.8014010005e-03    6.6015625000e-01
       444   -7.7028096883e+00    5.9685942324e+01   -1.4897184589e+01    7.1943749006e+00    2.6336745700e+00   -1.7530859159e+01    1.2800000000e+02    7.9876989994e-03    6.4892578125e-01
       445   -7.3544244349e+00    5.4213011967e+01   -1.2016219857e+01    4.6617954223e+00    2.4295470662e+00   -1.4445766923e+01    1.2800000000e+02    7.8076680002e-03    6.5136718750e-01
       446   -7.4147098128e+00    5.5198772736e+01   -1.2739936711e+01    5.3252268983e+00    2.7621872019e+00   -1.5502123913e+01    1.2800000000e+02    7.9245299994e-03    6.5625000000e-01
       447   -7.4747612325e+00    5.6099964364e+01   -2.3313174463e+01    1.5838413231e+01    2.8533401610e+00   -2.6166514624e+01    1.2800000000e+02    7.6854489998e-03    6.0644531250e-01
       448   -7.5566313667e+00    5.7271326286e+01   -1.3123698439e+01    5.5670670721e+00    2.7514591104e+00   -1.5875157549e+01    1.2800000000e+02    7.8155910005e-03    6.2792968750e-01
       449   -7.4194383396e+00    5.5236155790e+01   -1.5499745248e+01    8.0803069088e+00    2.7352974396e+00   -1.8235042688e+01    1.2800000000e+02    7.6982000000e-03    6.3330078125e-01
       450   -7.4609077659e+00    5.6064835960e+01   -2.4894349266e+01    1.7433441500e+01    3.0355468391e+00   -2.7929896105e+01    1.2800000000e+02    7.8124360007e-03    6.2890625000e-01
       451   -7.5599312541e+00    5.7459821210e+01   -1.5164733105e+01    7.6048018509e+00    2.4167446379e+00   -1.7581477743e+01    1.2800000000e+02    7.7948059998e-03    6.5673828125e-01
       452   -7.5377559850e+00    5.7009044371e+01   -1.6156977835e+01    8.6192218501e+00    3.1388855007e+00   -1.9295863336e+01    1.2800000000e+02    7.9044150007e-03    6.4062500000e-01
       453   -7.6317547621e+00    5.8481652024e+01   -2.2686372629e+01    1.5054617867e+01    3.3196992864e+00   -2.6006071916e+01    1.2800000000e+02    7.7225899995e-03    6.3378906250e-01
       454   -7.5321717313e+00    5.6889757578e+01   -1.3040242384e+01    5.5080706525e+00    2.6475856393e+00   -1.5687828023e+01    1.2800000000e+02    7.8495530006e-03    6.3916015625e-01
       455   -7.5169305839e+00    5.6791405784e+01   -2.3266701172e+01    1.5749770588e+01    2.7885044232e+00   -2.6055205595e+01    1.2800000000e+02    7.7443219998e-03    6.3134765625e-01
       456   -7.3807710535e+00    5.4633754990e+01   -1.5096432168e+01    7.7156611143e+00    2.6675096152e+00   -1.7763941783e+01    1.2800000000e+02    7.7165570001e-03    6.3281250000e-01
       457   -7.4056939533e+00    5.4953951883e+01   -1.2852817784e+01    5.4471238302e+00    2.4894062431e+00   -1.5342224027e+01    1.2800000000e+02    7.8472209998e-03    6.4501953125e-01
       458   -7.5293504874e+00    5.6972097922e+01   -2.1193614809e+01    1.3664264321e+01    2.7102811177e+00   -2.3903895926e+01    1.2800000000e+02    7.7380920002e-03    6.3232421875e-01
       459   -7.3650461456e+00    5.4382040940e+01   -1.5028226543e+01    7.6631803973e+00    2.6464868642e+00   -1.7674713407e+01    1.2800000000e+02    7.8261930003e-03    6.3085937500e-01
       460   -7.5321062810e+00    5.6961140560e+01   -1.3754577892e+01    6.2224716108e+00    2.4443364292e+00   -1.6198914321e+01    1.2800000000e+02    7.7925549995e-03    6.5429687500e-01
       461   -7.4583495158e+00    5.5764739018e+01   -1.4043884550e+01    6.5855350342e+00    2.5319958265e+00   -1.6575880376e+01    1.2800000000e+02    7.8835130007e-03    6.4746093750e-01
       462   -7.5254129374e+00    5.6871651937e+01   -1.4245559363e+01    6.7201464261e+00    2.6606081488e+00   -1.6906167512e+01    1.2800000000e+02    7.6992619997e-03    6.3281250000e-01
       463   -7.4432818126e+00    5.5572462053e+01   -1.3236846351e+01    5.7935645388e+00    2.4353546007e+00   -1.5672200952e+01    1.2800000000e+02    7.8883340002e-03    6.6162109375e-01
       464   -7.5039486890e+00    5.6569216771e+01   -2.4686156431e+01    1.7182207742e+01    2.9483693923e+00   -2.7634525823e+01    1.2800000000e+02    7.5848529996e-03    6.0693359375e-01
       465   -7.4720606070e+00    5.5976267231e+01   -1.4316915908e+01    6.8448553009e+00    2.3266484693e+00   -1.6643564377e+01    1.2800000000e+02    7.8671419997e-03    6.5234375000e-01
       466   -7.4591453578e+00    5.5908599497e+01   -1.4483570437e+01    7.0244250791e+00    2.7881190623e+00   -1.7271689499e+01    1.2800000000e+02    7.7382740001e-03    6.2988281250e-01
       467   -7.3442482614e+00    5.4072847564e+01   -1.1079566547e+01    3.7353182857e+00    2.6380655826e+00   -1.3717632130e+01    1.2800000000e+02    7.8999990001e-03    6.4990234375e-01
       468   -7.4839397093e+00    5.6171536415e+01   -2.0421267868e+01    1.2937328159e+01    3.0824251228e+00   -2.3503692991e+01    1.2800000000e+02    7.6120740005e-03    6.1230468750e-01
       469   -7.3679162902e+00    5.4405888455e+01   -1.1969730165e+01    4.6018138752e+00    2.5233606549e+00   -1.4493090820e+01    1.2800000000e+02    7.9452239997e-03    6.3720703125e-01
       470   -7.4500314767e+00    5.5647618863e+01   -1.8765544156e+01    1.1315512679e+01    2.8978743204e+00   -2.1663418476e+01    1.2800000000e+02    7.7012419997e-03    6.4160156250e-01
       471   -7.5169897923e+00    5.6692978035e+01   -2.4924841662e+01    1.7407851870e+01    2.7913855110e+00   -2.7716227173e+01    1.2800000000e+02    7.6856419992e-03    6.3671875000e-01
       472   -7.4735119137e+00    5.6047315286e+01   -1.3207333797e+01    5.7338218832e+00    2.9447208201e+00   -1.6152054617e+01    1.2800000000e+02    7.9269810003e-03    6.4794921875e-01
       473   -7.3907718386e+00    5.4818287185e+01   -1.4213010832e+01    6.8222389931e+00    2.8024328866e+00   -1.7015443718e+01    1.2800000000e+02    7.6612989997e-03    6.2597656250e-01
       474   -7.4304737804e+00    5.5435528530e+01   -1.3401745904e+01    5.9712721232e+00    2.8395600928e+00   -1.6241305996e+01    1.2800000000e+02    7.8999009993e-03    6.4453125000e-01
       475   -7.3638730564e+00    5.4366527543e+01   -1.1345888556e+01    3.9820154994e+00    2.5686617720e+00   -1.3914550328e+01    1.2800000000e+02    7.8918549998e-03    6.7626953125e-01
       476   -7.4433691232e+00    5.5573642163e+01   -1.6813567198e+01    9.3701980751e+00    2.5068447083e+00   -1.9320411907e+01    1.2800000000e+02    7.9284750000e-03    6.5527343750e-01
       477   -7.3975893408e+00    5.4973211567e+01   -1.2952933959e+01    5.5553446179e+00    2.6202967583e+00   -1.5573230717e+01    1.2800000000e+02    7.7580730003e-03    6.4160156250e-01
       478   -7.4848888882e+00    5.6227171792e+01   -1.2404829784e+01    4.9199408958e+00    2.5615519952e+00   -1.4966381779e+01    1.2800000000e+02    7.9271650002e-03    6.4599609375e-01
       479   -7.7183830712e+00    6.0029793650e+01   -1.6078109165e+01    8.3597260938e+00    2.4379843020e+00   -1.8516093467e+01    1.2800000000e+02    7.7303120006e-03    6.4892578125e-01
       480   -7.4145873765e+00    5.5224443697e+01   -1.2431194398e+01    5.0166070219e+00    2.6062705413e+00   -1.5037464940e+01    1.2800000000e+02    7.8890900004e-03    6.3867187500e-01
       481   -7.6067225047e+00    5.8188728109e+01   -1.5388206779e+01    7.7814842741e+00    3.2767084190e+00   -1.8664915198e+01    1.2800000000e+02    7.7312029998e-03    6.2890625000e-01
       482   -7.3702607950e+00    5.4526395535e+01   -1.4094577468e+01    6.7243166732e+00    2.3365923175e+00   -1.6431169786e+01    1.2800000000e+02    7.9930780003e-03    6.6699218750e-01
       483   -7.4461795884e+00    5.5703789211e+01   -1.3578321257e+01    6.1321416683e+00    2.1062932261e+00   -1.5684614483e+01    1.2800000000e+02    7.6787549997e-03    6.5576171875e-01
       484   -7.4063333374e+00    5.5016866798e+01   -1.5387999614e+01    7.9816662771e+00    2.6729502744e+00   -1.8060949889e+01    1.2800000000e+02    7.7903439997e-03    6.2109375000e-01
       485   -7.4106386596e+00    5.5133831555e+01   -1.3395667356e+01    5.9850286966e+00    2.6489404015e+00   -1.6044607758e+01    1.2800000000e+02    7.7210810005e-03    6.3281250000e-01
       486   -7.4654577363e+00    5.5925424608e+01   -1.1953633375e+01    4.4881756386e+00    2.8939460713e+00   -1.4847579446e+01    1.2800000000e+02    7.9014420007e-03    6.4550781250e-01
       487   -7.4477393652e+00    5.5742228716e+01   -1.2766992712e+01    5.3192533471e+00    2.6426434525e+00   -1.5409636165e+01    1.2800000000e+02    7.7785490002e-03    6.4355468750e-01
       488   -7.4015294123e+00    5.4987582186e+01   -1.4452021854e+01    7.0504924416e+00    2.6471145612e+00   -1.7099136415e+01    1.2800000000e+02    7.7359170000e-03    6.4355468750e-01
       489   -7.4388618862e+00    5.5471210119e+01   -1.2617362347e+01    5.1785004609e+00    2.6276385890e+00   -1.5245000936e+01    1.2800000000e+02    7.9175530000e-03    6.5478515625e-01
       490   -7.6950118424e+00    5.9758545701e+01   -1.5449669223e+01    7.7546573806e+00    3.0940352028e+00   -1.8543704426e+01    1.2800000000e+02    7.6706230002e-03    6.2255859375e-01
       491   -7.4117482246e+00    5.5153637648e+01   -1.2418064691e+01    5.0063164668e+00    2.6758077728e+00   -1.5093872464e+01    1.2800000000e+02    7.8798820005e-03    6.5136718750e-01
       492   -7.4207911657e+00    5.5269389763e+01   -1.6599207069e+01    9.1784159032e+00    2.4472243439e+00   -1.9046431413e+01    1.2800000000e+02    7.6391739995e-03    6.3330078125e-01
       493   -7.3179978034e+00    5.3704301267e+01   -1.1493666210e+01    4.1756684071e+00    2.5045606791e+00   -1.3998226890e+01    1.2800000000e+02    7.9058920001e-03    6.5136718750e-01
       494   -7.4219381329e+00    5.5283590750e+01   -1.1466757026e+01    4.0448188935e+00    2.3572425753e+00   -1.3823999602e+01    1.2800000000e+02    7.7195839995e-03    6.4599609375e-01
       495   -7.5372594303e+00    5.6977314214e+01   -1.6155508746e+01    8.6182493155e+00    2.6920265044e+00   -1.8847535250e+01    1.2800000000e+02    7.8669320001e-03    6.3623046875e-01
       496   -7.4733712943e+00    5.6093253283e+01   -1.9977652243e+01    1.2504280949e+01    3.2758944377e+00   -2.3253546681e+01    1.2800000000e+02    7.6826929999e-03    6.1328125000e-01
       497   -7.5646884177e+00    5.7460336668e+01   -1.8452558045e+01    1.0887869627e+01    3.0009809556e+00   -2.1453539001e+01    1.2800000000e+02    7.8523809998e-03    6.2158203125e-01
       498   -7.4308356716e+00    5.5394629527e+01   -1.2176728886e+01    4.7458932147e+00    3.3127078648e+00   -1.5489436751e+01    1.2800000000e+02    7.7692839996e-03    6.3281250000e-01
       499   -7.4990457498e+00    5.6422399761e+01   -1.4163276746e+01    6.6642309964e+00    2.6012971696e+00   -1.6764573916e+01    1.2800000000e+02    7.9009930005e-03    6.5087890625e-01
