#   index    LocalEnergy         LocalEnergy_sq      LocalPotential      Kinetic             ElecElec            IonElec             BlockWeight         BlockCPU            AcceptRatio         
         0   -7.4967826827e+00    5.6459688075e+01   -1.2771444768e+01    5.2746620852e+00    2.5983427252e+00   -1.5369787493e+01    1.2800000000e+02    7.9233229999e-03    6.6308593750e-01
         1   -7.5230569800e+00    5.6882220665e+01   -1.3242310038e+01    5.7192530582e+00    2.6518035614e+00   -1.5894113600e+01    1.2800000000e+02    8.1444600000e-03    6.6064453125e-01
         2   -7.3996804344e+00    5.5011885017e+01   -1.7946860208e+01    1.0547179773e+01    2.7100020839e+00   -2.0656862292e+01    1.2800000000e+02    7.6337319997e-03    6.2451171875e-01
         3   -7.3969518358e+00    5.4842411661e+01   -1.1194006464e+01    3.7970546282e+00    2.3631330564e+00   -1.3557139520e+01    1.2800000000e+02    7.6831560000e-03    6.3720703125e-01
         4   -7.4338749532e+00    5.5608253433e+01   -1.4846773130e+01    7.4128981765e+00    2.7686803617e+00   -1.7615453491e+01    1.2800000000e+02    7.7064549996e-03    6.3427734375e-01
         5   -7.3790969924e+00    5.4664603974e+01   -1.3863153209e+01    6.4840562163e+00    2.3438005657e+00   -1.6206953774e+01    1.2800000000e+02    7.5901700002e-03    6.3623046875e-01
         6   -7.6325400055e+00    5.8487303689e+01   -1.6564966060e+01    8.9324260549e+00    2.5625856925e+00   -1.9127551753e+01    1.2800000000e+02    7.6765309996e-03    6.3916015625e-01
         7   -7.6060912259e+00    5.8215909384e+01   -1.6977787680e+01    9.3716964537e+00    3.1148990863e+00   -2.0092686766e+01    1.2800000000e+02    7.6656720003e-03    6.1962890625e-01
         8   -7.5897046945e+00    5.7914055304e+01   -1.6378117720e+01    8.7884130252e+00    2.6507482361e+00   -1.9028865956e+01    1.2800000000e+02    7.6321860006e-03    6.2988281250e-01
         9   -7.7761271645e+00    6.0882664114e+01   -1.5407633365e+01    7.6315062009e+00    2.4193946553e+00   -1.7827028021e+01    1.2800000000e+02    7.6320119997e-03    6.3818359375e-01
        10   -7.4898118750e+00    5.6328542529e+01   -1.4943634727e+01    7.4538228515e+00    2.4120556197e+00   -1.7355690346e+01    1.2800000000e+02    7.5840760001e-03    6.3232421875e-01
        11   -7.4691798283e+00    5.6101709623e+01   -1.5018552293e+01    7.5493724652e+00    2.7831084781e+00   -1.7801660772e+01    1.2800000000e+02    7.6585739998e-03    6.2988281250e-01
        12   -7.4393711902e+00    5.5541858595e+01   -1.5118900799e+01    7.6795296088e+00    2.5347926252e+00   -1.7653693424e+01    1.2800000000e+02    7.6872159998e-03    6.3867187500e-01
        13   -7.6330803104e+00    5.8579480457e+01   -2.6604252585e+01    1.8971172274e+01    2.7149397182e+00   -2.9319192303e+01    1.2800000000e+02    7.6665220004e-03    6.3427734375e-01
        14   -7.4904141730e+00    5.6262918174e+01   -1.7424583814e+01    9.9341696412e+00    2.5870374808e+00   -2.0011621295e+01    1.2800000000e+02    7.6773589999e-03    6.4648437500e-01
        15   -7.5743980720e+00    5.7605706790e+01   -1.5499825293e+01    7.9254272207e+00    2.5554491581e+00   -1.8055274451e+01    1.2800000000e+02    8.1150530004e-03    6.3671875000e-01
        16   -7.4672564774e+00    5.5942932708e+01   -1.7541262685e+01    1.0074006207e+01    2.4950748107e+00   -2.0036337495e+01    1.2800000000e+02    8.5355210003e-03    6.4941406250e-01
        17   -7.4702808660e+00    5.5947996498e+01   -1.2498961878e+01    5.0286810121e+00    2.6947479675e+00   -1.5193709846e+01    1.2800000000e+02    8.5583670007e-03    6.5185546875e-01
        18   -7.5399690106e+00    5.7095908820e+01   -1.2637645920e+01    5.0976769090e+00    2.3133701858e+00   -1.4951016105e+01    1.2800000000e+02    8.3531440005e-03    6.7724609375e-01
        19   -7.5097148577e+00    5.6556956571e+01   -1.3545057027e+01    6.0353421693e+00    2.5195215528e+00   -1.6064578580e+01    1.2800000000e+02    8.0207170004e-03    6.4599609375e-01
        20   -7.3981012496e+00    5.4917531367e+01   -1.1964021662e+01    4.5659204125e+00    2.5779155318e+00   -1.4541937194e+01    1.2800000000e+02    8.0749680001e-03    6.2646484375e-01
        21   -7.6047788215e+00    5.8033142658e+01   -1.3659243821e+01    6.0544649997e+00    2.6991850332e+00   -1.6358428854e+01    1.2800000000e+02    7.7133699997e-03    6.3623046875e-01
        22   -7.3440302254e+00    5.4095651842e+01   -1.5316485096e+01    7.9724548702e+00    2.6251415829e+00   -1.7941626679e+01    1.2800000000e+02    7.8252720004e-03    6.4111328125e-01
        23   -7.4530758879e+00    5.5738178147e+01   -1.4962183659e+01    7.5091077708e+00    2.6494113229e+00   -1.7611594982e+01    1.2800000000e+02    7.7867099999e-03    6.3525390625e-01
        24   -7.4933264582e+00    5.6333669366e+01   -1.7968516294e+01    1.0475189835e+01    2.9454915098e+00   -2.0914007803e+01    1.2800000000e+02    8.1828610000e-03    6.0351562500e-01
        25   -7.5534204723e+00    5.7468240452e+01   -1.4000971222e+01    6.4475507495e+00    2.5149833526e+00   -1.6515954574e+01    1.2800000000e+02    9.5867120008e-03    6.4208984375e-01
        26   -7.5839087903e+00    5.7717120086e+01   -1.8303138494e+01    1.0719229704e+01    2.8635672154e+00   -2.1166705709e+01    1.2800000000e+02    7.8027870004e-03    6.1425781250e-01
        27   -7.3836005394e+00    5.4638471253e+01   -1.2556721239e+01    5.1731206998e+00    2.4385978062e+00   -1.4995319045e+01    1.2800000000e+02    7.8233350005e-03    6.6015625000e-01
        28   -7.6358463852e+00    5.8659538512e+01   -1.9986282678e+01    1.2350436293e+01    3.0372093438e+00   -2.3023492022e+01    1.2800000000e+02    7.8646169995e-03    6.2011718750e-01
        29   -7.4563375977e+00    5.5835040080e+01   -1.4039225326e+01    6.5828877285e+00    2.4216167065e+00   -1.6460842033e+01    1.2800000000e+02    7.7417950006e-03    6.4062500000e-01
        30   -7.4806521038e+00    5.6199686364e+01   -1.3368847569e+01    5.8881954657e+00    2.6154861373e+00   -1.5984333707e+01    1.2800000000e+02    7.8813100008e-03    6.4355468750e-01
        31   -7.3391483690e+00    5.4064792540e+01   -1.3215666966e+01    5.8765185971e+00    2.5176905644e+00   -1.5733357530e+01    1.2800000000e+02    8.1877550001e-03    6.3720703125e-01
        32   -7.5571365104e+00    5.7371242194e+01   -1.4920786516e+01    7.3636500052e+00    2.7663446727e+00   -1.7687131188e+01    1.2800000000e+02    7.7779300000e-03    6.3818359375e-01
        33   -7.4530403076e+00    5.5729384765e+01   -1.1332887231e+01    3.8798469232e+00    2.2745790242e+00   -1.3607466255e+01    1.2800000000e+02    9.0279879996e-03    6.8066406250e-01
        34   -7.4632661344e+00    5.5889374219e+01   -1.3133662344e+01    5.6703962098e+00    2.5093738265e+00   -1.5643036171e+01    1.2800000000e+02    1.0163118000e-02    6.5429687500e-01
        35   -7.4745252746e+00    5.6091018090e+01   -1.4386496962e+01    6.9119716873e+00    2.7824255797e+00   -1.7168922542e+01    1.2800000000e+02    7.9637430008e-03    6.3964843750e-01
        36   -7.6341891073e+00    5.8676664126e+01   -1.3857449562e+01    6.2232604549e+00    2.7568866405e+00   -1.6614336203e+01    1.2800000000e+02    9.8644950003e-03    6.3964843750e-01
        37   -7.4399041575e+00    5.5574452202e+01   -1.5056733840e+01    7.6168296826e+00    2.7334532739e+00   -1.7790187114e+01    1.2800000000e+02    8.0138589992e-03    6.3134765625e-01
        38   -7.4659508720e+00    5.5876292131e+01   -1.4057979036e+01    6.5920281636e+00    2.6336033931e+00   -1.6691582429e+01    1.2800000000e+02    9.3921950001e-03    6.4453125000e-01
        39   -7.5151116862e+00    5.6719602033e+01   -1.6577917990e+01    9.0628063038e+00    2.6708667148e+00   -1.9248784705e+01    1.2800000000e+02    8.6394410000e-03    6.4208984375e-01
        40   -7.5754390680e+00    5.7641450092e+01   -1.7202117645e+01    9.6266785768e+00    2.4283823195e+00   -1.9630499964e+01    1.2800000000e+02    1.4810107001e-02    6.2988281250e-01
        41   -7.4823620292e+00    5.6186468910e+01   -1.5699222237e+01    8.2168602079e+00    2.4087309667e+00   -1.8107953204e+01    1.2800000000e+02    1.5225587000e-02    6.6894531250e-01
        42   -7.4440095655e+00    5.5639818335e+01   -1.3308688321e+01    5.8646787552e+00    2.5226939660e+00   -1.5831382287e+01    1.2800000000e+02    1.3891791999e-02    6.3916015625e-01
        43   -7.5210254975e+00    5.6863194723e+01   -1.2642890201e+01    5.1218647038e+00    2.4562622343e+00   -1.5099152436e+01    1.2800000000e+02    1.2182041000e-02    6.3525390625e-01
        44   -7.4501162486e+00    5.5731085278e+01   -1.3031889138e+01    5.5817728893e+00    2.7839423282e+00   -1.5815831466e+01    1.2800000000e+02    8.1252159998e-03    6.4111328125e-01
        45   -7.3514020546e+00    5.4196081312e+01   -1.2938350615e+01    5.5869485605e+00    3.0906887455e+00   -1.6029039361e+01    1.2800000000e+02    8.6207889999e-03    6.4257812500e-01
        46   -7.4555416912e+00    5.5748788670e+01   -1.4039539878e+01    6.5839981866e+00    2.6679076950e+00   -1.6707447573e+01    1.2800000000e+02    8.6030190005e-03    6.4306640625e-01
        47   -7.5563637681e+00    5.7343682315e+01   -1.7591304145e+01    1.0034940377e+01    2.6036148703e+00   -2.0194919015e+01    1.2800000000e+02    8.1832239994e-03    6.3085937500e-01
        48   -7.4082338845e+00    5.5011970916e+01   -1.3427045133e+01    6.0188112488e+00    2.3844323154e+00   -1.5811477449e+01    1.2800000000e+02    8.1324040002e-03    6.4941406250e-01
        49   -7.4771861646e+00    5.6072788891e+01   -1.3622174569e+01    6.1449884044e+00    2.6164417104e+00   -1.6238616279e+01    1.2800000000e+02    7.8816629994e-03    6.4453125000e-01
        50   -7.5124354072e+00    5.6701266374e+01   -1.5503481798e+01    7.9910463908e+00    2.6479112489e+00   -1.8151393047e+01    1.2800000000e+02    7.9391330000e-03    6.4160156250e-01
        51   -7.4040119791e+00    5.4953916765e+01   -1.3032012149e+01    5.6280001694e+00    2.6268360464e+00   -1.5658848195e+01    1.2800000000e+02    7.8585239999e-03    6.5185546875e-01
        52   -7.3953982636e+00    5.4837553882e+01   -1.4812828752e+01    7.4174304880e+00    2.6315150355e+00   -1.7444343787e+01    1.2800000000e+02    7.9509890002e-03    6.6162109375e-01
        53   -7.4857233927e+00    5.6304031066e+01   -1.3669562423e+01    6.1838390298e+00    2.3853970303e+00   -1.6054959453e+01    1.2800000000e+02    8.0730669997e-03    6.3867187500e-01
        54   -7.4087441101e+00    5.5027313678e+01   -1.2542827363e+01    5.1340832533e+00    2.6239681170e+00   -1.5166795480e+01    1.2800000000e+02    7.9082119992e-03    6.4794921875e-01
        55   -7.3590271339e+00    5.4416937021e+01   -1.5970378474e+01    8.6113513403e+00    2.8159109087e+00   -1.8786289383e+01    1.2800000000e+02    7.7811589999e-03    6.3427734375e-01
        56   -7.4258332615e+00    5.5304210245e+01   -1.1902753413e+01    4.4769201515e+00    2.3985081004e+00   -1.4301261513e+01    1.2800000000e+02    7.9079870002e-03    6.5673828125e-01
        57   -7.4801560238e+00    5.6237503925e+01   -1.4036538771e+01    6.5563827468e+00    2.6852059957e+00   -1.6721744766e+01    1.2800000000e+02    7.7130499994e-03    6.3037109375e-01
        58   -7.7355092296e+00    6.0203049370e+01   -1.5712823329e+01    7.9773140993e+00    2.8514910653e+00   -1.8564314394e+01    1.2800000000e+02    7.6877080000e-03    6.4355468750e-01
        59   -7.3223948485e+00    5.3728025112e+01   -1.1218315890e+01    3.8959210418e+00    2.5609957162e+00   -1.3779311607e+01    1.2800000000e+02    7.9748280004e-03    6.4062500000e-01
        60   -7.5312463544e+00    5.6965213511e+01   -1.6354341880e+01    8.8230955258e+00    2.5057235135e+00   -1.8860065394e+01    1.2800000000e+02    7.6414200003e-03    6.3769531250e-01
        61   -7.3954236223e+00    5.4814576025e+01   -1.2053406956e+01    4.6579833341e+00    2.8139395808e+00   -1.4867346537e+01    1.2800000000e+02    7.8788260007e-03    6.4257812500e-01
        62   -7.4208505784e+00    5.5284679207e+01   -1.6041907987e+01    8.6210574090e+00    2.5940113838e+00   -1.8635919371e+01    1.2800000000e+02    7.7699230005e-03    6.4892578125e-01
        63   -7.4054415414e+00    5.5012227696e+01   -1.2519840603e+01    5.1143990611e+00    2.7186984476e+00   -1.5238539050e+01    1.2800000000e+02    7.7356199999e-03    6.2109375000e-01
        64   -7.5683632975e+00    5.7634793181e+01   -2.0737322301e+01    1.3168959004e+01    2.7190207300e+00   -2.3456343031e+01    1.2800000000e+02    7.8330679999e-03    6.4355468750e-01
        65   -7.4055732869e+00    5.4999269394e+01   -1.2535410143e+01    5.1298368561e+00    2.9165819019e+00   -1.5451992045e+01    1.2800000000e+02    7.9279660004e-03    6.5185546875e-01
        66   -7.3836645009e+00    5.4768203957e+01   -1.3859695541e+01    6.4760310396e+00    2.4476161168e+00   -1.6307311657e+01    1.2800000000e+02    7.7425130003e-03    6.2744140625e-01
        67   -7.4392826594e+00    5.5529752973e+01   -1.4707174101e+01    7.2678914411e+00    2.7378073421e+00   -1.7444981443e+01    1.2800000000e+02    7.8551120005e-03    6.2158203125e-01
        68   -7.3268451715e+00    5.3836975994e+01   -1.4964953101e+01    7.6381079291e+00    3.1350531126e+00   -1.8100006213e+01    1.2800000000e+02    7.7777360002e-03    6.2939453125e-01
        69   -7.4728720385e+00    5.6049977432e+01   -1.3378886393e+01    5.9060143544e+00    2.2209711889e+00   -1.5599857582e+01    1.2800000000e+02    7.8767389996e-03    6.5332031250e-01
        70   -7.4923375221e+00    5.6273771481e+01   -1.2001888491e+01    4.5095509691e+00    2.4328232444e+00   -1.4434711736e+01    1.2800000000e+02    7.8327680003e-03    6.5869140625e-01
        71   -7.4040461533e+00    5.4937277716e+01   -1.2495736247e+01    5.0916900940e+00    2.5303385300e+00   -1.5026074777e+01    1.2800000000e+02    7.8894540002e-03    6.5234375000e-01
        72   -7.4272280704e+00    5.5428426891e+01   -1.4369103886e+01    6.9418758157e+00    2.6900133542e+00   -1.7059117240e+01    1.2800000000e+02    7.8051209994e-03    6.4550781250e-01
        73   -7.4606663358e+00    5.5855076921e+01   -1.1987437022e+01    4.5267706859e+00    2.4910570971e+00   -1.4478494119e+01    1.2800000000e+02    7.9512009997e-03    6.6552734375e-01
        74   -7.3914066189e+00    5.4798495696e+01   -1.2758522984e+01    5.3671163647e+00    2.3855214412e+00   -1.5144044425e+01    1.2800000000e+02    7.9006689994e-03    6.5673828125e-01
        75   -7.4062645709e+00    5.5132681056e+01   -1.8435411430e+01    1.1029146859e+01    3.0133956489e+00   -2.1448807079e+01    1.2800000000e+02    7.9743560000e-03    6.4160156250e-01
        76   -7.5024851025e+00    5.6430659481e+01   -1.1725393711e+01    4.2229086081e+00    2.3407899145e+00   -1.4066183625e+01    1.2800000000e+02    7.9937290002e-03    6.5966796875e-01
        77   -7.3547947337e+00    5.4269972171e+01   -1.1518319327e+01    4.1635245935e+00    2.3515917509e+00   -1.3869911078e+01    1.2800000000e+02    7.7737629999e-03    6.6503906250e-01
        78   -7.4195345849e+00    5.5232059946e+01   -1.2471724939e+01    5.0521903544e+00    2.9810916288e+00   -1.5452816568e+01    1.2800000000e+02    8.0304330004e-03    6.3330078125e-01
        79   -7.5013291222e+00    5.6498948525e+01   -1.4439659086e+01    6.9383299640e+00    2.4748079529e+00   -1.6914467039e+01    1.2800000000e+02    7.7266140006e-03    6.5429687500e-01
        80   -7.5260308232e+00    5.6803020590e+01   -1.5036918355e+01    7.5108875320e+00    2.7705584308e+00   -1.7807476786e+01    1.2800000000e+02    7.8390280005e-03    6.2548828125e-01
        81   -7.3861314427e+00    5.4729956074e+01   -1.7164110721e+01    9.7779792783e+00    2.4760704052e+00   -1.9640181126e+01    1.2800000000e+02    7.7483659998e-03    6.4599609375e-01
        82   -7.3701017075e+00    5.4503416442e+01   -1.4327716920e+01    6.9576152129e+00    2.5751977700e+00   -1.6902914690e+01    1.2800000000e+02    7.8380229997e-03    6.3330078125e-01
        83   -7.5789708163e+00    5.7690705691e+01   -1.4066931563e+01    6.4879607469e+00    3.3911918502e+00   -1.7458123413e+01    1.2800000000e+02    7.9330660001e-03    6.3525390625e-01
        84   -7.4002825344e+00    5.4926921988e+01   -1.3604295871e+01    6.2040133365e+00    2.5045224290e+00   -1.6108818300e+01    1.2800000000e+02    1.3744904000e-02    6.5136718750e-01
        85   -7.7756824858e+00    6.0768624441e+01   -1.4697943086e+01    6.9222606001e+00    2.4342050485e+00   -1.7132148135e+01    1.2800000000e+02    1.3297635001e-02    6.0986328125e-01
        86   -7.4916500316e+00    5.6361503453e+01   -1.3649461786e+01    6.1578117547e+00    2.6292097853e+00   -1.6278671572e+01    1.2800000000e+02    8.0061819999e-03    6.4013671875e-01
        87   -7.4538228686e+00    5.5744634347e+01   -1.3786769640e+01    6.3329467715e+00    2.5542952126e+00   -1.6341064853e+01    1.2800000000e+02    8.6667610003e-03    6.3427734375e-01
        88   -7.3976186509e+00    5.4909874723e+01   -1.3804716748e+01    6.4070980972e+00    3.0148153146e+00   -1.6819532063e+01    1.2800000000e+02    9.0665719999e-03    6.4306640625e-01
        89   -7.5988940738e+00    5.8067984616e+01   -1.3854204243e+01    6.2553101696e+00    2.6699011704e+00   -1.6524105414e+01    1.2800000000e+02    9.9864799995e-03    6.6113281250e-01
        90   -7.3867988339e+00    5.4792007638e+01   -1.6700577766e+01    9.3137789323e+00    2.8382255711e+00   -1.9538803337e+01    1.2800000000e+02    7.9133980007e-03    6.3232421875e-01
        91   -7.4911905664e+00    5.6335887396e+01   -2.3515417433e+01    1.6024226866e+01    2.5477886155e+00   -2.6063206048e+01    1.2800000000e+02    8.0672140002e-03    6.3916015625e-01
        92   -7.4965047334e+00    5.6368325878e+01   -1.7976240663e+01    1.0479735929e+01    2.7126796394e+00   -2.0688920302e+01    1.2800000000e+02    8.9425200003e-03    6.1865234375e-01
        93   -7.4922888852e+00    5.6561129011e+01   -1.5656194047e+01    8.1639051617e+00    2.7857386422e+00   -1.8441932689e+01    1.2800000000e+02    1.5200732000e-02    6.4208984375e-01
        94   -7.3409577304e+00    5.4037705097e+01   -1.1994453268e+01    4.6534955381e+00    2.1716665721e+00   -1.4166119841e+01    1.2800000000e+02    9.5013160008e-03    6.6357421875e-01
        95   -7.5279683489e+00    5.6944831139e+01   -1.8625876631e+01    1.1097908282e+01    2.4952468221e+00   -2.1121123453e+01    1.2800000000e+02    8.4887340008e-03    6.2402343750e-01
        96   -7.3390552562e+00    5.4052860686e+01   -1.4284019211e+01    6.9449639552e+00    2.8482923920e+00   -1.7132311603e+01    1.2800000000e+02    8.4539590007e-03    6.3281250000e-01
        97   -7.4184539303e+00    5.5254426522e+01   -1.4735250565e+01    7.3167966349e+00    2.5431155332e+00   -1.7278366098e+01    1.2800000000e+02    8.7783850004e-03    6.3671875000e-01
        98   -7.4036453164e+00    5.5002427828e+01   -1.0987268236e+01    3.5836229197e+00    2.3502867607e+00   -1.3337554997e+01    1.2800000000e+02    9.8918329995e-03    6.7773437500e-01
        99   -7.4191153348e+00    5.5196268927e+01   -1.4270702649e+01    6.8515873141e+00    2.6248528527e+00   -1.6895555502e+01    1.2800000000e+02    1.5504464001e-02    6.2939453125e-01
       100   -7.3213668889e+00    5.3772190077e+01   -1.4089104830e+01    6.7677379415e+00    2.4711386890e+00   -1.6560243519e+01    1.2800000000e+02    9.8413590003e-03    6.3671875000e-01
       101   -7.4310271034e+00    5.5400941658e+01   -1.2417422983e+01    4.9863958797e+00    2.4621582016e+00   -1.4879581185e+01    1.2800000000e+02    9.4240540002e-03    6.3720703125e-01
       102   -7.6787683740e+00    5.9438706501e+01   -1.6764591884e+01    9.0858235099e+00    2.7647492983e+00   -1.9529341182e+01    1.2800000000e+02    1.3497125999e-02    6.2792968750e-01
       103   -7.4732899997e+00    5.6050811483e+01   -1.1050661798e+01    3.5773717981e+00    2.1532517764e+00   -1.3203913574e+01    1.2800000000e+02    1.4130877000e-02    6.6259765625e-01
       104   -7.5312002478e+00    5.6933883829e+01   -1.5405408314e+01    7.8742080660e+00    2.9934259890e+00   -1.8398834303e+01    1.2800000000e+02    1.1984901001e-02    6.2500000000e-01
       105   -7.4701990158e+00    5.6092564100e+01   -1.4385294049e+01    6.9150950328e+00    2.9222403617e+00   -1.7307534410e+01    1.2800000000e+02    9.7724640000e-03    6.3671875000e-01
       106   -7.5113564222e+00    5.6655090822e+01   -1.6984966272e+01    9.4736098493e+00    2.8565628582e+00   -1.9841529130e+01    1.2800000000e+02    8.8473110000e-03    6.3085937500e-01
       107   -7.5411965261e+00    5.7091987814e+01   -1.5378216713e+01    7.8370201872e+00    2.6271894481e+00   -1.8005406161e+01    1.2800000000e+02    1.2765213000e-02    6.3037109375e-01
       108   -7.4069531216e+00    5.5077220362e+01   -1.1030062598e+01    3.6231094764e+00    2.3538034281e+00   -1.3383866026e+01    1.2800000000e+02    1.0900697000e-02    6.8505859375e-01
       109   -7.3730953097e+00    5.4559155574e+01   -1.2263199064e+01    4.8901037542e+00    2.2807331466e+00   -1.4543932210e+01    1.2800000000e+02    7.6455449998e-03    6.3867187500e-01
       110   -7.4074643762e+00    5.5025183940e+01   -1.4098624006e+01    6.6911596300e+00    2.9790603810e+00   -1.7077684387e+01    1.2800000000e+02    7.9162719994e-03    6.2744140625e-01
       111   -7.4114936949e+00    5.5087806100e+01   -1.2812613205e+01    5.4011195104e+00    2.6005994002e+00   -1.5413212605e+01    1.2800000000e+02    7.8015469999e-03    6.3232421875e-01
       112   -7.3869051507e+00    5.4778722911e+01   -1.5194416686e+01    7.8075115355e+00    2.6183067447e+00   -1.7812723431e+01    1.2800000000e+02    7.7873069995e-03    6.1962890625e-01
       113   -7.3712468547e+00    5.4621508289e+01   -1.3742104737e+01    6.3708578821e+00    2.4267918625e+00   -1.6168896599e+01    1.2800000000e+02    7.7614659995e-03    6.3574218750e-01
       114   -7.4256962113e+00    5.5393149240e+01   -1.3886306273e+01    6.4606100621e+00    2.6611837600e+00   -1.6547490033e+01    1.2800000000e+02    7.8177639998e-03    6.2841796875e-01
       115   -7.5848325903e+00    5.7701310088e+01   -1.2931358705e+01    5.3465261145e+00    2.6156236475e+00   -1.5546982352e+01    1.2800000000e+02    8.0462309998e-03    6.6650390625e-01
       116   -7.3717127773e+00    5.4611038336e+01   -1.5553154861e+01    8.1814420834e+00    2.6554726172e+00   -1.8208627478e+01    1.2800000000e+02    7.8660760000e-03    6.3378906250e-01
       117   -7.5177162769e+00    5.6780710748e+01   -1.2770528657e+01    5.2528123801e+00    2.4841706663e+00   -1.5254699323e+01    1.2800000000e+02    7.9233599999e-03    6.5771484375e-01
       118   -7.4106931217e+00    5.5067684606e+01   -3.0199219521e+01    2.2788526400e+01    2.8332036228e+00   -3.3032423144e+01    1.2800000000e+02    8.2630329998e-03    6.3085937500e-01
       119   -7.4285479261e+00    5.5439492093e+01   -1.2087250853e+01    4.6587029271e+00    2.2623647756e+00   -1.4349615629e+01    1.2800000000e+02    8.3616149996e-03    6.5722656250e-01
       120   -7.4704254526e+00    5.6069375563e+01   -1.3615847326e+01    6.1454218739e+00    2.4605216925e+00   -1.6076369019e+01    1.2800000000e+02    1.2792521000e-02    6.4257812500e-01
       121   -7.4052218880e+00    5.5022284739e+01   -1.2037358826e+01    4.6321369382e+00    2.7458021980e+00   -1.4783161024e+01    1.2800000000e+02    1.5877631000e-02    6.4160156250e-01
       122   -7.6128286888e+00    5.8298086368e+01   -1.4974983112e+01    7.3621544227e+00    2.9677747318e+00   -1.7942757843e+01    1.2800000000e+02    1.6300252000e-02    6.3867187500e-01
       123   -7.3955966655e+00    5.4935272776e+01   -1.6852352124e+01    9.4567554580e+00    2.8825429053e+00   -1.9734895029e+01    1.2800000000e+02    1.6015803000e-02    6.2548828125e-01
       124   -7.3814945670e+00    5.4597955243e+01   -1.5516393152e+01    8.1348985848e+00    2.4674333743e+00   -1.7983826526e+01    1.2800000000e+02    1.6437990001e-02    6.5380859375e-01
       125   -7.5181581064e+00    5.6833875930e+01   -1.2580993577e+01    5.0628354708e+00    2.9254143316e+00   -1.5506407909e+01    1.2800000000e+02    1.1011583000e-02    6.4306640625e-01
       126   -7.3601215783e+00    5.4436987516e+01   -1.6410179182e+01    9.0500576033e+00    2.8104805008e+00   -1.9220659682e+01    1.2800000000e+02    7.8139889993e-03    6.1621093750e-01
       127   -7.4194922179e+00    5.5164353225e+01   -1.2521473785e+01    5.1019815666e+00    2.7076336282e+00   -1.5229107413e+01    1.2800000000e+02    7.6959120006e-03    6.3720703125e-01
       128   -7.4042653008e+00    5.5013467203e+01   -1.3097281471e+01    5.6930161699e+00    2.8792387201e+00   -1.5976520191e+01    1.2800000000e+02    7.9497740007e-03    6.3867187500e-01
       129   -7.4360864784e+00    5.5465443263e+01   -1.4564247456e+01    7.1281609772e+00    2.8225636175e+00   -1.7386811073e+01    1.2800000000e+02    7.7773519997e-03    6.5771484375e-01
       130   -7.4070189384e+00    5.5117076364e+01   -1.4430518726e+01    7.0234997880e+00    2.7218275610e+00   -1.7152346287e+01    1.2800000000e+02    7.7805239998e-03    6.2304687500e-01
       131   -7.4349884790e+00    5.5510694767e+01   -1.4790595605e+01    7.3556071255e+00    2.6480350530e+00   -1.7438630658e+01    1.2800000000e+02    7.6696090000e-03    6.3134765625e-01
       132   -7.5221912888e+00    5.7083018732e+01   -1.3362049932e+01    5.8398586436e+00    2.4366285233e+00   -1.5798678456e+01    1.2800000000e+02    7.9963519993e-03    6.5527343750e-01
       133   -7.5962067695e+00    5.7977288430e+01   -1.5381519297e+01    7.7853125275e+00    2.9149888724e+00   -1.8296508169e+01    1.2800000000e+02    7.6905830001e-03    6.1621093750e-01
       134   -7.7280346480e+00    6.0126395375e+01   -1.6719981621e+01    8.9919469725e+00    2.5567820150e+00   -1.9276763636e+01    1.2800000000e+02    7.7457620000e-03    6.4062500000e-01
       135   -7.4427966715e+00    5.5562355971e+01   -1.2419323029e+01    4.9765263572e+00    2.5599762921e+00   -1.4979299321e+01    1.2800000000e+02    7.8183460000e-03    6.4990234375e-01
       136   -7.5603315936e+00    5.7451545972e+01   -2.1062624060e+01    1.3502292467e+01    2.7336514903e+00   -2.3796275551e+01    1.2800000000e+02    7.8447740007e-03    6.2792968750e-01
       137   -7.4829255084e+00    5.6127202628e+01   -1.4943884349e+01    7.4609588402e+00    2.5709033593e+00   -1.7514787708e+01    1.2800000000e+02    7.7695640002e-03    6.4501953125e-01
       138   -7.3048354487e+00    5.3511478288e+01   -1.2071661125e+01    4.7668256762e+00    2.3035857200e+00   -1.4375246845e+01    1.2800000000e+02    7.9193100000e-03    6.3720703125e-01
       139   -7.6515648979e+00    5.8922653066e+01   -2.1615635860e+01    1.3964070962e+01    3.1042406063e+00   -2.4719876466e+01    1.2800000000e+02    8.2228399997e-03    6.1865234375e-01
       140   -7.4716194581e+00    5.6007072302e+01   -1.4584112219e+01    7.1124927608e+00    2.5380550545e+00   -1.7122167273e+01    1.2800000000e+02    1.3406741999e-02    6.3916015625e-01
       141   -7.3304326529e+00    5.3888535151e+01   -1.3501443757e+01    6.1710111044e+00    2.5917373805e+00   -1.6093181138e+01    1.2800000000e+02    8.5150819996e-03    6.3037109375e-01
       142   -7.6657807182e+00    5.9007850887e+01   -1.4690206397e+01    7.0244256791e+00    2.7934629371e+00   -1.7483669334e+01    1.2800000000e+02    1.3796356000e-02    6.3769531250e-01
       143   -7.4321202772e+00    5.5422719072e+01   -1.3423323145e+01    5.9912028683e+00    2.8698993217e+00   -1.6293222467e+01    1.2800000000e+02    1.4014194000e-02    6.3769531250e-01
       144   -7.4831991718e+00    5.6160786816e+01   -1.2404776724e+01    4.9215775524e+00    2.2928176041e+00   -1.4697594328e+01    1.2800000000e+02    1.0825870000e-02    6.7333984375e-01
       145   -7.3196551221e+00    5.3779446312e+01   -1.6483433699e+01    9.1637785765e+00    2.8083841005e+00   -1.9291817799e+01    1.2800000000e+02    8.2812479995e-03    6.5039062500e-01
       146   -7.6371390509e+00    5.8611661339e+01   -1.7090595445e+01    9.4534563944e+00    2.6021483652e+00   -1.9692743811e+01    1.2800000000e+02    1.0634639000e-02    6.3623046875e-01
       147   -7.4628776028e+00    5.5905252135e+01   -1.2908327440e+01    5.4454498375e+00    2.2584147027e+00   -1.5166742143e+01    1.2800000000e+02    1.0708211000e-02    6.5869140625e-01
       148   -7.4650815680e+00    5.5869603587e+01   -4.2360988406e+01    3.4895906838e+01    3.0514850955e+00   -4.5412473501e+01    1.2800000000e+02    8.5249839995e-03    6.1425781250e-01
       149   -7.4530373929e+00    5.5743799195e+01   -1.3359452033e+01    5.9064146404e+00    2.5139322710e+00   -1.5873384304e+01    1.2800000000e+02    8.0200269995e-03    6.4208984375e-01
       150   -7.5996535850e+00    5.8103206776e+01   -1.6591529733e+01    8.9918761482e+00    2.7127698982e+00   -1.9304299631e+01    1.2800000000e+02    8.3095250002e-03    6.3720703125e-01
       151   -7.5581280698e+00    5.7521666244e+01   -1.7518049754e+01    9.9599216837e+00    2.5877125939e+00   -2.0105762347e+01    1.2800000000e+02    9.7637039999e-03    6.3378906250e-01
       152   -7.4376978839e+00    5.5549483055e+01   -1.0877647016e+01    3.4399491318e+00    2.1731204149e+00   -1.3050767431e+01    1.2800000000e+02    1.1762051000e-02    6.7382812500e-01
       153   -7.4958431645e+00    5.6487272086e+01   -1.9711958041e+01    1.2216114877e+01    2.7149590604e+00   -2.2426917102e+01    1.2800000000e+02    7.9165329998e-03    6.2744140625e-01
       154   -7.4752957034e+00    5.6076464012e+01   -1.5736151595e+01    8.2608558914e+00    2.7464989667e+00   -1.8482650561e+01    1.2800000000e+02    7.7894130000e-03    6.4990234375e-01
       155   -7.4701961013e+00    5.5982166910e+01   -1.4547244952e+01    7.0770488505e+00    2.5823949173e+00   -1.7129639869e+01    1.2800000000e+02    8.0706879999e-03    6.4550781250e-01
       156   -7.4721398107e+00    5.6070497895e+01   -1.5731804448e+01    8.2596646371e+00    2.7498902618e+00   -1.8481694710e+01    1.2800000000e+02    7.8310250001e-03    6.2304687500e-01
       157   -7.4574814321e+00    5.5868129243e+01   -1.2850676480e+01    5.3931950483e+00    2.7471194777e+00   -1.5597795958e+01    1.2800000000e+02    9.1240530001e-03    6.5527343750e-01
       158   -7.4758173620e+00    5.6186940214e+01   -1.5657270131e+01    8.1814527691e+00    2.6402156963e+00   -1.8297485827e+01    1.2800000000e+02    8.4136430005e-03    6.3964843750e-01
       159   -7.4214464001e+00    5.5269650702e+01   -1.8408836280e+01    1.0987389880e+01    2.5264837074e+00   -2.0935319988e+01    1.2800000000e+02    8.2332020002e-03    6.2500000000e-01
       160   -7.4884200718e+00    5.6427499617e+01   -1.7126464783e+01    9.6380447112e+00    2.9682871916e+00   -2.0094751975e+01    1.2800000000e+02    1.2145557000e-02    6.0888671875e-01
       161   -7.3961315715e+00    5.4827118498e+01   -1.3567280174e+01    6.1711486030e+00    2.5295740407e+00   -1.6096854215e+01    1.2800000000e+02    1.5289219999e-02    6.3232421875e-01
       162   -7.4342241957e+00    5.5476749435e+01   -1.2859477622e+01    5.4252534263e+00    2.3445331641e+00   -1.5204010786e+01    1.2800000000e+02    1.5416234000e-02    6.4990234375e-01
       163   -7.3166792770e+00    5.3720163880e+01   -1.3722108852e+01    6.4054295752e+00    2.3105256820e+00   -1.6032634534e+01    1.2800000000e+02    1.2762118000e-02    6.3085937500e-01
       164   -7.5637650905e+00    5.7479436604e+01   -1.3316882254e+01    5.7531171638e+00    2.5747559910e+00   -1.5891638245e+01    1.2800000000e+02    1.5003871001e-02    6.5966796875e-01
       165   -7.4374566826e+00    5.5605777493e+01   -1.5285219588e+01    7.8477629059e+00    2.6860398100e+00   -1.7971259398e+01    1.2800000000e+02    1.2602660000e-02    6.3671875000e-01
       166   -7.3016686048e+00    5.3510461766e+01   -1.4334680810e+01    7.0330122051e+00    2.3423815379e+00   -1.6677062348e+01    1.2800000000e+02    8.0340089999e-03    6.4306640625e-01
       167   -7.3881042129e+00    5.4791976082e+01   -1.9875602046e+01    1.2487497833e+01    2.6148037960e+00   -2.2490405842e+01    1.2800000000e+02    7.9462569993e-03    6.4062500000e-01
       168   -7.4091008128e+00    5.5074368444e+01   -1.3919492380e+01    6.5103915675e+00    2.7816656262e+00   -1.6701158006e+01    1.2800000000e+02    7.8742950000e-03    6.3232421875e-01
       169   -7.2553043018e+00    5.2764903535e+01   -1.3645164454e+01    6.3898601520e+00    2.8015143450e+00   -1.6446678799e+01    1.2800000000e+02    8.0224019994e-03    6.3183593750e-01
       170   -7.4286654472e+00    5.5475168765e+01   -1.4377749027e+01    6.9490835798e+00    2.8843160844e+00   -1.7262065111e+01    1.2800000000e+02    7.8567840001e-03    6.2792968750e-01
       171   -7.5409408993e+00    5.7171177789e+01   -1.4583329900e+01    7.0423890005e+00    2.3560588278e+00   -1.6939388728e+01    1.2800000000e+02    7.9966380008e-03    6.4013671875e-01
       172   -7.5712140416e+00    5.7684473488e+01   -1.3421034486e+01    5.8498204446e+00    2.5999351339e+00   -1.6020969620e+01    1.2800000000e+02    7.8114200005e-03    6.3818359375e-01
       173   -7.5711404925e+00    5.7603457881e+01   -1.3488981823e+01    5.9178413306e+00    2.5321750135e+00   -1.6021156837e+01    1.2800000000e+02    8.0740120002e-03    6.4306640625e-01
       174   -7.5558666241e+00    5.7423245683e+01   -1.4969245129e+01    7.4133785050e+00    2.7095302597e+00   -1.7678775389e+01    1.2800000000e+02    7.8686349998e-03    6.3769531250e-01
       175   -7.4068750213e+00    5.5038816319e+01   -1.4004623535e+01    6.5977485134e+00    2.8522340469e+00   -1.6856857582e+01    1.2800000000e+02    7.8616179999e-03    6.2109375000e-01
       176   -7.7157144585e+00    5.9900411185e+01   -1.8348782919e+01    1.0633068460e+01    2.8415171535e+00   -2.1190300072e+01    1.2800000000e+02    8.6786610000e-03    6.1962890625e-01
       177   -7.4999619766e+00    5.6516776814e+01   -1.3063888308e+01    5.5639263312e+00    2.5900605443e+00   -1.5653948852e+01    1.2800000000e+02    8.4251540002e-03    6.5625000000e-01
       178   -7.4842405261e+00    5.6223783773e+01   -1.2433873392e+01    4.9496328661e+00    2.7160724016e+00   -1.5149945794e+01    1.2800000000e+02    7.9145019999e-03    6.4013671875e-01
       179   -7.2586888419e+00    5.2891947174e+01   -1.3837324782e+01    6.5786359397e+00    2.6210289023e+00   -1.6458353684e+01    1.2800000000e+02    7.8357630000e-03    6.2207031250e-01
       180   -7.5157189396e+00    5.6733581849e+01   -1.2966358593e+01    5.4506396532e+00    2.5372593465e+00   -1.5503617939e+01    1.2800000000e+02    7.8970860004e-03    6.5332031250e-01
       181   -7.4762536816e+00    5.6133101599e+01   -1.3161169853e+01    5.6849161716e+00    2.6209068139e+00   -1.5782076667e+01    1.2800000000e+02    7.9837349995e-03    6.2988281250e-01
       182   -7.5963941591e+00    5.8085872102e+01   -1.5231926930e+01    7.6355327707e+00    2.5206338203e+00   -1.7752560750e+01    1.2800000000e+02    7.7293860004e-03    6.3476562500e-01
       183   -7.4553448974e+00    5.5771487248e+01   -1.6741363989e+01    9.2860190912e+00    2.5339166190e+00   -1.9275280608e+01    1.2800000000e+02    7.9032799995e-03    6.3720703125e-01
       184   -7.4479454125e+00    5.5735189012e+01   -1.2740827548e+01    5.2928821353e+00    2.2601067990e+00   -1.5000934347e+01    1.2800000000e+02    7.6622039996e-03    6.5332031250e-01
       185   -7.3058221939e+00    5.3529415800e+01   -1.3020755207e+01    5.7149330134e+00    2.4505397469e+00   -1.5471294954e+01    1.2800000000e+02    7.8936039999e-03    6.5136718750e-01
       186   -7.4073323531e+00    5.5033330478e+01   -1.1464257896e+01    4.0569255428e+00    2.3993563814e+00   -1.3863614277e+01    1.2800000000e+02    8.6589249995e-03    6.6308593750e-01
       187   -7.3425558520e+00    5.4032719193e+01   -1.2116213112e+01    4.7736572604e+00    2.5195186875e+00   -1.4635731800e+01    1.2800000000e+02    8.6300330004e-03    6.4501953125e-01
       188   -7.4793848310e+00    5.6149243692e+01   -1.5690378751e+01    8.2109939197e+00    2.5059241086e+00   -1.8196302859e+01    1.2800000000e+02    8.5765980002e-03    6.4404296875e-01
       189   -7.5353580821e+00    5.7075233845e+01   -1.2928007168e+01    5.3926490856e+00    2.4695218195e+00   -1.5397528987e+01    1.2800000000e+02    9.2272860002e-03    6.4453125000e-01
       190   -7.7204467494e+00    6.0013841055e+01   -1.8712733739e+01    1.0992286989e+01    3.0793134120e+00   -2.1792047151e+01    1.2800000000e+02    8.1879589998e-03    6.1523437500e-01
       191   -7.3608076312e+00    5.4295470326e+01   -1.1837490223e+01    4.4766825915e+00    2.3691200701e+00   -1.4206610293e+01    1.2800000000e+02    7.9729660001e-03    6.5332031250e-01
       192   -7.4867027771e+00    5.6323950653e+01   -3.0882311103e+01    2.3395608325e+01    3.0104023822e+00   -3.3892713485e+01    1.2800000000e+02    7.7571019992e-03    6.3964843750e-01
       193   -7.4425593410e+00    5.5660438218e+01   -1.4745157821e+01    7.3025984800e+00    2.9569997246e+00   -1.7702157546e+01    1.2800000000e+02    8.0677290007e-03    6.2353515625e-01
       194   -7.4117197557e+00    5.5093654950e+01   -1.3260820967e+01    5.8491012109e+00    2.4227307722e+00   -1.5683551739e+01    1.2800000000e+02    7.8176510006e-03    6.5478515625e-01
       195   -7.4298818261e+00    5.5431188636e+01   -1.3458940919e+01    6.0290590926e+00    2.6541140820e+00   -1.6113055001e+01    1.2800000000e+02    7.9653510002e-03    6.4062500000e-01
       196   -7.4846489733e+00    5.6225750010e+01   -1.8853212818e+01    1.1368563845e+01    2.6794615286e+00   -2.1532674347e+01    1.2800000000e+02    7.7579310000e-03    6.2500000000e-01
       197   -7.4927472557e+00    5.6341620607e+01   -1.3012774674e+01    5.5200274187e+00    2.3087593523e+00   -1.5321534027e+01    1.2800000000e+02    8.0198469996e-03    6.5869140625e-01
       198   -7.4165168562e+00    5.5191499473e+01   -1.2764207663e+01    5.3476908063e+00    2.6877942294e+00   -1.5452001892e+01    1.2800000000e+02    7.8636380003e-03    6.3574218750e-01
       199   -7.3711584167e+00    5.4527293077e+01   -1.2498667301e+01    5.1275088844e+00    2.6088661236e+00   -1.5107533425e+01    1.2800000000e+02    8.0375480002e-03    6.5917968750e-01
       200   -7.4742370979e+00    5.6096977610e+01   -1.3416782995e+01    5.9425458971e+00    2.7529138898e+00   -1.6169696885e+01    1.2800000000e+02    8.1090800004e-03    6.4355468750e-01
       201   -7.3608824702e+00    5.4352114564e+01   -1.4240471105e+01    6.8795886349e+00    2.7585104691e+00   -1.6998981574e+01    1.2800000000e+02    8.0254960003e-03    6.3476562500e-01
       202   -7.4835018600e+00    5.6235419671e+01   -1.2926580866e+01    5.4430790061e+00    2.5579232719e+00   -1.5484504138e+01    1.2800000000e+02    8.4130770001e-03    6.3232421875e-01
       203   -7.5029518933e+00    5.6490646862e+01   -1.3982415491e+01    6.4794635973e+00    2.4882424682e+00   -1.6470657959e+01    1.2800000000e+02    8.9853709997e-03    6.4599609375e-01
       204   -7.6579488601e+00    5.8973320206e+01   -1.5472918226e+01    7.8149693658e+00    2.7623725738e+00   -1.8235290800e+01    1.2800000000e+02    8.8428800000e-03    6.2744140625e-01
       205   -7.5644419138e+00    5.7552594980e+01   -1.3459988972e+01    5.8955470577e+00    2.7203388954e+00   -1.6180327867e+01    1.2800000000e+02    9.3370320001e-03    6.4404296875e-01
       206   -7.6256144806e+00    5.8586686995e+01   -1.4083555157e+01    6.4579406765e+00    3.0561899081e+00   -1.7139745065e+01    1.2800000000e+02    8.7602659996e-03    6.3134765625e-01
       207   -7.5209443333e+00    5.6792030193e+01   -1.3881159239e+01    6.3602149058e+00    2.3924584811e+00   -1.6273617720e+01    1.2800000000e+02    1.0404934001e-02    6.5625000000e-01
       208   -7.4711477000e+00    5.6205783018e+01   -1.5757123755e+01    8.2859760547e+00    2.5335901575e+00   -1.8290713912e+01    1.2800000000e+02    9.7647899993e-03    6.2109375000e-01
       209   -7.4857779021e+00    5.6237182477e+01   -1.5171943110e+01    7.6861652079e+00    2.3013118837e+00   -1.7473254994e+01    1.2800000000e+02    8.5881340001e-03    6.3916015625e-01
       210   -7.6610708142e+00    5.9063299348e+01   -1.5528512627e+01    7.8674418126e+00    2.8707542987e+00   -1.8399266925e+01    1.2800000000e+02    1.0294789000e-02    6.1669921875e-01
       211   -7.4986275096e+00    5.6545200093e+01   -1.6526530228e+01    9.0279027183e+00    2.7825185813e+00   -1.9309048809e+01    1.2800000000e+02    8.3335780000e-03    6.3037109375e-01
       212   -7.4257984509e+00    5.5355263014e+01   -1.2821046294e+01    5.3952478436e+00    2.6165274682e+00   -1.5437573763e+01    1.2800000000e+02    8.2604340005e-03    6.4794921875e-01
       213   -7.4809222634e+00    5.6196470291e+01   -1.2386315177e+01    4.9053929134e+00    2.5494864877e+00   -1.4935801664e+01    1.2800000000e+02    1.0911221000e-02    6.5039062500e-01
       214   -7.5810967975e+00    5.7992748286e+01   -1.3965103164e+01    6.3840063665e+00    2.9229540543e+00   -1.6888057218e+01    1.2800000000e+02    1.1872248000e-02    6.3037109375e-01
       215   -7.4679483013e+00    5.5926862042e+01   -1.1826279629e+01    4.3583313273e+00    2.6804524873e+00   -1.4506732116e+01    1.2800000000e+02    1.2572239000e-02    6.5820312500e-01
       216   -7.5736382304e+00    5.7569179937e+01   -3.4936676047e+01    2.7363037816e+01    2.8641244562e+00   -3.7800800503e+01    1.2800000000e+02    1.1664749000e-02    6.1621093750e-01
       217   -7.4441341208e+00    5.5527466244e+01   -1.1533152634e+01    4.0890185130e+00    2.5724606452e+00   -1.4105613279e+01    1.2800000000e+02    1.2096583000e-02    6.4208984375e-01
       218   -7.3681154962e+00    5.4476497434e+01   -1.3064737731e+01    5.6966222352e+00    2.6478254281e+00   -1.5712563159e+01    1.2800000000e+02    8.4157789997e-03    6.2890625000e-01
       219   -7.4017495247e+00    5.5059108681e+01   -1.5031854248e+01    7.6301047236e+00    2.5767216211e+00   -1.7608575869e+01    1.2800000000e+02    8.2044789997e-03    6.4404296875e-01
       220   -7.5226596553e+00    5.6769846878e+01   -1.5589273039e+01    8.0666133840e+00    2.6834879373e+00   -1.8272760976e+01    1.2800000000e+02    7.7572479995e-03    6.3476562500e-01
       221   -7.4917640779e+00    5.6351680891e+01   -1.2352275145e+01    4.8605110671e+00    2.3147615468e+00   -1.4667036692e+01    1.2800000000e+02    7.8476179997e-03    6.6064453125e-01
       222   -7.3354861587e+00    5.3919332796e+01   -1.2342421932e+01    5.0069357734e+00    2.5296756342e+00   -1.4872097566e+01    1.2800000000e+02    7.7785409994e-03    6.4257812500e-01
       223   -7.4330236635e+00    5.5456622339e+01   -1.1621869542e+01    4.1888458782e+00    2.2134713484e+00   -1.3835340890e+01    1.2800000000e+02    7.8136970005e-03    6.5576171875e-01
       224   -7.5057904612e+00    5.6656867599e+01   -1.3675379480e+01    6.1695890191e+00    2.3345537669e+00   -1.6009933247e+01    1.2800000000e+02    7.7163510005e-03    6.5625000000e-01
       225   -7.4228400581e+00    5.5326878364e+01   -1.2877191369e+01    5.4543513109e+00    2.7407442164e+00   -1.5617935585e+01    1.2800000000e+02    9.1660409998e-03    6.4208984375e-01
       226   -7.5215349006e+00    5.6887500709e+01   -1.2925503310e+01    5.4039684099e+00    2.4670323342e+00   -1.5392535645e+01    1.2800000000e+02    7.8034459993e-03    6.4257812500e-01
       227   -7.7329038458e+00    6.0086462599e+01   -1.5165502321e+01    7.4325984755e+00    2.6044105835e+00   -1.7769912905e+01    1.2800000000e+02    8.0471140000e-03    6.4599609375e-01
       228   -7.4874167203e+00    5.6292473634e+01   -1.8920855554e+01    1.1433438833e+01    2.8399173583e+00   -2.1760772912e+01    1.2800000000e+02    8.1577659994e-03    6.2695312500e-01
       229   -7.4453206125e+00    5.5565942981e+01   -1.2899435910e+01    5.4541152973e+00    2.4343901901e+00   -1.5333826100e+01    1.2800000000e+02    8.9629970007e-03    6.4355468750e-01
       230   -7.2815246645e+00    5.3295845305e+01   -1.5656502167e+01    8.3749775025e+00    2.6087655177e+00   -1.8265267685e+01    1.2800000000e+02    8.3442260002e-03    6.0351562500e-01
       231   -7.4606905208e+00    5.5847752379e+01   -1.5412996942e+01    7.9523064207e+00    2.6224968687e+00   -1.8035493810e+01    1.2800000000e+02    7.8428830002e-03    6.4355468750e-01
       232   -7.4411286821e+00    5.5536080313e+01   -1.6635667392e+01    9.1945387097e+00    2.3188694715e+00   -1.8954536863e+01    1.2800000000e+02    7.9654990004e-03    6.4599609375e-01
       233   -7.4910541281e+00    5.6321268938e+01   -1.3989142813e+01    6.4980886848e+00    2.5090840855e+00   -1.6498226898e+01    1.2800000000e+02    8.5536540000e-03    6.4599609375e-01
       234   -7.4545709431e+00    5.5721943513e+01   -1.3650171967e+01    6.1956010237e+00    2.7664531524e+00   -1.6416625119e+01    1.2800000000e+02    1.0949248001e-02    6.3623046875e-01
       235   -7.5742890948e+00    5.7649953534e+01   -1.5683092120e+01    8.1088030248e+00    2.2899931701e+00   -1.7973085290e+01    1.2800000000e+02    7.7134379999e-03    6.2597656250e-01
       236   -7.4894736008e+00    5.6324535187e+01   -1.3891463259e+01    6.4019896580e+00    2.2320443759e+00   -1.6123507635e+01    1.2800000000e+02    9.0462990001e-03    6.5625000000e-01
       237   -7.4087223951e+00    5.5010774630e+01   -1.1745278786e+01    4.3365563905e+00    2.6558234088e+00   -1.4401102194e+01    1.2800000000e+02    9.1942069994e-03    6.6308593750e-01
       238   -7.6114984420e+00    5.8232136104e+01   -1.7279037827e+01    9.6675393846e+00    2.6691906121e+00   -1.9948228439e+01    1.2800000000e+02    9.1271620004e-03    6.5966796875e-01
       239   -7.4642872894e+00    5.5921553107e+01   -1.7940015910e+01    1.0475728620e+01    2.8438214306e+00   -2.0783837340e+01    1.2800000000e+02    8.0015530002e-03    6.3427734375e-01
       240   -7.4486683078e+00    5.5670190731e+01   -1.3899725489e+01    6.4510571814e+00    2.5994420019e+00   -1.6499167491e+01    1.2800000000e+02    8.0385279998e-03    6.6992187500e-01
       241   -7.4161748472e+00    5.5149028003e+01   -1.2261180453e+01    4.8450056060e+00    2.6940815296e+00   -1.4955261983e+01    1.2800000000e+02    1.0710973000e-02    6.4746093750e-01
       242   -7.3606907564e+00    5.4303611525e+01   -1.5756441226e+01    8.3957504699e+00    2.4630136970e+00   -1.8219454923e+01    1.2800000000e+02    7.8597869997e-03    6.4062500000e-01
       243   -7.4405182588e+00    5.5581880660e+01   -1.2696088427e+01    5.2555701685e+00    2.4132118290e+00   -1.5109300256e+01    1.2800000000e+02    7.6734400000e-03    6.4599609375e-01
       244   -7.5513295294e+00    5.7248961712e+01   -1.5183121246e+01    7.6317917166e+00    2.8446330347e+00   -1.8027754281e+01    1.2800000000e+02    8.0441129994e-03    6.4013671875e-01
       245   -7.4713514341e+00    5.6008841000e+01   -1.3224368816e+01    5.7530173817e+00    2.5188884939e+00   -1.5743257310e+01    1.2800000000e+02    8.1881070000e-03    6.4550781250e-01
       246   -7.4257733218e+00    5.5559006592e+01   -2.4687720910e+01    1.7261947589e+01    2.5815935575e+00   -2.7269314468e+01    1.2800000000e+02    7.7002329999e-03    5.9960937500e-01
       247   -7.6006376568e+00    5.8038522113e+01   -1.6447871038e+01    8.8472333811e+00    2.3185230563e+00   -1.8766394094e+01    1.2800000000e+02    8.1852980002e-03    6.3525390625e-01
       248   -7.3828267657e+00    5.4635622412e+01   -1.0978996173e+01    3.5961694077e+00    2.2833262073e+00   -1.3262322381e+01    1.2800000000e+02    9.0070320002e-03    6.5820312500e-01
       249   -7.4516829965e+00    5.5784423076e+01   -1.6603821109e+01    9.1521381127e+00    2.7330339206e+00   -1.9336855030e+01    1.2800000000e+02    8.7528089998e-03    6.4550781250e-01
       250   -7.3426838863e+00    5.4099350482e+01   -1.3383564130e+01    6.0408802437e+00    2.7214071647e+00   -1.6104971295e+01    1.2800000000e+02    8.9722210005e-03    6.4257812500e-01
       251   -7.4473346255e+00    5.5673824554e+01   -1.3354376015e+01    5.9070413891e+00    2.7678176250e+00   -1.6122193640e+01    1.2800000000e+02    8.1856289999e-03    6.6113281250e-01
       252   -7.5577373083e+00    5.7386979839e+01   -1.5583718069e+01    8.0259807610e+00    2.9508161716e+00   -1.8534534241e+01    1.2800000000e+02    8.5781259995e-03    6.3037109375e-01
       253   -7.5386893701e+00    5.7078850528e+01   -1.8629861154e+01    1.1091171784e+01    2.8426139258e+00   -2.1472475080e+01    1.2800000000e+02    8.5570310002e-03    6.0888671875e-01
       254   -7.4436349520e+00    5.5615678791e+01   -1.4565373718e+01    7.1217387656e+00    3.0068529263e+00   -1.7572226644e+01    1.2800000000e+02    9.8815270003e-03    6.3427734375e-01
       255   -7.4001153654e+00    5.4961509623e+01   -1.3330035951e+01    5.9299205852e+00    2.4456020438e+00   -1.5775637994e+01    1.2800000000e+02    8.4498599999e-03    6.2353515625e-01
       256   -7.4672709043e+00    5.5920946967e+01   -1.2016053965e+01    4.5487830609e+00    2.3817051837e+00   -1.4397759149e+01    1.2800000000e+02    8.6919890000e-03    6.5966796875e-01
       257   -7.4776666121e+00    5.6155481876e+01   -1.4099080703e+01    6.6214140909e+00    2.5878487519e+00   -1.6686929455e+01    1.2800000000e+02    8.9287109995e-03    6.3818359375e-01
       258   -7.3460874432e+00    5.4072841056e+01   -1.1925082093e+01    4.5789946502e+00    2.5500099468e+00   -1.4475092040e+01    1.2800000000e+02    8.1039560000e-03    6.5478515625e-01
       259   -7.4711495770e+00    5.5997627371e+01   -1.3337392947e+01    5.8662433698e+00    2.6805221781e+00   -1.6017915125e+01    1.2800000000e+02    8.7495540001e-03    6.5136718750e-01
       260   -7.3229452920e+00    5.3802436374e+01   -1.2760404774e+01    5.4374594821e+00    2.4120039430e+00   -1.5172408717e+01    1.2800000000e+02    1.4765835001e-02    6.4355468750e-01
       261   -7.5167535549e+00    5.6897458463e+01   -1.2945946657e+01    5.4291931020e+00    2.0182277233e+00   -1.4964174380e+01    1.2800000000e+02    9.2800209995e-03    6.6552734375e-01
       262   -7.5355129035e+00    5.7055088009e+01   -1.3279179384e+01    5.7436664801e+00    2.6239250759e+00   -1.5903104460e+01    1.2800000000e+02    8.5664110002e-03    6.4892578125e-01
       263   -7.4965482276e+00    5.6362131480e+01   -1.4053528855e+01    6.5569806278e+00    2.8056387529e+00   -1.6859167608e+01    1.2800000000e+02    9.0699660004e-03    6.3134765625e-01
       264   -7.5426486969e+00    5.7223657791e+01   -1.4550719980e+01    7.0080712828e+00    2.5586570558e+00   -1.7109377036e+01    1.2800000000e+02    8.2886339997e-03    6.3232421875e-01
       265   -7.3690835606e+00    5.4534759772e+01   -1.2498836569e+01    5.1297530083e+00    2.5807665685e+00   -1.5079603137e+01    1.2800000000e+02    8.3273970004e-03    6.5380859375e-01
       266   -7.4817753290e+00    5.6168086030e+01   -1.6825477782e+01    9.3437024525e+00    2.4236356053e+00   -1.9249113387e+01    1.2800000000e+02    7.8899219998e-03    6.4990234375e-01
       267   -7.5896903839e+00    5.7923098163e+01   -1.7271825389e+01    9.6821350049e+00    2.9505973593e+00   -2.0222422748e+01    1.2800000000e+02    8.1556619998e-03    6.1669921875e-01
       268   -7.4087285181e+00    5.5100519397e+01   -1.5580282735e+01    8.1715542168e+00    2.6944268926e+00   -1.8274709628e+01    1.2800000000e+02    7.8341620001e-03    6.3525390625e-01
       269   -7.4427341875e+00    5.5539006826e+01   -1.2000875904e+01    4.5581417170e+00    2.6404462123e+00   -1.4641322117e+01    1.2800000000e+02    9.0119430006e-03    6.6162109375e-01
       270   -7.4284655561e+00    5.5410353549e+01   -1.3787408916e+01    6.3589433596e+00    2.2126802037e+00   -1.6000089119e+01    1.2800000000e+02    7.7563049999e-03    6.4355468750e-01
       271   -7.3492809257e+00    5.4161946096e+01   -1.4015710628e+01    6.6664297024e+00    2.7134894946e+00   -1.6729200123e+01    1.2800000000e+02    8.1467749997e-03    6.1181640625e-01
       272   -7.5040551788e+00    5.6628417545e+01   -1.8087722978e+01    1.0583667800e+01    2.5800990988e+00   -2.0667822077e+01    1.2800000000e+02    7.7774970005e-03    6.4160156250e-01
       273   -7.3062944718e+00    5.3501841283e+01   -1.3248193740e+01    5.9418992685e+00    2.4401464065e+00   -1.5688340147e+01    1.2800000000e+02    8.0498630005e-03    6.3378906250e-01
       274   -7.6398312583e+00    5.8762818746e+01   -1.4422023075e+01    6.7821918165e+00    2.7723123528e+00   -1.7194335428e+01    1.2800000000e+02    7.7801449997e-03    6.2500000000e-01
       275   -7.4452632574e+00    5.5674900578e+01   -1.3414410567e+01    5.9691473092e+00    2.6819836916e+00   -1.6096394258e+01    1.2800000000e+02    8.3472840006e-03    6.3916015625e-01
       276   -7.4323010935e+00    5.5408773954e+01   -1.4929015382e+01    7.4967142889e+00    2.5699655476e+00   -1.7498980930e+01    1.2800000000e+02    7.8125279997e-03    6.4794921875e-01
       277   -7.5129346969e+00    5.6596777346e+01   -1.1446256968e+01    3.9333222714e+00    2.3355483781e+00   -1.3781805346e+01    1.2800000000e+02    8.2228740002e-03    6.4990234375e-01
       278   -7.6847276143e+00    5.9356751980e+01   -1.8374325605e+01    1.0689597991e+01    2.6236674847e+00   -2.0997993090e+01    1.2800000000e+02    7.6156819996e-03    6.1865234375e-01
       279   -7.4457376311e+00    5.5622223700e+01   -1.5507121732e+01    8.0613841012e+00    2.7647815173e+00   -1.8271903250e+01    1.2800000000e+02    9.1649360002e-03    6.4501953125e-01
       280   -7.3983619005e+00    5.4871662707e+01   -1.4919847050e+01    7.5214851493e+00    2.0970363619e+00   -1.7016883412e+01    1.2800000000e+02    7.7610079998e-03    6.4892578125e-01
       281   -7.3926614778e+00    5.4846801613e+01   -1.3377539477e+01    5.9848779990e+00    2.5684425837e+00   -1.5945982060e+01    1.2800000000e+02    8.2418009997e-03    6.4599609375e-01
       282   -7.4938362468e+00    5.6349990246e+01   -1.2493863807e+01    5.0000275602e+00    2.1520871616e+00   -1.4645950969e+01    1.2800000000e+02    9.4434089997e-03    6.7529296875e-01
       283   -7.5632723655e+00    5.7440389593e+01   -1.5433410324e+01    7.8701379586e+00    2.3815080764e+00   -1.7814918400e+01    1.2800000000e+02    8.7454150007e-03    6.2646484375e-01
       284   -7.4590300390e+00    5.5867863490e+01   -1.4042939006e+01    6.5839089671e+00    2.4555642302e+00   -1.6498503236e+01    1.2800000000e+02    7.7280629994e-03    6.6308593750e-01
       285   -7.6095971583e+00    5.8134865870e+01   -1.8474972184e+01    1.0865375026e+01    2.6668234965e+00   -2.1141795681e+01    1.2800000000e+02    8.7990170005e-03    6.4306640625e-01
       286   -7.4283432031e+00    5.5327359292e+01   -1.4144974567e+01    6.7166313643e+00    2.7817803869e+00   -1.6926754954e+01    1.2800000000e+02    7.6624610001e-03    6.2353515625e-01
       287   -7.5089166640e+00    5.6598277128e+01   -1.5671590577e+01    8.1626739135e+00    2.7927681131e+00   -1.8464358690e+01    1.2800000000e+02    8.1780589999e-03    6.2060546875e-01
       288   -7.4389745477e+00    5.5594310066e+01   -1.2499580941e+01    5.0606063933e+00    2.5654146517e+00   -1.5064995593e+01    1.2800000000e+02    7.7063280005e-03    6.4355468750e-01
       289   -7.4430228073e+00    5.5547390208e+01   -1.2221033761e+01    4.7780109536e+00    2.2230664857e+00   -1.4444100247e+01    1.2800000000e+02    8.5208249993e-03    6.5673828125e-01
       290   -7.4760299842e+00    5.6077004945e+01   -1.2007509233e+01    4.5314792488e+00    2.4293066436e+00   -1.4436815877e+01    1.2800000000e+02    7.8002339997e-03    6.5380859375e-01
       291   -7.4196900768e+00    5.5228311984e+01   -1.4131754841e+01    6.7120647641e+00    2.6340970003e+00   -1.6765851841e+01    1.2800000000e+02    8.3623800001e-03    6.4501953125e-01
       292   -7.5486377858e+00    5.7448983324e+01   -1.3477781482e+01    5.9291436963e+00    3.2645915316e+00   -1.6742373014e+01    1.2800000000e+02    7.7764849993e-03    6.3916015625e-01
       293   -7.4637242104e+00    5.5878962884e+01   -1.2167280836e+01    4.7035566251e+00    2.4460450880e+00   -1.4613325923e+01    1.2800000000e+02    8.0918720005e-03    6.5429687500e-01
       294   -7.4420931345e+00    5.5561075693e+01   -1.2913856890e+01    5.4717637559e+00    2.5660519719e+00   -1.5479908862e+01    1.2800000000e+02    7.7088749995e-03    6.5576171875e-01
       295   -7.5933701122e+00    5.8059185270e+01   -1.5018527929e+01    7.4251578172e+00    2.3866056481e+00   -1.7405133578e+01    1.2800000000e+02    8.0806959995e-03    6.5625000000e-01
       296   -7.4747013515e+00    5.6149671593e+01   -1.5419327185e+01    7.9446258336e+00    2.5273816029e+00   -1.7946708788e+01    1.2800000000e+02    7.7831279996e-03    6.5869140625e-01
       297   -7.4826083002e+00    5.6197076430e+01   -1.4342173748e+01    6.8595654479e+00    2.5959783733e+00   -1.6938152121e+01    1.2800000000e+02    8.0559890002e-03    6.3671875000e-01
       298   -7.4886182003e+00    5.6330824778e+01   -1.5234867251e+01    7.7462490508e+00    2.0670330613e+00   -1.7301900312e+01    1.2800000000e+02    7.6440780003e-03    6.5429687500e-01
       299   -7.3372277440e+00    5.3972166595e+01   -1.4516784384e+01    7.1795566397e+00    2.4595691951e+00   -1.6976353579e+01    1.2800000000e+02    8.1396539999e-03    6.3818359375e-01
       300   -7.6495650056e+00    5.8922375448e+01   -1.4937901069e+01    7.2883360631e+00    3.2577582906e+00   -1.8195659359e+01    1.2800000000e+02    7.6583909995e-03    6.3037109375e-01
       301   -7.6120649743e+00    5.8322905590e+01   -1.3842089678e+01    6.2300247036e+00    2.5797966456e+00   -1.6421886323e+01    1.2800000000e+02    8.0920740002e-03    6.3525390625e-01
       302   -7.4686501276e+00    5.5956148947e+01   -1.9459674583e+01    1.1991024455e+01    2.7885274202e+00   -2.2248202003e+01    1.2800000000e+02    7.7034579999e-03    6.2744140625e-01
       303   -7.4329499061e+00    5.5486361227e+01   -1.6811874174e+01    9.3789242678e+00    2.5058914724e+00   -1.9317765646e+01    1.2800000000e+02    8.0172790003e-03    6.3232421875e-01
       304   -7.4742138226e+00    5.6047843191e+01   -1.5319838764e+01    7.8456249417e+00    2.6618733815e+00   -1.7981712146e+01    1.2800000000e+02    7.7146320000e-03    6.4843750000e-01
       305   -7.5398310283e+00    5.7079319233e+01   -1.7304802804e+01    9.7649717757e+00    2.4294287322e+00   -1.9734231536e+01    1.2800000000e+02    7.5655209994e-03    6.1523437500e-01
       306   -7.4565136299e+00    5.5758766329e+01   -1.3487972256e+01    6.0314586256e+00    2.6523115323e+00   -1.6140283788e+01    1.2800000000e+02    8.1584270001e-03    6.6064453125e-01
       307   -7.5267430759e+00    5.6919717631e+01   -1.9240998531e+01    1.1714255455e+01    2.7504907323e+00   -2.1991489263e+01    1.2800000000e+02    7.5971930000e-03    6.0791015625e-01
       308   -7.4283622187e+00    5.5342801259e+01   -1.2631270261e+01    5.2029080426e+00    2.3118487022e+00   -1.4943118964e+01    1.2800000000e+02    8.2635849994e-03    6.5429687500e-01
       309   -7.7098089769e+00    5.9757573174e+01   -1.4415485269e+01    6.7056762922e+00    2.5634157419e+00   -1.6978901011e+01    1.2800000000e+02    7.7682689998e-03    6.4453125000e-01
       310   -7.4759480494e+00    5.6088620486e+01   -1.4898737013e+01    7.4227889632e+00    2.8636606517e+00   -1.7762397664e+01    1.2800000000e+02    7.6522029995e-03    6.1767578125e-01
       311   -7.5664387700e+00    5.7583720385e+01   -1.2643132183e+01    5.0766934128e+00    3.0828883712e+00   -1.5726020554e+01    1.2800000000e+02    7.8353409999e-03    6.6162109375e-01
       312   -7.4935356166e+00    5.6425806913e+01   -1.9057604775e+01    1.1564069158e+01    2.9238067000e+00   -2.1981411475e+01    1.2800000000e+02    7.5687400004e-03    6.0449218750e-01
       313   -7.4163876098e+00    5.5178922691e+01   -2.7248236339e+01    1.9831848729e+01    2.6532773896e+00   -2.9901513728e+01    1.2800000000e+02    7.5804199996e-03    6.3183593750e-01
       314   -7.5545873910e+00    5.7331491036e+01   -1.2327280461e+01    4.7726930700e+00    2.4529285508e+00   -1.4780209012e+01    1.2800000000e+02    7.7015850002e-03    6.4013671875e-01
       315   -7.3364921660e+00    5.4022767455e+01   -1.1743993031e+01    4.4075008652e+00    2.5648439685e+00   -1.4308837000e+01    1.2800000000e+02    7.8083099997e-03    6.5087890625e-01
       316   -7.5126657513e+00    5.6658445266e+01   -1.5420216351e+01    7.9075506001e+00    2.7121256412e+00   -1.8132341993e+01    1.2800000000e+02    7.6159209993e-03    6.2060546875e-01
       317   -7.5872414653e+00    5.7874092842e+01   -1.4870619326e+01    7.2833778603e+00    2.8302055934e+00   -1.7700824919e+01    1.2800000000e+02    8.6631869999e-03    6.2402343750e-01
       318   -7.6408441575e+00    5.8706762203e+01   -1.7084625496e+01    9.4437813390e+00    2.8598057318e+00   -1.9944431228e+01    1.2800000000e+02    7.7180230001e-03    6.3769531250e-01
       319   -7.4815637284e+00    5.6165002268e+01   -1.8260150647e+01    1.0778586919e+01    2.8275850286e+00   -2.1087735676e+01    1.2800000000e+02    7.6883180000e-03    6.3037109375e-01
       320   -7.4434923504e+00    5.5663894157e+01   -1.4449748646e+01    7.0062562955e+00    2.7170462466e+00   -1.7166794892e+01    1.2800000000e+02    7.9018340002e-03    6.5136718750e-01
       321   -7.6822677452e+00    5.9335658827e+01   -2.0568346477e+01    1.2886078732e+01    3.2083163767e+00   -2.3776662854e+01    1.2800000000e+02    7.6384989998e-03    6.0937500000e-01
       322   -7.5179072299e+00    5.6738630835e+01   -1.8628098668e+01    1.1110191438e+01    2.3137840013e+00   -2.0941882669e+01    1.2800000000e+02    7.7373209997e-03    6.5820312500e-01
       323   -7.4841208690e+00    5.6264500997e+01   -1.4070395515e+01    6.5862746463e+00    2.4937364079e+00   -1.6564131923e+01    1.2800000000e+02    7.6911779997e-03    6.3281250000e-01
       324   -7.5202353612e+00    5.6804710805e+01   -2.9979270544e+01    2.2459035183e+01    2.7376752506e+00   -3.2716945795e+01    1.2800000000e+02    7.6832149998e-03    6.3037109375e-01
       325   -7.4325921179e+00    5.5410772450e+01   -1.6079968765e+01    8.6473766473e+00    2.3931823757e+00   -1.8473151141e+01    1.2800000000e+02    8.8146810003e-03    6.4941406250e-01
       326   -7.3188395764e+00    5.3803282215e+01   -1.8994532614e+01    1.1675693038e+01    2.9977785771e+00   -2.1992311192e+01    1.2800000000e+02    7.7095390006e-03    6.2988281250e-01
       327   -7.6974672712e+00    5.9578667723e+01   -1.8143939520e+01    1.0446472249e+01    3.0078755885e+00   -2.1151815108e+01    1.2800000000e+02    9.3341320007e-03    6.2353515625e-01
       328   -7.4792692670e+00    5.6126758932e+01   -1.5131708273e+01    7.6524390059e+00    2.9409109286e+00   -1.8072619201e+01    1.2800000000e+02    1.6072911000e-02    6.3281250000e-01
       329   -7.4477235402e+00    5.5603033817e+01   -1.2057400761e+01    4.6096772207e+00    2.3767053979e+00   -1.4434106159e+01    1.2800000000e+02    1.6409217000e-02    6.6308593750e-01
       330   -7.6122888022e+00    5.8258388934e+01   -1.4404339877e+01    6.7920510747e+00    2.4691824830e+00   -1.6873522360e+01    1.2800000000e+02    8.2523999999e-03    6.3671875000e-01
       331   -7.3655761707e+00    5.4362207621e+01   -1.0600341443e+01    3.2347652726e+00    2.2131999688e+00   -1.2813541412e+01    1.2800000000e+02    7.9190359993e-03    6.8457031250e-01
       332   -7.5122066607e+00    5.6710388702e+01   -1.4500550618e+01    6.9883439576e+00    2.5942210251e+00   -1.7094771643e+01    1.2800000000e+02    7.7977960000e-03    6.5380859375e-01
       333   -7.4704576262e+00    5.5952873794e+01   -1.6553767011e+01    9.0833093851e+00    2.7027215241e+00   -1.9256488535e+01    1.2800000000e+02    7.9487040002e-03    6.2207031250e-01
       334   -7.5551165470e+00    5.7222248093e+01   -1.6632287551e+01    9.0771710038e+00    2.8685225999e+00   -1.9500810151e+01    1.2800000000e+02    7.8298429999e-03    6.2695312500e-01
       335   -7.4523785451e+00    5.5757674819e+01   -1.4028107975e+01    6.5757294300e+00    2.6349360636e+00   -1.6663044039e+01    1.2800000000e+02    8.9711809997e-03    6.2548828125e-01
       336   -7.4905416606e+00    5.6414361765e+01   -1.3074216644e+01    5.5836749835e+00    2.6027522077e+00   -1.5676968852e+01    1.2800000000e+02    8.3237110002e-03    6.3525390625e-01
       337   -7.4211450558e+00    5.5211875076e+01   -1.1683915581e+01    4.2627705249e+00    2.3044174487e+00   -1.3988333029e+01    1.2800000000e+02    8.4158549998e-03    6.6845703125e-01
       338   -7.4873287705e+00    5.6413959345e+01   -1.4458008359e+01    6.9706795885e+00    2.9126460832e+00   -1.7370654442e+01    1.2800000000e+02    8.6110789998e-03    6.2011718750e-01
       339   -7.4693235695e+00    5.6004116805e+01   -1.3246419547e+01    5.7770959772e+00    2.7734482028e+00   -1.6019867750e+01    1.2800000000e+02    7.9276410006e-03    6.3720703125e-01
       340   -7.4552680358e+00    5.5803896888e+01   -1.3134853737e+01    5.6795857009e+00    2.5590133654e+00   -1.5693867102e+01    1.2800000000e+02    7.8349549995e-03    6.5576171875e-01
       341   -7.4546321621e+00    5.5923738451e+01   -1.4858147094e+01    7.4035149323e+00    3.0112245972e+00   -1.7869371692e+01    1.2800000000e+02    8.5640159996e-03    6.2988281250e-01
       342   -7.4260094310e+00    5.5395862914e+01   -1.4364639179e+01    6.9386297477e+00    2.5877985749e+00   -1.6952437754e+01    1.2800000000e+02    8.1115620005e-03    6.4062500000e-01
       343   -7.4031973718e+00    5.4945907357e+01   -1.2362603927e+01    4.9594065551e+00    2.7870191669e+00   -1.5149623094e+01    1.2800000000e+02    7.9929330004e-03    6.5673828125e-01
       344   -7.4504131862e+00    5.5682977648e+01   -1.6148364421e+01    8.6979512351e+00    2.6949843508e+00   -1.8843348772e+01    1.2800000000e+02    7.7382090003e-03    6.4062500000e-01
       345   -7.4710444209e+00    5.6044498221e+01   -1.3966747699e+01    6.4957032781e+00    2.6761940567e+00   -1.6642941756e+01    1.2800000000e+02    8.4881390003e-03    6.3427734375e-01
       346   -7.6516420934e+00    5.8877004977e+01   -1.3765001410e+01    6.1133593165e+00    2.5738651400e+00   -1.6338866550e+01    1.2800000000e+02    8.5574920004e-03    6.6503906250e-01
       347   -7.7732376827e+00    6.0926726575e+01   -1.8108392538e+01    1.0335154856e+01    2.7242163617e+00   -2.0832608900e+01    1.2800000000e+02    8.0248949998e-03    6.1523437500e-01
       348   -7.3345373589e+00    5.3973173973e+01   -1.3194070793e+01    5.8595334342e+00    2.8268812033e+00   -1.6020951996e+01    1.2800000000e+02    8.1305410004e-03    6.3085937500e-01
       349   -7.5893334432e+00    5.7797496069e+01   -1.6575203116e+01    8.9858696727e+00    2.7688800491e+00   -1.9344083165e+01    1.2800000000e+02    7.7238360000e-03    6.2011718750e-01
       350   -7.4848860011e+00    5.6327116140e+01   -1.4700693775e+01    7.2158077736e+00    2.6434889803e+00   -1.7344182755e+01    1.2800000000e+02    7.7208310004e-03    6.3720703125e-01
       351   -7.3997030694e+00    5.4898263286e+01   -1.3038112410e+01    5.6384093409e+00    2.7280634732e+00   -1.5766175883e+01    1.2800000000e+02    7.8425949996e-03    6.2841796875e-01
       352   -7.4439661956e+00    5.5780919675e+01   -1.6062542319e+01    8.6185761232e+00    3.1236267025e+00   -1.9186169021e+01    1.2800000000e+02    7.6795470004e-03    6.1035156250e-01
       353   -7.4260860996e+00    5.5329899994e+01   -1.0699774276e+01    3.2736881764e+00    2.3965786785e+00   -1.3096352954e+01    1.2800000000e+02    1.2859541999e-02    6.6259765625e-01
       354   -7.4420087107e+00    5.5531809775e+01   -1.7083434872e+01    9.6414261613e+00    2.9200085015e+00   -2.0003443373e+01    1.2800000000e+02    7.7808200003e-03    6.4208984375e-01
       355   -7.4804669402e+00    5.6211733817e+01   -1.4652211386e+01    7.1717444462e+00    2.6678838096e+00   -1.7320095196e+01    1.2800000000e+02    8.4302850000e-03    6.2109375000e-01
       356   -7.5837835524e+00    5.7837969547e+01   -1.4409888133e+01    6.8261045801e+00    2.4294077045e+00   -1.6839295837e+01    1.2800000000e+02    1.2900844000e-02    6.4355468750e-01
       357   -7.4806890085e+00    5.6287859713e+01   -1.5129625363e+01    7.6489363542e+00    2.8409783950e+00   -1.7970603758e+01    1.2800000000e+02    9.0278420003e-03    6.2695312500e-01
       358   -7.4875254119e+00    5.6345250147e+01   -1.2375992945e+01    4.8884675332e+00    2.7095941349e+00   -1.5085587080e+01    1.2800000000e+02    8.7092900003e-03    6.4013671875e-01
       359   -7.4945690313e+00    5.6443062044e+01   -1.6003450988e+01    8.5088819564e+00    2.9150468371e+00   -1.8918497825e+01    1.2800000000e+02    8.3716539993e-03    6.4843750000e-01
       360   -7.4254492867e+00    5.5299162990e+01   -1.1945256025e+01    4.5198067381e+00    2.4181335895e+00   -1.4363389614e+01    1.2800000000e+02    7.7961400002e-03    6.4941406250e-01
       361   -7.5124464229e+00    5.6752671580e+01   -1.3042593630e+01    5.5301472070e+00    2.5971442000e+00   -1.5639737830e+01    1.2800000000e+02    7.6958620002e-03    6.3134765625e-01
       362   -7.4806013558e+00    5.6198771715e+01   -1.4840706291e+01    7.3601049350e+00    2.9792971214e+00   -1.7820003412e+01    1.2800000000e+02    7.7615420005e-03    6.2158203125e-01
       363   -7.4958996491e+00    5.6518939301e+01   -1.6720181133e+01    9.2242814837e+00    2.7553546725e+00   -1.9475535805e+01    1.2800000000e+02    7.7385470004e-03    6.4257812500e-01
       364   -7.3251310282e+00    5.3794736358e+01   -1.2874712475e+01    5.5495814472e+00    2.3880255647e+00   -1.5262738040e+01    1.2800000000e+02    7.7368769998e-03    6.4160156250e-01
       365   -7.3870966447e+00    5.4693804015e+01   -1.3850379175e+01    6.4632825300e+00    2.5144317415e+00   -1.6364810916e+01    1.2800000000e+02    7.6816960000e-03    6.4111328125e-01
       366   -7.5109232799e+00    5.6585155707e+01   -1.4109057790e+01    6.5981345100e+00    2.6939181994e+00   -1.6802975989e+01    1.2800000000e+02    8.6705029998e-03    6.3818359375e-01
       367   -7.5927173257e+00    5.7945024628e+01   -1.8387243391e+01    1.0794526065e+01    2.6196080783e+00   -2.1006851469e+01    1.2800000000e+02    8.3451370001e-03    6.3037109375e-01
       368   -7.5457277846e+00    5.7103619230e+01   -2.3626283950e+01    1.6080556166e+01    3.0907564593e+00   -2.6717040409e+01    1.2800000000e+02    7.8314809998e-03    6.2792968750e-01
       369   -7.6052077016e+00    5.8197368323e+01   -1.5421811744e+01    7.8166040427e+00    2.6840527485e+00   -1.8105864493e+01    1.2800000000e+02    7.6648249997e-03    6.2597656250e-01
       370   -7.4858052119e+00    5.6231559111e+01   -1.5672490807e+01    8.1866855956e+00    2.6971064440e+00   -1.8369597252e+01    1.2800000000e+02    7.9071010005e-03    6.3232421875e-01
       371   -7.3812474988e+00    5.4744106958e+01   -1.2723547242e+01    5.3422997437e+00    2.6767036670e+00   -1.5400250910e+01    1.2800000000e+02    7.9067090001e-03    6.4941406250e-01
       372   -7.6032736699e+00    5.8124984827e+01   -1.3933779583e+01    6.3305059130e+00    2.8415952578e+00   -1.6775374841e+01    1.2800000000e+02    7.8414489999e-03    6.1865234375e-01
       373   -7.5028467187e+00    5.6503388379e+01   -1.1706094284e+01    4.2032475656e+00    2.5281754578e+00   -1.4234269742e+01    1.2800000000e+02    7.9796780001e-03    6.3525390625e-01
       374   -7.4172201324e+00    5.5331201629e+01   -1.7955969915e+01    1.0538749782e+01    3.0311092223e+00   -2.0987079137e+01    1.2800000000e+02    7.8233190006e-03    6.2500000000e-01
       375   -7.4498469220e+00    5.5673157960e+01   -3.4517597292e+01    2.7067750370e+01    2.6616595735e+00   -3.7179256866e+01    1.2800000000e+02    7.8177089999e-03    6.2597656250e-01
       376   -7.4042135163e+00    5.4951576438e+01   -1.1590563093e+01    4.1863495767e+00    2.3413215723e+00   -1.3931884665e+01    1.2800000000e+02    7.8889630004e-03    6.4990234375e-01
       377   -7.4873397007e+00    5.6268976010e+01   -1.6235698691e+01    8.7483589901e+00    2.5872105824e+00   -1.8822909273e+01    1.2800000000e+02    7.9043660007e-03    6.5380859375e-01
       378   -7.7126700615e+00    5.9767265434e+01   -1.7248635083e+01    9.5359650217e+00    2.8670312156e+00   -2.0115666299e+01    1.2800000000e+02    7.7187039997e-03    6.1376953125e-01
       379   -7.4432598561e+00    5.5629885398e+01   -1.8460655400e+01    1.1017395544e+01    2.9029844716e+00   -2.1363639871e+01    1.2800000000e+02    9.1611120006e-03    6.1181640625e-01
       380   -7.4963400387e+00    5.6420472027e+01   -1.5675743153e+01    8.1794031144e+00    2.6251204923e+00   -1.8300863645e+01    1.2800000000e+02    7.8511100000e-03    6.2500000000e-01
       381   -7.5736583160e+00    5.7640111049e+01   -1.3914660246e+01    6.3410019305e+00    2.7651061230e+00   -1.6679766369e+01    1.2800000000e+02    8.2167840001e-03    6.5673828125e-01
       382   -7.7097877610e+00    5.9810955514e+01   -1.7349098857e+01    9.6393110957e+00    2.5854818511e+00   -1.9934580708e+01    1.2800000000e+02    7.9635600005e-03    6.3867187500e-01
       383   -7.5096034612e+00    5.6699186135e+01   -1.5447770444e+01    7.9381669826e+00    2.4799895301e+00   -1.7927759974e+01    1.2800000000e+02    8.0772230003e-03    6.1621093750e-01
       384   -7.6150906665e+00    5.8328971428e+01   -1.6332743317e+01    8.7176526510e+00    2.4595947199e+00   -1.8792338037e+01    1.2800000000e+02    9.3435660001e-03    6.4013671875e-01
       385   -7.4118847454e+00    5.5056542874e+01   -1.2019828698e+01    4.6079439530e+00    2.4925284684e+00   -1.4512357167e+01    1.2800000000e+02    8.4226190002e-03    6.4550781250e-01
       386   -7.5344666606e+00    5.7029164342e+01   -1.6438170927e+01    8.9037042665e+00    2.4629598802e+00   -1.8901130807e+01    1.2800000000e+02    7.8822420001e-03    6.4990234375e-01
       387   -7.5013258088e+00    5.6555864690e+01   -1.4997949570e+01    7.4966237616e+00    2.4293683861e+00   -1.7427317957e+01    1.2800000000e+02    8.5058790000e-03    6.5234375000e-01
       388   -7.5035561922e+00    5.6619010736e+01   -1.7166620996e+01    9.6630648037e+00    2.7706481116e+00   -1.9937269108e+01    1.2800000000e+02    7.8049030008e-03    6.1962890625e-01
       389   -7.5056640774e+00    5.6526429456e+01   -1.6292664700e+01    8.7870006222e+00    2.4788806416e+00   -1.8771545341e+01    1.2800000000e+02    7.8033820000e-03    6.5039062500e-01
       390   -7.3748215549e+00    5.4492663140e+01   -1.4751536894e+01    7.3767153396e+00    2.6506650349e+00   -1.7402201929e+01    1.2800000000e+02    7.8797919996e-03    6.4794921875e-01
       391   -7.3278267788e+00    5.3895504432e+01   -1.5968490227e+01    8.6406634481e+00    2.4495442033e+00   -1.8418034430e+01    1.2800000000e+02    7.7589880002e-03    6.4013671875e-01
       392   -7.4359557750e+00    5.5633360669e+01   -1.4211941698e+01    6.7759859225e+00    2.6981441586e+00   -1.6910085856e+01    1.2800000000e+02    7.8557959996e-03    6.1474609375e-01
       393   -7.4660915869e+00    5.5971712485e+01   -1.3151077935e+01    5.6849863482e+00    2.7551554556e+00   -1.5906233391e+01    1.2800000000e+02    8.2748860004e-03    6.4013671875e-01
       394   -7.5681687013e+00    5.7636953920e+01   -1.7092441767e+01    9.5242730662e+00    2.6176521711e+00   -1.9710093939e+01    1.2800000000e+02    7.9031120003e-03    6.4404296875e-01
       395   -7.5389920077e+00    5.7072585646e+01   -1.8413156292e+01    1.0874164284e+01    2.9446555723e+00   -2.1357811864e+01    1.2800000000e+02    9.5254039998e-03    6.2158203125e-01
       396   -7.4801799680e+00    5.6090210625e+01   -1.4371188754e+01    6.8910087863e+00    2.3087426119e+00   -1.6679931366e+01    1.2800000000e+02    7.8188380003e-03    6.4746093750e-01
       397   -7.5431171478e+00    5.7103818007e+01   -1.2209499049e+01    4.6663819010e+00    2.3308683861e+00   -1.4540367435e+01    1.2800000000e+02    1.3573281000e-02    6.4648437500e-01
       398   -7.3411043328e+00    5.4048970011e+01   -1.7414210801e+01    1.0073106468e+01    3.0129162777e+00   -2.0427127079e+01    1.2800000000e+02    9.5492390001e-03    6.3867187500e-01
       399   -7.4230472173e+00    5.5294012553e+01   -1.8272969875e+01    1.0849922658e+01    2.4104319712e+00   -2.0683401847e+01    1.2800000000e+02    7.7371010002e-03    6.5917968750e-01
       400   -7.5363138862e+00    5.7013886996e+01   -1.3588101803e+01    6.0517879169e+00    2.4560872127e+00   -1.6044189016e+01    1.2800000000e+02    8.2289319998e-03    6.7382812500e-01
       401   -7.5762076218e+00    5.7635886216e+01   -2.7954797672e+01    2.0378590050e+01    2.4690756070e+00   -3.0423873279e+01    1.2800000000e+02    8.2411639996e-03    6.4599609375e-01
       402   -7.5179702340e+00    5.6769132312e+01   -1.4612954546e+01    7.0949843117e+00    2.5149164222e+00   -1.7127870968e+01    1.2800000000e+02    8.8283690002e-03    6.6748046875e-01
       403   -7.5179481092e+00    5.6829007749e+01   -1.6116685956e+01    8.5987378467e+00    2.3593710644e+00   -1.8476057020e+01    1.2800000000e+02    1.2844539000e-02    6.3574218750e-01
       404   -7.3602280804e+00    5.4324592132e+01   -1.1972977860e+01    4.6127497795e+00    2.5497572323e+00   -1.4522735092e+01    1.2800000000e+02    8.6494300003e-03    6.5087890625e-01
       405   -7.4495821392e+00    5.5650729328e+01   -1.2584356951e+01    5.1347748113e+00    2.2614642240e+00   -1.4845821174e+01    1.2800000000e+02    7.9352550001e-03    6.5234375000e-01
       406   -7.4282150571e+00    5.5336336113e+01   -1.3300665952e+01    5.8724508954e+00    2.6767456060e+00   -1.5977411558e+01    1.2800000000e+02    7.7854970004e-03    6.3378906250e-01
       407   -7.5301278124e+00    5.6939133160e+01   -1.4694553599e+01    7.1644257868e+00    2.6420717678e+00   -1.7336625367e+01    1.2800000000e+02    8.1062840000e-03    6.4355468750e-01
       408   -7.5148347062e+00    5.6729363066e+01   -1.4332642209e+01    6.8178075030e+00    2.4642835601e+00   -1.6796925769e+01    1.2800000000e+02    7.9297840002e-03    6.3623046875e-01
       409   -7.4657907559e+00    5.5945025400e+01   -1.2237454917e+01    4.7716641611e+00    2.5532185518e+00   -1.4790673469e+01    1.2800000000e+02    8.0272510004e-03    6.5136718750e-01
       410   -7.3904447313e+00    5.4742044028e+01   -1.1395865290e+01    4.0054205585e+00    2.4824994506e+00   -1.3878364740e+01    1.2800000000e+02    8.7655730003e-03    6.5673828125e-01
       411   -7.4697802327e+00    5.6198131736e+01   -1.3646977165e+01    6.1771969318e+00    2.5318427411e+00   -1.6178819906e+01    1.2800000000e+02    8.8426339998e-03    6.3281250000e-01
       412   -7.4182766204e+00    5.5131451416e+01   -1.4752882871e+01    7.3346062508e+00    2.3515559206e+00   -1.7104438792e+01    1.2800000000e+02    1.5681759000e-02    6.4697265625e-01
       413   -7.5280944177e+00    5.6948760623e+01   -1.4686737012e+01    7.1586425939e+00    2.3785537535e+00   -1.7065290765e+01    1.2800000000e+02    8.1414999995e-03    6.4501953125e-01
       414   -7.5485068127e+00    5.7129981186e+01   -1.3317517356e+01    5.7690105437e+00    2.7257664502e+00   -1.6043283807e+01    1.2800000000e+02    7.8524160008e-03    6.4501953125e-01
       415   -7.6038327248e+00    5.8093511231e+01   -1.6548114769e+01    8.9442820444e+00    2.6899677277e+00   -1.9238082497e+01    1.2800000000e+02    7.8164349998e-03    6.2792968750e-01
       416   -7.4456554284e+00    5.5565086418e+01   -1.8286684178e+01    1.0841028750e+01    2.8039297218e+00   -2.1090613900e+01    1.2800000000e+02    7.9331170000e-03    6.2451171875e-01
       417   -7.4292185201e+00    5.5385373489e+01   -1.5348885422e+01    7.9196669023e+00    2.6596809488e+00   -1.8008566371e+01    1.2800000000e+02    7.9388699996e-03    6.5478515625e-01
       418   -7.3859465619e+00    5.4769216266e+01   -1.1910836122e+01    4.5248895599e+00    2.3672203445e+00   -1.4278056466e+01    1.2800000000e+02    1.2554089000e-02    6.3916015625e-01
       419   -7.5911639725e+00    5.7827935113e+01   -1.3338895022e+01    5.7477310499e+00    2.5027464914e+00   -1.5841641514e+01    1.2800000000e+02    1.3244355000e-02    6.4746093750e-01
       420   -7.3998159477e+00    5.4874524142e+01   -1.2092027414e+01    4.6922114667e+00    2.5323057908e+00   -1.4624333205e+01    1.2800000000e+02    9.3666800003e-03    6.7285156250e-01
       421   -7.6006098382e+00    5.8038952744e+01   -1.4953214771e+01    7.3526049327e+00    2.8215715886e+00   -1.7774786360e+01    1.2800000000e+02    7.9926239996e-03    6.4990234375e-01
       422   -7.4431437197e+00    5.5521732929e+01   -1.2053493298e+01    4.6103495787e+00    2.5233579597e+00   -1.4576851258e+01    1.2800000000e+02    8.1128210004e-03    6.5771484375e-01
       423   -7.4917589000e+00    5.6398661168e+01   -1.4930516220e+01    7.4387573201e+00    2.7667928653e+00   -1.7697309085e+01    1.2800000000e+02    8.0654359999e-03    6.3427734375e-01
       424   -7.4323358244e+00    5.5371340885e+01   -1.4423466314e+01    6.9911304899e+00    2.2448345513e+00   -1.6668300866e+01    1.2800000000e+02    1.1878159000e-02    6.3378906250e-01
       425   -7.8673978124e+00    6.2324330270e+01   -1.6254520639e+01    8.3871228262e+00    2.6753190046e+00   -1.8929839643e+01    1.2800000000e+02    8.3321710008e-03    6.2304687500e-01
       426   -7.5206734205e+00    5.6771200721e+01   -1.5596666383e+01    8.0759929622e+00    2.4681548568e+00   -1.8064821240e+01    1.2800000000e+02    7.8944719999e-03    6.2841796875e-01
       427   -7.5288938325e+00    5.6925792179e+01   -1.1963929455e+01    4.4350356229e+00    2.5433578457e+00   -1.4507287301e+01    1.2800000000e+02    7.8318970000e-03    6.4648437500e-01
       428   -7.4217427555e+00    5.5281252347e+01   -1.3197142502e+01    5.7753997465e+00    2.6211473694e+00   -1.5818289871e+01    1.2800000000e+02    7.9048840007e-03    6.3525390625e-01
       429   -7.4589498032e+00    5.5905646185e+01   -2.3944866230e+01    1.6485916427e+01    2.9338053336e+00   -2.6878671564e+01    1.2800000000e+02    7.6835240006e-03    6.1718750000e-01
       430   -7.4000928576e+00    5.5056882083e+01   -1.4545004875e+01    7.1449120176e+00    2.7784184965e+00   -1.7323423372e+01    1.2800000000e+02    7.8962819998e-03    6.3769531250e-01
       431   -7.5439437263e+00    5.7191808096e+01   -1.3671561306e+01    6.1276175801e+00    2.3926423480e+00   -1.6064203654e+01    1.2800000000e+02    7.7587340002e-03    6.5283203125e-01
       432   -7.5017695092e+00    5.6580100768e+01   -1.2893421633e+01    5.3916521237e+00    2.4469612832e+00   -1.5340382916e+01    1.2800000000e+02    8.3286709996e-03    6.4697265625e-01
       433   -7.4289875374e+00    5.5353652814e+01   -1.2322369811e+01    4.8933822732e+00    2.5424441951e+00   -1.4864814006e+01    1.2800000000e+02    8.6289970004e-03    6.4453125000e-01
       434   -7.5092149814e+00    5.6597810828e+01   -1.4273886981e+01    6.7646720001e+00    2.6829444221e+00   -1.6956831404e+01    1.2800000000e+02    1.0885467000e-02    6.5429687500e-01
       435   -7.6010663100e+00    5.8103422932e+01   -1.3598789543e+01    5.9977232329e+00    2.3556702346e+00   -1.5954459778e+01    1.2800000000e+02    7.7785539997e-03    6.2304687500e-01
       436   -7.2815028911e+00    5.3181438716e+01   -1.3209371827e+01    5.9278689357e+00    2.8018814107e+00   -1.6011253237e+01    1.2800000000e+02    7.8434309999e-03    6.3427734375e-01
       437   -7.4891320477e+00    5.6258718640e+01   -1.3795104223e+01    6.3059721757e+00    2.4187185844e+00   -1.6213822808e+01    1.2800000000e+02    7.9606390000e-03    6.5429687500e-01
       438   -7.3103793163e+00    5.3619731062e+01   -1.4691645742e+01    7.3812664255e+00    2.6998458405e+00   -1.7391491582e+01    1.2800000000e+02    7.8449130006e-03    6.3378906250e-01
       439   -7.5564317067e+00    5.7375716493e+01   -1.7123032721e+01    9.5666010139e+00    2.8294044685e+00   -1.9952437189e+01    1.2800000000e+02    7.8068390003e-03    6.2402343750e-01
       440   -7.3751167820e+00    5.4534306662e+01   -1.2041104875e+01    4.6659880929e+00    2.5046425767e+00   -1.4545747452e+01    1.2800000000e+02    8.1523340004e-03    6.5625000000e-01
       441   -7.3940333441e+00    5.4840648632e+01   -1.3020770181e+01    5.6267368364e+00    2.5764161861e+00   -1.5597186367e+01    1.2800000000e+02    7.9072680001e-03    6.5673828125e-01
       442   -7.3872389766e+00    5.4722247166e+01   -1.2512861960e+01    5.1256229837e+00    2.1472415431e+00   -1.4660103503e+01    1.2800000000e+02    7.9010670006e-03    6.3525390625e-01
       443   -7.4399211431e+00    5.5605040876e+01   -1.3780035790e+01    6.3401146470e+00    2.2823437537e+00   -1.6062379544e+01    1.2800000000e+02    8.1633689997e-03    6.3671875000e-01
       444   -7.3294312580e+00    5.3925814840e+01   -1.2856520673e+01    5.5270894152e+00    2.7025711537e+00   -1.5559091827e+01    1.2800000000e+02    8.0332139996e-03    6.4599609375e-01
       445   -7.5038626949e+00    5.6628548543e+01   -1.3674484484e+01    6.1706217895e+00    2.5194457305e+00   -1.6193930215e+01    1.2800000000e+02    7.8691110002e-03    6.3476562500e-01
       446   -7.4824164203e+00    5.6219135344e+01   -2.7362239873e+01    1.9879823453e+01    3.0229574040e+00   -3.0385197277e+01    1.2800000000e+02    8.0573650002e-03    6.3232421875e-01
       447   -7.4526816633e+00    5.5698882050e+01   -1.3946470570e+01    6.4937889072e+00    2.7320323756e+00   -1.6678502946e+01    1.2800000000e+02    7.9383559996e-03    6.5039062500e-01
       448   -7.4454823908e+00    5.5637658126e+01   -1.6265024863e+01    8.8195424717e+00    3.0399227595e+00   -1.9304947622e+01    1.2800000000e+02    8.0582650007e-03    6.3769531250e-01
       449   -7.5008151670e+00    5.6566161646e+01   -2.0606549795e+01    1.3105734628e+01    3.1868019879e+00   -2.3793351783e+01    1.2800000000e+02    7.9020419998e-03    6.1718750000e-01
       450   -7.4600996092e+00    5.5762036430e+01   -1.3882293315e+01    6.4221937054e+00    2.3242841435e+00   -1.6206577458e+01    1.2800000000e+02    7.7966419994e-03    6.4404296875e-01
       451   -7.5030897793e+00    5.6491980204e+01   -1.2050703940e+01    4.5476141608e+00    2.5539088583e+00   -1.4604612798e+01    1.2800000000e+02    9.2452129993e-03    6.5820312500e-01
       452   -7.4855556225e+00    5.6249044600e+01   -1.4390501434e+01    6.9049458117e+00    2.8454957546e+00   -1.7235997189e+01    1.2800000000e+02    9.5174990001e-03    6.1865234375e-01
       453   -7.4179875538e+00    5.5212834102e+01   -1.3339449865e+01    5.9214623115e+00    2.6066542400e+00   -1.5946104105e+01    1.2800000000e+02    1.3676011999e-02    6.3281250000e-01
       454   -7.4484195416e+00    5.5693732998e+01   -1.2685644681e+01    5.2372251395e+00    2.2710374564e+00   -1.4956682137e+01    1.2800000000e+02    8.7574089994e-03    6.4453125000e-01
       455   -7.7121777495e+00    6.0025060500e+01   -1.7328412621e+01    9.6162348712e+00    3.1160694124e+00   -2.0444482033e+01    1.2800000000e+02    1.0053702999e-02    6.1230468750e-01
       456   -7.4557872429e+00    5.5750219516e+01   -1.1555582519e+01    4.0997952765e+00    2.5103840332e+00   -1.4065966553e+01    1.2800000000e+02    7.9783759993e-03    6.6503906250e-01
       457   -7.4339524122e+00    5.5512405373e+01   -1.2911690649e+01    5.4777382370e+00    2.3683759081e+00   -1.5280066557e+01    1.2800000000e+02    7.7660229999e-03    6.5039062500e-01
       458   -7.4511130373e+00    5.5736472637e+01   -1.2527763555e+01    5.0766505178e+00    2.3298341224e+00   -1.4857597677e+01    1.2800000000e+02    9.5768330002e-03    6.5869140625e-01
       459   -7.3346708417e+00    5.3913200216e+01   -1.1855424312e+01    4.5207534703e+00    2.5143212179e+00   -1.4369745530e+01    1.2800000000e+02    9.1633319998e-03    6.5039062500e-01
       460   -7.5179649409e+00    5.6726018396e+01   -1.5870145155e+01    8.3521802145e+00    2.8690953987e+00   -1.8739240554e+01    1.2800000000e+02    7.8257989999e-03    6.1718750000e-01
       461   -7.4248536492e+00    5.5319894363e+01   -1.3887719895e+01    6.4628662457e+00    2.6681182071e+00   -1.6555838102e+01    1.2800000000e+02    9.8280909997e-03    6.5136718750e-01
       462   -7.5783850521e+00    5.7816100005e+01   -1.5635868641e+01    8.0574835884e+00    2.6988512489e+00   -1.8334719889e+01    1.2800000000e+02    1.1546822000e-02    6.2695312500e-01
       463   -7.3810239012e+00    5.4730044816e+01   -1.5032537339e+01    7.6515134380e+00    2.5508547351e+00   -1.7583392074e+01    1.2800000000e+02    9.1404269997e-03    6.2939453125e-01
       464   -7.4195931567e+00    5.5166964398e+01   -1.2013495707e+01    4.5939025505e+00    2.2099419833e+00   -1.4223437690e+01    1.2800000000e+02    1.2873873000e-02    6.6406250000e-01
       465   -7.4291164357e+00    5.5389110554e+01   -1.4244871463e+01    6.8157550278e+00    2.8775284046e+00   -1.7122399868e+01    1.2800000000e+02    1.0637503000e-02    6.3330078125e-01
       466   -7.3295299442e+00    5.3846472255e+01   -1.2389184452e+01    5.0596545078e+00    3.1131370225e+00   -1.5502321475e+01    1.2800000000e+02    9.5674610002e-03    6.4794921875e-01
       467   -7.3758051385e+00    5.4661172710e+01   -1.4640876311e+01    7.2650711722e+00    2.7447591230e+00   -1.7385635434e+01    1.2800000000e+02    7.7613060002e-03    6.1718750000e-01
       468   -7.5009909442e+00    5.6495104885e+01   -1.4483944880e+01    6.9829539360e+00    2.8518664441e+00   -1.7335811324e+01    1.2800000000e+02    7.8596809999e-03    6.4013671875e-01
       469   -7.5690617165e+00    5.7575237234e+01   -1.2798120946e+01    5.2290592297e+00    2.5585250661e+00   -1.5356646012e+01    1.2800000000e+02    8.8129799997e-03    6.4257812500e-01
       470   -7.5546973044e+00    5.7300645858e+01   -2.1801890486e+01    1.4247193182e+01    2.9735985401e+00   -2.4775489027e+01    1.2800000000e+02    8.4601569997e-03    6.2060546875e-01
       471   -7.3551916194e+00    5.4210119653e+01   -1.3998373529e+01    6.6431819099e+00    2.4396286994e+00   -1.6438002229e+01    1.2800000000e+02    1.1306473000e-02    6.5527343750e-01
       472   -7.4283267807e+00    5.5346101963e+01   -1.0323130792e+01    2.8948040113e+00    2.6068500337e+00   -1.2929980826e+01    1.2800000000e+02    1.2709151000e-02    6.8896484375e-01
       473   -7.4776816231e+00    5.6117841871e+01   -1.4047520565e+01    6.5698389420e+00    2.9455676671e+00   -1.6993088232e+01    1.2800000000e+02    1.5688428000e-02    6.2207031250e-01
       474   -7.3785804545e+00    5.4624114801e+01   -1.4167785872e+01    6.7892054173e+00    2.5592672861e+00   -1.6727053158e+01    1.2800000000e+02    1.3342118999e-02    6.4355468750e-01
       475   -7.4449497406e+00    5.5514317096e+01   -1.0172255024e+01    2.7273052831e+00    2.4504233509e+00   -1.2622678375e+01    1.2800000000e+02    1.4825923000e-02    6.5136718750e-01
       476   -7.6087683186e+00    5.8228354948e+01   -1.9006343854e+01    1.1397575536e+01    2.7831726538e+00   -2.1789516508e+01    1.2800000000e+02    1.2928247001e-02    6.1425781250e-01
       477   -7.2566132801e+00    5.2836582467e+01   -1.5241893725e+01    7.9852804451e+00    2.6805304058e+00   -1.7922424131e+01    1.2800000000e+02    1.5033719999e-02    6.4111328125e-01
       478   -7.4735680698e+00    5.6052233976e+01   -1.1485126571e+01    4.0115585015e+00    2.7199785850e+00   -1.4205105156e+01    1.2800000000e+02    1.0942705000e-02    6.3378906250e-01
       479   -7.5564303466e+00    5.7380564574e+01   -1.4643030084e+01    7.0865997372e+00    2.5668767056e+00   -1.7209906789e+01    1.2800000000e+02    8.5167130001e-03    6.3623046875e-01
       480   -7.4541514405e+00    5.5731719878e+01   -1.3352785573e+01    5.8986341326e+00    2.6502247543e+00   -1.6003010327e+01    1.2800000000e+02    8.9718460003e-03    6.4794921875e-01
       481   -7.4945718889e+00    5.6330885421e+01   -1.3821895761e+01    6.3273238717e+00    2.6118508161e+00   -1.6433746577e+01    1.2800000000e+02    7.8385160004e-03    6.5625000000e-01
       482   -7.4920054750e+00    5.6449584795e+01   -1.3772131068e+01    6.2801255932e+00    2.3527318392e+00   -1.6124862907e+01    1.2800000000e+02    8.4040729998e-03    6.5234375000e-01
       483   -7.3630886609e+00    5.4492248033e+01   -1.3806555319e+01    6.4434666584e+00    2.7874683524e+00   -1.6594023672e+01    1.2800000000e+02    7.8766289998e-03    6.3574218750e-01
       484   -7.4300797459e+00    5.5397082543e+01   -1.3453355727e+01    6.0232759813e+00    2.7488275848e+00   -1.6202183312e+01    1.2800000000e+02    7.9005719999e-03    6.4208984375e-01
       485   -7.6018562053e+00    5.8157047302e+01   -1.2378702274e+01    4.7768460683e+00    2.4427048467e+00   -1.4821407120e+01    1.2800000000e+02    8.6797770000e-03    6.6357421875e-01
       486   -7.5460115095e+00    5.7192798023e+01   -1.4957909227e+01    7.4118977175e+00    2.3886131921e+00   -1.7346522419e+01    1.2800000000e+02    1.0056314000e-02    6.5722656250e-01
       487   -7.4587841449e+00    5.5719017291e+01   -1.1554335236e+01    4.0955510910e+00    2.5852526105e+00   -1.4139587846e+01    1.2800000000e+02    8.2392720005e-03    6.5771484375e-01
       488   -7.3119267242e+00    5.3590774209e+01   -1.2240562306e+01    4.9286355816e+00    2.6731955862e+00   -1.4913757892e+01    1.2800000000e+02    8.7346500004e-03    6.3525390625e-01
       489   -7.5701146993e+00    5.7534964681e+01   -1.5177250035e+01    7.6071353354e+00    2.2658261771e+00   -1.7443076212e+01    1.2800000000e+02    9.3185819997e-03    6.4160156250e-01
       490   -7.3694482995e+00    5.4537230958e+01   -1.3477508386e+01    6.1080600870e+00    2.5321048541e+00   -1.6009613241e+01    1.2800000000e+02    8.2287169998e-03    6.4062500000e-01
       491   -7.5054513974e+00    5.6556979170e+01   -1.3328059247e+01    5.8226078494e+00    2.8210767894e+00   -1.6149136036e+01    1.2800000000e+02    1.2858649000e-02    6.3720703125e-01
       492   -7.3703044707e+00    5.4481773083e+01   -1.3947841803e+01    6.5775373327e+00    2.5777527826e+00   -1.6525594586e+01    1.2800000000e+02    9.3462899995e-03    6.3232421875e-01
       493   -7.4153279952e+00    5.5158581258e+01   -1.7105009853e+01    9.6896818575e+00    2.6921493869e+00   -1.9797159240e+01    1.2800000000e+02    1.3795126000e-02    6.2304687500e-01
       494   -7.3678211152e+00    5.4386359069e+01   -1.2383012250e+01    5.0151911351e+00    2.7412894739e+00   -1.5124301724e+01    1.2800000000e+02    1.0824560000e-02    6.3134765625e-01
       495   -7.5940738103e+00    5.7970660550e+01   -1.3688063204e+01    6.0939893937e+00    2.6790009841e+00   -1.6367064188e+01    1.2800000000e+02    9.7939699999e-03    6.3769531250e-01
       496   -7.4480272553e+00    5.5602304503e+01   -1.1456774309e+01    4.0087470533e+00    2.3400084347e+00   -1.3796782743e+01    1.2800000000e+02    1.0428897001e-02    6.6650390625e-01
       497   -7.5610098460e+00    5.7515397683e+01   -1.4301353053e+01    6.7403432073e+00    2.6399881993e+00   -1.6941341253e+01    1.2800000000e+02    1.3187504000e-02    6.3134765625e-01
       498   -7.3643975855e+00    5.4398126954e+01   -1.3706173544e+01    6.3417759582e+00    2.5127639974e+00   -1.6218937541e+01    1.2800000000e+02    1.2988834000e-02    6.3916015625e-01
       499   -7.3477618149e+00    5.4169120482e+01   -1.4980475676e+01    7.6327138612e+00    2.5548770699e+00   -1.7535352746e+01    1.2800000000e+02    1.5652359000e-02    6.3720703125e-01
