#   index    LocalEnergy         LocalEnergy_sq      LocalPotential      Kinetic             ElecElec            IonElec             BlockWeight         BlockCPU            AcceptRatio         
         0   -7.0876630177e+00    5.0719687832e+01   -9.6378562613e+00    2.5501932436e+00    2.0800164289e+00   -1.1717872690e+01    3.2000000000e+01    2.0807689998e-03    7.0898437500e-01
         1   -7.1780186675e+00    5.2139657680e+01   -1.1465152129e+01    4.2871334612e+00    1.7746745006e+00   -1.3239826629e+01    3.2000000000e+01    1.9802900006e-03    7.0117187500e-01
         2   -7.2855383526e+00    5.3696129757e+01   -1.2349119955e+01    5.0635816026e+00    2.4911828641e+00   -1.4840302819e+01    3.2000000000e+01    2.2304439999e-03    6.7578125000e-01
         3   -7.2719673208e+00    5.3266088315e+01   -1.2119267537e+01    4.8473002165e+00    2.1503124610e+00   -1.4269579998e+01    3.2000000000e+01    1.9817190005e-03    6.7382812500e-01
         4   -7.2951897927e+00    5.3499755899e+01   -1.1942564629e+01    4.6473748367e+00    2.2911121017e+00   -1.4233676731e+01    3.2000000000e+01    1.9427669995e-03    6.4257812500e-01
         5   -7.1884954554e+00    5.2703597668e+01   -1.0090981887e+01    2.9024864317e+00    2.3117260776e+00   -1.2402707965e+01    3.2000000000e+01    2.0421760000e-03    6.9726562500e-01
         6   -7.1384713299e+00    5.1410311392e+01   -1.0746490224e+01    3.6080188938e+00    2.3358306677e+00   -1.3082320891e+01    3.2000000000e+01    2.0032490002e-03    7.0312500000e-01
         7   -7.3323002448e+00    5.4505565152e+01   -1.1639657316e+01    4.3073570716e+00    2.5603675370e+00   -1.4200024853e+01    3.2000000000e+01    1.9886350001e-03    6.7968750000e-01
         8   -7.3121857581e+00    5.4209636001e+01   -1.2072734452e+01    4.7605486942e+00    2.5316505319e+00   -1.4604384984e+01    3.2000000000e+01    1.9902199992e-03    6.7968750000e-01
         9   -7.3557400436e+00    5.4432744472e+01   -1.2519218976e+01    5.1634789323e+00    2.2669082415e+00   -1.4786127217e+01    3.2000000000e+01    2.0103600000e-03    6.8554687500e-01
        10   -7.9853370886e+00    6.5258754770e+01   -1.6100789533e+01    8.1154524447e+00    2.7765604928e+00   -1.8877350026e+01    3.2000000000e+01    2.1182439996e-03    6.2304687500e-01
        11   -7.0431339028e+00    4.9871601057e+01   -1.0366608932e+01    3.3234750294e+00    2.1834380381e+00   -1.2550046970e+01    3.2000000000e+01    1.9705149998e-03    6.6992187500e-01
        12   -7.8030286112e+00    6.1581381014e+01   -1.4817106260e+01    7.0140776492e+00    2.8490459005e+00   -1.7666152161e+01    3.2000000000e+01    1.9363199999e-03    6.1914062500e-01
        13   -7.0228099027e+00    4.9943545486e+01   -9.7813098240e+00    2.7584999213e+00    2.3022534182e+00   -1.2083563242e+01    3.2000000000e+01    2.0412089998e-03    6.9726562500e-01
        14   -7.3086544454e+00    5.4524211357e+01   -1.3525422257e+01    6.2167678115e+00    2.9256344211e+00   -1.6451056678e+01    3.2000000000e+01    1.9712630001e-03    6.5625000000e-01
        15   -8.1516862043e+00    6.7963968187e+01   -1.8241340097e+01    1.0089653893e+01    2.6845361646e+00   -2.0925876261e+01    3.2000000000e+01    1.9751580003e-03    6.6406250000e-01
        16   -6.7566515078e+00    4.5890742183e+01   -9.3736396529e+00    2.6169881451e+00    2.3681450024e+00   -1.1741784655e+01    3.2000000000e+01    2.0098770001e-03    6.9921875000e-01
        17   -7.9848678303e+00    6.4611139585e+01   -1.6783558332e+01    8.7986905014e+00    3.2752869720e+00   -2.0058845304e+01    3.2000000000e+01    1.9388999999e-03    6.2695312500e-01
        18   -7.8614251315e+00    6.3060340595e+01   -1.5640144977e+01    7.7787198457e+00    2.8786858751e+00   -1.8518830852e+01    3.2000000000e+01    2.0098089999e-03    6.3671875000e-01
        19   -7.4022501280e+00    5.6401781702e+01   -1.2889667946e+01    5.4874178185e+00    2.4983443463e+00   -1.5388012293e+01    3.2000000000e+01    2.1298490001e-03    7.0117187500e-01
        20   -7.4445456886e+00    5.6066993075e+01   -1.5418457716e+01    7.9739120270e+00    2.5187340458e+00   -1.7937191761e+01    3.2000000000e+01    1.9831400004e-03    6.7578125000e-01
        21   -7.2748770838e+00    5.3225958482e+01   -1.0739552556e+01    3.4646754725e+00    1.9811952035e+00   -1.2720747760e+01    3.2000000000e+01    1.9671720001e-03    6.7773437500e-01
        22   -7.2359620199e+00    5.2640384701e+01   -1.0070718518e+01    2.8347564981e+00    2.4436783575e+00   -1.2514396875e+01    3.2000000000e+01    2.1000139996e-03    6.8164062500e-01
        23   -7.2756726592e+00    5.3396562087e+01   -1.1560587699e+01    4.2849150395e+00    2.0165101536e+00   -1.3577097852e+01    3.2000000000e+01    1.9547800002e-03    6.5234375000e-01
        24   -7.3133191538e+00    5.3986776777e+01   -1.0195086296e+01    2.8817671423e+00    2.3853614171e+00   -1.2580447713e+01    3.2000000000e+01    1.9568429998e-03    6.6015625000e-01
        25   -7.1292188939e+00    5.1176255813e+01   -1.2087667195e+01    4.9584483009e+00    2.4138893896e+00   -1.4501556584e+01    3.2000000000e+01    1.9691900006e-03    6.5234375000e-01
        26   -7.2117709578e+00    5.2403340020e+01   -1.1114711611e+01    3.9029406527e+00    2.4247042916e+00   -1.3539415902e+01    3.2000000000e+01    2.0526129993e-03    6.9140625000e-01
        27   -7.3620516496e+00    5.5166539273e+01   -1.3134237239e+01    5.7721855897e+00    2.3880233420e+00   -1.5522260581e+01    3.2000000000e+01    2.1059820001e-03    6.5625000000e-01
        28   -7.1839042725e+00    5.2041468881e+01   -1.1889098212e+01    4.7051939392e+00    2.5725187869e+00   -1.4461616999e+01    3.2000000000e+01    2.0002910005e-03    6.8945312500e-01
        29   -7.2993537406e+00    5.3649711975e+01   -1.0557777519e+01    3.2584237785e+00    2.2403893896e+00   -1.2798166909e+01    3.2000000000e+01    1.9708170003e-03    6.8554687500e-01
        30   -6.9778983551e+00    4.8956037070e+01   -9.5597801713e+00    2.5818818162e+00    1.8604745476e+00   -1.1420254719e+01    3.2000000000e+01    2.0213839998e-03    6.9921875000e-01
        31   -7.4953422995e+00    5.6575996280e+01   -1.3502212013e+01    6.0068697131e+00    2.5717869081e+00   -1.6073998921e+01    3.2000000000e+01    2.0169090003e-03    6.4257812500e-01
        32   -7.2057942976e+00    5.2686075821e+01   -1.1592426161e+01    4.3866318634e+00    2.4358540656e+00   -1.4028280227e+01    3.2000000000e+01    1.9785679997e-03    6.7968750000e-01
        33   -7.7920919502e+00    6.1737299162e+01   -1.6948971134e+01    9.1568791839e+00    2.4911368218e+00   -1.9440107956e+01    3.2000000000e+01    1.9517010005e-03    6.3281250000e-01
        34   -7.3391985725e+00    5.4087510499e+01   -1.1714211925e+01    4.3750133520e+00    2.4043696959e+00   -1.4118581620e+01    3.2000000000e+01    2.0053519993e-03    6.3476562500e-01
        35   -6.8504885297e+00    4.7068794554e+01   -9.5115480615e+00    2.6610595318e+00    1.9333089457e+00   -1.1444857007e+01    3.2000000000e+01    2.1890380003e-03    6.9531250000e-01
        36   -7.3968063530e+00    5.5176790175e+01   -1.2597055104e+01    5.2002487512e+00    2.5841514003e+00   -1.5181206505e+01    3.2000000000e+01    1.9658319998e-03    6.5429687500e-01
        37   -7.1622904700e+00    5.1540398843e+01   -1.1139589905e+01    3.9772994352e+00    2.1339735124e+00   -1.3273563418e+01    3.2000000000e+01    1.9710069992e-03    6.6601562500e-01
        38   -8.0497275177e+00    6.6472358840e+01   -1.7832632562e+01    9.7829050441e+00    3.0961592707e+00   -2.0928791833e+01    3.2000000000e+01    2.0477959997e-03    6.3476562500e-01
        39   -7.7186142870e+00    6.0590626404e+01   -1.7261596860e+01    9.5429825735e+00    2.4731559362e+00   -1.9734752797e+01    3.2000000000e+01    1.9870960004e-03    6.6992187500e-01
        40   -7.4245923072e+00    5.5788622738e+01   -1.3528873060e+01    6.1042807529e+00    2.5159093812e+00   -1.6044782441e+01    3.2000000000e+01    1.9574930002e-03    6.5234375000e-01
        41   -7.3059351107e+00    5.4143018897e+01   -1.2109617603e+01    4.8036824925e+00    2.2301890230e+00   -1.4339806626e+01    3.2000000000e+01    1.9934660004e-03    6.9140625000e-01
        42   -7.1851703627e+00    5.2304838755e+01   -9.8953427810e+00    2.7101724183e+00    2.3604953190e+00   -1.2255838100e+01    3.2000000000e+01    2.0417989999e-03    6.9921875000e-01
        43   -7.2586049293e+00    5.3221132023e+01   -1.0817961479e+01    3.5593565496e+00    2.2729640853e+00   -1.3090925564e+01    3.2000000000e+01    2.1848270007e-03    6.9726562500e-01
        44   -7.3208933199e+00    5.4686135039e+01   -1.2012424712e+01    4.6915313924e+00    2.4641307883e+00   -1.4476555501e+01    3.2000000000e+01    1.9961859998e-03    6.6992187500e-01
        45   -7.1238038500e+00    5.1215673688e+01   -1.0577958502e+01    3.4541546524e+00    2.6218333067e+00   -1.3199791809e+01    3.2000000000e+01    1.9931289999e-03    6.4843750000e-01
        46   -6.9968632802e+00    4.9225496425e+01   -9.7414042256e+00    2.7445409454e+00    2.1182866575e+00   -1.1859690883e+01    3.2000000000e+01    2.0734970003e-03    7.0898437500e-01
        47   -7.4949197687e+00    5.7014834592e+01   -1.1750547197e+01    4.2556274278e+00    2.8935234556e+00   -1.4644070652e+01    3.2000000000e+01    2.0620600008e-03    6.7578125000e-01
        48   -7.4578820153e+00    5.6197570710e+01   -1.3646660862e+01    6.1887788462e+00    2.6271440274e+00   -1.6273804889e+01    3.2000000000e+01    1.9861220007e-03    6.7187500000e-01
        49   -7.4771580461e+00    5.6409574742e+01   -1.3896044645e+01    6.4188865990e+00    2.3947205482e+00   -1.6290765193e+01    3.2000000000e+01    1.9825099998e-03    6.6601562500e-01
        50   -7.6290726046e+00    5.9008134278e+01   -2.0892544658e+01    1.3263472054e+01    2.5334469080e+00   -2.3425991566e+01    3.2000000000e+01    1.9363780002e-03    6.2304687500e-01
        51   -6.9960300830e+00    4.9512560039e+01   -1.0425188101e+01    3.4291580181e+00    2.1873360028e+00   -1.2612524104e+01    3.2000000000e+01    2.2259010002e-03    6.9726562500e-01
        52   -7.6967337575e+00    6.0078816961e+01   -1.4561517865e+01    6.8647841071e+00    3.0263149793e+00   -1.7587832844e+01    3.2000000000e+01    1.9777630005e-03    6.4648437500e-01
        53   -7.2048368699e+00    5.2465963730e+01   -1.0756886373e+01    3.5520495034e+00    2.0835597426e+00   -1.2840446116e+01    3.2000000000e+01    1.9649189999e-03    6.6992187500e-01
        54   -7.2421824559e+00    5.3060068457e+01   -1.2685877109e+01    5.4436946530e+00    2.3929610171e+00   -1.5078838126e+01    3.2000000000e+01    2.0670929998e-03    6.5039062500e-01
        55   -8.3895622519e+00    7.1693918569e+01   -1.9075097004e+01    1.0685534752e+01    3.0477340536e+00   -2.2122831057e+01    3.2000000000e+01    1.9707800002e-03    6.4062500000e-01
        56   -7.6041289134e+00    5.8581987018e+01   -1.3073152689e+01    5.4690237754e+00    2.5640129025e+00   -1.5637165591e+01    3.2000000000e+01    1.9668839996e-03    6.3671875000e-01
        57   -7.1572056223e+00    5.1665072973e+01   -1.0877749872e+01    3.7205442501e+00    2.2466681659e+00   -1.3124418038e+01    3.2000000000e+01    1.9684230001e-03    6.5625000000e-01
        58   -7.1906154282e+00    5.2093732406e+01   -1.0936299111e+01    3.7456836828e+00    2.4426683386e+00   -1.3378967450e+01    3.2000000000e+01    2.1152170002e-03    6.9140625000e-01
        59   -7.0826205672e+00    5.0471373297e+01   -9.6734239985e+00    2.5908034313e+00    2.1539013755e+00   -1.1827325374e+01    3.2000000000e+01    2.2084639995e-03    6.8945312500e-01
        60   -7.4147877433e+00    5.5784535507e+01   -1.1278186061e+01    3.8633983178e+00    2.4929474305e+00   -1.3771133492e+01    3.2000000000e+01    1.9872359999e-03    6.7578125000e-01
        61   -8.2395681176e+00    6.9083609114e+01   -2.0554607110e+01    1.2315038992e+01    2.9658167861e+00   -2.3520423896e+01    3.2000000000e+01    1.9527149998e-03    6.4062500000e-01
        62   -7.7084427369e+00    6.1305346606e+01   -1.5116284078e+01    7.4078413408e+00    2.8360747153e+00   -1.7952358793e+01    3.2000000000e+01    2.0202349997e-03    6.5039062500e-01
        63   -7.2884002605e+00    5.3929638575e+01   -1.1411032732e+01    4.1226324717e+00    2.2186584517e+00   -1.3629691184e+01    3.2000000000e+01    1.9637080004e-03    6.7773437500e-01
        64   -7.2307709920e+00    5.2583341771e+01   -1.1916610197e+01    4.6858392048e+00    2.8449634862e+00   -1.4761573683e+01    3.2000000000e+01    1.9616849995e-03    6.4062500000e-01
        65   -7.4263788290e+00    5.6075343773e+01   -1.5054469760e+01    7.6280909309e+00    2.6035580851e+00   -1.7658027845e+01    3.2000000000e+01    1.9531680000e-03    6.4648437500e-01
        66   -7.1278813088e+00    5.1406143298e+01   -1.1105588510e+01    3.9777072017e+00    2.6766450069e+00   -1.3782233517e+01    3.2000000000e+01    1.9872989997e-03    6.7187500000e-01
        67   -7.0839739240e+00    5.0700162602e+01   -1.0677503977e+01    3.5935300527e+00    2.1957206482e+00   -1.2873224625e+01    3.2000000000e+01    2.0689640005e-03    6.7578125000e-01
        68   -6.8609222919e+00    4.7358893520e+01   -8.8030542054e+00    1.9421319135e+00    2.3175209492e+00   -1.1120575155e+01    3.2000000000e+01    2.0613930001e-03    6.7578125000e-01
        69   -7.6489129589e+00    6.0336931165e+01   -1.5688238471e+01    8.0393255124e+00    2.6141983068e+00   -1.8302436778e+01    3.2000000000e+01    1.9759449997e-03    6.5625000000e-01
        70   -7.7457443046e+00    6.1196214181e+01   -1.6493330714e+01    8.7475864099e+00    2.3448938520e+00   -1.8838224566e+01    3.2000000000e+01    2.0650080005e-03    6.5625000000e-01
        71   -7.1593898949e+00    5.2084232148e+01   -1.1909211760e+01    4.7498218655e+00    2.5579761931e+00   -1.4467187954e+01    3.2000000000e+01    2.0821629996e-03    7.0117187500e-01
        72   -8.2173719672e+00    6.8844204569e+01   -2.4234128052e+01    1.6016756085e+01    3.2632437379e+00   -2.7497371790e+01    3.2000000000e+01    1.9521330005e-03    6.0742187500e-01
        73   -7.6847498494e+00    5.9870011421e+01   -1.6436498481e+01    8.7517486320e+00    2.3403932262e+00   -1.8776891708e+01    3.2000000000e+01    1.9666120006e-03    6.6601562500e-01
        74   -7.2224688382e+00    5.2796512300e+01   -1.1172446659e+01    3.9499778212e+00    2.3557111681e+00   -1.3528157827e+01    3.2000000000e+01    2.0138309992e-03    7.0312500000e-01
        75   -7.2068568859e+00    5.2407791486e+01   -1.0731053101e+01    3.5241962147e+00    2.3869564978e+00   -1.3118009598e+01    3.2000000000e+01    1.9841410003e-03    6.8164062500e-01
        76   -7.1754931807e+00    5.2005905115e+01   -1.0188362427e+01    3.0128692464e+00    2.3865353920e+00   -1.2574897819e+01    3.2000000000e+01    2.1795080002e-03    6.9726562500e-01
        77   -7.6833579271e+00    6.0267395491e+01   -1.5311018175e+01    7.6276602483e+00    3.1023427165e+00   -1.8413360892e+01    3.2000000000e+01    1.9486570000e-03    6.2109375000e-01
        78   -7.4371097049e+00    5.6448300162e+01   -1.2039544731e+01    4.6024350257e+00    2.0103082369e+00   -1.4049852968e+01    3.2000000000e+01    2.0161350003e-03    7.2265625000e-01
        79   -7.0187786302e+00    4.9511883556e+01   -9.5919058691e+00    2.5731272389e+00    2.0321665304e+00   -1.1624072399e+01    3.2000000000e+01    2.1645679999e-03    7.1679687500e-01
        80   -7.3787027588e+00    5.4997380053e+01   -1.1834365860e+01    4.4556631009e+00    2.4857105100e+00   -1.4320076370e+01    3.2000000000e+01    1.9808710003e-03    6.6796875000e-01
        81   -7.2251168323e+00    5.2741419166e+01   -1.1060478900e+01    3.8353620679e+00    2.4195763755e+00   -1.3480055276e+01    3.2000000000e+01    1.9726869996e-03    6.8359375000e-01
        82   -7.5451578971e+00    5.7589799738e+01   -1.6085764105e+01    8.5406062082e+00    2.0905874088e+00   -1.8176351514e+01    3.2000000000e+01    1.9430980001e-03    6.8164062500e-01
        83   -7.0223468656e+00    4.9573679247e+01   -1.1058400418e+01    4.0360535523e+00    2.3315586669e+00   -1.3389959085e+01    3.2000000000e+01    2.0126119998e-03    6.9531250000e-01
        84   -7.0406742091e+00    5.0244328136e+01   -9.9490388414e+00    2.9083646323e+00    2.5083583434e+00   -1.2457397185e+01    3.2000000000e+01    2.1863530001e-03    7.0703125000e-01
        85   -7.0944201873e+00    5.0681759517e+01   -9.9459516413e+00    2.8515314539e+00    2.5304525998e+00   -1.2476404241e+01    3.2000000000e+01    1.9749249996e-03    6.6992187500e-01
        86   -6.9463912193e+00    4.8646689374e+01   -9.7803632657e+00    2.8339720464e+00    2.4554809168e+00   -1.2235844183e+01    3.2000000000e+01    1.9917079999e-03    6.9531250000e-01
        87   -6.7143509549e+00    4.5238668501e+01   -7.6312882812e+00    9.1693732626e-01    2.1533590976e+00   -9.7846473787e+00    3.2000000000e+01    2.1928859996e-03    7.4609375000e-01
        88   -7.0385611453e+00    4.9900719379e+01   -9.5921731077e+00    2.5536119624e+00    2.2650924699e+00   -1.1857265578e+01    3.2000000000e+01    2.0107689998e-03    6.9531250000e-01
        89   -7.5571583846e+00    5.7850421009e+01   -1.3445252494e+01    5.8880941097e+00    2.0654094801e+00   -1.5510661974e+01    3.2000000000e+01    1.9759480001e-03    6.8164062500e-01
        90   -7.2674230734e+00    5.3321740399e+01   -1.5118337132e+01    7.8509140587e+00    2.4783450020e+00   -1.7596682134e+01    3.2000000000e+01    1.9468299997e-03    6.3085937500e-01
        91   -7.5805565018e+00    5.8041548896e+01   -1.6148825561e+01    8.5682690587e+00    2.3607714023e+00   -1.8509596963e+01    3.2000000000e+01    1.9344120001e-03    6.3085937500e-01
        92   -7.4154808210e+00    5.5828761796e+01   -1.8258292148e+01    1.0842811327e+01    2.5361412979e+00   -2.0794433446e+01    3.2000000000e+01    2.1089209995e-03    6.0351562500e-01
        93   -7.3654556927e+00    5.4866972621e+01   -1.3479713133e+01    6.1142574401e+00    2.1235029514e+00   -1.5603216084e+01    3.2000000000e+01    1.9662280001e-03    6.5625000000e-01
        94   -6.9860164890e+00    4.9105051191e+01   -1.0196741402e+01    3.2107249132e+00    2.3243957715e+00   -1.2521137174e+01    3.2000000000e+01    1.9981739997e-03    6.9531250000e-01
        95   -7.7341568934e+00    6.1207421031e+01   -2.3374480488e+01    1.5640323595e+01    2.4774735835e+00   -2.5851954072e+01    3.2000000000e+01    2.1292849997e-03    6.7773437500e-01
        96   -7.1428224930e+00    5.1580167744e+01   -1.1710504736e+01    4.5676822435e+00    2.4997575663e+00   -1.4210262303e+01    3.2000000000e+01    2.0179069998e-03    6.7968750000e-01
        97   -7.0252463546e+00    4.9889671264e+01   -1.0526209761e+01    3.5009634068e+00    2.2894739844e+00   -1.2815683746e+01    3.2000000000e+01    1.9812529999e-03    6.7578125000e-01
        98   -6.8670289951e+00    4.7614352779e+01   -1.0185581552e+01    3.3185525574e+00    2.0493927628e+00   -1.2234974315e+01    3.2000000000e+01    1.9776629997e-03    6.6796875000e-01
        99   -7.2976297890e+00    5.3667003806e+01   -1.3634979676e+01    6.3373498868e+00    2.2416526413e+00   -1.5876632317e+01    3.2000000000e+01    1.9523550000e-03    6.6015625000e-01
       100   -7.4517301979e+00    5.6539168235e+01   -2.0147029052e+01    1.2695298854e+01    2.2175957666e+00   -2.2364624819e+01    3.2000000000e+01    2.1430629995e-03    6.4843750000e-01
       101   -7.3351759090e+00    5.4256644020e+01   -1.2186160757e+01    4.8509848476e+00    2.7555477813e+00   -1.4941708538e+01    3.2000000000e+01    1.9888190000e-03    6.8554687500e-01
       102   -7.3822270757e+00    5.5308314457e+01   -1.3303120474e+01    5.9208933986e+00    2.5299259941e+00   -1.5833046468e+01    3.2000000000e+01    1.9791630002e-03    6.8554687500e-01
       103   -7.2119857933e+00    5.2310794937e+01   -1.1216277490e+01    4.0042916967e+00    1.9974458506e+00   -1.3213723341e+01    3.2000000000e+01    2.1478729996e-03    6.8554687500e-01
       104   -7.1870960450e+00    5.2635421249e+01   -1.2147750226e+01    4.9606541813e+00    2.2920668625e+00   -1.4439817089e+01    3.2000000000e+01    1.9975549994e-03    7.0117187500e-01
       105   -7.0593559247e+00    5.0103243654e+01   -1.0424983907e+01    3.3656279823e+00    1.7246534731e+00   -1.2149637380e+01    3.2000000000e+01    1.9340090003e-03    6.5039062500e-01
       106   -7.3525410612e+00    5.4525403995e+01   -1.2034181757e+01    4.6816406954e+00    2.3968675375e+00   -1.4431049294e+01    3.2000000000e+01    1.9747300003e-03    6.6992187500e-01
       107   -7.7092320526e+00    6.0437823498e+01   -1.7501078040e+01    9.7918459873e+00    2.8044254416e+00   -2.0305503481e+01    3.2000000000e+01    1.9399100001e-03    6.3867187500e-01
       108   -7.1583969457e+00    5.1598958424e+01   -1.0271771203e+01    3.1133742572e+00    2.4551936556e+00   -1.2726964859e+01    3.2000000000e+01    2.1863270003e-03    6.6601562500e-01
       109   -7.2954599718e+00    5.3911985128e+01   -1.1414865493e+01    4.1194055216e+00    2.4023745166e+00   -1.3817240010e+01    3.2000000000e+01    2.0426349993e-03    6.6015625000e-01
       110   -7.1040661031e+00    5.0936765220e+01   -1.1513724028e+01    4.4096579254e+00    2.7598830792e+00   -1.4273607108e+01    3.2000000000e+01    2.0233590003e-03    6.8359375000e-01
       111   -8.3646203960e+00    7.0894943576e+01   -2.3056324848e+01    1.4691704452e+01    3.2036670536e+00   -2.6259991902e+01    3.2000000000e+01    2.0811149998e-03    6.2304687500e-01
       112   -7.3316812172e+00    5.4180456052e+01   -1.2920033277e+01    5.5883520602e+00    2.3850168349e+00   -1.5305050112e+01    3.2000000000e+01    2.0227400000e-03    6.7773437500e-01
       113   -7.0617170399e+00    5.0497796194e+01   -1.1710995702e+01    4.6492786617e+00    2.4262589288e+00   -1.4137254630e+01    3.2000000000e+01    1.9965249994e-03    6.6796875000e-01
       114   -7.5244435916e+00    5.7866898428e+01   -1.4786068823e+01    7.2616252311e+00    2.6915235144e+00   -1.7477592337e+01    3.2000000000e+01    1.9654140006e-03    6.3476562500e-01
       115   -7.8261129783e+00    6.2330418331e+01   -2.0021060105e+01    1.2194947127e+01    2.7659763971e+00   -2.2787036502e+01    3.2000000000e+01    1.9650690001e-03    6.6601562500e-01
       116   -7.5344170191e+00    5.7630292168e+01   -1.5050713849e+01    7.5162968295e+00    2.7761966592e+00   -1.7826910508e+01    3.2000000000e+01    2.1659590002e-03    6.4257812500e-01
       117   -7.2744200366e+00    5.3676947557e+01   -1.2060536041e+01    4.7861160044e+00    2.3870985526e+00   -1.4447634594e+01    3.2000000000e+01    1.9695640003e-03    6.6992187500e-01
       118   -7.0506125194e+00    5.0273195532e+01   -9.0352868951e+00    1.9846743756e+00    1.9318434386e+00   -1.0967130334e+01    3.2000000000e+01    2.0386420001e-03    7.2656250000e-01
       119   -7.4128823247e+00    5.5534551005e+01   -1.2570591602e+01    5.1577092769e+00    2.4946890465e+00   -1.5065280648e+01    3.2000000000e+01    2.1159620001e-03    6.7382812500e-01
       120   -7.4265122781e+00    5.5714525477e+01   -1.1621795568e+01    4.1952832904e+00    2.1961118910e+00   -1.3817907459e+01    3.2000000000e+01    2.0353479995e-03    6.7968750000e-01
       121   -7.3104475074e+00    5.3831437564e+01   -1.2009105595e+01    4.6986580878e+00    2.0412408304e+00   -1.4050346426e+01    3.2000000000e+01    1.9670560005e-03    6.5820312500e-01
       122   -7.2224060432e+00    5.2685261624e+01   -1.2983864605e+01    5.7614585618e+00    2.2713043645e+00   -1.5255168969e+01    3.2000000000e+01    1.9977550000e-03    6.7382812500e-01
       123   -7.6723343604e+00    5.9886903266e+01   -1.5157777473e+01    7.4854431123e+00    2.6930086150e+00   -1.7850786088e+01    3.2000000000e+01    1.9830440006e-03    6.7578125000e-01
       124   -7.6447052110e+00    5.9979294514e+01   -1.2810170953e+01    5.1654657417e+00    2.5459025716e+00   -1.5356073524e+01    3.2000000000e+01    1.9855529999e-03    6.4843750000e-01
       125   -7.4026063989e+00    5.5740493397e+01   -1.1934082883e+01    4.5314764839e+00    2.1853564357e+00   -1.4119439319e+01    3.2000000000e+01    1.9819150002e-03    6.9531250000e-01
       126   -7.1764577974e+00    5.1770965196e+01   -1.1869997691e+01    4.6935398937e+00    2.4721470493e+00   -1.4342144740e+01    3.2000000000e+01    2.0055209998e-03    6.6601562500e-01
       127   -7.5850837387e+00    5.7945046869e+01   -1.3949875127e+01    6.3647913885e+00    2.6911769224e+00   -1.6641052050e+01    3.2000000000e+01    1.9576940003e-03    6.1914062500e-01
       128   -6.9233068281e+00    4.8199562418e+01   -1.0903405742e+01    3.9800989140e+00    2.0416600514e+00   -1.2945065794e+01    3.2000000000e+01    2.1118819996e-03    6.6406250000e-01
       129   -7.9095532381e+00    6.3598189612e+01   -2.7030857065e+01    1.9121303827e+01    2.9703402866e+00   -3.0001197352e+01    3.2000000000e+01    1.9481330000e-03    6.1718750000e-01
       130   -6.9650779403e+00    4.8735278733e+01   -1.0100732708e+01    3.1356547682e+00    2.3850242800e+00   -1.2485756988e+01    3.2000000000e+01    1.9665220007e-03    6.6406250000e-01
       131   -7.3947663632e+00    5.5255302630e+01   -1.4247779901e+01    6.8530135383e+00    2.6500525317e+00   -1.6897832433e+01    3.2000000000e+01    1.9774450002e-03    6.7382812500e-01
       132   -7.4346468265e+00    5.5636998250e+01   -1.1721733516e+01    4.2870866897e+00    2.9257938232e+00   -1.4647527339e+01    3.2000000000e+01    2.0235879992e-03    6.4648437500e-01
       133   -7.0679836833e+00    5.0423485975e+01   -1.2061229196e+01    4.9932455132e+00    2.2308326456e+00   -1.4292061842e+01    3.2000000000e+01    2.0236509999e-03    6.9335937500e-01
       134   -6.9800248675e+00    4.9023839812e+01   -9.1365994427e+00    2.1565745752e+00    2.5246404800e+00   -1.1661239923e+01    3.2000000000e+01    1.9968960005e-03    6.8554687500e-01
       135   -7.5222315659e+00    5.7630624154e+01   -1.4230360364e+01    6.7081287978e+00    2.3219185860e+00   -1.6552278950e+01    3.2000000000e+01    1.9779199993e-03    6.7773437500e-01
       136   -7.1545849037e+00    5.1677180382e+01   -1.2313971620e+01    5.1593867165e+00    2.1703630735e+00   -1.4484334694e+01    3.2000000000e+01    2.1187240000e-03    6.6210937500e-01
       137   -7.7641614569e+00    6.1130738281e+01   -2.2023493444e+01    1.4259331987e+01    2.6499693657e+00   -2.4673462809e+01    3.2000000000e+01    2.0460170008e-03    6.4843750000e-01
       138   -6.9987490829e+00    4.9522040909e+01   -1.0723862923e+01    3.7251138404e+00    2.2822759811e+00   -1.3006138904e+01    3.2000000000e+01    1.9772679998e-03    6.6601562500e-01
       139   -7.3541069708e+00    5.5029690972e+01   -1.3679133496e+01    6.3250265250e+00    3.3190132329e+00   -1.6998146729e+01    3.2000000000e+01    1.9720110004e-03    6.5625000000e-01
       140   -7.3181723396e+00    5.4615184729e+01   -1.1476530086e+01    4.1583577468e+00    2.6047138657e+00   -1.4081243952e+01    3.2000000000e+01    1.9933580006e-03    6.8359375000e-01
       141   -7.1741665659e+00    5.2049623012e+01   -1.4472800883e+01    7.2986343175e+00    2.4241551471e+00   -1.6896956030e+01    3.2000000000e+01    2.0180219999e-03    6.6601562500e-01
       142   -7.5315492976e+00    5.7646833871e+01   -1.2878960613e+01    5.3474113157e+00    2.3239122662e+00   -1.5202872879e+01    3.2000000000e+01    1.9945770000e-03    6.7382812500e-01
       143   -7.4828618260e+00    5.6604502287e+01   -1.2841381595e+01    5.3585197692e+00    2.3835136408e+00   -1.5224895236e+01    3.2000000000e+01    1.9898010005e-03    6.9531250000e-01
       144   -7.3895576725e+00    5.5665766809e+01   -1.2282856647e+01    4.8932989745e+00    2.6286325372e+00   -1.4911489184e+01    3.2000000000e+01    2.1844710000e-03    6.7578125000e-01
       145   -6.9602917576e+00    4.8902976814e+01   -9.2318984002e+00    2.2716066426e+00    2.1321696217e+00   -1.1364068022e+01    3.2000000000e+01    1.9873140000e-03    6.6406250000e-01
       146   -7.2668245326e+00    5.3216306735e+01   -1.2675472774e+01    5.4086482418e+00    2.6517285445e+00   -1.5327201319e+01    3.2000000000e+01    1.9603239998e-03    6.5234375000e-01
       147   -7.4491621746e+00    5.6248453688e+01   -1.8352726497e+01    1.0903564322e+01    2.1074251787e+00   -2.0460151675e+01    3.2000000000e+01    1.9844260005e-03    6.6796875000e-01
       148   -7.2281943464e+00    5.3232350441e+01   -9.5926791484e+00    2.3644848020e+00    2.2154789473e+00   -1.1808158096e+01    3.2000000000e+01    1.9746439993e-03    6.8359375000e-01
       149   -7.9732857570e+00    6.4753120488e+01   -2.3172083813e+01    1.5198798056e+01    2.7736258147e+00   -2.5945709628e+01    3.2000000000e+01    1.9832800008e-03    6.2500000000e-01
       150   -7.7483652499e+00    6.1107552520e+01   -1.5185222856e+01    7.4368576062e+00    2.3060503472e+00   -1.7491273203e+01    3.2000000000e+01    1.9591760001e-03    6.4453125000e-01
       151   -7.5088522219e+00    5.6937700441e+01   -1.3256332819e+01    5.7474805971e+00    2.8046118659e+00   -1.6060944685e+01    3.2000000000e+01    1.9477509995e-03    6.3671875000e-01
       152   -7.2287188142e+00    5.2551615442e+01   -1.0538633549e+01    3.3099147350e+00    2.2621564803e+00   -1.2800790030e+01    3.2000000000e+01    2.1120090005e-03    6.9531250000e-01
       153   -6.9985590701e+00    4.9378840879e+01   -9.8700114644e+00    2.8714523944e+00    2.0116598275e+00   -1.1881671292e+01    3.2000000000e+01    2.0118259999e-03    6.7773437500e-01
       154   -7.1244392262e+00    5.0971955585e+01   -1.1479287389e+01    4.3548481626e+00    1.9876472865e+00   -1.3466934675e+01    3.2000000000e+01    1.9879779993e-03    6.7382812500e-01
       155   -7.0650867813e+00    5.0302740331e+01   -9.7809604495e+00    2.7158736682e+00    2.1460375170e+00   -1.1926997967e+01    3.2000000000e+01    2.0629869996e-03    7.0703125000e-01
       156   -6.9041284992e+00    4.8034002209e+01   -9.9388570997e+00    3.0347286005e+00    2.1437371754e+00   -1.2082594275e+01    3.2000000000e+01    1.9956990000e-03    7.0117187500e-01
       157   -7.6054496661e+00    5.8530207771e+01   -1.6182607562e+01    8.5771578958e+00    2.4969029631e+00   -1.8679510525e+01    3.2000000000e+01    1.9964319999e-03    6.5039062500e-01
       158   -7.3510243860e+00    5.4774803282e+01   -1.1803904817e+01    4.4528804314e+00    2.2032415318e+00   -1.4007146349e+01    3.2000000000e+01    1.9642939997e-03    6.5234375000e-01
       159   -7.1746948182e+00    5.1802073852e+01   -1.1001010858e+01    3.8263160394e+00    2.7304883469e+00   -1.3731499204e+01    3.2000000000e+01    2.1290840004e-03    6.5234375000e-01
       160   -7.0831803948e+00    5.0413773250e+01   -1.0436038741e+01    3.3528583458e+00    2.6647290737e+00   -1.3100767814e+01    3.2000000000e+01    2.0644329998e-03    7.0703125000e-01
       161   -7.1266505362e+00    5.1035892313e+01   -1.1869464751e+01    4.7428142147e+00    2.4028362946e+00   -1.4272301046e+01    3.2000000000e+01    1.9952630000e-03    6.4843750000e-01
       162   -7.1183914238e+00    5.1212040530e+01   -1.1269684368e+01    4.1512929443e+00    2.4026331991e+00   -1.3672317567e+01    3.2000000000e+01    2.0284379998e-03    7.0507812500e-01
       163   -7.8518715077e+00    6.2531667883e+01   -2.3070108877e+01    1.5218237369e+01    2.3323120522e+00   -2.5402420929e+01    3.2000000000e+01    1.9961250000e-03    6.1132812500e-01
       164   -7.1069203980e+00    5.1199271054e+01   -1.1030235247e+01    3.9233148493e+00    2.3586524361e+00   -1.3388887683e+01    3.2000000000e+01    1.9785520008e-03    6.7187500000e-01
       165   -7.0464189488e+00    5.0064139400e+01   -1.0274012140e+01    3.2275931917e+00    2.0266992444e+00   -1.2300711385e+01    3.2000000000e+01    2.0363439999e-03    6.9335937500e-01
       166   -7.3844499755e+00    5.5427536245e+01   -1.1799913988e+01    4.4154640129e+00    3.1379006242e+00   -1.4937814613e+01    3.2000000000e+01    1.9879980000e-03    6.9140625000e-01
       167   -7.3406145855e+00    5.4763399707e+01   -1.2155749750e+01    4.8151351643e+00    2.2592167973e+00   -1.4414966547e+01    3.2000000000e+01    2.1756719998e-03    6.8164062500e-01
       168   -7.8007966482e+00    6.2071219903e+01   -1.5744332933e+01    7.9435362849e+00    2.5328354751e+00   -1.8277168408e+01    3.2000000000e+01    1.9927940002e-03    6.5234375000e-01
       169   -7.6194864465e+00    5.8909798840e+01   -2.0306919504e+01    1.2687433058e+01    2.4247886260e+00   -2.2731708130e+01    3.2000000000e+01    1.9566459996e-03    6.5039062500e-01
       170   -7.0740840346e+00    5.0773358973e+01   -9.6048803395e+00    2.5307963049e+00    2.5522282387e+00   -1.2157108578e+01    3.2000000000e+01    2.0162179999e-03    6.9531250000e-01
       171   -7.8244400513e+00    6.2411526433e+01   -1.4502100423e+01    6.6776603713e+00    2.5689705863e+00   -1.7071071009e+01    3.2000000000e+01    2.0236370001e-03    6.6210937500e-01
       172   -7.6652403824e+00    6.0043723653e+01   -1.2899598051e+01    5.2343576683e+00    2.4158967069e+00   -1.5315494758e+01    3.2000000000e+01    1.9891779993e-03    6.7578125000e-01
       173   -7.9392628684e+00    6.4540372766e+01   -1.6756716976e+01    8.8174541074e+00    2.5099542193e+00   -1.9266671195e+01    3.2000000000e+01    1.9751640002e-03    6.6406250000e-01
       174   -7.8805792546e+00    6.2705775242e+01   -2.1803968880e+01    1.3923389625e+01    2.4541924898e+00   -2.4258161370e+01    3.2000000000e+01    2.0557329999e-03    6.2890625000e-01
       175   -7.1539852212e+00    5.1600141982e+01   -1.0656993135e+01    3.5030079138e+00    2.3049654031e+00   -1.2961958538e+01    3.2000000000e+01    2.0236310002e-03    6.6992187500e-01
       176   -7.0684052967e+00    5.0415298461e+01   -1.0803646161e+01    3.7352408645e+00    2.2214541034e+00   -1.3025100265e+01    3.2000000000e+01    2.0219370008e-03    6.7578125000e-01
       177   -6.9727500836e+00    4.9047743712e+01   -8.5734628063e+00    1.6007127227e+00    2.5523011817e+00   -1.1125763988e+01    3.2000000000e+01    2.5168040002e-03    6.7968750000e-01
       178   -6.7541829379e+00    4.5819817211e+01   -8.3179408670e+00    1.5637579291e+00    2.3103606152e+00   -1.0628301482e+01    3.2000000000e+01    2.3399949996e-03    7.2265625000e-01
       179   -7.6001357106e+00    5.8357235911e+01   -1.4890528394e+01    7.2903926831e+00    2.8760290343e+00   -1.7766557428e+01    3.2000000000e+01    1.9994160002e-03    6.2890625000e-01
       180   -7.3477722023e+00    5.4533447700e+01   -1.1640514348e+01    4.2927421455e+00    2.4423282943e+00   -1.4082842642e+01    3.2000000000e+01    1.9746329999e-03    6.4648437500e-01
       181   -7.3141208621e+00    5.4027142320e+01   -1.3229152116e+01    5.9150312536e+00    2.4591982532e+00   -1.5688350369e+01    3.2000000000e+01    2.0197370004e-03    6.5820312500e-01
       182   -7.8085562804e+00    6.1829482877e+01   -1.6742858421e+01    8.9343021407e+00    2.9475041218e+00   -1.9690362543e+01    3.2000000000e+01    2.4421729995e-03    6.5234375000e-01
       183   -7.8001866990e+00    6.2099511756e+01   -1.6409276562e+01    8.6090898633e+00    3.0139069182e+00   -1.9423183480e+01    3.2000000000e+01    1.9323020006e-03    6.3085937500e-01
       184   -7.8617186162e+00    6.3180499496e+01   -1.4910248240e+01    7.0485296234e+00    2.5677645945e+00   -1.7478012834e+01    3.2000000000e+01    1.9703460002e-03    6.1718750000e-01
       185   -7.2079720768e+00    5.2331002399e+01   -1.0747064407e+01    3.5390923300e+00    2.3905569259e+00   -1.3137621333e+01    3.2000000000e+01    2.6174780005e-03    6.5820312500e-01
       186   -7.2320240066e+00    5.2775232434e+01   -1.1707611132e+01    4.4755871256e+00    2.0349704431e+00   -1.3742581575e+01    3.2000000000e+01    2.0479639998e-03    6.6601562500e-01
       187   -7.4682666227e+00    5.6316101186e+01   -1.3830288051e+01    6.3620214284e+00    2.0394201957e+00   -1.5869708247e+01    3.2000000000e+01    1.9700269995e-03    6.5625000000e-01
       188   -7.2932785788e+00    5.3548138126e+01   -1.0862050816e+01    3.5687722369e+00    2.3237003336e+00   -1.3185751149e+01    3.2000000000e+01    1.9742709992e-03    6.7773437500e-01
       189   -7.4080338145e+00    5.5450937717e+01   -1.2951828386e+01    5.5437945713e+00    2.6462009524e+00   -1.5598029338e+01    3.2000000000e+01    2.4483230000e-03    6.3867187500e-01
       190   -8.3091407128e+00    7.0363318024e+01   -2.0694410415e+01    1.2385269703e+01    3.0056384373e+00   -2.3700048853e+01    3.2000000000e+01    1.9538750003e-03    6.1914062500e-01
       191   -6.9816304399e+00    4.8946893430e+01   -9.9459253559e+00    2.9642949161e+00    2.1763936783e+00   -1.2122319034e+01    3.2000000000e+01    1.9741189999e-03    6.9335937500e-01
       192   -7.1736247674e+00    5.1791358255e+01   -1.0796107754e+01    3.6224829863e+00    2.5812143417e+00   -1.3377322095e+01    3.2000000000e+01    2.0125470000e-03    6.6210937500e-01
       193   -7.2516720203e+00    5.3000779119e+01   -1.3192883846e+01    5.9412118252e+00    2.0899262120e+00   -1.5282810057e+01    3.2000000000e+01    2.7670410000e-03    6.6601562500e-01
       194   -7.5673603838e+00    5.8420604603e+01   -1.2809735332e+01    5.2423749486e+00    2.4155029048e+00   -1.5225238237e+01    3.2000000000e+01    1.9793349993e-03    6.7773437500e-01
       195   -7.9945650767e+00    6.5130002663e+01   -2.0090715560e+01    1.2096150484e+01    2.7165086595e+00   -2.2807224220e+01    3.2000000000e+01    1.9293089999e-03    6.3281250000e-01
       196   -7.8279297857e+00    6.2095887146e+01   -1.5709794542e+01    7.8818647566e+00    2.3341612925e+00   -1.8043955835e+01    3.2000000000e+01    2.0303159999e-03    6.6406250000e-01
       197   -7.5303243737e+00    5.7794334855e+01   -1.2557772062e+01    5.0274476886e+00    3.1656965847e+00   -1.5723468647e+01    3.2000000000e+01    2.1807049998e-03    6.6210937500e-01
       198   -7.1955460944e+00    5.2377634210e+01   -1.2884016831e+01    5.6884707363e+00    2.3000709118e+00   -1.5184087743e+01    3.2000000000e+01    1.9834389996e-03    6.6992187500e-01
       199   -7.0244503016e+00    4.9588387671e+01   -9.5311242013e+00    2.5066738997e+00    2.1801709837e+00   -1.1711295185e+01    3.2000000000e+01    1.9839139995e-03    6.8164062500e-01
       200   -7.4070076831e+00    5.5481811785e+01   -1.2609757194e+01    5.2027495111e+00    2.4193472159e+00   -1.5029104410e+01    3.2000000000e+01    3.8024059995e-03    6.9921875000e-01
       201   -7.5071051715e+00    5.6692465390e+01   -1.6304053324e+01    8.7969481525e+00    2.9218173021e+00   -1.9225870626e+01    3.2000000000e+01    4.0091269993e-03    6.6796875000e-01
       202   -7.3580714163e+00    5.4855637880e+01   -1.2349491600e+01    4.9914201839e+00    2.3955092262e+00   -1.4745000826e+01    3.2000000000e+01    4.1645390002e-03    6.5429687500e-01
       203   -7.6600701076e+00    5.9917970052e+01   -1.4065524437e+01    6.4054543296e+00    2.8206336701e+00   -1.6886158107e+01    3.2000000000e+01    1.9529310002e-03    6.4843750000e-01
       204   -7.8135752838e+00    6.1477478621e+01   -1.5980452862e+01    8.1668775780e+00    2.6828394502e+00   -1.8663292312e+01    3.2000000000e+01    2.0130119992e-03    6.4453125000e-01
       205   -7.2027866481e+00    5.2734367688e+01   -1.2693783134e+01    5.4909964859e+00    2.5074589161e+00   -1.5201242050e+01    3.2000000000e+01    2.8471400001e-03    6.3867187500e-01
       206   -7.4989719503e+00    5.7103565995e+01   -1.2138480011e+01    4.6395080603e+00    2.0362182008e+00   -1.4174698211e+01    3.2000000000e+01    2.1450700006e-03    6.6796875000e-01
       207   -7.7332467842e+00    6.0424430198e+01   -1.5313064338e+01    7.5798175539e+00    2.3090451383e+00   -1.7622109476e+01    3.2000000000e+01    1.9244929999e-03    6.2890625000e-01
       208   -7.2935753615e+00    5.4005160814e+01   -1.1813077504e+01    4.5195021424e+00    2.2836942033e+00   -1.4096771707e+01    3.2000000000e+01    2.0487830006e-03    6.7578125000e-01
       209   -6.8279017083e+00    4.6874412174e+01   -8.9801477988e+00    2.1522460905e+00    2.0504231767e+00   -1.1030570975e+01    3.2000000000e+01    2.0071460003e-03    7.0507812500e-01
       210   -7.2106150644e+00    5.2472427266e+01   -1.1734152693e+01    4.5235376290e+00    2.2550213415e+00   -1.3989174035e+01    3.2000000000e+01    1.9901710002e-03    6.9335937500e-01
       211   -7.3220356988e+00    5.4105888293e+01   -1.4306414571e+01    6.9843788726e+00    1.7897693021e+00   -1.6096183873e+01    3.2000000000e+01    1.9371290000e-03    6.6015625000e-01
       212   -8.0493601485e+00    6.6016954121e+01   -1.9117384096e+01    1.1068023948e+01    3.4842028756e+00   -2.2601586972e+01    3.2000000000e+01    1.8861290000e-03    5.8984375000e-01
       213   -7.0885340582e+00    5.0518359207e+01   -1.1554995041e+01    4.4664609830e+00    2.2834103151e+00   -1.3838405356e+01    3.2000000000e+01    3.7310560001e-03    6.8164062500e-01
       214   -6.9161942059e+00    4.8145711453e+01   -9.6345467421e+00    2.7183525362e+00    2.5074769530e+00   -1.2142023695e+01    3.2000000000e+01    4.2065380003e-03    6.7968750000e-01
       215   -7.3535352865e+00    5.4556618032e+01   -1.4159535189e+01    6.8059999021e+00    2.4359730471e+00   -1.6595508236e+01    3.2000000000e+01    3.0557979999e-03    6.9335937500e-01
       216   -7.3483240481e+00    5.4220018674e+01   -1.2262070732e+01    4.9137466835e+00    2.5195123913e+00   -1.4781583123e+01    3.2000000000e+01    1.9700389994e-03    6.6210937500e-01
       217   -7.9830753292e+00    6.4546127166e+01   -1.6414983188e+01    8.4319078589e+00    2.7220333415e+00   -1.9137016530e+01    3.2000000000e+01    1.9435659997e-03    6.2304687500e-01
       218   -7.2518433947e+00    5.3027600538e+01   -1.6547612495e+01    9.2957691003e+00    2.2281504397e+00   -1.8775762935e+01    3.2000000000e+01    1.9681410004e-03    6.5429687500e-01
       219   -6.9221306408e+00    4.8103835171e+01   -9.8965077375e+00    2.9743770967e+00    2.0291081981e+00   -1.1925615936e+01    3.2000000000e+01    3.8302040002e-03    7.1093750000e-01
       220   -7.3432436988e+00    5.4539097697e+01   -1.2599394977e+01    5.2561512782e+00    2.6647593353e+00   -1.5264154312e+01    3.2000000000e+01    4.2153240001e-03    6.7773437500e-01
       221   -7.3954143577e+00    5.5709713581e+01   -1.3397419607e+01    6.0020052494e+00    2.5034076566e+00   -1.5900827264e+01    3.2000000000e+01    3.0796450001e-03    6.6796875000e-01
       222   -7.1672464696e+00    5.1737019026e+01   -1.2330746398e+01    5.1634999284e+00    2.2669023246e+00   -1.4597648723e+01    3.2000000000e+01    1.9905980007e-03    6.7968750000e-01
       223   -7.3005283881e+00    5.3977297945e+01   -1.1702467371e+01    4.4019389829e+00    2.5048918214e+00   -1.4207359192e+01    3.2000000000e+01    1.9675969997e-03    6.7187500000e-01
       224   -7.1950829994e+00    5.2444030201e+01   -1.0663871658e+01    3.4687886581e+00    2.1268150363e+00   -1.2790686694e+01    3.2000000000e+01    2.4080379999e-03    6.8750000000e-01
       225   -7.0840068411e+00    5.0488812316e+01   -1.1529691278e+01    4.4456844364e+00    2.3867753985e+00   -1.3916466676e+01    3.2000000000e+01    2.0055850000e-03    6.3867187500e-01
       226   -7.5062056480e+00    5.6953991077e+01   -1.3162627287e+01    5.6564216395e+00    2.5746606553e+00   -1.5737287943e+01    3.2000000000e+01    1.9711200002e-03    6.3867187500e-01
       227   -7.4249991436e+00    5.5557146905e+01   -1.4976076771e+01    7.5510776274e+00    2.3471461810e+00   -1.7323222952e+01    3.2000000000e+01    1.9548680002e-03    6.5429687500e-01
       228   -7.8934016477e+00    6.3481954896e+01   -1.8688578024e+01    1.0795176376e+01    2.2846243966e+00   -2.0973202421e+01    3.2000000000e+01    1.9390490006e-03    6.5234375000e-01
       229   -7.4102396557e+00    5.5920196303e+01   -1.3872179894e+01    6.4619402381e+00    2.0392795409e+00   -1.5911459435e+01    3.2000000000e+01    1.9886350001e-03    6.9335937500e-01
       230   -7.0645439111e+00    5.0820883016e+01   -9.7768107052e+00    2.7122667941e+00    1.8883513180e+00   -1.1665162023e+01    3.2000000000e+01    1.9998580001e-03    7.1875000000e-01
       231   -6.9733325544e+00    4.8981513793e+01   -1.1114568177e+01    4.1412356231e+00    2.1167141592e+00   -1.3231282337e+01    3.2000000000e+01    1.9717269997e-03    6.7968750000e-01
       232   -7.5521384774e+00    5.7385943421e+01   -1.2611365475e+01    5.0592269972e+00    2.6519129592e+00   -1.5263278434e+01    3.2000000000e+01    2.0500670007e-03    6.2890625000e-01
       233   -6.7158161800e+00    4.5446052275e+01   -8.2350916216e+00    1.5192754416e+00    2.3388020770e+00   -1.0573893699e+01    3.2000000000e+01    2.0927520000e-03    6.8554687500e-01
       234   -7.2454208460e+00    5.3166668541e+01   -1.1588242562e+01    4.3428217164e+00    2.2096534524e+00   -1.3797896015e+01    3.2000000000e+01    2.0187699993e-03    6.9531250000e-01
       235   -7.4370454917e+00    5.5963733783e+01   -1.3889712287e+01    6.4526667955e+00    2.4633526939e+00   -1.6353064981e+01    3.2000000000e+01    1.9553969996e-03    6.3476562500e-01
       236   -7.1009206230e+00    5.0663623232e+01   -1.2659306412e+01    5.5583857887e+00    2.4046001195e+00   -1.5063906531e+01    3.2000000000e+01    1.9911420004e-03    6.9921875000e-01
       237   -8.1633603880e+00    6.8204926211e+01   -1.6990102632e+01    8.8267422441e+00    2.7160696699e+00   -1.9706172302e+01    3.2000000000e+01    1.9680200003e-03    6.4648437500e-01
       238   -7.3356302699e+00    5.4432612056e+01   -1.3615338865e+01    6.2797085953e+00    2.8294337513e+00   -1.6444772617e+01    3.2000000000e+01    1.9553520006e-03    6.4257812500e-01
       239   -7.1341778902e+00    5.1239476103e+01   -1.0567364801e+01    3.4331869109e+00    2.5576348317e+00   -1.3124999633e+01    3.2000000000e+01    1.9896920003e-03    6.8554687500e-01
       240   -7.2757877792e+00    5.3882007024e+01   -1.0736683162e+01    3.4608953831e+00    2.3495362643e+00   -1.3086219427e+01    3.2000000000e+01    1.9726080000e-03    6.5429687500e-01
       241   -7.2152599764e+00    5.2616537711e+01   -1.2279861242e+01    5.0646012652e+00    2.2507759519e+00   -1.4530637193e+01    3.2000000000e+01    2.1262669998e-03    6.5234375000e-01
       242   -7.7134041896e+00    6.0285122486e+01   -1.4153334243e+01    6.4399300538e+00    2.3771566383e+00   -1.6530490882e+01    3.2000000000e+01    2.0027959999e-03    6.4453125000e-01
       243   -7.0092769871e+00    4.9469330195e+01   -1.0647344250e+01    3.6380672628e+00    2.2694908478e+00   -1.2916835098e+01    3.2000000000e+01    1.9788800000e-03    6.6406250000e-01
       244   -7.0683456760e+00    5.1133927884e+01   -1.3232930661e+01    6.1645849848e+00    2.3369809348e+00   -1.5569911596e+01    3.2000000000e+01    2.1058899993e-03    6.8945312500e-01
       245   -7.1179775652e+00    5.1431110436e+01   -1.0821186002e+01    3.7032084366e+00    2.1217995476e+00   -1.2942985549e+01    3.2000000000e+01    2.0421959998e-03    6.7187500000e-01
       246   -7.4548252765e+00    5.6121098089e+01   -1.4011235002e+01    6.5564097258e+00    2.9274713333e+00   -1.6938706336e+01    3.2000000000e+01    1.9288499998e-03    6.0937500000e-01
       247   -7.0030842191e+00    4.9358954196e+01   -1.0576516592e+01    3.5734323724e+00    1.9942521096e+00   -1.2570768701e+01    3.2000000000e+01    2.0087860003e-03    7.0507812500e-01
       248   -7.1731362251e+00    5.1693504978e+01   -1.3419860496e+01    6.2467242713e+00    2.5566332227e+00   -1.5976493719e+01    3.2000000000e+01    2.0877329998e-03    6.3476562500e-01
       249   -7.1549668416e+00    5.1666560216e+01   -1.1172554042e+01    4.0175872002e+00    2.1887134340e+00   -1.3361267476e+01    3.2000000000e+01    2.1873940004e-03    6.9335937500e-01
       250   -7.1340508343e+00    5.1543475391e+01   -1.1587780514e+01    4.4537296797e+00    2.1281665951e+00   -1.3715947109e+01    3.2000000000e+01    2.0606200005e-03    7.0312500000e-01
       251   -7.1626137389e+00    5.1815023444e+01   -1.4220661687e+01    7.0580479480e+00    2.3901012823e+00   -1.6610762969e+01    3.2000000000e+01    1.9652649999e-03    6.6210937500e-01
       252   -7.5316599485e+00    5.7840983100e+01   -1.2840745490e+01    5.3090855414e+00    2.2601445495e+00   -1.5100890039e+01    3.2000000000e+01    2.0056039994e-03    6.6210937500e-01
       253   -7.1668154329e+00    5.1924648032e+01   -9.4302210466e+00    2.2634056137e+00    1.8589563962e+00   -1.1289177443e+01    3.2000000000e+01    1.9810539998e-03    7.2656250000e-01
       254   -7.1360770118e+00    5.1547075372e+01   -1.2587085879e+01    5.4510088676e+00    2.0984323696e+00   -1.4685518249e+01    3.2000000000e+01    1.9789930002e-03    6.8554687500e-01
       255   -7.2510562534e+00    5.3325144999e+01   -1.3137204159e+01    5.8861479054e+00    2.1876308832e+00   -1.5324835042e+01    3.2000000000e+01    2.0051639995e-03    6.8945312500e-01
       256   -7.2202496159e+00    5.2821974566e+01   -1.0848656567e+01    3.6284069506e+00    2.8048620458e+00   -1.3653518612e+01    3.2000000000e+01    1.9876420001e-03    6.5820312500e-01
       257   -7.3564755403e+00    5.4714589394e+01   -1.3470407877e+01    6.1139323365e+00    2.4086947324e+00   -1.5879102609e+01    3.2000000000e+01    2.2161030001e-03    6.6992187500e-01
       258   -7.1716488516e+00    5.1962544421e+01   -1.2833018812e+01    5.6613699606e+00    2.4032058282e+00   -1.5236224640e+01    3.2000000000e+01    2.0286260005e-03    6.4843750000e-01
       259   -7.4475336652e+00    5.5657290645e+01   -1.3681961214e+01    6.2344275493e+00    2.3793201008e+00   -1.6061281315e+01    3.2000000000e+01    1.9209279999e-03    6.2500000000e-01
       260   -7.1779065342e+00    5.1944494034e+01   -1.0528418661e+01    3.3505121271e+00    2.5698935580e+00   -1.3098312219e+01    3.2000000000e+01    2.0412889999e-03    6.6796875000e-01
       261   -7.2068572434e+00    5.2350913591e+01   -1.1539660727e+01    4.3328034840e+00    2.4244411522e+00   -1.3964101879e+01    3.2000000000e+01    1.9740739999e-03    6.5234375000e-01
       262   -6.9567423204e+00    4.8704719431e+01   -1.0025982247e+01    3.0692399268e+00    2.2839044082e+00   -1.2309886655e+01    3.2000000000e+01    1.9838299995e-03    6.7773437500e-01
       263   -7.1828893643e+00    5.2331825536e+01   -1.0656942414e+01    3.4740530497e+00    2.6977344409e+00   -1.3354676855e+01    3.2000000000e+01    2.0590610002e-03    7.0507812500e-01
       264   -7.5909705645e+00    5.8222015945e+01   -2.4132818394e+01    1.6541847830e+01    2.4165774619e+00   -2.6549395856e+01    3.2000000000e+01    2.1120309993e-03    6.6210937500e-01
       265   -7.1716887594e+00    5.1731467565e+01   -1.1927565095e+01    4.7558763357e+00    2.0507682617e+00   -1.3978333357e+01    3.2000000000e+01    2.0645019995e-03    6.6210937500e-01
       266   -7.4023507331e+00    5.5244390959e+01   -1.4103292462e+01    6.7009417292e+00    2.3253977806e+00   -1.6428690243e+01    3.2000000000e+01    2.0010089993e-03    6.5234375000e-01
       267   -7.5459141575e+00    5.7628765905e+01   -1.3972788394e+01    6.4268742366e+00    2.3093288766e+00   -1.6282117271e+01    3.2000000000e+01    1.9471489995e-03    6.3671875000e-01
       268   -7.4347319411e+00    5.6299446276e+01   -1.2807867054e+01    5.3731351132e+00    1.9900452939e+00   -1.4797912348e+01    3.2000000000e+01    1.9515880003e-03    6.5625000000e-01
       269   -7.3853752585e+00    5.4959559619e+01   -1.0970915980e+01    3.5855407218e+00    2.4925863775e+00   -1.3463502358e+01    3.2000000000e+01    2.0681100004e-03    6.6796875000e-01
       270   -6.8112216136e+00    4.6585853858e+01   -8.9699261754e+00    2.1587045618e+00    2.1760387101e+00   -1.1145964885e+01    3.2000000000e+01    2.0240139993e-03    6.9531250000e-01
       271   -7.1129876454e+00    5.1220628912e+01   -1.1758544558e+01    4.6455569131e+00    2.2545641223e+00   -1.4013108681e+01    3.2000000000e+01    1.9709620001e-03    6.6210937500e-01
       272   -7.0489365715e+00    5.0253549412e+01   -1.1472360661e+01    4.4234240892e+00    2.3441589411e+00   -1.3816519602e+01    3.2000000000e+01    1.9814190000e-03    6.8554687500e-01
       273   -7.2791895754e+00    5.3517239216e+01   -9.6440610469e+00    2.3648714715e+00    2.3550041672e+00   -1.1999065214e+01    3.2000000000e+01    2.1768240003e-03    6.8945312500e-01
       274   -7.4703753626e+00    5.6265649033e+01   -1.3367010878e+01    5.8966355157e+00    2.4298722613e+00   -1.5796883140e+01    3.2000000000e+01    2.0703210002e-03    7.0312500000e-01
       275   -7.8970261050e+00    6.3768117339e+01   -1.8018393083e+01    1.0121366978e+01    2.8501266777e+00   -2.0868519761e+01    3.2000000000e+01    1.9828210006e-03    6.6601562500e-01
       276   -7.7250828017e+00    6.0859589740e+01   -1.9041720186e+01    1.1316637385e+01    2.3380546353e+00   -2.1379774822e+01    3.2000000000e+01    2.0815159996e-03    6.4453125000e-01
       277   -7.2765413941e+00    5.3441584974e+01   -1.1761576775e+01    4.4850353808e+00    2.4742615076e+00   -1.4235838282e+01    3.2000000000e+01    2.0027910005e-03    6.6601562500e-01
       278   -7.0859055863e+00    5.0491610223e+01   -1.0687735983e+01    3.6018303969e+00    2.3023248056e+00   -1.2990060789e+01    3.2000000000e+01    1.9946580005e-03    6.9726562500e-01
       279   -7.4845940174e+00    5.6456048169e+01   -1.4216845687e+01    6.7322516693e+00    2.8402483302e+00   -1.7057094017e+01    3.2000000000e+01    1.9468080000e-03    6.2890625000e-01
       280   -7.0640963663e+00    5.0177354533e+01   -1.0916373637e+01    3.8522772706e+00    2.3882665883e+00   -1.3304640225e+01    3.2000000000e+01    1.9886939999e-03    6.9531250000e-01
       281   -7.1277007534e+00    5.1246570428e+01   -1.0880530661e+01    3.7528299078e+00    2.3091926601e+00   -1.3189723321e+01    3.2000000000e+01    2.2512260002e-03    6.8945312500e-01
       282   -7.2660568665e+00    5.3445823404e+01   -1.5769579314e+01    8.5035224471e+00    2.2981125701e+00   -1.8067691884e+01    3.2000000000e+01    2.0627080003e-03    6.9140625000e-01
       283   -7.1460197160e+00    5.1576481768e+01   -9.9793747075e+00    2.8333549915e+00    2.1364052606e+00   -1.2115779968e+01    3.2000000000e+01    2.0170100006e-03    7.1093750000e-01
       284   -7.1542087193e+00    5.1687897308e+01   -1.1135855141e+01    3.9816464218e+00    2.1444190139e+00   -1.3280274155e+01    3.2000000000e+01    1.9872650000e-03    6.6601562500e-01
       285   -7.8854419199e+00    6.3620300958e+01   -2.1654770744e+01    1.3769328824e+01    3.1058484587e+00   -2.4760619203e+01    3.2000000000e+01    1.9521479999e-03    6.3476562500e-01
       286   -7.2297217524e+00    5.2618626928e+01   -1.1677722689e+01    4.4480009363e+00    2.0597800036e+00   -1.3737502692e+01    3.2000000000e+01    1.9722429997e-03    6.6210937500e-01
       287   -6.9284663545e+00    4.8218929364e+01   -1.1457380522e+01    4.5289141671e+00    2.1646055671e+00   -1.3621986089e+01    3.2000000000e+01    1.9902630002e-03    6.7578125000e-01
       288   -7.3846826715e+00    5.5238470458e+01   -1.4170859255e+01    6.7861765837e+00    2.4177906944e+00   -1.6588649950e+01    3.2000000000e+01    1.9723859996e-03    6.5429687500e-01
       289   -7.2817939522e+00    5.3433276191e+01   -1.2346864265e+01    5.0650703127e+00    2.3720864455e+00   -1.4718950710e+01    3.2000000000e+01    2.0930109995e-03    6.5429687500e-01
       290   -7.4467560817e+00    5.6120104738e+01   -1.4855305834e+01    7.4085497525e+00    2.8598900414e+00   -1.7715195876e+01    3.2000000000e+01    2.1210010000e-03    6.9140625000e-01
       291   -7.6149021626e+00    5.8823651958e+01   -1.7013478413e+01    9.3985762501e+00    2.2889753018e+00   -1.9302453714e+01    3.2000000000e+01    1.9521189997e-03    6.4648437500e-01
       292   -7.3909197694e+00    5.5257082575e+01   -1.2936144335e+01    5.5452245658e+00    2.7317978694e+00   -1.5667942205e+01    3.2000000000e+01    2.0281640000e-03    6.7187500000e-01
       293   -7.6171354123e+00    5.8872402051e+01   -2.0435042812e+01    1.2817907400e+01    2.4550257166e+00   -2.2890068529e+01    3.2000000000e+01    1.9235319996e-03    6.5234375000e-01
       294   -7.2813676590e+00    5.3214657445e+01   -1.3054652442e+01    5.7732847835e+00    2.0635994587e+00   -1.5118251901e+01    3.2000000000e+01    1.9841849999e-03    6.4062500000e-01
       295   -7.3690489637e+00    5.5030513679e+01   -1.1730504674e+01    4.3614557105e+00    2.2780813791e+00   -1.4008586053e+01    3.2000000000e+01    1.9859579998e-03    6.7382812500e-01
       296   -7.8436698118e+00    6.2463002908e+01   -1.3975227719e+01    6.1315579073e+00    2.8853589945e+00   -1.6860586714e+01    3.2000000000e+01    1.9344929997e-03    6.1328125000e-01
       297   -7.9041447408e+00    6.3783673513e+01   -1.5311899459e+01    7.4077547179e+00    2.5261466352e+00   -1.7838046094e+01    3.2000000000e+01    2.0176340004e-03    6.5625000000e-01
       298   -7.1411681091e+00    5.1493398549e+01   -1.2411910294e+01    5.2707421851e+00    2.3089716338e+00   -1.4720881928e+01    3.2000000000e+01    2.2250400007e-03    6.7773437500e-01
       299   -6.9565864587e+00    4.8655133449e+01   -1.0090495656e+01    3.1339091975e+00    2.1804843248e+00   -1.2270979981e+01    3.2000000000e+01    1.9881839999e-03    6.7187500000e-01
       300   -7.1908623680e+00    5.2202917923e+01   -1.1246179058e+01    4.0553166905e+00    2.3929980997e+00   -1.3639177158e+01    3.2000000000e+01    2.0104120003e-03    6.3867187500e-01
       301   -7.0760840530e+00    5.0317295793e+01   -1.0007472862e+01    2.9313888094e+00    2.6006573324e+00   -1.2608130195e+01    3.2000000000e+01    1.9756960000e-03    6.7382812500e-01
       302   -7.2424257445e+00    5.3171425356e+01   -1.1823946583e+01    4.5815208386e+00    2.3617352955e+00   -1.4185681879e+01    3.2000000000e+01    1.9883140003e-03    6.6210937500e-01
       303   -6.8294804715e+00    4.6826609279e+01   -9.7749085741e+00    2.9454281026e+00    2.3430435726e+00   -1.2117952147e+01    3.2000000000e+01    2.0028930003e-03    6.8164062500e-01
       304   -7.0534813323e+00    5.0015116564e+01   -1.0066002663e+01    3.0125213305e+00    1.9468628015e+00   -1.2012865464e+01    3.2000000000e+01    1.9740110001e-03    6.6210937500e-01
       305   -7.7480329962e+00    6.1186062268e+01   -1.4335186271e+01    6.5871532751e+00    2.3939592973e+00   -1.6729145569e+01    3.2000000000e+01    2.0606640001e-03    6.4843750000e-01
       306   -7.2790903864e+00    5.3361295857e+01   -1.1474236485e+01    4.1951460987e+00    2.1945180087e+00   -1.3668754494e+01    3.2000000000e+01    2.1325170001e-03    6.7968750000e-01
       307   -8.4988378695e+00    7.2959449851e+01   -6.2090804454e+01    5.3591966584e+01    3.3001676815e+00   -6.5390972135e+01    3.2000000000e+01    1.9408779999e-03    6.0351562500e-01
       308   -8.1604849566e+00    6.7756799458e+01   -2.0458972299e+01    1.2298487343e+01    3.2299382546e+00   -2.3688910554e+01    3.2000000000e+01    1.9869369999e-03    6.0546875000e-01
       309   -7.6947752821e+00    6.0282782247e+01   -1.4310992991e+01    6.6162177090e+00    2.6309103008e+00   -1.6941903292e+01    3.2000000000e+01    1.9563189999e-03    6.5234375000e-01
       310   -7.6311318903e+00    6.0189786709e+01   -1.3635704749e+01    6.0045728584e+00    2.4957262554e+00   -1.6131431004e+01    3.2000000000e+01    2.0167290004e-03    7.0117187500e-01
       311   -7.6648335131e+00    5.9692162622e+01   -1.4482334076e+01    6.8175005630e+00    2.6665591197e+00   -1.7148893196e+01    3.2000000000e+01    1.9715220005e-03    6.7382812500e-01
       312   -7.9549492066e+00    6.4711664249e+01   -1.6956584634e+01    9.0016354278e+00    2.4724540530e+00   -1.9429038687e+01    3.2000000000e+01    1.9753529996e-03    6.5039062500e-01
       313   -7.1533693404e+00    5.1636212913e+01   -1.1318236150e+01    4.1648668097e+00    2.6209419175e+00   -1.3939178068e+01    3.2000000000e+01    2.0055719997e-03    6.6210937500e-01
       314   -7.3049562800e+00    5.4079657366e+01   -1.2150476746e+01    4.8455204662e+00    2.4269932831e+00   -1.4577470029e+01    3.2000000000e+01    2.1147370007e-03    6.4648437500e-01
       315   -6.9453391425e+00    4.8567548315e+01   -9.8464656506e+00    2.9011265082e+00    2.2093218552e+00   -1.2055787506e+01    3.2000000000e+01    2.0132700001e-03    6.9140625000e-01
       316   -7.2212529168e+00    5.2464401241e+01   -1.1367315447e+01    4.1460625305e+00    2.8372783550e+00   -1.4204593802e+01    3.2000000000e+01    1.9905480003e-03    6.6406250000e-01
       317   -7.2845804968e+00    5.3464464937e+01   -1.4049751324e+01    6.7651708270e+00    2.3353910758e+00   -1.6385142400e+01    3.2000000000e+01    1.9705260002e-03    6.2109375000e-01
       318   -7.3527543233e+00    5.4540018241e+01   -1.2035744984e+01    4.6829906606e+00    2.6427919740e+00   -1.4678536958e+01    3.2000000000e+01    1.9647039999e-03    6.3671875000e-01
       319   -7.1719375530e+00    5.1811070418e+01   -1.0569454135e+01    3.3975165820e+00    2.4764884851e+00   -1.3045942620e+01    3.2000000000e+01    2.0096780008e-03    6.9726562500e-01
       320   -7.4646004460e+00    5.6212285423e+01   -1.4457272107e+01    6.9926716610e+00    2.9712643796e+00   -1.7428536487e+01    3.2000000000e+01    1.9948220006e-03    6.7187500000e-01
       321   -8.1323572267e+00    6.7083708495e+01   -2.0502352763e+01    1.2369995536e+01    2.6587887513e+00   -2.3161141514e+01    3.2000000000e+01    1.9705830000e-03    6.1132812500e-01
       322   -7.4367524117e+00    5.6136640282e+01   -1.1236095112e+01    3.7993427004e+00    2.2300190156e+00   -1.3466114128e+01    3.2000000000e+01    2.0657200002e-03    6.7578125000e-01
       323   -7.1568104562e+00    5.1582332315e+01   -1.2040780375e+01    4.8839699186e+00    2.4438045390e+00   -1.4484584914e+01    3.2000000000e+01    1.9488540001e-03    6.3671875000e-01
       324   -7.1225056123e+00    5.1295039225e+01   -9.4913730767e+00    2.3688674645e+00    2.5502237858e+00   -1.2041596863e+01    3.2000000000e+01    1.9736650002e-03    6.7187500000e-01
       325   -7.2164255116e+00    5.2660759982e+01   -1.1457202815e+01    4.2407773038e+00    2.1521881729e+00   -1.3609390988e+01    3.2000000000e+01    2.0106439997e-03    7.1093750000e-01
       326   -7.1537836551e+00    5.1457321919e+01   -1.2710322575e+01    5.5565389198e+00    2.3763427007e+00   -1.5086665276e+01    3.2000000000e+01    1.9748790000e-03    6.5820312500e-01
       327   -7.0474083576e+00    5.0194168223e+01   -9.2801754025e+00    2.2327670449e+00    1.9784271516e+00   -1.1258602554e+01    3.2000000000e+01    1.9677280006e-03    6.9140625000e-01
       328   -7.2721418905e+00    5.3299010338e+01   -1.1845138446e+01    4.5729965551e+00    1.9546061056e+00   -1.3799744551e+01    3.2000000000e+01    1.9855010005e-03    7.0898437500e-01
       329   -7.4653769673e+00    5.6538649242e+01   -1.5114143824e+01    7.6487668572e+00    2.4679460338e+00   -1.7582089858e+01    3.2000000000e+01    1.9862869995e-03    6.8750000000e-01
       330   -7.4223594024e+00    5.5908011758e+01   -1.2795881584e+01    5.3735221816e+00    2.7148329343e+00   -1.5510714518e+01    3.2000000000e+01    2.0028180006e-03    6.4453125000e-01
       331   -7.8221702484e+00    6.2084211769e+01   -1.9551551102e+01    1.1729380854e+01    2.5217912204e+00   -2.2073342323e+01    3.2000000000e+01    1.9670880001e-03    6.3867187500e-01
       332   -7.9174929889e+00    6.3590047698e+01   -1.8560070754e+01    1.0642577765e+01    2.8530923574e+00   -2.1413163111e+01    3.2000000000e+01    1.9426900008e-03    6.3671875000e-01
       333   -7.4296430566e+00    5.6219882089e+01   -1.4964197095e+01    7.5345540383e+00    2.5509503406e+00   -1.7515147436e+01    3.2000000000e+01    1.9932680007e-03    6.8750000000e-01
       334   -7.3062057334e+00    5.3860708212e+01   -1.3632409264e+01    6.3262035308e+00    2.5675446333e+00   -1.6199953898e+01    3.2000000000e+01    1.9450579994e-03    6.4062500000e-01
       335   -7.4088182531e+00    5.5778313387e+01   -1.1877070648e+01    4.4682523947e+00    2.4703794641e+00   -1.4347450112e+01    3.2000000000e+01    1.9802280003e-03    6.8164062500e-01
       336   -8.0567122237e+00    6.5913118270e+01   -1.9130877926e+01    1.1074165702e+01    2.7501214034e+00   -2.1880999329e+01    3.2000000000e+01    1.9518909994e-03    6.2890625000e-01
       337   -7.3120535280e+00    5.5526487743e+01   -1.2091563466e+01    4.7795099376e+00    2.0477022642e+00   -1.4139265730e+01    3.2000000000e+01    2.0113729997e-03    7.1093750000e-01
       338   -7.1916869971e+00    5.2278967117e+01   -1.0354903136e+01    3.1632161393e+00    3.0140192915e+00   -1.3368922428e+01    3.2000000000e+01    2.0058780001e-03    6.5820312500e-01
       339   -7.3982696912e+00    5.5863523195e+01   -1.3206616328e+01    5.8083466369e+00    2.2669082183e+00   -1.5473524546e+01    3.2000000000e+01    1.9693229997e-03    6.6210937500e-01
       340   -7.4339799875e+00    5.6234190618e+01   -1.2905832475e+01    5.4718524880e+00    2.6913312582e+00   -1.5597163734e+01    3.2000000000e+01    1.9748029999e-03    6.6601562500e-01
       341   -7.8398399412e+00    6.2529955640e+01   -1.5688067051e+01    7.8482271095e+00    2.5399056643e+00   -1.8227972715e+01    3.2000000000e+01    1.9700140001e-03    6.6210937500e-01
       342   -7.1837455844e+00    5.2129688643e+01   -1.3096361676e+01    5.9126160918e+00    3.0302608631e+00   -1.6126622539e+01    3.2000000000e+01    1.9645470002e-03    6.6210937500e-01
       343   -7.5672826942e+00    5.8300929279e+01   -2.3503072859e+01    1.5935790165e+01    2.2897205746e+00   -2.5792793433e+01    3.2000000000e+01    1.9826629996e-03    6.6601562500e-01
       344   -7.4205708009e+00    5.5391931418e+01   -1.2093207698e+01    4.6726368970e+00    2.8202512820e+00   -1.4913458980e+01    3.2000000000e+01    1.9587970000e-03    6.2890625000e-01
       345   -7.9935905578e+00    6.4656654404e+01   -2.2766695363e+01    1.4773104805e+01    2.8735283230e+00   -2.5640223686e+01    3.2000000000e+01    1.9391449996e-03    6.2695312500e-01
       346   -7.1248035115e+00    5.1273216267e+01   -1.1276275433e+01    4.1514719211e+00    2.4352021135e+00   -1.3711477546e+01    3.2000000000e+01    2.0188560002e-03    6.6406250000e-01
       347   -7.0886290491e+00    5.0785264413e+01   -1.0327071649e+01    3.2384426000e+00    2.4558558500e+00   -1.2782927499e+01    3.2000000000e+01    1.9950870001e-03    6.9726562500e-01
       348   -7.1461833869e+00    5.1492140855e+01   -1.1145554091e+01    3.9993707041e+00    2.0241980494e+00   -1.3169752140e+01    3.2000000000e+01    1.9712690000e-03    6.7773437500e-01
       349   -7.3813753273e+00    5.5260416715e+01   -1.3800595471e+01    6.4192201433e+00    2.3650388543e+00   -1.6165634325e+01    3.2000000000e+01    1.9760280002e-03    6.8750000000e-01
       350   -7.1830081617e+00    5.2121113021e+01   -1.3882819244e+01    6.6998110826e+00    2.2533992374e+00   -1.6136218482e+01    3.2000000000e+01    1.9858890000e-03    6.7187500000e-01
       351   -7.3969349002e+00    5.5146063384e+01   -1.1954131863e+01    4.5571969624e+00    2.7065525222e+00   -1.4660684385e+01    3.2000000000e+01    1.9821330006e-03    6.7773437500e-01
       352   -7.0694299980e+00    5.0205152573e+01   -9.9260107495e+00    2.8565807515e+00    2.2766488918e+00   -1.2202659641e+01    3.2000000000e+01    1.9960949994e-03    7.0117187500e-01
       353   -7.4812278760e+00    5.7072807305e+01   -1.2542715345e+01    5.0614874689e+00    2.6300662270e+00   -1.5172781572e+01    3.2000000000e+01    2.0099960002e-03    6.5234375000e-01
       354   -7.2992977431e+00    5.3582490016e+01   -1.1271744311e+01    3.9724465674e+00    2.4261470355e+00   -1.3697891346e+01    3.2000000000e+01    1.9579379996e-03    6.6210937500e-01
       355   -7.2187784084e+00    5.2543684966e+01   -1.1925450596e+01    4.7066721880e+00    2.1302290497e+00   -1.4055679646e+01    3.2000000000e+01    1.9897559996e-03    6.5429687500e-01
       356   -7.4279877177e+00    5.5750173072e+01   -1.7239721184e+01    9.8117334667e+00    2.4318502393e+00   -1.9671571424e+01    3.2000000000e+01    2.0521540000e-03    6.6406250000e-01
       357   -7.4404254117e+00    5.5814269103e+01   -1.3946596144e+01    6.5061707326e+00    2.4584363070e+00   -1.6405032451e+01    3.2000000000e+01    1.9822040003e-03    6.8750000000e-01
       358   -7.2980888010e+00    5.3654984956e+01   -1.4056798009e+01    6.7587092083e+00    2.6583045297e+00   -1.6715102539e+01    3.2000000000e+01    1.9608619996e-03    6.2695312500e-01
       359   -7.2699809179e+00    5.3268395429e+01   -1.2682276102e+01    5.4122951837e+00    2.3367449903e+00   -1.5019021092e+01    3.2000000000e+01    1.9746130001e-03    6.7773437500e-01
       360   -6.9389528750e+00    4.8451566467e+01   -9.6609251471e+00    2.7219722721e+00    1.8581877620e+00   -1.1519112909e+01    3.2000000000e+01    1.9819219997e-03    6.8945312500e-01
       361   -7.3254112420e+00    5.4273796252e+01   -1.4808658328e+01    7.4832470860e+00    2.6846807172e+00   -1.7493339045e+01    3.2000000000e+01    1.9675550002e-03    6.4648437500e-01
       362   -7.2448434406e+00    5.3025846409e+01   -1.2330062129e+01    5.0852186884e+00    2.3719310087e+00   -1.4701993138e+01    3.2000000000e+01    1.9739699992e-03    6.7578125000e-01
       363   -7.0953954726e+00    5.0810697874e+01   -1.1896134158e+01    4.8007386854e+00    2.5189694701e+00   -1.4415103628e+01    3.2000000000e+01    2.0204639995e-03    6.4843750000e-01
       364   -7.3986502240e+00    5.5161078211e+01   -1.0968042088e+01    3.5693918636e+00    2.2094731770e+00   -1.3177515265e+01    3.2000000000e+01    1.9972720002e-03    6.6992187500e-01
       365   -7.7406986600e+00    6.1439181535e+01   -1.3145258803e+01    5.4045601430e+00    2.5632490631e+00   -1.5708507866e+01    3.2000000000e+01    1.9940080001e-03    6.8750000000e-01
       366   -7.1694610004e+00    5.1760984257e+01   -1.1241623921e+01    4.0721629209e+00    2.1946520445e+00   -1.3436275966e+01    3.2000000000e+01    1.9859160002e-03    6.6406250000e-01
       367   -7.7245736254e+00    6.0270506867e+01   -1.4922268735e+01    7.1976951093e+00    2.5759575066e+00   -1.7498226241e+01    3.2000000000e+01    1.9343710001e-03    6.1718750000e-01
       368   -7.0378978154e+00    5.0012143329e+01   -1.1668091856e+01    4.6301940402e+00    2.2827410058e+00   -1.3950832861e+01    3.2000000000e+01    1.9793669999e-03    6.5820312500e-01
       369   -7.6233823248e+00    5.9297319905e+01   -1.3966325951e+01    6.3429436259e+00    2.3510199886e+00   -1.6317345939e+01    3.2000000000e+01    1.9817769999e-03    6.5429687500e-01
       370   -7.2811602503e+00    5.3539847621e+01   -1.2227713128e+01    4.9465528775e+00    2.5860858798e+00   -1.4813799008e+01    3.2000000000e+01    1.9859799995e-03    6.9335937500e-01
       371   -7.1855844869e+00    5.2097060637e+01   -1.1690766478e+01    4.5051819912e+00    2.2302694409e+00   -1.3921035919e+01    3.2000000000e+01    1.9902839995e-03    6.7187500000e-01
       372   -7.3369830044e+00    5.4677074738e+01   -1.2906303630e+01    5.5693206256e+00    2.6305805803e+00   -1.5536884210e+01    3.2000000000e+01    2.0410520001e-03    6.6406250000e-01
       373   -7.8452002380e+00    6.2617057228e+01   -1.8728507747e+01    1.0883307509e+01    2.6277623742e+00   -2.1356270121e+01    3.2000000000e+01    1.9943429998e-03    6.4062500000e-01
       374   -7.1169698950e+00    5.1092879492e+01   -1.0783035208e+01    3.6660653127e+00    2.0063157689e+00   -1.2789350977e+01    3.2000000000e+01    1.9948720001e-03    6.9531250000e-01
       375   -7.7753568634e+00    6.1496581215e+01   -1.4971185134e+01    7.1958282710e+00    2.3746538193e+00   -1.7345838954e+01    3.2000000000e+01    1.9656709992e-03    6.6015625000e-01
       376   -7.9256866985e+00    6.4082053578e+01   -1.7532233276e+01    9.6065465773e+00    2.4833517339e+00   -2.0015585010e+01    3.2000000000e+01    1.9724120002e-03    6.6015625000e-01
       377   -7.5377500971e+00    5.7615851653e+01   -1.3072682835e+01    5.5349327383e+00    2.3325498989e+00   -1.5405232734e+01    3.2000000000e+01    1.9497940002e-03    6.4453125000e-01
       378   -7.6615321317e+00    5.9633494701e+01   -1.8145082881e+01    1.0483550749e+01    2.8934045317e+00   -2.1038487412e+01    3.2000000000e+01    1.9277780002e-03    6.0937500000e-01
       379   -7.2335055094e+00    5.2661727491e+01   -1.4004147947e+01    6.7706424373e+00    2.3058294581e+00   -1.6309977405e+01    3.2000000000e+01    1.9242400003e-03    6.2304687500e-01
       380   -7.5271693255e+00    5.7816664304e+01   -1.5918299185e+01    8.3911298597e+00    2.6262486934e+00   -1.8544547879e+01    3.2000000000e+01    2.0474820003e-03    6.6210937500e-01
       381   -7.8752738795e+00    6.3089893518e+01   -2.2170084063e+01    1.4294810183e+01    2.9627593876e+00   -2.5132843451e+01    3.2000000000e+01    1.9707709998e-03    6.2695312500e-01
       382   -7.2371393850e+00    5.2847500436e+01   -1.2269466696e+01    5.0323273111e+00    2.8233110821e+00   -1.5092777778e+01    3.2000000000e+01    1.9797980003e-03    6.6601562500e-01
       383   -7.4292356028e+00    5.5662109531e+01   -1.1441477356e+01    4.0122417532e+00    2.6619264712e+00   -1.4103403827e+01    3.2000000000e+01    1.9884260000e-03    6.8164062500e-01
       384   -7.1798487583e+00    5.2158397721e+01   -1.0874854764e+01    3.6950060054e+00    2.3890297866e+00   -1.3263884550e+01    3.2000000000e+01    1.9847209996e-03    6.9140625000e-01
       385   -7.1511760017e+00    5.1555806867e+01   -8.9707485422e+00    1.8195725404e+00    2.3599900756e+00   -1.1330738618e+01    3.2000000000e+01    1.9970930007e-03    6.9140625000e-01
       386   -7.5879245139e+00    5.8550128690e+01   -1.4521842065e+01    6.9339175511e+00    2.9240526724e+00   -1.7445894737e+01    3.2000000000e+01    1.9550329998e-03    6.1132812500e-01
       387   -7.1869716026e+00    5.2116027425e+01   -1.1165466714e+01    3.9784951114e+00    2.3538824702e+00   -1.3519349184e+01    3.2000000000e+01    1.9698999995e-03    6.6406250000e-01
       388   -7.4225051549e+00    5.5440085156e+01   -1.2292782517e+01    4.8702773623e+00    2.7296021610e+00   -1.5022384678e+01    3.2000000000e+01    2.0298809995e-03    6.5234375000e-01
       389   -6.9470680316e+00    4.8493546179e+01   -9.2202355367e+00    2.2731675051e+00    2.3331097443e+00   -1.1553345281e+01    3.2000000000e+01    2.0118770008e-03    6.8945312500e-01
       390   -7.0308517304e+00    4.9813858239e+01   -1.0505999333e+01    3.4751476024e+00    2.2754159229e+00   -1.2781415256e+01    3.2000000000e+01    1.9966210002e-03    6.8945312500e-01
       391   -7.3363277619e+00    5.4476978950e+01   -1.2123267868e+01    4.7869401058e+00    2.4137000778e+00   -1.4536967945e+01    3.2000000000e+01    2.0106470001e-03    6.9921875000e-01
       392   -7.6921490233e+00    5.9738752217e+01   -1.6289275330e+01    8.5971263064e+00    2.5257885224e+00   -1.8815063852e+01    3.2000000000e+01    1.9326069996e-03    6.2109375000e-01
       393   -7.3655706671e+00    5.4824096011e+01   -1.1311667662e+01    3.9460969952e+00    2.7299528120e+00   -1.4041620474e+01    3.2000000000e+01    1.9746609996e-03    6.6601562500e-01
       394   -7.1683420234e+00    5.1849502144e+01   -1.0869550155e+01    3.7012081313e+00    2.6611064602e+00   -1.3530656615e+01    3.2000000000e+01    1.9771699999e-03    6.5039062500e-01
       395   -7.1820929894e+00    5.2143841551e+01   -1.0292539916e+01    3.1104469264e+00    2.2351804147e+00   -1.2527720330e+01    3.2000000000e+01    1.9755310004e-03    6.8554687500e-01
       396   -7.4938863226e+00    5.6760901270e+01   -1.6105688275e+01    8.6118019525e+00    2.2615631188e+00   -1.8367251394e+01    3.2000000000e+01    2.0183600000e-03    6.5820312500e-01
       397   -7.5656336617e+00    5.7586835741e+01   -1.3833406149e+01    6.2677724869e+00    2.4293247743e+00   -1.6262730923e+01    3.2000000000e+01    1.9818049996e-03    6.2304687500e-01
       398   -8.3553956662e+00    7.1056784767e+01   -1.9231536161e+01    1.0876140495e+01    2.4898509980e+00   -2.1721387159e+01    3.2000000000e+01    1.9977800002e-03    6.7773437500e-01
       399   -6.7543773581e+00    4.5906554155e+01   -9.5385986983e+00    2.7842213402e+00    2.1469945756e+00   -1.1685593274e+01    3.2000000000e+01    1.9666810003e-03    6.7382812500e-01
       400   -7.3702818863e+00    5.4930179974e+01   -1.3842822518e+01    6.4725406315e+00    2.1888176240e+00   -1.6031640142e+01    3.2000000000e+01    1.9589860003e-03    6.4453125000e-01
       401   -7.3948591247e+00    5.5094482476e+01   -1.3202617483e+01    5.8077583583e+00    2.6703951424e+00   -1.5873012625e+01    3.2000000000e+01    1.9547689999e-03    6.4257812500e-01
       402   -7.6148155963e+00    5.8579516836e+01   -1.7252338606e+01    9.6375230102e+00    2.3482304197e+00   -1.9600569026e+01    3.2000000000e+01    1.9603399996e-03    6.5625000000e-01
       403   -8.1196734883e+00    6.7410355364e+01   -4.0074151546e+01    3.1954478058e+01    2.8618114330e+00   -4.2935962979e+01    3.2000000000e+01    1.9111210004e-03    6.2890625000e-01
       404   -7.1249076700e+00    5.1381250452e+01   -1.1864038561e+01    4.7391308912e+00    2.2027317010e+00   -1.4066770262e+01    3.2000000000e+01    1.9558260001e-03    6.5039062500e-01
       405   -7.1168570313e+00    5.1335819374e+01   -1.3260170016e+01    6.1433129851e+00    2.8013601591e+00   -1.6061530176e+01    3.2000000000e+01    2.0412860003e-03    6.5625000000e-01
       406   -7.9634167063e+00    6.4896300364e+01   -1.9886946072e+01    1.1923529366e+01    2.2677445325e+00   -2.2154690605e+01    3.2000000000e+01    1.9767419999e-03    6.6210937500e-01
       407   -7.6965064736e+00    5.9833004870e+01   -1.3222306736e+01    5.5258002623e+00    2.4354168685e+00   -1.5657723604e+01    3.2000000000e+01    1.9746300004e-03    6.4453125000e-01
       408   -7.4562070912e+00    5.6749702298e+01   -1.3222952586e+01    5.7667454947e+00    2.2030948860e+00   -1.5426047472e+01    3.2000000000e+01    1.9848200000e-03    6.9531250000e-01
       409   -7.1925260724e+00    5.2034433582e+01   -1.0682307190e+01    3.4897811172e+00    2.3588902656e+00   -1.3041197455e+01    3.2000000000e+01    2.0072080006e-03    7.0898437500e-01
       410   -6.8144244208e+00    4.6706455037e+01   -8.0195241428e+00    1.2050997220e+00    1.9904702513e+00   -1.0009994394e+01    3.2000000000e+01    2.0142140002e-03    7.2070312500e-01
       411   -7.2911454975e+00    5.3633774094e+01   -1.4442031046e+01    7.1508855488e+00    2.2726414974e+00   -1.6714672544e+01    3.2000000000e+01    1.9678010003e-03    6.6015625000e-01
       412   -7.1639387609e+00    5.1644482522e+01   -1.1006207792e+01    3.8422690306e+00    2.1234156669e+00   -1.3129623458e+01    3.2000000000e+01    1.9474020000e-03    6.5234375000e-01
       413   -7.8954886542e+00    6.3420707482e+01   -3.8790050676e+01    3.0894562022e+01    2.8503618154e+00   -4.1640412491e+01    3.2000000000e+01    2.0557429998e-03    6.4648437500e-01
       414   -7.5652702731e+00    5.8534126633e+01   -1.4371794681e+01    6.8065244077e+00    2.5286778272e+00   -1.6900472508e+01    3.2000000000e+01    1.9942710005e-03    6.6406250000e-01
       415   -7.3576181143e+00    5.5161029354e+01   -1.2632164772e+01    5.2745466581e+00    2.5572511808e+00   -1.5189415953e+01    3.2000000000e+01    2.0315470001e-03    6.7968750000e-01
       416   -7.1980228592e+00    5.2204481483e+01   -1.1207328387e+01    4.0093055280e+00    2.1772668543e+00   -1.3384595241e+01    3.2000000000e+01    1.9704309998e-03    6.7773437500e-01
       417   -7.2996367217e+00    5.3431914576e+01   -1.3512647539e+01    6.2130108174e+00    2.6892345215e+00   -1.6201882061e+01    3.2000000000e+01    1.9538659999e-03    6.5625000000e-01
       418   -7.8941737904e+00    6.3835097468e+01   -1.5219406993e+01    7.3252332029e+00    2.5124550450e+00   -1.7731862038e+01    3.2000000000e+01    1.9740440002e-03    6.5625000000e-01
       419   -7.6138315580e+00    5.8395601916e+01   -1.8421208728e+01    1.0807377170e+01    2.4090838236e+00   -2.0830292552e+01    3.2000000000e+01    1.9481650006e-03    6.3476562500e-01
       420   -7.0161640120e+00    4.9687295800e+01   -1.0918441618e+01    3.9022776059e+00    2.1642215801e+00   -1.3082663198e+01    3.2000000000e+01    2.0032599996e-03    7.0117187500e-01
       421   -7.3898185869e+00    5.5010912425e+01   -1.3660524974e+01    6.2707063872e+00    2.7517480162e+00   -1.6412272990e+01    3.2000000000e+01    2.0207549996e-03    6.5429687500e-01
       422   -6.9603622637e+00    4.8831176076e+01   -8.9290244914e+00    1.9686622276e+00    2.3401150709e+00   -1.1269139562e+01    3.2000000000e+01    2.0264100003e-03    7.0117187500e-01
       423   -7.3716876771e+00    5.5410322525e+01   -1.5267224567e+01    7.8955368896e+00    2.6938778004e+00   -1.7961102367e+01    3.2000000000e+01    2.0367340003e-03    6.6992187500e-01
       424   -7.4251933303e+00    5.6318589230e+01   -1.6858905580e+01    9.4337122496e+00    2.7595516514e+00   -1.9618457231e+01    3.2000000000e+01    2.0027020000e-03    6.8945312500e-01
       425   -7.2222141400e+00    5.2836575569e+01   -1.2787216222e+01    5.5650020817e+00    2.4514129141e+00   -1.5238629136e+01    3.2000000000e+01    1.9821229998e-03    6.8945312500e-01
       426   -7.1060274913e+00    5.1067558933e+01   -9.6632149371e+00    2.5571874458e+00    2.2991172661e+00   -1.1962332203e+01    3.2000000000e+01    2.0002950005e-03    6.9140625000e-01
       427   -7.2335237217e+00    5.3449620932e+01   -1.3189187793e+01    5.9556640710e+00    2.6024529866e+00   -1.5791640779e+01    3.2000000000e+01    1.9723249998e-03    6.7773437500e-01
       428   -7.2562853870e+00    5.3243993378e+01   -1.1060720491e+01    3.8044351044e+00    1.9975684759e+00   -1.3058288967e+01    3.2000000000e+01    1.9906620000e-03    6.8750000000e-01
       429   -7.3225055682e+00    5.4630570616e+01   -1.1134569140e+01    3.8120635714e+00    2.3068347379e+00   -1.3441403877e+01    3.2000000000e+01    1.9908590002e-03    6.9531250000e-01
       430   -7.1772599170e+00    5.1850959686e+01   -1.0603179693e+01    3.4259197764e+00    2.4575119822e+00   -1.3060691676e+01    3.2000000000e+01    2.0548180000e-03    6.7382812500e-01
       431   -7.4188249061e+00    5.5423324650e+01   -1.2104297941e+01    4.6854730347e+00    3.2323354868e+00   -1.5336633428e+01    3.2000000000e+01    1.9977850006e-03    6.5625000000e-01
       432   -7.4740634994e+00    5.6710724314e+01   -1.3211437180e+01    5.7373736802e+00    2.6953080876e+00   -1.5906745267e+01    3.2000000000e+01    2.0494549999e-03    6.7382812500e-01
       433   -7.5845115183e+00    5.8313491081e+01   -1.4227372456e+01    6.6428609379e+00    2.4478965538e+00   -1.6675269010e+01    3.2000000000e+01    1.9298690004e-03    6.2500000000e-01
       434   -7.4242576597e+00    5.5598493803e+01   -1.4241577993e+01    6.8173203333e+00    2.5500495075e+00   -1.6791627501e+01    3.2000000000e+01    1.9631329997e-03    6.4648437500e-01
       435   -7.7820544715e+00    6.1860212100e+01   -1.3394783142e+01    5.6127286707e+00    3.5505091306e+00   -1.6945292273e+01    3.2000000000e+01    1.9373890000e-03    6.2890625000e-01
       436   -7.0989505691e+00    5.0775320327e+01   -1.0036029693e+01    2.9370791239e+00    2.4865449117e+00   -1.2522574605e+01    3.2000000000e+01    1.9959340007e-03    6.9140625000e-01
       437   -7.5411845048e+00    5.7056032955e+01   -1.3816337130e+01    6.2751526256e+00    2.9714168710e+00   -1.6787754001e+01    3.2000000000e+01    1.9330529994e-03    6.3476562500e-01
       438   -7.3184002364e+00    5.4061990571e+01   -1.0758327334e+01    3.4399270975e+00    2.5767910035e+00   -1.3335118337e+01    3.2000000000e+01    2.0797650004e-03    6.6992187500e-01
       439   -7.2684538315e+00    5.3423399266e+01   -1.1778674890e+01    4.5102210585e+00    2.0998635126e+00   -1.3878538403e+01    3.2000000000e+01    1.9656140003e-03    6.6406250000e-01
       440   -7.5799524608e+00    5.7900918338e+01   -1.3625513496e+01    6.0455610354e+00    2.4993920548e+00   -1.6124905551e+01    3.2000000000e+01    1.9522130005e-03    6.5429687500e-01
       441   -7.2714410294e+00    5.3363958315e+01   -1.0584890504e+01    3.3134494744e+00    2.2981489113e+00   -1.2883039415e+01    3.2000000000e+01    2.0220300003e-03    7.3242187500e-01
       442   -7.2350413808e+00    5.2667394780e+01   -1.3814957266e+01    6.5799158857e+00    2.3592701861e+00   -1.6174227453e+01    3.2000000000e+01    1.9536509999e-03    6.5820312500e-01
       443   -7.3155294799e+00    5.3847792739e+01   -1.2104027408e+01    4.7884979277e+00    2.4015361248e+00   -1.4505563532e+01    3.2000000000e+01    1.9808130000e-03    6.6210937500e-01
       444   -6.9730271976e+00    4.8900020963e+01   -9.6645980572e+00    2.6915708595e+00    2.0205387621e+00   -1.1685136819e+01    3.2000000000e+01    2.0281409998e-03    7.0117187500e-01
       445   -7.7201281768e+00    6.0511588193e+01   -1.5309710097e+01    7.5895819200e+00    2.4071410027e+00   -1.7716851100e+01    3.2000000000e+01    1.9524040008e-03    6.5234375000e-01
       446   -7.0267000120e+00    4.9519107871e+01   -9.1620054071e+00    2.1353053951e+00    2.0231735593e+00   -1.1185178966e+01    3.2000000000e+01    2.0554170005e-03    7.1093750000e-01
       447   -7.4380575297e+00    5.6403463508e+01   -1.2019380497e+01    4.5813229670e+00    2.2329768132e+00   -1.4252357310e+01    3.2000000000e+01    1.9848579996e-03    6.6796875000e-01
       448   -7.4392977528e+00    5.5710638581e+01   -1.3286031386e+01    5.8467336334e+00    2.5777864502e+00   -1.5863817836e+01    3.2000000000e+01    1.9882639999e-03    6.7578125000e-01
       449   -7.2207774050e+00    5.2719934452e+01   -1.5513237186e+01    8.2924597810e+00    2.5700841187e+00   -1.8083321305e+01    3.2000000000e+01    1.9397770002e-03    6.2695312500e-01
       450   -7.8884073841e+00    6.3281621719e+01   -2.3994495635e+01    1.6106088251e+01    1.8329899990e+00   -2.5827485634e+01    3.2000000000e+01    1.9451109993e-03    6.6406250000e-01
       451   -7.7632874034e+00    6.1583270962e+01   -1.7333200224e+01    9.5699128205e+00    2.9459716325e+00   -2.0279171856e+01    3.2000000000e+01    1.9450800000e-03    6.2109375000e-01
       452   -7.3364702896e+00    5.4277507498e+01   -1.1574339317e+01    4.2378690272e+00    2.2771015063e+00   -1.3851440823e+01    3.2000000000e+01    1.9682070006e-03    6.6796875000e-01
       453   -7.5509989702e+00    5.7941766886e+01   -1.4519271898e+01    6.9682729278e+00    2.3729596523e+00   -1.6892231550e+01    3.2000000000e+01    1.9992289999e-03    6.3867187500e-01
       454   -7.0205998943e+00    4.9659666843e+01   -9.1743896074e+00    2.1537897130e+00    2.4137489642e+00   -1.1588138572e+01    3.2000000000e+01    2.0673179997e-03    7.1875000000e-01
       455   -7.5166317775e+00    5.7604445052e+01   -1.4027193497e+01    6.5105617197e+00    2.7396406024e+00   -1.6766834100e+01    3.2000000000e+01    2.0096890003e-03    6.5039062500e-01
       456   -7.3119700167e+00    5.3932172917e+01   -1.3433014813e+01    6.1210447962e+00    1.7281527927e+00   -1.5161167606e+01    3.2000000000e+01    1.9505809996e-03    6.6210937500e-01
       457   -7.0346808060e+00    4.9727620965e+01   -1.1242957621e+01    4.2082768145e+00    1.8005064155e+00   -1.3043464036e+01    3.2000000000e+01    1.9467530001e-03    6.7578125000e-01
       458   -7.5982128578e+00    5.8289716326e+01   -1.5913123441e+01    8.3149105832e+00    2.6121431646e+00   -1.8525266606e+01    3.2000000000e+01    1.9625099994e-03    6.4843750000e-01
       459   -7.5767966382e+00    5.8431823966e+01   -1.7512489345e+01    9.9356927073e+00    2.4708470800e+00   -1.9983336425e+01    3.2000000000e+01    1.9658570000e-03    6.6601562500e-01
       460   -7.3219483928e+00    5.4220573631e+01   -1.3755355339e+01    6.4334069466e+00    2.6052186153e+00   -1.6360573955e+01    3.2000000000e+01    1.9811919992e-03    6.8359375000e-01
       461   -7.4031893700e+00    5.5755568482e+01   -1.3238971297e+01    5.8357819268e+00    3.2363622608e+00   -1.6475333558e+01    3.2000000000e+01    1.9691520001e-03    6.6210937500e-01
       462   -7.0877956295e+00    5.0934246007e+01   -9.7424850028e+00    2.6546893733e+00    2.3921273661e+00   -1.2134612369e+01    3.2000000000e+01    1.9961830003e-03    6.9335937500e-01
       463   -7.5115854444e+00    5.6771566568e+01   -1.3711263520e+01    6.1996780760e+00    3.0933403051e+00   -1.6804603826e+01    3.2000000000e+01    2.0001930006e-03    5.8789062500e-01
       464   -7.6264323052e+00    5.8920473077e+01   -1.3335781017e+01    5.7093487116e+00    2.7949837156e+00   -1.6130764732e+01    3.2000000000e+01    1.9764740000e-03    6.5039062500e-01
       465   -7.0178387005e+00    4.9679719087e+01   -9.9784044794e+00    2.9605657788e+00    2.0561828200e+00   -1.2034587299e+01    3.2000000000e+01    1.9805230004e-03    6.8554687500e-01
       466   -6.9211151448e+00    4.8181123474e+01   -9.0986604969e+00    2.1775453521e+00    2.2685897142e+00   -1.1367250211e+01    3.2000000000e+01    1.9841869998e-03    6.7968750000e-01
       467   -7.0482724669e+00    5.0068835647e+01   -9.0971813931e+00    2.0489089261e+00    2.2244854471e+00   -1.1321666840e+01    3.2000000000e+01    1.9990989995e-03    7.0703125000e-01
       468   -7.1247861789e+00    5.1227500878e+01   -9.4261749667e+00    2.3013887878e+00    2.0986027165e+00   -1.1524777683e+01    3.2000000000e+01    2.0573420006e-03    7.4414062500e-01
       469   -6.9940470675e+00    4.9180913937e+01   -9.6060175941e+00    2.6119705266e+00    2.1429363004e+00   -1.1748953895e+01    3.2000000000e+01    2.0381610002e-03    6.9140625000e-01
       470   -7.8484823258e+00    6.2597418189e+01   -1.4181524214e+01    6.3330418884e+00    2.5982779143e+00   -1.6779802128e+01    3.2000000000e+01    1.9741500000e-03    6.7187500000e-01
       471   -7.1269062225e+00    5.1324394408e+01   -1.1000439792e+01    3.8735335690e+00    2.0978004081e+00   -1.3098240200e+01    3.2000000000e+01    2.0338190006e-03    6.9335937500e-01
       472   -6.9994065654e+00    4.9332064407e+01   -1.0231158285e+01    3.2317517200e+00    2.2855989330e+00   -1.2516757218e+01    3.2000000000e+01    2.0475330002e-03    6.8359375000e-01
       473   -7.1501754430e+00    5.1579457253e+01   -1.0339768520e+01    3.1895930767e+00    2.4451913999e+00   -1.2784959920e+01    3.2000000000e+01    1.9957599998e-03    6.9140625000e-01
       474   -7.4385224190e+00    5.5738472787e+01   -1.2375787940e+01    4.9372655209e+00    2.6085823970e+00   -1.4984370337e+01    3.2000000000e+01    1.9868460004e-03    6.7382812500e-01
       475   -8.1537975440e+00    6.8480506676e+01   -1.7700850053e+01    9.5470525090e+00    2.9303469848e+00   -2.0631197038e+01    3.2000000000e+01    1.9063090003e-03    5.9960937500e-01
       476   -7.4965670851e+00    5.6687074564e+01   -1.3397673899e+01    5.9011068137e+00    2.9651032531e+00   -1.6362777152e+01    3.2000000000e+01    1.9270870007e-03    6.2304687500e-01
       477   -7.2949283863e+00    5.3723445222e+01   -1.1006881118e+01    3.7119527320e+00    2.3975440616e+00   -1.3404425180e+01    3.2000000000e+01    1.9407009995e-03    6.4062500000e-01
       478   -7.1526554112e+00    5.1625578174e+01   -1.1422307378e+01    4.2696519664e+00    2.2738736003e+00   -1.3696180978e+01    3.2000000000e+01    1.9847330004e-03    6.7968750000e-01
       479   -7.0474261518e+00    5.0023798324e+01   -1.0974620332e+01    3.9271941801e+00    2.4730369498e+00   -1.3447657282e+01    3.2000000000e+01    2.0193030005e-03    6.5039062500e-01
       480   -6.9764424951e+00    4.9115166649e+01   -9.1560126102e+00    2.1795701151e+00    1.9310960348e+00   -1.1087108645e+01    3.2000000000e+01    2.0172620007e-03    7.0117187500e-01
       481   -8.2126043945e+00    6.7997572204e+01   -2.4137937175e+01    1.5925332780e+01    2.7828026652e+00   -2.6920739840e+01    3.2000000000e+01    1.9459989999e-03    5.9960937500e-01
       482   -7.2257038748e+00    5.2882719920e+01   -1.1520978480e+01    4.2952746047e+00    1.8733949817e+00   -1.3394373461e+01    3.2000000000e+01    1.9988849999e-03    7.0117187500e-01
       483   -8.0159894928e+00    6.5094123884e+01   -1.8077149660e+01    1.0061160167e+01    2.8166433072e+00   -2.0893792967e+01    3.2000000000e+01    1.8925579998e-03    6.0156250000e-01
       484   -7.7472494668e+00    6.1051594025e+01   -3.2998984602e+01    2.5251735135e+01    2.5778472083e+00   -3.5576831810e+01    3.2000000000e+01    1.9685499992e-03    6.5820312500e-01
       485   -7.0298380957e+00    5.0029052334e+01   -9.7392497143e+00    2.7094116185e+00    2.1127000761e+00   -1.1851949790e+01    3.2000000000e+01    2.0044440007e-03    7.1679687500e-01
       486   -7.5681811474e+00    5.7953054987e+01   -1.3178921482e+01    5.6107403343e+00    2.2466297878e+00   -1.5425551269e+01    3.2000000000e+01    1.9555039999e-03    6.6796875000e-01
       487   -7.2607528928e+00    5.3660639612e+01   -1.1961709566e+01    4.7009566728e+00    2.1940524120e+00   -1.4155761978e+01    3.2000000000e+01    1.9551169999e-03    6.7773437500e-01
       488   -7.6389931671e+00    5.9284206683e+01   -1.3064975303e+01    5.4259821357e+00    2.5058197331e+00   -1.5570795036e+01    3.2000000000e+01    1.9723390005e-03    6.2695312500e-01
       489   -8.9276451547e+00    8.4477266660e+01   -2.9184272765e+01    2.0256627610e+01    5.0170081589e+00   -3.4201280924e+01    3.2000000000e+01    1.9023369996e-03    5.8203125000e-01
       490   -8.3031850995e+00    6.9619236566e+01   -3.4681929578e+01    2.6378744479e+01    2.4586189974e+00   -3.7140548576e+01    3.2000000000e+01    1.9446899996e-03    6.4257812500e-01
       491   -8.3294386188e+00    7.0726400954e+01   -1.7809400906e+01    9.4799622869e+00    2.2778033276e+00   -2.0087204233e+01    3.2000000000e+01    1.9323540000e-03    6.2500000000e-01
       492   -7.6551944743e+00    5.9921756059e+01   -1.3891260437e+01    6.2360659627e+00    2.5400021089e+00   -1.6431262546e+01    3.2000000000e+01    1.9642059997e-03    6.6992187500e-01
       493   -8.3610874502e+00    7.1279550365e+01   -3.5249788382e+01    2.6888700932e+01    2.7506650208e+00   -3.8000453403e+01    3.2000000000e+01    1.9439649996e-03    6.3085937500e-01
       494   -7.0982661313e+00    5.0866015680e+01   -1.0484018977e+01    3.3857528459e+00    2.3985072763e+00   -1.2882526254e+01    3.2000000000e+01    2.0043729992e-03    6.7968750000e-01
       495   -6.9426747111e+00    4.8683189510e+01   -1.0286371016e+01    3.3436963050e+00    2.1367687807e+00   -1.2423139797e+01    3.2000000000e+01    1.9786060002e-03    6.7968750000e-01
       496   -6.8504334585e+00    4.7292448680e+01   -1.0475690292e+01    3.6252568339e+00    2.2594153956e+00   -1.2735105688e+01    3.2000000000e+01    2.0501389999e-03    7.0507812500e-01
       497   -7.6944901062e+00    5.9593437489e+01   -1.6529082118e+01    8.8345920119e+00    2.3717996559e+00   -1.8900881774e+01    3.2000000000e+01    1.9247820001e-03    6.4843750000e-01
       498   -7.6511426386e+00    5.9998987838e+01   -1.3227172312e+01    5.5760296735e+00    2.4679507149e+00   -1.5695123027e+01    3.2000000000e+01    1.9875180005e-03    6.8164062500e-01
       499   -7.5134050305e+00    5.6867862887e+01   -1.4109370815e+01    6.5959657844e+00    2.3316970114e+00   -1.6441067826e+01    3.2000000000e+01    1.9099609999e-03    6.1328125000e-01
