#   index    LocalEnergy         LocalEnergy_sq      LocalPotential      Kinetic             ElecElec            IonElec             BlockWeight         BlockCPU            AcceptRatio         
         0   -7.5420654557e+00    5.7177469859e+01   -1.5443339553e+01    7.9012740969e+00    2.6519934282e+00   -1.8095332981e+01    1.2800000000e+02    9.5325149996e-03    6.3427734375e-01
         1   -7.3909979013e+00    5.4816270490e+01   -1.4093975883e+01    6.7029779817e+00    2.5817702250e+00   -1.6675746108e+01    1.2800000000e+02    7.7020630006e-03    6.4990234375e-01
         2   -7.5375717644e+00    5.7071131556e+01   -1.5852903062e+01    8.3153312972e+00    3.1484520651e+00   -1.9001355127e+01    1.2800000000e+02    7.7424810006e-03    6.3232421875e-01
         3   -7.5902893549e+00    5.7896844609e+01   -1.4785018324e+01    7.1947289691e+00    2.6163472014e+00   -1.7401365525e+01    1.2800000000e+02    7.8821229999e-03    6.5380859375e-01
         4   -7.3019136683e+00    5.3468967058e+01   -1.1956574778e+01    4.6546611094e+00    2.6911090859e+00   -1.4647683864e+01    1.2800000000e+02    7.7430749998e-03    6.3916015625e-01
         5   -7.5362447869e+00    5.7042187500e+01   -1.7431260925e+01    9.8950161376e+00    2.5057902103e+00   -1.9937051135e+01    1.2800000000e+02    7.8195980004e-03    6.3818359375e-01
         6   -7.4728039842e+00    5.5972790980e+01   -1.0975980913e+01    3.5031769287e+00    2.1998528854e+00   -1.3175833798e+01    1.2800000000e+02    7.8074359999e-03    6.6748046875e-01
         7   -7.4871440964e+00    5.6249981095e+01   -1.3062620668e+01    5.5754765713e+00    2.3482674485e+00   -1.5410888116e+01    1.2800000000e+02    7.8572959992e-03    6.5722656250e-01
         8   -7.3521970587e+00    5.4449291637e+01   -1.6131006980e+01    8.7788099215e+00    2.3122690363e+00   -1.8443276016e+01    1.2800000000e+02    7.6104680002e-03    6.3476562500e-01
         9   -7.5315101354e+00    5.6967353161e+01   -1.5970355737e+01    8.4388456014e+00    2.6203181499e+00   -1.8590673887e+01    1.2800000000e+02    7.7410930007e-03    6.2890625000e-01
        10   -7.4115269719e+00    5.5089792472e+01   -1.2802319863e+01    5.3907928907e+00    2.7667126673e+00   -1.5569032530e+01    1.2800000000e+02    7.6880420002e-03    6.2890625000e-01
        11   -7.5285793562e+00    5.6893985140e+01   -1.2065159702e+01    4.5365803456e+00    2.8133155187e+00   -1.4878475220e+01    1.2800000000e+02    7.9951620000e-03    6.4404296875e-01
        12   -7.4701793203e+00    5.5995487627e+01   -1.3580997919e+01    6.1108185988e+00    2.4434833874e+00   -1.6024481307e+01    1.2800000000e+02    7.7187789993e-03    6.4062500000e-01
        13   -7.4213707273e+00    5.5266326613e+01   -1.4423530705e+01    7.0021599776e+00    2.5914092988e+00   -1.7014940004e+01    1.2800000000e+02    7.8493359997e-03    6.4257812500e-01
        14   -7.4731656482e+00    5.6046086759e+01   -1.2268150829e+01    4.7949851808e+00    2.2243220651e+00   -1.4492472894e+01    1.2800000000e+02    7.8103579999e-03    6.6455078125e-01
        15   -7.3454592834e+00    5.4170905492e+01   -1.3232780020e+01    5.8873207363e+00    2.5646510413e+00   -1.5797431061e+01    1.2800000000e+02    8.3984749999e-03    6.4648437500e-01
        16   -7.6361609677e+00    5.8730467910e+01   -2.0859246136e+01    1.3223085168e+01    2.6290515626e+00   -2.3488297698e+01    1.2800000000e+02    7.8105260000e-03    6.5332031250e-01
        17   -7.7630005887e+00    6.0627539370e+01   -1.7252591921e+01    9.4895913324e+00    3.0345881379e+00   -2.0287180059e+01    1.2800000000e+02    7.7754889999e-03    6.2402343750e-01
        18   -7.3315018183e+00    5.3921077410e+01   -1.0775462128e+01    3.4439603098e+00    2.1883498187e+00   -1.2963811947e+01    1.2800000000e+02    7.7892099998e-03    6.6259765625e-01
        19   -7.3874420511e+00    5.4830764387e+01   -1.3807080354e+01    6.4196383033e+00    2.7546505325e+00   -1.6561730887e+01    1.2800000000e+02    7.7452390005e-03    6.4501953125e-01
        20   -7.4602842406e+00    5.5958709195e+01   -1.6097621616e+01    8.6373373751e+00    2.9478475645e+00   -1.9045469180e+01    1.2800000000e+02    7.9848810001e-03    6.2402343750e-01
        21   -7.5290301799e+00    5.6909490802e+01   -1.4098686352e+01    6.5696561717e+00    2.6386201952e+00   -1.6737306547e+01    1.2800000000e+02    7.8200090002e-03    6.4941406250e-01
        22   -7.3948505747e+00    5.4884566352e+01   -1.5159078937e+01    7.7642283624e+00    2.8469655331e+00   -1.8006044470e+01    1.2800000000e+02    7.9170910003e-03    6.2451171875e-01
        23   -7.3314518168e+00    5.3952598416e+01   -1.3257862823e+01    5.9264110059e+00    2.7565300086e+00   -1.6014392831e+01    1.2800000000e+02    7.7406679993e-03    6.3281250000e-01
        24   -7.4564478989e+00    5.5843078062e+01   -2.0148330842e+01    1.2691882943e+01    3.2539383295e+00   -2.3402269171e+01    1.2800000000e+02    7.8230210001e-03    6.1621093750e-01
        25   -7.4202451078e+00    5.5217882138e+01   -1.2166594325e+01    4.7463492173e+00    2.4635059937e+00   -1.4630100319e+01    1.2800000000e+02    7.7635380003e-03    6.3525390625e-01
        26   -7.5980885956e+00    5.8015693167e+01   -1.3194959008e+01    5.5968704122e+00    2.7039793860e+00   -1.5898938394e+01    1.2800000000e+02    7.8784240004e-03    6.4013671875e-01
        27   -7.6301244624e+00    5.8463850830e+01   -2.0904601848e+01    1.3274477386e+01    2.9580931007e+00   -2.3862694949e+01    1.2800000000e+02    7.7051769995e-03    6.2060546875e-01
        28   -7.5508326740e+00    5.7266943030e+01   -1.4917108726e+01    7.3662760519e+00    2.7783319428e+00   -1.7695440669e+01    1.2800000000e+02    8.8953120003e-03    6.4843750000e-01
        29   -7.4966957158e+00    5.6442704012e+01   -1.9910799705e+01    1.2414103990e+01    2.7194920827e+00   -2.2630291788e+01    1.2800000000e+02    7.6626800001e-03    6.1425781250e-01
        30   -7.3542732250e+00    5.4298541752e+01   -1.8075895876e+01    1.0721622651e+01    2.6176855166e+00   -2.0693581393e+01    1.2800000000e+02    1.0408213000e-02    6.4843750000e-01
        31   -7.3635160430e+00    5.4357524062e+01   -1.1562968800e+01    4.1994527571e+00    2.5909800986e+00   -1.4153948899e+01    1.2800000000e+02    7.7534950005e-03    6.4599609375e-01
        32   -7.5686329720e+00    5.7701668705e+01   -1.4685910368e+01    7.1172773964e+00    2.5784627677e+00   -1.7264373136e+01    1.2800000000e+02    1.0702962000e-02    6.3623046875e-01
        33   -7.6756623581e+00    5.9230009927e+01   -1.2177012656e+01    4.5013502979e+00    2.2831631885e+00   -1.4460175844e+01    1.2800000000e+02    7.7226000003e-03    6.6113281250e-01
        34   -7.7173914777e+00    6.0252135948e+01   -1.6341781476e+01    8.6243899978e+00    3.9519505348e+00   -2.0293732010e+01    1.2800000000e+02    7.7742469994e-03    5.9814453125e-01
        35   -7.5527071216e+00    5.7189936310e+01   -1.6435424415e+01    8.8827172933e+00    3.0347687680e+00   -1.9470193183e+01    1.2800000000e+02    7.7274590003e-03    6.3818359375e-01
        36   -7.3492514667e+00    5.4222085981e+01   -1.3353369882e+01    6.0041184157e+00    2.5336484099e+00   -1.5887018292e+01    1.2800000000e+02    7.8287019996e-03    6.3183593750e-01
        37   -7.4431956818e+00    5.5565628128e+01   -1.4772771624e+01    7.3295759418e+00    2.3475294642e+00   -1.7120301088e+01    1.2800000000e+02    7.7030090006e-03    6.3476562500e-01
        38   -7.4640634188e+00    5.5950139299e+01   -1.4779349004e+01    7.3152855852e+00    2.6133893204e+00   -1.7392738324e+01    1.2800000000e+02    1.0824023000e-02    6.2060546875e-01
        39   -7.5066910689e+00    5.6618951804e+01   -1.2757235750e+01    5.2505446806e+00    2.6410978254e+00   -1.5398333575e+01    1.2800000000e+02    7.9639589994e-03    6.5332031250e-01
        40   -7.4578474435e+00    5.6043244598e+01   -1.3146633753e+01    5.6887863091e+00    3.7100730535e+00   -1.6856706806e+01    1.2800000000e+02    7.7919139994e-03    6.3232421875e-01
        41   -7.5900608957e+00    5.7956324457e+01   -1.8011742817e+01    1.0421681921e+01    2.6488774824e+00   -2.0660620299e+01    1.2800000000e+02    7.6619429992e-03    6.3330078125e-01
        42   -7.3830636655e+00    5.4672004639e+01   -1.1526233742e+01    4.1431700769e+00    2.3386388016e+00   -1.3864872544e+01    1.2800000000e+02    7.8250179995e-03    6.5136718750e-01
        43   -7.4865248831e+00    5.6354881536e+01   -1.5822203713e+01    8.3356788301e+00    2.7052855979e+00   -1.8527489311e+01    1.2800000000e+02    7.7217480002e-03    6.3037109375e-01
        44   -7.4249020810e+00    5.5466947439e+01   -1.4449160872e+01    7.0242587907e+00    3.0460343691e+00   -1.7495195241e+01    1.2800000000e+02    7.7468319996e-03    6.4257812500e-01
        45   -7.4287213707e+00    5.5364158110e+01   -1.2633389621e+01    5.2046682500e+00    2.5174943308e+00   -1.5150883951e+01    1.2800000000e+02    7.7625670001e-03    6.4404296875e-01
        46   -7.4918258111e+00    5.6356214508e+01   -1.3270527574e+01    5.7787017626e+00    2.5116706365e+00   -1.5782198210e+01    1.2800000000e+02    7.7525960005e-03    6.4990234375e-01
        47   -7.4033763543e+00    5.4998450482e+01   -1.3909502750e+01    6.5061263962e+00    2.4997921788e+00   -1.6409294929e+01    1.2800000000e+02    7.7317840005e-03    6.4062500000e-01
        48   -7.3815087332e+00    5.4581587226e+01   -1.0978036201e+01    3.5965274680e+00    2.5371150483e+00   -1.3515151250e+01    1.2800000000e+02    7.7622480003e-03    6.5527343750e-01
        49   -7.5546354590e+00    5.7302229571e+01   -1.5402429819e+01    7.8477943600e+00    2.9103005099e+00   -1.8312730329e+01    1.2800000000e+02    7.7688920001e-03    6.4990234375e-01
        50   -7.5646649904e+00    5.7506957718e+01   -1.4829979925e+01    7.2653149350e+00    3.0132413106e+00   -1.7843221236e+01    1.2800000000e+02    7.6676509998e-03    6.2207031250e-01
        51   -7.4755604543e+00    5.6148321352e+01   -1.3909210520e+01    6.4336500656e+00    2.7046433551e+00   -1.6613853875e+01    1.2800000000e+02    7.7518689995e-03    6.4013671875e-01
        52   -7.4629803702e+00    5.5899907008e+01   -1.2938444805e+01    5.4754644350e+00    2.7165657695e+00   -1.5655010575e+01    1.2800000000e+02    7.7175750002e-03    6.3964843750e-01
        53   -7.6688447495e+00    5.9111623460e+01   -1.9450245725e+01    1.1781400976e+01    2.7460938675e+00   -2.2196339593e+01    1.2800000000e+02    7.6863810000e-03    6.2988281250e-01
        54   -7.4937080130e+00    5.6440633982e+01   -1.5495838874e+01    8.0021308615e+00    2.6383704459e+00   -1.8134209320e+01    1.2800000000e+02    7.6856539999e-03    6.3281250000e-01
        55   -7.4015359502e+00    5.5065005459e+01   -1.3690849942e+01    6.2893139920e+00    2.4704912854e+00   -1.6161341228e+01    1.2800000000e+02    7.8373509996e-03    6.4062500000e-01
        56   -7.3039365659e+00    5.3506309416e+01   -1.1092705545e+01    3.7887689790e+00    2.3505442839e+00   -1.3443249829e+01    1.2800000000e+02    7.8220759997e-03    6.6992187500e-01
        57   -7.4685365327e+00    5.5983860782e+01   -1.3770145962e+01    6.3016094296e+00    2.4933712019e+00   -1.6263517164e+01    1.2800000000e+02    7.9275670005e-03    6.4208984375e-01
        58   -7.3615239844e+00    5.4430926956e+01   -1.6848402716e+01    9.4868787315e+00    2.6785854295e+00   -1.9526988145e+01    1.2800000000e+02    7.6759080002e-03    6.2304687500e-01
        59   -7.5107330226e+00    5.6623332005e+01   -1.3680888071e+01    6.1701550488e+00    2.4827094962e+00   -1.6163597568e+01    1.2800000000e+02    7.8710970001e-03    6.4306640625e-01
        60   -7.5107545456e+00    5.6691525182e+01   -1.4865096348e+01    7.3543418024e+00    2.6843089676e+00   -1.7549405316e+01    1.2800000000e+02    7.7002669996e-03    6.4599609375e-01
        61   -7.5722294888e+00    5.7632287257e+01   -1.5437872320e+01    7.8656428316e+00    2.9079275042e+00   -1.8345799825e+01    1.2800000000e+02    7.9093839995e-03    6.3671875000e-01
        62   -7.7864720118e+00    6.0988229477e+01   -2.7906296535e+01    2.0119824523e+01    3.6014257732e+00   -3.1507722308e+01    1.2800000000e+02    7.5397600003e-03    5.8837890625e-01
        63   -7.5089865291e+00    5.6662425587e+01   -1.7568139976e+01    1.0059153447e+01    2.6826268371e+00   -2.0250766813e+01    1.2800000000e+02    7.8892420006e-03    6.3720703125e-01
        64   -7.4568823153e+00    5.5842515733e+01   -1.4255374316e+01    6.7984920011e+00    3.2346986146e+00   -1.7490072931e+01    1.2800000000e+02    7.7205930002e-03    6.2744140625e-01
        65   -7.4763129194e+00    5.6108391267e+01   -1.2528265337e+01    5.0519524178e+00    2.3959029300e+00   -1.4924168267e+01    1.2800000000e+02    7.8559140002e-03    6.5820312500e-01
        66   -7.3966013795e+00    5.4886637532e+01   -1.3031427973e+01    5.6348265932e+00    2.6110511792e+00   -1.5642479152e+01    1.2800000000e+02    7.8528780004e-03    6.3476562500e-01
        67   -7.3586657336e+00    5.4337630841e+01   -1.4318690593e+01    6.9600248594e+00    2.5012964013e+00   -1.6819986994e+01    1.2800000000e+02    7.6359069999e-03    6.3085937500e-01
        68   -7.4791353961e+00    5.6176062557e+01   -1.3637663272e+01    6.1585278759e+00    2.6881105517e+00   -1.6325773824e+01    1.2800000000e+02    7.8249659991e-03    6.3769531250e-01
        69   -7.5701895077e+00    5.7596858853e+01   -1.5709023935e+01    8.1388344270e+00    2.9275225587e+00   -1.8636546493e+01    1.2800000000e+02    7.7282749999e-03    6.4550781250e-01
        70   -7.4310177138e+00    5.5386947956e+01   -1.5579833359e+01    8.1488156456e+00    2.5420468720e+00   -1.8121880231e+01    1.2800000000e+02    7.7705700005e-03    6.2500000000e-01
        71   -7.5261823026e+00    5.6876235223e+01   -1.5430788627e+01    7.9046063246e+00    2.3396295149e+00   -1.7770418142e+01    1.2800000000e+02    7.7276130005e-03    6.4697265625e-01
        72   -7.5548974635e+00    5.7334549385e+01   -1.2082327795e+01    4.5274303311e+00    2.5656418587e+00   -1.4647969653e+01    1.2800000000e+02    7.9588230001e-03    6.6162109375e-01
        73   -7.4083308007e+00    5.5112883675e+01   -1.2611312340e+01    5.2029815393e+00    2.5088358659e+00   -1.5120148206e+01    1.2800000000e+02    7.7132169999e-03    6.3818359375e-01
        74   -7.4248271632e+00    5.5235139238e+01   -1.0715957391e+01    3.2911302281e+00    2.3072501184e+00   -1.3023207510e+01    1.2800000000e+02    7.9507710007e-03    6.5820312500e-01
        75   -7.3031905430e+00    5.3529465731e+01   -1.3006181103e+01    5.7029905601e+00    2.6724371323e+00   -1.5678618235e+01    1.2800000000e+02    7.6579409997e-03    6.2744140625e-01
        76   -7.7598175056e+00    6.0636538093e+01   -1.7666097745e+01    9.9062802395e+00    3.0946588187e+00   -2.0760756564e+01    1.2800000000e+02    7.7878200000e-03    6.2011718750e-01
        77   -7.5278720381e+00    5.6933601734e+01   -1.4538988774e+01    7.0111167356e+00    2.8171088580e+00   -1.7356097632e+01    1.2800000000e+02    7.6353910008e-03    6.2255859375e-01
        78   -7.5025713708e+00    5.6536956507e+01   -1.2743427035e+01    5.2408556643e+00    2.8522604824e+00   -1.5595687518e+01    1.2800000000e+02    7.9215719998e-03    6.5527343750e-01
        79   -7.6633353857e+00    5.9157623132e+01   -1.5043037520e+01    7.3797021339e+00    2.4934415583e+00   -1.7536479078e+01    1.2800000000e+02    7.6646160005e-03    6.2646484375e-01
        80   -7.5831460044e+00    5.7852985806e+01   -1.5236001101e+01    7.6528550965e+00    2.9194055648e+00   -1.8155406666e+01    1.2800000000e+02    7.7268490004e-03    6.2255859375e-01
        81   -7.4179362056e+00    5.5206488813e+01   -1.6198721450e+01    8.7807852442e+00    3.1621535426e+00   -1.9360874992e+01    1.2800000000e+02    7.8259040001e-03    6.3525390625e-01
        82   -7.3617191261e+00    5.4313920079e+01   -1.2529385644e+01    5.1676665182e+00    2.6207150649e+00   -1.5150100709e+01    1.2800000000e+02    7.7552849998e-03    6.4013671875e-01
        83   -7.4701187440e+00    5.6040955464e+01   -1.3000800567e+01    5.5306818229e+00    2.4768685641e+00   -1.5477669131e+01    1.2800000000e+02    7.8333019992e-03    6.5332031250e-01
        84   -7.4151875244e+00    5.5121660863e+01   -1.1350742837e+01    3.9355553123e+00    2.3946027994e+00   -1.3745345636e+01    1.2800000000e+02    7.8344220001e-03    6.6650390625e-01
        85   -7.3374440796e+00    5.3967585070e+01   -1.1355279018e+01    4.0178349384e+00    2.3023240726e+00   -1.3657603091e+01    1.2800000000e+02    8.1088999996e-03    6.5039062500e-01
        86   -7.4255786284e+00    5.5400554302e+01   -1.3728314624e+01    6.3027359959e+00    2.7149567173e+00   -1.6443271342e+01    1.2800000000e+02    8.0329530001e-03    6.3574218750e-01
        87   -7.5352478400e+00    5.6998196095e+01   -1.1780171038e+01    4.2449231981e+00    2.5437705656e+00   -1.4323941604e+01    1.2800000000e+02    7.9034840001e-03    6.4404296875e-01
        88   -7.3816500794e+00    5.4654772783e+01   -1.1983055060e+01    4.6014049807e+00    2.5163814921e+00   -1.4499436552e+01    1.2800000000e+02    7.7144710003e-03    6.4453125000e-01
        89   -7.3812126549e+00    5.4635128927e+01   -1.4164759416e+01    6.7835467616e+00    2.5858707842e+00   -1.6750630201e+01    1.2800000000e+02    7.7620709999e-03    6.4111328125e-01
        90   -7.4716092705e+00    5.6011275234e+01   -1.4577293050e+01    7.1056837793e+00    2.7024708576e+00   -1.7279763907e+01    1.2800000000e+02    7.7680160002e-03    6.5234375000e-01
        91   -7.4203577689e+00    5.5248390110e+01   -1.6555788382e+01    9.1354306136e+00    2.4560071035e+00   -1.9011795486e+01    1.2800000000e+02    7.8983719995e-03    6.5039062500e-01
        92   -7.5889481912e+00    5.7882076313e+01   -1.4955300642e+01    7.3663524512e+00    2.5502931084e+00   -1.7505593751e+01    1.2800000000e+02    7.7486290002e-03    6.4062500000e-01
        93   -7.5724990834e+00    5.7638797956e+01   -2.2338376302e+01    1.4765877219e+01    2.8753727665e+00   -2.5213749068e+01    1.2800000000e+02    7.8418890007e-03    6.2939453125e-01
        94   -7.5763288524e+00    5.7723844802e+01   -1.4096984411e+01    6.5206555581e+00    2.6754943086e+00   -1.6772478719e+01    1.2800000000e+02    7.7159819994e-03    6.4160156250e-01
        95   -7.4451521839e+00    5.5621487207e+01   -1.1574892278e+01    4.1297400940e+00    2.6295663153e+00   -1.4204458593e+01    1.2800000000e+02    7.9187550009e-03    6.5283203125e-01
        96   -7.3094797824e+00    5.3616954376e+01   -1.1731151340e+01    4.4216715576e+00    2.7774929502e+00   -1.4508644290e+01    1.2800000000e+02    7.7399810007e-03    6.4306640625e-01
        97   -7.5650872976e+00    5.7504898439e+01   -1.4633919418e+01    7.0688321206e+00    2.6389158887e+00   -1.7272835307e+01    1.2800000000e+02    7.8225120005e-03    6.4794921875e-01
        98   -7.6980627990e+00    5.9609705283e+01   -1.6482586431e+01    8.7845236321e+00    3.0208049842e+00   -1.9503391415e+01    1.2800000000e+02    7.7978549998e-03    6.1669921875e-01
        99   -7.4893837203e+00    5.6367471764e+01   -1.7713751394e+01    1.0224367673e+01    2.7832950348e+00   -2.0497046428e+01    1.2800000000e+02    7.7320920000e-03    6.3183593750e-01
       100   -7.6339435614e+00    5.8711351719e+01   -1.7222307779e+01    9.5883642180e+00    2.9941340792e+00   -2.0216441859e+01    1.2800000000e+02    7.6640150000e-03    6.2597656250e-01
       101   -7.4320818320e+00    5.5428747782e+01   -1.3782946884e+01    6.3508650521e+00    2.5282178584e+00   -1.6311164742e+01    1.2800000000e+02    7.8287830001e-03    6.5576171875e-01
       102   -7.5894966756e+00    5.7845125882e+01   -1.3865205640e+01    6.2757089646e+00    2.5556960061e+00   -1.6420901646e+01    1.2800000000e+02    7.7423140001e-03    6.4599609375e-01
       103   -7.4749489633e+00    5.6008177187e+01   -1.3265093688e+01    5.7901447246e+00    2.6364183140e+00   -1.5901512002e+01    1.2800000000e+02    7.7465700006e-03    6.5234375000e-01
       104   -7.4504472223e+00    5.5687842743e+01   -1.3351758955e+01    5.9013117330e+00    2.4920301967e+00   -1.5843789152e+01    1.2800000000e+02    7.8262920006e-03    6.6796875000e-01
       105   -7.5390183725e+00    5.7152383439e+01   -1.4069856009e+01    6.5308376361e+00    2.8027445214e+00   -1.6872600530e+01    1.2800000000e+02    7.6759379999e-03    6.2744140625e-01
       106   -7.5934234855e+00    5.7923215301e+01   -1.4284130661e+01    6.6907071752e+00    3.0759004296e+00   -1.7360031090e+01    1.2800000000e+02    7.7883080003e-03    6.2304687500e-01
       107   -7.4410739071e+00    5.5622026588e+01   -1.1813657408e+01    4.3725835005e+00    2.8610983288e+00   -1.4674755736e+01    1.2800000000e+02    7.7869649995e-03    6.5820312500e-01
       108   -7.4909815520e+00    5.6382441006e+01   -1.5427077019e+01    7.9360954672e+00    3.1188075553e+00   -1.8545884574e+01    1.2800000000e+02    7.7235099998e-03    6.2792968750e-01
       109   -7.3564536343e+00    5.4256203698e+01   -1.5417346269e+01    8.0608926343e+00    2.9357120639e+00   -1.8353058333e+01    1.2800000000e+02    7.7029499998e-03    6.2988281250e-01
       110   -7.5700958277e+00    5.7530502255e+01   -1.7554664733e+01    9.9845689052e+00    2.8535612772e+00   -2.0408226010e+01    1.2800000000e+02    7.7239470002e-03    6.2988281250e-01
       111   -7.4679465737e+00    5.5950747936e+01   -1.2504551527e+01    5.0366049535e+00    2.5092969432e+00   -1.5013848470e+01    1.2800000000e+02    7.6896909995e-03    6.3037109375e-01
       112   -7.4800561108e+00    5.6073201850e+01   -1.2958309513e+01    5.4782534017e+00    2.4707378391e+00   -1.5429047352e+01    1.2800000000e+02    7.7784849991e-03    6.5966796875e-01
       113   -7.4983144914e+00    5.6515133732e+01   -1.4413471629e+01    6.9151571374e+00    2.9025324116e+00   -1.7316004040e+01    1.2800000000e+02    7.7146100002e-03    6.2988281250e-01
       114   -7.3584576341e+00    5.4309697254e+01   -1.4869894630e+01    7.5114369958e+00    2.5296590266e+00   -1.7399553656e+01    1.2800000000e+02    7.7253469999e-03    6.3281250000e-01
       115   -7.4988212292e+00    5.6465315012e+01   -1.3953739263e+01    6.4549180341e+00    2.4425857918e+00   -1.6396325055e+01    1.2800000000e+02    7.8043730000e-03    6.5869140625e-01
       116   -7.4406930035e+00    5.5595706810e+01   -1.6918474204e+01    9.4777812003e+00    2.6655003289e+00   -1.9583974533e+01    1.2800000000e+02    7.7513690003e-03    6.3427734375e-01
       117   -7.5240580002e+00    5.6824362326e+01   -1.3019576521e+01    5.4955185210e+00    2.6323616853e+00   -1.5651938207e+01    1.2800000000e+02    7.8061859995e-03    6.5429687500e-01
       118   -7.7015011569e+00    5.9662870936e+01   -1.6080400387e+01    8.3788992299e+00    2.6090160776e+00   -1.8689416464e+01    1.2800000000e+02    7.7072039994e-03    6.3037109375e-01
       119   -7.4635946454e+00    5.5925752730e+01   -1.5467914708e+01    8.0043200631e+00    2.8195329469e+00   -1.8287447655e+01    1.2800000000e+02    7.7852360000e-03    6.4208984375e-01
       120   -7.5019226506e+00    5.6443258197e+01   -1.5351869148e+01    7.8499464977e+00    2.6169805479e+00   -1.7968849696e+01    1.2800000000e+02    7.6596009994e-03    6.3134765625e-01
       121   -7.4890981973e+00    5.6270547852e+01   -1.5810825584e+01    8.3217273868e+00    2.4517553594e+00   -1.8262580944e+01    1.2800000000e+02    7.7515320008e-03    6.4599609375e-01
       122   -7.6299356248e+00    5.8765413964e+01   -1.6556111086e+01    8.9261754610e+00    2.8278489712e+00   -1.9383960057e+01    1.2800000000e+02    7.7591709996e-03    6.3574218750e-01
       123   -7.4598227466e+00    5.5829563412e+01   -1.2163434052e+01    4.7036113054e+00    2.5965892577e+00   -1.4760023310e+01    1.2800000000e+02    7.8652809998e-03    6.6748046875e-01
       124   -7.4294426853e+00    5.5483965797e+01   -1.3390185453e+01    5.9607427680e+00    2.1495548574e+00   -1.5539740311e+01    1.2800000000e+02    7.5822230001e-03    6.3574218750e-01
       125   -7.4961861341e+00    5.6431123195e+01   -1.2744016358e+01    5.2478302238e+00    2.7178255626e+00   -1.5461841920e+01    1.2800000000e+02    7.8143760002e-03    6.5429687500e-01
       126   -7.5516330028e+00    5.7274621857e+01   -1.5572965973e+01    8.0213329704e+00    2.7201608233e+00   -1.8293126796e+01    1.2800000000e+02    7.6884199998e-03    6.3085937500e-01
       127   -7.3469675972e+00    5.4260918942e+01   -1.5309939826e+01    7.9629722283e+00    2.7177906601e+00   -1.8027730486e+01    1.2800000000e+02    7.6431040006e-03    6.2011718750e-01
       128   -7.6518582318e+00    5.8899554370e+01   -2.3019758779e+01    1.5367900547e+01    2.7507477758e+00   -2.5770506554e+01    1.2800000000e+02    7.6309190008e-03    6.1523437500e-01
       129   -7.5120850533e+00    5.6731844989e+01   -1.5685495398e+01    8.1734103444e+00    2.9419635288e+00   -1.8627458927e+01    1.2800000000e+02    7.7363500004e-03    6.2646484375e-01
       130   -7.6003592040e+00    5.7955319701e+01   -1.6428752216e+01    8.8283930115e+00    2.7408477120e+00   -1.9169599928e+01    1.2800000000e+02    7.7721569996e-03    6.2695312500e-01
       131   -7.5614781713e+00    5.7464621111e+01   -1.4077759469e+01    6.5162812978e+00    2.4350784796e+00   -1.6512837949e+01    1.2800000000e+02    7.6963749998e-03    6.4355468750e-01
       132   -7.4648484645e+00    5.5968080852e+01   -1.6720582769e+01    9.2557343046e+00    3.0110552306e+00   -1.9731638000e+01    1.2800000000e+02    7.8208820005e-03    6.2158203125e-01
       133   -7.4538128386e+00    5.5745358933e+01   -1.2760796603e+01    5.3069837639e+00    2.3521444263e+00   -1.5112941029e+01    1.2800000000e+02    7.7940990004e-03    6.4941406250e-01
       134   -7.3379521176e+00    5.3985625703e+01   -1.2495871404e+01    5.1579192868e+00    2.8683370915e+00   -1.5364208496e+01    1.2800000000e+02    7.7756980008e-03    6.3671875000e-01
       135   -7.5996720870e+00    5.8005108400e+01   -1.5147060353e+01    7.5473882662e+00    2.3287058606e+00   -1.7475766214e+01    1.2800000000e+02    7.5540440002e-03    6.4404296875e-01
       136   -7.4382198145e+00    5.5527930963e+01   -1.2689093446e+01    5.2508736318e+00    2.4591273504e+00   -1.5148220797e+01    1.2800000000e+02    7.7855989994e-03    6.4941406250e-01
       137   -7.4569307236e+00    5.5885694850e+01   -2.2436013938e+01    1.4979083215e+01    2.5777664147e+00   -2.5013780353e+01    1.2800000000e+02    7.5535259994e-03    6.0351562500e-01
       138   -7.4837174315e+00    5.6191355094e+01   -1.3950990668e+01    6.4672732362e+00    2.6006542724e+00   -1.6551644940e+01    1.2800000000e+02    7.7912830002e-03    6.5136718750e-01
       139   -7.6581382834e+00    5.8992453655e+01   -2.3919370869e+01    1.6261232585e+01    2.6800541876e+00   -2.6599425056e+01    1.2800000000e+02    7.6873790003e-03    6.2841796875e-01
       140   -7.4900374969e+00    5.6322900032e+01   -1.2545979464e+01    5.0559419676e+00    2.1774703388e+00   -1.4723449803e+01    1.2800000000e+02    7.7258320007e-03    6.6113281250e-01
       141   -7.4253389647e+00    5.5436345045e+01   -1.9162550830e+01    1.1737211865e+01    2.7589554784e+00   -2.1921506309e+01    1.2800000000e+02    7.6858630000e-03    6.1132812500e-01
       142   -7.4373511494e+00    5.5554895777e+01   -1.6916739106e+01    9.4793879569e+00    2.7969737832e+00   -1.9713712889e+01    1.2800000000e+02    7.7203520004e-03    6.2255859375e-01
       143   -7.4200504747e+00    5.5267597394e+01   -1.8261151880e+01    1.0841101405e+01    2.6066920655e+00   -2.0867843945e+01    1.2800000000e+02    7.7438019998e-03    6.4306640625e-01
       144   -7.4641255977e+00    5.5917374997e+01   -2.0530068924e+01    1.3065943326e+01    2.9163371299e+00   -2.3446406054e+01    1.2800000000e+02    7.7415969999e-03    6.2109375000e-01
       145   -7.5336523626e+00    5.6994916135e+01   -1.7699039573e+01    1.0165387211e+01    2.9289656913e+00   -2.0628005265e+01    1.2800000000e+02    7.6224719996e-03    6.1425781250e-01
       146   -7.5018715801e+00    5.6488608277e+01   -1.2748215132e+01    5.2463435518e+00    2.6471658418e+00   -1.5395380974e+01    1.2800000000e+02    7.8194360003e-03    6.6406250000e-01
       147   -7.4932330720e+00    5.6369077046e+01   -1.6839607031e+01    9.3463739585e+00    2.8015816801e+00   -1.9641188711e+01    1.2800000000e+02    7.6266550004e-03    6.1621093750e-01
       148   -7.4931777674e+00    5.6394220737e+01   -1.4341493229e+01    6.8483154618e+00    2.8434308242e+00   -1.7184924053e+01    1.2800000000e+02    7.6983440003e-03    6.3525390625e-01
       149   -7.5974376762e+00    5.7970842779e+01   -1.5641854438e+01    8.0444167616e+00    2.5444989847e+00   -1.8186353422e+01    1.2800000000e+02    7.6642710001e-03    6.3525390625e-01
       150   -7.4813480839e+00    5.6183915721e+01   -1.6256656446e+01    8.7753083624e+00    2.3638159346e+00   -1.8620472381e+01    1.2800000000e+02    7.6555760006e-03    6.3574218750e-01
       151   -7.5452818085e+00    5.7086210313e+01   -1.4512104192e+01    6.9668223833e+00    2.6173421196e+00   -1.7129446311e+01    1.2800000000e+02    7.7374119992e-03    6.4111328125e-01
       152   -7.6079222988e+00    5.8273478484e+01   -2.1621547083e+01    1.4013624784e+01    3.0760197291e+00   -2.4697566812e+01    1.2800000000e+02    7.6676750004e-03    6.1865234375e-01
       153   -7.3978826758e+00    5.4900088576e+01   -1.5497570007e+01    8.0996873313e+00    2.6334698349e+00   -1.8131039842e+01    1.2800000000e+02    7.6982849996e-03    6.4990234375e-01
       154   -7.4839250664e+00    5.6199107543e+01   -1.2360482051e+01    4.8765569842e+00    2.7526492422e+00   -1.5113131293e+01    1.2800000000e+02    7.8478539999e-03    6.6894531250e-01
       155   -7.5647356656e+00    5.7499336007e+01   -1.4945553767e+01    7.3808181010e+00    2.4518962351e+00   -1.7397450002e+01    1.2800000000e+02    7.7394000000e-03    6.4599609375e-01
       156   -7.6739706859e+00    5.9233976169e+01   -1.8660237328e+01    1.0986266642e+01    2.7662276898e+00   -2.1426465018e+01    1.2800000000e+02    7.6939850005e-03    6.2597656250e-01
       157   -7.4472234916e+00    5.5626901582e+01   -1.3191172723e+01    5.7439492318e+00    2.6874189782e+00   -1.5878591702e+01    1.2800000000e+02    7.8130350003e-03    6.5527343750e-01
       158   -7.4299382816e+00    5.5413022640e+01   -1.3421692562e+01    5.9917542806e+00    2.9316852772e+00   -1.6353377839e+01    1.2800000000e+02    7.6651190002e-03    6.2548828125e-01
       159   -7.4424828818e+00    5.5633240706e+01   -1.6399795619e+01    8.9573127376e+00    2.9394738315e+00   -1.9339269451e+01    1.2800000000e+02    7.7047210007e-03    6.2207031250e-01
       160   -7.4796694686e+00    5.6126873353e+01   -1.4072310865e+01    6.5926413963e+00    2.8302329068e+00   -1.6902543772e+01    1.2800000000e+02    7.8328760001e-03    6.5576171875e-01
       161   -7.4205026624e+00    5.5281897726e+01   -1.3623899082e+01    6.2033964197e+00    2.5935641215e+00   -1.6217463204e+01    1.2800000000e+02    7.6791410002e-03    6.2890625000e-01
       162   -7.5278873271e+00    5.6921924423e+01   -1.2478178496e+01    4.9502911686e+00    2.4598033165e+00   -1.4937981812e+01    1.2800000000e+02    7.9657219994e-03    6.6308593750e-01
       163   -7.4300396522e+00    5.5375436149e+01   -1.7312138696e+01    9.8820990437e+00    2.7026998642e+00   -2.0014838560e+01    1.2800000000e+02    7.6529799999e-03    6.2451171875e-01
       164   -7.6181726026e+00    5.8276388259e+01   -2.1799720760e+01    1.4181548157e+01    2.6501204526e+00   -2.4449841213e+01    1.2800000000e+02    7.7358810004e-03    6.3623046875e-01
       165   -7.4515533024e+00    5.5675520981e+01   -1.2452552253e+01    5.0009989510e+00    2.3585740690e+00   -1.4811126323e+01    1.2800000000e+02    7.7236030002e-03    6.4550781250e-01
       166   -7.5849233870e+00    5.7851042620e+01   -1.3614692983e+01    6.0297695955e+00    2.5653061323e+00   -1.6179999115e+01    1.2800000000e+02    7.7825019998e-03    6.4208984375e-01
       167   -7.5188245013e+00    5.6850035841e+01   -1.5972569329e+01    8.4537448273e+00    3.0491726261e+00   -1.9021741955e+01    1.2800000000e+02    7.7281049998e-03    6.2646484375e-01
       168   -7.3866153985e+00    5.4690440065e+01   -1.0659063984e+01    3.2724485853e+00    2.5393873320e+00   -1.3198451316e+01    1.2800000000e+02    7.7885370001e-03    6.5429687500e-01
       169   -7.5530702741e+00    5.7289812532e+01   -1.3824321370e+01    6.2712510959e+00    2.4019959483e+00   -1.6226317318e+01    1.2800000000e+02    7.7698650002e-03    6.6162109375e-01
       170   -7.3647531229e+00    5.4412521549e+01   -1.5268225758e+01    7.9034726352e+00    2.6098292480e+00   -1.7878055006e+01    1.2800000000e+02    7.7643229997e-03    6.4160156250e-01
       171   -7.3894072437e+00    5.4878972211e+01   -1.3899756121e+01    6.5103488770e+00    2.8478967032e+00   -1.6747652824e+01    1.2800000000e+02    7.6393109994e-03    6.2792968750e-01
       172   -7.4542945044e+00    5.5816315648e+01   -1.5772793866e+01    8.3184993612e+00    2.3550748571e+00   -1.8127868723e+01    1.2800000000e+02    7.6564299998e-03    6.3525390625e-01
       173   -7.4696851345e+00    5.5976642654e+01   -1.3334929891e+01    5.8652447561e+00    2.8260478862e+00   -1.6160977777e+01    1.2800000000e+02    7.6167230000e-03    6.1669921875e-01
       174   -7.2675419744e+00    5.2962875083e+01   -1.2855295690e+01    5.5877537156e+00    2.4981829788e+00   -1.5353478669e+01    1.2800000000e+02    7.7125630005e-03    6.3427734375e-01
       175   -7.4833674792e+00    5.6233350125e+01   -1.6287311260e+01    8.8039437803e+00    2.9452994546e+00   -1.9232610714e+01    1.2800000000e+02    7.7536070003e-03    6.4160156250e-01
       176   -7.4440282172e+00    5.5623820648e+01   -1.2198630561e+01    4.7546023434e+00    2.6852359870e+00   -1.4883866548e+01    1.2800000000e+02    7.7004440000e-03    6.4306640625e-01
       177   -7.6623756358e+00    5.9125362684e+01   -1.3852422379e+01    6.1900467435e+00    2.5161718337e+00   -1.6368594213e+01    1.2800000000e+02    7.7440880004e-03    6.4648437500e-01
       178   -7.4141418004e+00    5.5134346298e+01   -1.5772403104e+01    8.3582613036e+00    2.5869340584e+00   -1.8359337162e+01    1.2800000000e+02    7.7638929997e-03    6.4062500000e-01
       179   -7.4495017914e+00    5.5672229196e+01   -1.3321274307e+01    5.8717725153e+00    2.5650850716e+00   -1.5886359378e+01    1.2800000000e+02    7.7079370003e-03    6.4013671875e-01
       180   -7.4257572100e+00    5.5286868671e+01   -1.1317423176e+01    3.8916659661e+00    2.7066439529e+00   -1.4024067129e+01    1.2800000000e+02    7.7451210000e-03    6.5039062500e-01
       181   -7.5902939994e+00    5.7847697486e+01   -1.7282167119e+01    9.6918731200e+00    2.7555399118e+00   -2.0037707031e+01    1.2800000000e+02    7.6565879999e-03    6.3037109375e-01
       182   -7.6256279707e+00    5.8402659184e+01   -1.4635619509e+01    7.0099915387e+00    2.5956974244e+00   -1.7231316934e+01    1.2800000000e+02    7.6807110008e-03    6.3818359375e-01
       183   -7.4641254535e+00    5.5986442110e+01   -1.4702805369e+01    7.2386799152e+00    2.1091789331e+00   -1.6811984302e+01    1.2800000000e+02    7.4961430000e-03    6.2841796875e-01
       184   -7.5504851807e+00    5.7312224376e+01   -1.6368542731e+01    8.8180575505e+00    2.8094478545e+00   -1.9177990586e+01    1.2800000000e+02    7.6733500000e-03    6.3330078125e-01
       185   -7.4844181875e+00    5.6261697095e+01   -1.3752956710e+01    6.2685385222e+00    2.7714938135e+00   -1.6524450523e+01    1.2800000000e+02    7.8910680004e-03    6.4013671875e-01
       186   -7.4828456730e+00    5.6161799379e+01   -1.3538642590e+01    6.0557969167e+00    2.6379457861e+00   -1.6176588376e+01    1.2800000000e+02    7.7228540003e-03    6.4550781250e-01
       187   -7.4730974566e+00    5.6050700871e+01   -1.4588754668e+01    7.1156572119e+00    2.5734607800e+00   -1.7162215448e+01    1.2800000000e+02    7.7641620001e-03    6.2402343750e-01
       188   -7.4098339246e+00    5.5121711658e+01   -1.3833240769e+01    6.4234068447e+00    2.6170772475e+00   -1.6450318017e+01    1.2800000000e+02    7.7189720005e-03    6.4306640625e-01
       189   -7.4164533848e+00    5.5216745842e+01   -1.4541666870e+01    7.1252134854e+00    3.2971032226e+00   -1.7838770093e+01    1.2800000000e+02    7.7476150000e-03    6.3818359375e-01
       190   -7.4417195053e+00    5.5510874776e+01   -1.4351494089e+01    6.9097745832e+00    2.3393776594e+00   -1.6690871748e+01    1.2800000000e+02    7.5832840002e-03    6.2402343750e-01
       191   -7.3462272525e+00    5.4096063247e+01   -1.3636134843e+01    6.2899075908e+00    2.2238172780e+00   -1.5859952121e+01    1.2800000000e+02    7.6752180003e-03    6.4746093750e-01
       192   -7.4137589328e+00    5.5168973473e+01   -1.1791805823e+01    4.3780468905e+00    2.4072542733e+00   -1.4199060097e+01    1.2800000000e+02    7.7692899995e-03    6.5673828125e-01
       193   -7.5800139569e+00    5.7671528771e+01   -1.8772273441e+01    1.1192259484e+01    3.0905181079e+00   -2.1862791549e+01    1.2800000000e+02    7.7079639996e-03    6.3134765625e-01
       194   -7.5709335175e+00    5.7496929712e+01   -1.5721565475e+01    8.1506319579e+00    2.6252282244e+00   -1.8346793700e+01    1.2800000000e+02    7.7174900007e-03    6.3818359375e-01
       195   -7.3594193462e+00    5.4253057320e+01   -1.0497404746e+01    3.1379853995e+00    2.1053099773e+00   -1.2602714723e+01    1.2800000000e+02    7.8054509995e-03    6.6894531250e-01
       196   -7.3288530024e+00    5.3840189119e+01   -1.1860085738e+01    4.5312327353e+00    2.7007676070e+00   -1.4560853345e+01    1.2800000000e+02    7.6885720000e-03    6.5136718750e-01
       197   -7.3437637070e+00    5.4114270612e+01   -1.3018753962e+01    5.6749902553e+00    2.7241532994e+00   -1.5742907262e+01    1.2800000000e+02    7.6362370000e-03    6.1767578125e-01
       198   -7.3225447066e+00    5.3894826103e+01   -1.5490280220e+01    8.1677355130e+00    2.6655172852e+00   -1.8155797505e+01    1.2800000000e+02    7.6923420002e-03    6.3330078125e-01
       199   -7.3718685653e+00    5.4511158803e+01   -1.7045226187e+01    9.6733576221e+00    2.7943754628e+00   -1.9839601650e+01    1.2800000000e+02    7.6925750000e-03    6.2402343750e-01
       200   -7.3894358552e+00    5.4818483910e+01   -1.3845247415e+01    6.4558115601e+00    2.4326406637e+00   -1.6277888079e+01    1.2800000000e+02    7.6989569998e-03    6.3964843750e-01
       201   -7.5148676285e+00    5.6802243058e+01   -1.4223515260e+01    6.7086476320e+00    2.8012439821e+00   -1.7024759243e+01    1.2800000000e+02    7.7102609994e-03    6.3720703125e-01
       202   -7.3050496430e+00    5.3493802712e+01   -1.3367677658e+01    6.0626280155e+00    2.5721903569e+00   -1.5939868015e+01    1.2800000000e+02    7.7467219999e-03    6.4892578125e-01
       203   -7.5881175354e+00    5.7906547473e+01   -1.4485605369e+01    6.8974878332e+00    2.8456789879e+00   -1.7331284357e+01    1.2800000000e+02    7.7568780007e-03    6.4355468750e-01
       204   -7.4861708071e+00    5.6264264567e+01   -1.6651109664e+01    9.1649388566e+00    2.7040956019e+00   -1.9355205266e+01    1.2800000000e+02    7.6896360006e-03    6.4160156250e-01
       205   -7.5325582536e+00    5.7019201525e+01   -1.3986008286e+01    6.4534500323e+00    2.7238670702e+00   -1.6709875356e+01    1.2800000000e+02    7.7106760000e-03    6.3378906250e-01
       206   -7.4728680651e+00    5.6040131223e+01   -1.4846862709e+01    7.3739946436e+00    2.7894859959e+00   -1.7636348705e+01    1.2800000000e+02    7.8112170004e-03    6.4990234375e-01
       207   -7.3313360265e+00    5.3870755617e+01   -1.1326506039e+01    3.9951700123e+00    2.6073082023e+00   -1.3933814241e+01    1.2800000000e+02    7.7605690003e-03    6.4208984375e-01
       208   -7.4847733428e+00    5.6318380785e+01   -1.2744618728e+01    5.2598453848e+00    2.3637737758e+00   -1.5108392503e+01    1.2800000000e+02    7.7536660001e-03    6.5771484375e-01
       209   -7.4848549832e+00    5.6244097923e+01   -1.2979451068e+01    5.4945960852e+00    2.5098773832e+00   -1.5489328452e+01    1.2800000000e+02    7.7659310000e-03    6.4306640625e-01
       210   -7.4623662695e+00    5.5918879105e+01   -2.1639995627e+01    1.4177629358e+01    2.2993111204e+00   -2.3939306748e+01    1.2800000000e+02    7.7322560001e-03    6.5039062500e-01
       211   -7.3574744893e+00    5.4294278265e+01   -1.1851791794e+01    4.4943173044e+00    2.8964827052e+00   -1.4748274499e+01    1.2800000000e+02    7.7498500004e-03    6.4160156250e-01
       212   -7.3460657451e+00    5.4167043061e+01   -1.2432698904e+01    5.0866331591e+00    2.8079549517e+00   -1.5240653856e+01    1.2800000000e+02    7.7244309996e-03    6.4160156250e-01
       213   -7.4409962325e+00    5.5621568782e+01   -1.5328615037e+01    7.8876188050e+00    2.5273615769e+00   -1.7855976614e+01    1.2800000000e+02    7.6483719995e-03    6.3085937500e-01
       214   -7.5268090606e+00    5.6873374803e+01   -1.4016252839e+01    6.4894437788e+00    2.9620464402e+00   -1.6978299280e+01    1.2800000000e+02    8.0661900001e-03    6.5722656250e-01
       215   -7.3911270927e+00    5.4796175453e+01   -1.1019600456e+01    3.6284733631e+00    2.6264811208e+00   -1.3646081577e+01    1.2800000000e+02    8.0704330003e-03    6.4501953125e-01
       216   -7.4534648075e+00    5.5779644675e+01   -1.6790999508e+01    9.3375347005e+00    2.6089811180e+00   -1.9399980626e+01    1.2800000000e+02    7.6358039996e-03    6.2646484375e-01
       217   -7.4587154943e+00    5.5816595015e+01   -1.3463163116e+01    6.0044476220e+00    2.6269520622e+00   -1.6090115178e+01    1.2800000000e+02    7.7672660000e-03    6.4990234375e-01
       218   -7.5364445958e+00    5.7003163146e+01   -1.5054311347e+01    7.5178667516e+00    2.3137445291e+00   -1.7368055876e+01    1.2800000000e+02    7.7495729993e-03    6.5234375000e-01
       219   -7.4535490607e+00    5.5793833193e+01   -1.4433797097e+01    6.9802480361e+00    2.2933423227e+00   -1.6727139419e+01    1.2800000000e+02    7.5140050003e-03    6.2646484375e-01
       220   -7.5210519102e+00    5.6767532489e+01   -1.7775075522e+01    1.0254023612e+01    2.7930552149e+00   -2.0568130737e+01    1.2800000000e+02    7.6461680001e-03    6.2792968750e-01
       221   -7.3909838830e+00    5.4737155143e+01   -1.1126463732e+01    3.7354798486e+00    2.3794508606e+00   -1.3505914592e+01    1.2800000000e+02    7.8125230002e-03    6.7236328125e-01
       222   -7.4959248687e+00    5.6319993437e+01   -1.4909833195e+01    7.4139083263e+00    2.6161466536e+00   -1.7525979849e+01    1.2800000000e+02    7.7189809999e-03    6.4160156250e-01
       223   -7.4203073212e+00    5.5209138550e+01   -1.1810723746e+01    4.3904164244e+00    2.3086248072e+00   -1.4119348553e+01    1.2800000000e+02    7.6984030002e-03    6.5771484375e-01
       224   -7.4701985891e+00    5.5950575335e+01   -1.1948894508e+01    4.4786959185e+00    2.1181635500e+00   -1.4067058058e+01    1.2800000000e+02    7.5924069997e-03    6.4501953125e-01
       225   -7.5832780101e+00    5.7722473135e+01   -1.2706625247e+01    5.1233472373e+00    2.8433878087e+00   -1.5550013056e+01    1.2800000000e+02    7.7893729995e-03    6.4990234375e-01
       226   -7.4108763803e+00    5.5056922487e+01   -1.4527179716e+01    7.1163033357e+00    2.3794643172e+00   -1.6906644033e+01    1.2800000000e+02    7.6936529995e-03    6.5332031250e-01
       227   -7.4413995443e+00    5.5594866229e+01   -1.5075973147e+01    7.6345736028e+00    3.2423457394e+00   -1.8318318886e+01    1.2800000000e+02    7.6984980005e-03    6.4062500000e-01
       228   -7.4011327110e+00    5.4960828896e+01   -1.5444922461e+01    8.0437897504e+00    2.8610065350e+00   -1.8305928996e+01    1.2800000000e+02    7.6932259999e-03    6.2890625000e-01
       229   -7.4624865169e+00    5.5915440461e+01   -1.2292242440e+01    4.8297559233e+00    2.5582139461e+00   -1.4850456386e+01    1.2800000000e+02    7.6891150002e-03    6.3330078125e-01
       230   -7.5552227544e+00    5.7456222215e+01   -1.3970939902e+01    6.4157171472e+00    2.5367220631e+00   -1.6507661965e+01    1.2800000000e+02    7.7336000004e-03    6.4501953125e-01
       231   -7.3718007983e+00    5.4430933981e+01   -1.2623275787e+01    5.2514749887e+00    2.7075953491e+00   -1.5330871136e+01    1.2800000000e+02    7.7498239998e-03    6.4453125000e-01
       232   -7.4774429736e+00    5.6087580313e+01   -1.3445578881e+01    5.9681359074e+00    2.7456486870e+00   -1.6191227568e+01    1.2800000000e+02    7.6881550003e-03    6.4843750000e-01
       233   -7.5782164391e+00    5.7598548298e+01   -1.4246001744e+01    6.6677853048e+00    2.5457673589e+00   -1.6791769103e+01    1.2800000000e+02    7.6529870003e-03    6.2841796875e-01
       234   -7.5229906856e+00    5.6770835881e+01   -1.5447464327e+01    7.9244736418e+00    2.2342928667e+00   -1.7681757194e+01    1.2800000000e+02    7.6140940000e-03    6.5185546875e-01
       235   -7.4296778896e+00    5.5497879734e+01   -1.4444348088e+01    7.0146701987e+00    2.6041521103e+00   -1.7048500199e+01    1.2800000000e+02    7.7643409995e-03    6.4648437500e-01
       236   -7.5409217609e+00    5.7027002300e+01   -1.3693339086e+01    6.1524173249e+00    2.5777944304e+00   -1.6271133516e+01    1.2800000000e+02    7.7168069993e-03    6.5673828125e-01
       237   -7.4396216268e+00    5.5652187191e+01   -1.3955506544e+01    6.5158849169e+00    2.7596396569e+00   -1.6715146201e+01    1.2800000000e+02    7.7181950001e-03    6.3427734375e-01
       238   -7.4586614318e+00    5.5899352198e+01   -1.5183435231e+01    7.7247737990e+00    2.9004758806e+00   -1.8083911111e+01    1.2800000000e+02    7.7089910001e-03    6.3134765625e-01
       239   -7.4230187173e+00    5.5258360739e+01   -1.2968736385e+01    5.5457176675e+00    2.9108380381e+00   -1.5879574423e+01    1.2800000000e+02    7.7458260002e-03    6.4746093750e-01
       240   -7.6279615205e+00    5.8572308689e+01   -1.8619039452e+01    1.0991077932e+01    2.7240100421e+00   -2.1343049494e+01    1.2800000000e+02    7.6131910000e-03    6.2646484375e-01
       241   -7.4694365698e+00    5.5910772835e+01   -1.1290160478e+01    3.8207239078e+00    2.4331120911e+00   -1.3723272569e+01    1.2800000000e+02    7.7524490007e-03    6.4892578125e-01
       242   -7.4468010786e+00    5.5804630172e+01   -1.6890973294e+01    9.4441722158e+00    2.6178492360e+00   -1.9508822530e+01    1.2800000000e+02    7.6317539997e-03    6.1572265625e-01
       243   -7.4734744093e+00    5.5994165323e+01   -1.0654708730e+01    3.1812343206e+00    2.5211593755e+00   -1.3175868105e+01    1.2800000000e+02    7.7565610000e-03    6.5722656250e-01
       244   -7.5620576957e+00    5.7607499731e+01   -1.4716248289e+01    7.1541905938e+00    2.7617053003e+00   -1.7477953590e+01    1.2800000000e+02    7.7349699995e-03    6.4794921875e-01
       245   -7.5476439457e+00    5.7249542007e+01   -1.8344350881e+01    1.0796706936e+01    2.9169008817e+00   -2.1261251763e+01    1.2800000000e+02    7.6599289996e-03    6.2304687500e-01
       246   -7.4031233174e+00    5.4922353062e+01   -1.1830817462e+01    4.4276941446e+00    2.3544933627e+00   -1.4185310825e+01    1.2800000000e+02    7.7701219998e-03    6.5966796875e-01
       247   -7.4692539791e+00    5.6006151935e+01   -1.2981188628e+01    5.5119346491e+00    2.6943548221e+00   -1.5675543450e+01    1.2800000000e+02    7.8359999998e-03    6.6357421875e-01
       248   -7.5410534495e+00    5.7269113614e+01   -1.5679765876e+01    8.1387124263e+00    2.5981680820e+00   -1.8277933958e+01    1.2800000000e+02    7.6607379997e-03    6.2988281250e-01
       249   -7.5304195975e+00    5.6946989732e+01   -1.2846561717e+01    5.3161421199e+00    2.4536410996e+00   -1.5300202817e+01    1.2800000000e+02    7.7975049999e-03    6.6455078125e-01
       250   -7.6169648113e+00    5.8264981626e+01   -2.0595236353e+01    1.2978271541e+01    2.9610540802e+00   -2.3556290433e+01    1.2800000000e+02    7.7048229996e-03    6.2548828125e-01
       251   -7.4270893848e+00    5.5298535894e+01   -1.3488217308e+01    6.0611279227e+00    2.5907645716e+00   -1.6078981879e+01    1.2800000000e+02    7.7996500004e-03    6.4550781250e-01
       252   -7.6256924947e+00    5.8471788298e+01   -1.5446660708e+01    7.8209682137e+00    2.8311519265e+00   -1.8277812635e+01    1.2800000000e+02    7.8130900001e-03    6.3769531250e-01
       253   -7.5229887391e+00    5.6838816910e+01   -2.1162316356e+01    1.3639327617e+01    2.8167791273e+00   -2.3979095483e+01    1.2800000000e+02    7.6789750001e-03    6.2939453125e-01
       254   -7.4087952774e+00    5.5054949146e+01   -1.7950202210e+01    1.0541406932e+01    2.9307841978e+00   -2.0880986407e+01    1.2800000000e+02    7.7010900004e-03    6.2451171875e-01
       255   -7.4179490255e+00    5.5193719624e+01   -1.2516572861e+01    5.0986238357e+00    2.5347245163e+00   -1.5051297378e+01    1.2800000000e+02    7.7947580003e-03    6.5917968750e-01
       256   -7.5941813411e+00    5.8073949176e+01   -1.5410980112e+01    7.8167987706e+00    2.7710793926e+00   -1.8182059504e+01    1.2800000000e+02    7.7140069998e-03    6.3671875000e-01
       257   -7.7587808285e+00    6.0533113396e+01   -1.6186467855e+01    8.4276870264e+00    2.9110190246e+00   -1.9097486880e+01    1.2800000000e+02    7.6896020000e-03    6.2548828125e-01
       258   -7.3524139621e+00    5.4220278395e+01   -1.3876635383e+01    6.5242214208e+00    2.4751757077e+00   -1.6351811091e+01    1.2800000000e+02    7.7043740002e-03    6.2841796875e-01
       259   -7.3361609053e+00    5.3983177273e+01   -1.4740381302e+01    7.4042203964e+00    2.8497163502e+00   -1.7590097652e+01    1.2800000000e+02    7.7512630005e-03    6.2744140625e-01
       260   -7.4541937904e+00    5.5735922961e+01   -1.2402596627e+01    4.9484028362e+00    2.6945226570e+00   -1.5097119284e+01    1.2800000000e+02    7.7429829998e-03    6.5283203125e-01
       261   -7.5347275008e+00    5.7054588257e+01   -2.0863854836e+01    1.3329127335e+01    2.7319273216e+00   -2.3595782157e+01    1.2800000000e+02    7.7106859999e-03    6.3916015625e-01
       262   -7.3873698831e+00    5.4751327309e+01   -1.4578597748e+01    7.1912278654e+00    2.5143310859e+00   -1.7092928834e+01    1.2800000000e+02    7.6856530004e-03    6.2304687500e-01
       263   -7.4638323525e+00    5.5883679362e+01   -1.1536044828e+01    4.0722124760e+00    2.2794210767e+00   -1.3815465905e+01    1.2800000000e+02    7.7893990001e-03    6.6748046875e-01
       264   -7.3419266514e+00    5.4107899894e+01   -1.2036126036e+01    4.6941993848e+00    2.4352302882e+00   -1.4471356324e+01    1.2800000000e+02    7.7309909993e-03    6.4990234375e-01
       265   -7.4628460732e+00    5.5928996373e+01   -1.9805684843e+01    1.2342838770e+01    2.5198479503e+00   -2.2325532793e+01    1.2800000000e+02    7.6301879999e-03    6.2841796875e-01
       266   -7.5696921913e+00    5.7574252715e+01   -1.9902517197e+01    1.2332825005e+01    3.1567995232e+00   -2.3059316720e+01    1.2800000000e+02    7.6696200003e-03    6.2109375000e-01
       267   -7.3808919876e+00    5.4629457443e+01   -1.3091281334e+01    5.7103893461e+00    2.4720076850e+00   -1.5563289019e+01    1.2800000000e+02    7.6932369993e-03    6.3525390625e-01
       268   -7.4681217236e+00    5.5900083544e+01   -1.1588145178e+01    4.1200234541e+00    2.6332428250e+00   -1.4221388003e+01    1.2800000000e+02    7.8402019999e-03    6.7187500000e-01
       269   -7.3896426932e+00    5.4810083490e+01   -1.3564783476e+01    6.1751407827e+00    2.6821441112e+00   -1.6246927587e+01    1.2800000000e+02    7.7130899999e-03    6.3134765625e-01
       270   -7.5099152061e+00    5.6649591781e+01   -1.2595403070e+01    5.0854878640e+00    2.4282311421e+00   -1.5023634212e+01    1.2800000000e+02    7.8299030001e-03    6.7822265625e-01
       271   -7.5756964414e+00    5.7630092916e+01   -1.4284949261e+01    6.7092528197e+00    2.3348205192e+00   -1.6619769780e+01    1.2800000000e+02    7.6962379999e-03    6.4013671875e-01
       272   -7.3550908296e+00    5.4208543966e+01   -1.3206427602e+01    5.8513367721e+00    2.8848878433e+00   -1.6091315445e+01    1.2800000000e+02    7.6851310005e-03    6.3232421875e-01
       273   -7.5144595454e+00    5.6777790177e+01   -1.6192768938e+01    8.6783093924e+00    2.6192726643e+00   -1.8812041602e+01    1.2800000000e+02    7.6025520002e-03    6.3330078125e-01
       274   -7.4536732061e+00    5.5903651677e+01   -1.5736250827e+01    8.2825776208e+00    2.7372504313e+00   -1.8473501258e+01    1.2800000000e+02    7.7880550007e-03    6.5234375000e-01
       275   -7.5562833596e+00    5.7328990629e+01   -1.3694549413e+01    6.1382660534e+00    2.7584201200e+00   -1.6452969533e+01    1.2800000000e+02    7.7203339997e-03    6.3330078125e-01
       276   -7.5589940393e+00    5.7445374878e+01   -1.8634023791e+01    1.1075029752e+01    2.8400430578e+00   -2.1474066849e+01    1.2800000000e+02    7.7185780001e-03    6.3867187500e-01
       277   -7.4842740000e+00    5.6250065466e+01   -1.4685198040e+01    7.2009240400e+00    3.0332885355e+00   -1.7718486576e+01    1.2800000000e+02    7.7066399999e-03    6.4453125000e-01
       278   -7.3756361842e+00    5.4534142363e+01   -1.2742780904e+01    5.3671447195e+00    2.5435299340e+00   -1.5286310838e+01    1.2800000000e+02    7.6985389996e-03    6.3525390625e-01
       279   -7.3951684791e+00    5.4831869758e+01   -1.1574441946e+01    4.1792734667e+00    2.6508290092e+00   -1.4225270955e+01    1.2800000000e+02    7.7882209998e-03    6.6357421875e-01
       280   -7.5061304772e+00    5.6795264016e+01   -1.3877620833e+01    6.3714903557e+00    3.1651510642e+00   -1.7042771897e+01    1.2800000000e+02    7.7509120001e-03    6.3964843750e-01
       281   -7.5247090336e+00    5.6896885428e+01   -1.4113119432e+01    6.5884103984e+00    2.6879786393e+00   -1.6801098071e+01    1.2800000000e+02    7.7477840005e-03    6.4257812500e-01
       282   -7.4724784914e+00    5.6153976745e+01   -1.3522220735e+01    6.0497422434e+00    2.4200647706e+00   -1.5942285505e+01    1.2800000000e+02    7.7306119992e-03    6.5332031250e-01
       283   -7.6248756221e+00    5.8436918549e+01   -1.8336477293e+01    1.0711601671e+01    2.8201128417e+00   -2.1156590135e+01    1.2800000000e+02    7.5993830005e-03    6.2353515625e-01
       284   -7.3678400486e+00    5.4498095282e+01   -1.8491945494e+01    1.1124105445e+01    2.7993574566e+00   -2.1291302950e+01    1.2800000000e+02    7.6847420005e-03    6.3183593750e-01
       285   -7.6312713880e+00    5.8549615841e+01   -1.5993290354e+01    8.3620189661e+00    2.7779044190e+00   -1.8771194773e+01    1.2800000000e+02    7.6870900002e-03    6.2597656250e-01
       286   -7.3705350469e+00    5.4479644866e+01   -1.4087026292e+01    6.7164912450e+00    2.8155781354e+00   -1.6902604427e+01    1.2800000000e+02    7.7317059995e-03    6.3037109375e-01
       287   -7.4234213236e+00    5.5247546970e+01   -1.2962051160e+01    5.5386298360e+00    2.6756107874e+00   -1.5637661947e+01    1.2800000000e+02    7.8079510004e-03    6.4990234375e-01
       288   -7.4748321151e+00    5.6152575207e+01   -1.5682342833e+01    8.2075107176e+00    2.5769017642e+00   -1.8259244597e+01    1.2800000000e+02    7.7060320000e-03    6.3232421875e-01
       289   -7.5176667457e+00    5.6673022725e+01   -1.2041983547e+01    4.5243168012e+00    2.4667830609e+00   -1.4508766608e+01    1.2800000000e+02    7.7489349997e-03    6.6113281250e-01
       290   -7.5091083880e+00    5.6594714041e+01   -2.4845917157e+01    1.7336808769e+01    2.7448789065e+00   -2.7590796063e+01    1.2800000000e+02    7.6858829998e-03    6.2597656250e-01
       291   -7.4785722237e+00    5.6113293198e+01   -2.3128404440e+01    1.5649832216e+01    2.5502169681e+00   -2.5678621408e+01    1.2800000000e+02    7.7902670000e-03    6.6210937500e-01
       292   -7.4655949952e+00    5.5921666474e+01   -1.6332925021e+01    8.8673300254e+00    2.5967288541e+00   -1.8929653875e+01    1.2800000000e+02    7.6521909996e-03    6.4013671875e-01
       293   -7.4020864140e+00    5.4951018487e+01   -1.6353259302e+01    8.9511728876e+00    2.7892387715e+00   -1.9142498073e+01    1.2800000000e+02    7.7002750004e-03    6.3378906250e-01
       294   -7.3700553108e+00    5.4455780244e+01   -1.3455601793e+01    6.0855464824e+00    2.5015755766e+00   -1.5957177370e+01    1.2800000000e+02    7.7415740006e-03    6.4404296875e-01
       295   -7.4593795476e+00    5.5914119285e+01   -1.3839980450e+01    6.3806009021e+00    2.8523862130e+00   -1.6692366663e+01    1.2800000000e+02    7.6963570000e-03    6.2548828125e-01
       296   -7.4444379695e+00    5.5529445805e+01   -1.2686409201e+01    5.2419712315e+00    2.6959841398e+00   -1.5382393341e+01    1.2800000000e+02    7.7429869998e-03    6.4257812500e-01
       297   -7.5477012852e+00    5.7123874289e+01   -1.6571580456e+01    9.0238791704e+00    2.6865408542e+00   -1.9258121310e+01    1.2800000000e+02    7.7172789997e-03    6.4404296875e-01
       298   -7.3583377861e+00    5.4279096386e+01   -1.4092226291e+01    6.7338885050e+00    2.5501969363e+00   -1.6642423227e+01    1.2800000000e+02    7.7675530001e-03    6.4941406250e-01
       299   -7.4468611418e+00    5.5648977951e+01   -1.6343144697e+01    8.8962835551e+00    2.8746514552e+00   -1.9217796152e+01    1.2800000000e+02    7.7240479995e-03    6.2939453125e-01
       300   -7.4945412165e+00    5.6513566737e+01   -1.6384915289e+01    8.8903740727e+00    2.8239934691e+00   -1.9208908758e+01    1.2800000000e+02    7.6399420004e-03    6.1474609375e-01
       301   -7.4444808450e+00    5.5717229338e+01   -1.4572578409e+01    7.1280975643e+00    2.6410168608e+00   -1.7213595270e+01    1.2800000000e+02    7.7506159996e-03    6.4062500000e-01
       302   -7.4103411360e+00    5.5059215638e+01   -1.3739455776e+01    6.3291146400e+00    2.8521407335e+00   -1.6591596509e+01    1.2800000000e+02    7.7375430001e-03    6.4160156250e-01
       303   -7.4754089989e+00    5.6109898317e+01   -1.8610712757e+01    1.1135303758e+01    2.8996601321e+00   -2.1510372889e+01    1.2800000000e+02    7.6987000002e-03    6.2402343750e-01
       304   -7.5505235938e+00    5.7265706222e+01   -1.8511629513e+01    1.0961105919e+01    2.5188982308e+00   -2.1030527744e+01    1.2800000000e+02    7.7303930002e-03    6.5136718750e-01
       305   -7.3707729245e+00    5.4487416492e+01   -1.9366925577e+01    1.1996152652e+01    3.0719914886e+00   -2.2438917065e+01    1.2800000000e+02    7.6334380001e-03    6.1425781250e-01
       306   -7.5146338296e+00    5.6772446308e+01   -1.7916166024e+01    1.0401532194e+01    2.7396547943e+00   -2.0655820818e+01    1.2800000000e+02    7.6536640008e-03    6.2060546875e-01
       307   -7.3982717995e+00    5.4886339193e+01   -1.2254999962e+01    4.8567281620e+00    2.6993547367e+00   -1.4954354698e+01    1.2800000000e+02    7.7680289996e-03    6.5332031250e-01
       308   -7.4066921130e+00    5.4991743710e+01   -1.3290289483e+01    5.8835973696e+00    2.6877279006e+00   -1.5978017383e+01    1.2800000000e+02    7.7354879995e-03    6.3574218750e-01
       309   -7.5020341423e+00    5.6530975700e+01   -1.5849737357e+01    8.3477032144e+00    2.8864657747e+00   -1.8736203131e+01    1.2800000000e+02    7.7035960003e-03    6.3037109375e-01
       310   -7.4854331499e+00    5.6409010967e+01   -1.3214369742e+01    5.7289365921e+00    2.6918395444e+00   -1.5906209286e+01    1.2800000000e+02    7.7154130004e-03    6.3916015625e-01
       311   -7.4517032689e+00    5.5761381933e+01   -1.5338807663e+01    7.8871043943e+00    2.8385099638e+00   -1.8177317627e+01    1.2800000000e+02    7.6755259997e-03    6.2402343750e-01
       312   -7.4665202608e+00    5.5972395832e+01   -1.8522701076e+01    1.1056180815e+01    3.0708966269e+00   -2.1593597703e+01    1.2800000000e+02    7.6824560001e-03    6.1572265625e-01
       313   -7.3664570160e+00    5.4450690280e+01   -1.2124636529e+01    4.7581795132e+00    2.6370498016e+00   -1.4761686331e+01    1.2800000000e+02    7.7682270003e-03    6.5087890625e-01
       314   -7.4623817505e+00    5.5935736861e+01   -1.6868515004e+01    9.4061332534e+00    2.6313140220e+00   -1.9499829026e+01    1.2800000000e+02    7.7216179998e-03    6.3671875000e-01
       315   -7.6528020251e+00    5.8912539981e+01   -1.4890076431e+01    7.2372744063e+00    2.6790665135e+00   -1.7569142945e+01    1.2800000000e+02    7.5590249999e-03    6.1279296875e-01
       316   -7.4925439313e+00    5.6331690557e+01   -1.5381331618e+01    7.8887876865e+00    2.8953121890e+00   -1.8276643807e+01    1.2800000000e+02    7.7250049999e-03    6.2792968750e-01
       317   -7.3426619321e+00    5.4030682358e+01   -1.1297754985e+01    3.9550930530e+00    2.5869657356e+00   -1.3884720721e+01    1.2800000000e+02    7.8283319999e-03    6.6406250000e-01
       318   -7.5533481327e+00    5.7312286634e+01   -1.4985054817e+01    7.4317066847e+00    2.3496548464e+00   -1.7334709664e+01    1.2800000000e+02    7.7414100006e-03    6.5429687500e-01
       319   -7.6560215818e+00    5.8890188611e+01   -1.7364206113e+01    9.7081845310e+00    3.3208407894e+00   -2.0685046902e+01    1.2800000000e+02    7.5829569996e-03    6.1962890625e-01
       320   -7.4770138987e+00    5.6089162439e+01   -1.2464683822e+01    4.9876699237e+00    2.7026020525e+00   -1.5167285875e+01    1.2800000000e+02    7.7993780005e-03    6.5576171875e-01
       321   -7.4862356780e+00    5.6245622818e+01   -1.2282301948e+01    4.7960662704e+00    2.4373086685e+00   -1.4719610617e+01    1.2800000000e+02    7.7392540006e-03    6.4257812500e-01
       322   -7.5243940137e+00    5.6904331595e+01   -1.3027219683e+01    5.5028256694e+00    2.8127873737e+00   -1.5840007057e+01    1.2800000000e+02    7.7777240003e-03    6.4990234375e-01
       323   -7.5130876201e+00    5.6688926008e+01   -1.2941120874e+01    5.4280332539e+00    2.4673736130e+00   -1.5408494487e+01    1.2800000000e+02    7.6829889995e-03    6.2841796875e-01
       324   -7.5909581803e+00    5.7848417125e+01   -1.5485288425e+01    7.8943302443e+00    2.3856827677e+00   -1.7870971192e+01    1.2800000000e+02    7.7136570007e-03    6.4257812500e-01
       325   -7.4121532741e+00    5.5065655187e+01   -1.2723304104e+01    5.3111508301e+00    2.6751474160e+00   -1.5398451520e+01    1.2800000000e+02    7.7075419995e-03    6.4599609375e-01
       326   -7.5995924798e+00    5.8022799969e+01   -2.1960507261e+01    1.4360914781e+01    2.7063781735e+00   -2.4666885434e+01    1.2800000000e+02    7.6589250002e-03    6.2744140625e-01
       327   -7.5191557710e+00    5.6882184334e+01   -1.4354002186e+01    6.8348464150e+00    2.9954176345e+00   -1.7349419821e+01    1.2800000000e+02    7.6857109998e-03    6.2255859375e-01
       328   -7.3702989731e+00    5.4510080452e+01   -1.3459757457e+01    6.0894584835e+00    2.4669033962e+00   -1.5926660853e+01    1.2800000000e+02    7.7320119999e-03    6.3525390625e-01
       329   -7.3719375587e+00    5.4511557630e+01   -1.2847512709e+01    5.4755751506e+00    2.6279548763e+00   -1.5475467585e+01    1.2800000000e+02    7.8069720003e-03    6.5429687500e-01
       330   -7.5844485914e+00    5.7774455554e+01   -2.8705834078e+01    2.1121385486e+01    3.1718950267e+00   -3.1877729104e+01    1.2800000000e+02    7.6666519999e-03    6.2011718750e-01
       331   -7.3502453279e+00    5.4129229673e+01   -1.1442010572e+01    4.0917652444e+00    2.8167221463e+00   -1.4258732719e+01    1.2800000000e+02    7.8182839998e-03    6.6015625000e-01
       332   -7.3482494550e+00    5.4160840079e+01   -1.2500207167e+01    5.1519577124e+00    2.5284522197e+00   -1.5028659387e+01    1.2800000000e+02    7.7490490003e-03    6.5087890625e-01
       333   -7.5601201960e+00    5.7394580881e+01   -2.1535912161e+01    1.3975791965e+01    2.5815767227e+00   -2.4117488884e+01    1.2800000000e+02    7.6354059993e-03    6.3378906250e-01
       334   -7.4559777901e+00    5.5737514247e+01   -1.3850301662e+01    6.3943238722e+00    2.5897576869e+00   -1.6440059349e+01    1.2800000000e+02    7.7370259996e-03    6.3964843750e-01
       335   -7.4626103249e+00    5.5850847928e+01   -1.0695227575e+01    3.2326172506e+00    2.3822934693e+00   -1.3077521045e+01    1.2800000000e+02    7.8035670003e-03    6.7333984375e-01
       336   -7.4916495565e+00    5.6385416855e+01   -1.4062354540e+01    6.5707049836e+00    2.9260850291e+00   -1.6988439569e+01    1.2800000000e+02    7.6904729995e-03    6.3720703125e-01
       337   -7.4296974691e+00    5.5442419016e+01   -1.7702574472e+01    1.0272877003e+01    3.1669648156e+00   -2.0869539288e+01    1.2800000000e+02    7.6410370002e-03    6.1572265625e-01
       338   -7.5948262267e+00    5.7965718510e+01   -3.1041392066e+01    2.3446565840e+01    3.1557820693e+00   -3.4197174136e+01    1.2800000000e+02    7.5696650001e-03    5.9423828125e-01
       339   -7.5072421082e+00    5.6559212913e+01   -1.4670546309e+01    7.1633042008e+00    2.7251698101e+00   -1.7395716119e+01    1.2800000000e+02    7.6712600003e-03    6.2548828125e-01
       340   -7.5259466259e+00    5.6768305901e+01   -1.4165576048e+01    6.6396294220e+00    2.3674499416e+00   -1.6533025990e+01    1.2800000000e+02    7.7697240004e-03    6.6162109375e-01
       341   -7.4557101158e+00    5.5740435754e+01   -1.1650732873e+01    4.1950227572e+00    2.3796415545e+00   -1.4030374428e+01    1.2800000000e+02    7.8159200002e-03    6.6259765625e-01
       342   -7.4762553526e+00    5.6033310494e+01   -1.3711850720e+01    6.2355953678e+00    2.5209858481e+00   -1.6232836568e+01    1.2800000000e+02    7.6529210000e-03    6.5429687500e-01
       343   -7.4417487848e+00    5.5562722395e+01   -1.3854589398e+01    6.4128406137e+00    2.5721273864e+00   -1.6426716785e+01    1.2800000000e+02    7.7121320001e-03    6.3623046875e-01
       344   -7.3607057364e+00    5.4340838095e+01   -1.2828979992e+01    5.4682742557e+00    2.3516226424e+00   -1.5180602634e+01    1.2800000000e+02    8.1807890001e-03    6.4501953125e-01
       345   -7.3630462948e+00    5.4376810508e+01   -1.3527626630e+01    6.1645803356e+00    2.8003081751e+00   -1.6327934806e+01    1.2800000000e+02    7.6480630005e-03    6.2207031250e-01
       346   -7.4227917064e+00    5.5227837584e+01   -1.4002515522e+01    6.5797238152e+00    2.6982870321e+00   -1.6700802554e+01    1.2800000000e+02    7.7362000002e-03    6.4501953125e-01
       347   -7.6574128557e+00    5.9031167205e+01   -1.4814739255e+01    7.1573263997e+00    2.6860741056e+00   -1.7500813361e+01    1.2800000000e+02    7.7917700000e-03    6.4892578125e-01
       348   -7.4913126730e+00    5.6281536285e+01   -1.4815343269e+01    7.3240305964e+00    2.1947179767e+00   -1.7010061246e+01    1.2800000000e+02    7.6276489999e-03    6.2402343750e-01
       349   -7.5230773661e+00    5.6954758994e+01   -1.4745573014e+01    7.2224956480e+00    2.6504358915e+00   -1.7396008906e+01    1.2800000000e+02    7.7389779999e-03    6.2695312500e-01
       350   -7.6416749490e+00    5.8725281276e+01   -1.4720013008e+01    7.0783380590e+00    2.6635249565e+00   -1.7383537965e+01    1.2800000000e+02    7.6901720004e-03    6.4941406250e-01
       351   -7.5246580114e+00    5.6801102662e+01   -1.9200549926e+01    1.1675891915e+01    3.1467387267e+00   -2.2347288653e+01    1.2800000000e+02    7.6774999998e-03    6.2158203125e-01
       352   -7.3555456516e+00    5.4244310442e+01   -1.1820536866e+01    4.4649912140e+00    2.4910046685e+00   -1.4311541534e+01    1.2800000000e+02    7.7472579997e-03    6.5380859375e-01
       353   -7.5343645985e+00    5.7072952966e+01   -1.4091569951e+01    6.5572053521e+00    2.7623279980e+00   -1.6853897949e+01    1.2800000000e+02    7.6558440005e-03    6.2207031250e-01
       354   -7.3672722598e+00    5.4493032018e+01   -1.3567487899e+01    6.2002156388e+00    2.7652476508e+00   -1.6332735549e+01    1.2800000000e+02    7.7432670005e-03    6.3232421875e-01
       355   -7.6126775323e+00    5.8278486309e+01   -1.5062141488e+01    7.4494639556e+00    2.8089295971e+00   -1.7871071085e+01    1.2800000000e+02    7.7395310000e-03    6.4160156250e-01
       356   -7.4583150814e+00    5.5779886845e+01   -1.3700421814e+01    6.2421067330e+00    2.5604522537e+00   -1.6260874068e+01    1.2800000000e+02    7.7391300001e-03    6.5087890625e-01
       357   -7.5212186597e+00    5.6762676154e+01   -1.1880170795e+01    4.3589521355e+00    2.2065052582e+00   -1.4086676054e+01    1.2800000000e+02    7.7411299999e-03    6.5283203125e-01
       358   -7.6057001566e+00    5.8242332619e+01   -1.3425327781e+01    5.8196276241e+00    2.6866695427e+00   -1.6111997323e+01    1.2800000000e+02    7.7211460002e-03    6.4550781250e-01
       359   -7.3624442449e+00    5.4381743970e+01   -1.9347141380e+01    1.1984697135e+01    2.7357550927e+00   -2.2082896473e+01    1.2800000000e+02    7.7047240002e-03    6.3671875000e-01
       360   -7.5299480071e+00    5.6962093650e+01   -1.5327108201e+01    7.7971601943e+00    2.7575870900e+00   -1.8084695291e+01    1.2800000000e+02    7.6308099997e-03    6.2060546875e-01
       361   -7.4428251658e+00    5.5598159787e+01   -1.4082341374e+01    6.6395162085e+00    2.4060128741e+00   -1.6488354249e+01    1.2800000000e+02    7.6763229999e-03    6.2646484375e-01
       362   -7.5546906515e+00    5.7328171968e+01   -1.5779941687e+01    8.2252510350e+00    2.6826541645e+00   -1.8462595851e+01    1.2800000000e+02    7.7293550003e-03    6.4355468750e-01
       363   -7.4751693852e+00    5.6243442211e+01   -1.3442633559e+01    5.9674641741e+00    2.5553043384e+00   -1.5997937898e+01    1.2800000000e+02    7.6530460001e-03    6.4453125000e-01
       364   -7.4814100493e+00    5.6202881769e+01   -1.1679091694e+01    4.1976816448e+00    2.4728929539e+00   -1.4151984648e+01    1.2800000000e+02    7.8244809993e-03    6.6162109375e-01
       365   -7.4869593421e+00    5.6305027717e+01   -1.3794373078e+01    6.3074137363e+00    2.9601709164e+00   -1.6754543995e+01    1.2800000000e+02    7.7263390003e-03    6.3818359375e-01
       366   -7.4484547999e+00    5.5742119779e+01   -1.1909290191e+01    4.4608353912e+00    2.1804835992e+00   -1.4089773790e+01    1.2800000000e+02    7.8341930002e-03    6.6796875000e-01
       367   -7.3609904585e+00    5.4314691544e+01   -1.3035433295e+01    5.6744428360e+00    2.4508709752e+00   -1.5486304270e+01    1.2800000000e+02    7.7726399995e-03    6.4257812500e-01
       368   -7.5516734145e+00    5.7293283914e+01   -1.2085406814e+01    4.5337333995e+00    2.4588752597e+00   -1.4544282074e+01    1.2800000000e+02    7.7583950006e-03    6.6259765625e-01
       369   -7.3600057966e+00    5.4268598155e+01   -1.0272378315e+01    2.9123725185e+00    2.3566830471e+00   -1.2629061362e+01    1.2800000000e+02    7.8754000006e-03    6.7529296875e-01
       370   -7.3219901693e+00    5.3759846974e+01   -1.2247215963e+01    4.9252257933e+00    2.5833673039e+00   -1.4830583267e+01    1.2800000000e+02    7.7181130000e-03    6.3623046875e-01
       371   -7.5887070229e+00    5.7899462747e+01   -1.3382309686e+01    5.7936026635e+00    2.4966359989e+00   -1.5878945685e+01    1.2800000000e+02    7.7805720002e-03    6.5722656250e-01
       372   -7.4205965655e+00    5.5289877176e+01   -1.4746673003e+01    7.3260764373e+00    2.5455504460e+00   -1.7292223449e+01    1.2800000000e+02    7.7185939999e-03    6.5136718750e-01
       373   -7.5004551844e+00    5.6520792525e+01   -1.2740988370e+01    5.2405331856e+00    2.4166958566e+00   -1.5157684227e+01    1.2800000000e+02    7.6810970004e-03    6.5380859375e-01
       374   -7.3306961074e+00    5.3940223215e+01   -1.2215803179e+01    4.8851070715e+00    2.3986536172e+00   -1.4614456796e+01    1.2800000000e+02    7.7714410008e-03    6.5478515625e-01
       375   -7.4257430885e+00    5.5305830938e+01   -1.4523654621e+01    7.0979115320e+00    2.6384862442e+00   -1.7162140865e+01    1.2800000000e+02    7.7228969994e-03    6.3427734375e-01
       376   -7.4593277231e+00    5.5828410985e+01   -1.3467914716e+01    6.0085869925e+00    2.3306330160e+00   -1.5798547732e+01    1.2800000000e+02    7.6430990002e-03    6.3818359375e-01
       377   -7.5657015569e+00    5.7489094575e+01   -1.3733276802e+01    6.1675752446e+00    2.4196177561e+00   -1.6152894558e+01    1.2800000000e+02    7.8297910004e-03    6.7285156250e-01
       378   -7.3824087626e+00    5.4687485907e+01   -1.5535704585e+01    8.1532958226e+00    2.4879488145e+00   -1.8023653400e+01    1.2800000000e+02    7.5794519998e-03    6.2548828125e-01
       379   -7.2793744266e+00    5.3137496122e+01   -1.3367911191e+01    6.0885367642e+00    2.3861384386e+00   -1.5754049629e+01    1.2800000000e+02    7.6321039996e-03    6.2988281250e-01
       380   -7.3419474305e+00    5.4011391448e+01   -1.6342974188e+01    9.0010267579e+00    3.1933823339e+00   -1.9536356522e+01    1.2800000000e+02    7.7299609993e-03    6.1669921875e-01
       381   -7.4796445934e+00    5.6212275992e+01   -1.9537516256e+01    1.2057871663e+01    2.9516163312e+00   -2.2489132587e+01    1.2800000000e+02    7.7030790007e-03    6.3720703125e-01
       382   -7.4487892090e+00    5.5764998552e+01   -1.9627609380e+01    1.2178820171e+01    3.1195977022e+00   -2.2747207082e+01    1.2800000000e+02    7.5957130002e-03    6.1035156250e-01
       383   -7.3765549598e+00    5.4580513511e+01   -1.2567475766e+01    5.1909208058e+00    2.5115661661e+00   -1.5079041932e+01    1.2800000000e+02    7.7728739998e-03    6.5283203125e-01
       384   -7.4724536374e+00    5.6005541835e+01   -1.3278440666e+01    5.8059870290e+00    2.5239288833e+00   -1.5802369550e+01    1.2800000000e+02    7.7624879996e-03    6.4990234375e-01
       385   -7.4520998541e+00    5.5729579223e+01   -1.2049852608e+01    4.5977527542e+00    2.5409861835e+00   -1.4590838792e+01    1.2800000000e+02    7.6699699994e-03    6.3916015625e-01
       386   -7.4016815050e+00    5.4965292517e+01   -1.7895084009e+01    1.0493402504e+01    2.7315640853e+00   -2.0626648094e+01    1.2800000000e+02    7.6250410002e-03    6.2011718750e-01
       387   -7.4885417086e+00    5.6382110877e+01   -1.5718609909e+01    8.2300682006e+00    3.0699813023e+00   -1.8788591212e+01    1.2800000000e+02    7.7037319998e-03    6.2451171875e-01
       388   -7.4486947547e+00    5.5950005229e+01   -1.5668481377e+01    8.2197866225e+00    2.8271992961e+00   -1.8495680673e+01    1.2800000000e+02    7.7245490002e-03    6.1962890625e-01
       389   -7.5104699618e+00    5.6572215395e+01   -1.2482982249e+01    4.9725122868e+00    2.3934428983e+00   -1.4876425147e+01    1.2800000000e+02    7.7044830005e-03    6.4453125000e-01
       390   -7.5425131233e+00    5.7094103824e+01   -2.0085123514e+01    1.2542610391e+01    2.7459599756e+00   -2.2831083490e+01    1.2800000000e+02    7.7101239995e-03    6.3964843750e-01
       391   -7.6063234139e+00    5.8195939204e+01   -1.5453852836e+01    7.8475294222e+00    3.0878894522e+00   -1.8541742288e+01    1.2800000000e+02    7.7046970000e-03    6.3085937500e-01
       392   -7.4487925603e+00    5.5692069876e+01   -1.4077153509e+01    6.6283609485e+00    2.8187537608e+00   -1.6895907270e+01    1.2800000000e+02    7.7779229996e-03    6.5478515625e-01
       393   -7.5107402369e+00    5.6589542312e+01   -1.3032370679e+01    5.5216304425e+00    2.6036195935e+00   -1.5635990273e+01    1.2800000000e+02    7.7409579999e-03    6.3818359375e-01
       394   -7.4577560111e+00    5.5836584515e+01   -1.2006552579e+01    4.5487965677e+00    2.7082220081e+00   -1.4714774587e+01    1.2800000000e+02    7.7429860003e-03    6.4355468750e-01
       395   -7.6045673518e+00    5.8252458149e+01   -1.6512020740e+01    8.9074533884e+00    2.8062948048e+00   -1.9318315545e+01    1.2800000000e+02    7.6640269999e-03    6.1816406250e-01
       396   -7.5126168916e+00    5.6610158161e+01   -1.1127107118e+01    3.6144902259e+00    2.5466872217e+00   -1.3673794339e+01    1.2800000000e+02    7.8186069995e-03    6.6259765625e-01
       397   -7.4743737883e+00    5.6029527408e+01   -1.3191182086e+01    5.7168082973e+00    2.6829641304e+00   -1.5874146216e+01    1.2800000000e+02    7.7365919997e-03    6.4794921875e-01
       398   -7.7617929109e+00    6.0746352983e+01   -1.8987303075e+01    1.1225510164e+01    2.8257553297e+00   -2.1813058404e+01    1.2800000000e+02    7.6874779998e-03    6.2353515625e-01
       399   -7.3899333734e+00    5.4798678277e+01   -1.4871479631e+01    7.4815462578e+00    2.5869529060e+00   -1.7458432537e+01    1.2800000000e+02    7.7880970002e-03    6.5722656250e-01
       400   -7.3992392094e+00    5.4906543863e+01   -1.2923805913e+01    5.5245667038e+00    2.3544603417e+00   -1.5278266255e+01    1.2800000000e+02    7.8048659998e-03    6.6406250000e-01
       401   -7.3554923320e+00    5.4397401573e+01   -2.9731463188e+01    2.2375970856e+01    2.6004129354e+00   -3.2331876124e+01    1.2800000000e+02    7.6066390002e-03    6.2744140625e-01
       402   -7.4458624570e+00    5.5702923579e+01   -1.2568007419e+01    5.1221449622e+00    2.4370854212e+00   -1.5005092840e+01    1.2800000000e+02    7.7845010001e-03    6.5380859375e-01
       403   -7.5761106055e+00    5.7661689239e+01   -1.4234300062e+01    6.6581894568e+00    2.7564317954e+00   -1.6990731858e+01    1.2800000000e+02    7.8788559995e-03    6.5087890625e-01
       404   -7.4265584858e+00    5.5343625338e+01   -1.3384797416e+01    5.9582389299e+00    2.6083514307e+00   -1.5993148846e+01    1.2800000000e+02    7.7441869998e-03    6.4208984375e-01
       405   -7.6170243576e+00    5.8336511117e+01   -1.9057540290e+01    1.1440515932e+01    2.9530708283e+00   -2.2010611118e+01    1.2800000000e+02    7.8260400005e-03    6.4355468750e-01
       406   -7.5164367574e+00    5.6744052889e+01   -1.2552115302e+01    5.0356785445e+00    2.5649435722e+00   -1.5117058874e+01    1.2800000000e+02    7.8059879997e-03    6.6162109375e-01
       407   -7.4396323975e+00    5.5456881375e+01   -1.2675962490e+01    5.2363300921e+00    2.6015338722e+00   -1.5277496362e+01    1.2800000000e+02    7.8345610000e-03    6.4990234375e-01
       408   -7.4007781096e+00    5.4936514854e+01   -1.2415375272e+01    5.0145971627e+00    2.4866151452e+00   -1.4901990417e+01    1.2800000000e+02    7.7693720004e-03    6.5429687500e-01
       409   -7.4816648624e+00    5.6197929800e+01   -1.1862281655e+01    4.3806167922e+00    2.3110892748e+00   -1.4173370929e+01    1.2800000000e+02    7.7610449998e-03    6.5136718750e-01
       410   -7.7415426521e+00    6.0255868528e+01   -1.8634039826e+01    1.0892497174e+01    2.6463906318e+00   -2.1280430458e+01    1.2800000000e+02    7.6365340001e-03    6.1865234375e-01
       411   -7.5193728199e+00    5.6809195288e+01   -1.4747318719e+01    7.2279458992e+00    2.3934513234e+00   -1.7140770042e+01    1.2800000000e+02    7.6958330001e-03    6.4208984375e-01
       412   -7.3727684967e+00    5.4530062484e+01   -1.3081129185e+01    5.7083606882e+00    2.8380073054e+00   -1.5919136490e+01    1.2800000000e+02    7.7451040006e-03    6.4013671875e-01
       413   -7.3845396484e+00    5.4658305536e+01   -1.2063381258e+01    4.6788416095e+00    2.5651609536e+00   -1.4628542212e+01    1.2800000000e+02    7.7966319996e-03    6.3476562500e-01
       414   -7.5157543274e+00    5.6695056209e+01   -2.0517545616e+01    1.3001791289e+01    2.7137185460e+00   -2.3231264162e+01    1.2800000000e+02    9.2079879996e-03    6.3574218750e-01
       415   -7.4816109726e+00    5.6159323071e+01   -1.8962703940e+01    1.1481092967e+01    2.9536123534e+00   -2.1916316293e+01    1.2800000000e+02    9.7679179999e-03    6.2988281250e-01
       416   -7.6033105473e+00    5.8086490177e+01   -2.4114248529e+01    1.6510937982e+01    2.6167974281e+00   -2.6731045957e+01    1.2800000000e+02    7.7758910002e-03    6.1083984375e-01
       417   -7.3849974910e+00    5.4669143184e+01   -1.2890663428e+01    5.5056659374e+00    2.6390348950e+00   -1.5529698323e+01    1.2800000000e+02    7.7045250000e-03    6.3427734375e-01
       418   -7.8894101603e+00    6.2701789952e+01   -1.6110644899e+01    8.2212347385e+00    2.7506167384e+00   -1.8861261637e+01    1.2800000000e+02    7.8544140006e-03    6.2597656250e-01
       419   -7.3934801144e+00    5.4826041617e+01   -1.2561131364e+01    5.1676512500e+00    2.9788758350e+00   -1.5540007199e+01    1.2800000000e+02    7.7240260007e-03    6.3818359375e-01
       420   -7.4272436179e+00    5.5332988738e+01   -1.2546509241e+01    5.1192656232e+00    2.5762999208e+00   -1.5122809162e+01    1.2800000000e+02    7.9076399998e-03    6.4843750000e-01
       421   -7.5099338263e+00    5.6582687572e+01   -1.2856292349e+01    5.3463585228e+00    2.5978707149e+00   -1.5454163064e+01    1.2800000000e+02    7.7902809999e-03    6.5429687500e-01
       422   -7.3752604746e+00    5.4603204784e+01   -1.3122524544e+01    5.7472640698e+00    2.4565950281e+00   -1.5579119572e+01    1.2800000000e+02    7.7717400000e-03    6.3867187500e-01
       423   -7.5094317618e+00    5.6590321013e+01   -1.2396434083e+01    4.8870023216e+00    2.4400299316e+00   -1.4836464015e+01    1.2800000000e+02    7.9183309999e-03    6.5771484375e-01
       424   -7.4108446080e+00    5.5047098845e+01   -1.3033225813e+01    5.6223812048e+00    2.8109642484e+00   -1.5844190061e+01    1.2800000000e+02    7.8093120001e-03    6.5380859375e-01
       425   -7.5660217610e+00    5.7520764651e+01   -1.3082594767e+01    5.5165730056e+00    2.9750276432e+00   -1.6057622410e+01    1.2800000000e+02    7.8965040002e-03    6.4550781250e-01
       426   -7.3876458509e+00    5.4750622545e+01   -1.4288548382e+01    6.9009025307e+00    2.6219670766e+00   -1.6910515458e+01    1.2800000000e+02    7.7456669997e-03    6.4746093750e-01
       427   -7.3864362644e+00    5.4785193237e+01   -1.3118239959e+01    5.7318036951e+00    2.5778057299e+00   -1.5696045689e+01    1.2800000000e+02    7.9467830001e-03    6.4550781250e-01
       428   -7.5420319614e+00    5.7157010640e+01   -1.3367244696e+01    5.8252127343e+00    2.8829967416e+00   -1.6250241437e+01    1.2800000000e+02    7.8141539998e-03    6.5185546875e-01
       429   -7.3679068267e+00    5.4484968014e+01   -1.3189527361e+01    5.8216205345e+00    2.7368723312e+00   -1.5926399692e+01    1.2800000000e+02    7.8839919997e-03    6.3281250000e-01
       430   -7.4182752118e+00    5.5148030766e+01   -1.5290205465e+01    7.8719302531e+00    2.4795222001e+00   -1.7769727665e+01    1.2800000000e+02    7.6566220005e-03    6.3671875000e-01
       431   -7.6757778860e+00    5.9211463056e+01   -1.7200068714e+01    9.5242908276e+00    2.7390913106e+00   -1.9939160024e+01    1.2800000000e+02    7.9470900000e-03    6.3916015625e-01
       432   -7.5142523085e+00    5.6666236422e+01   -1.4851321152e+01    7.3370688433e+00    2.4914517715e+00   -1.7342772923e+01    1.2800000000e+02    7.7058010002e-03    6.3037109375e-01
       433   -7.8073810122e+00    6.1375196884e+01   -1.6686216542e+01    8.8788355298e+00    2.4975860365e+00   -1.9183802579e+01    1.2800000000e+02    7.7904200007e-03    6.2890625000e-01
       434   -7.4599998347e+00    5.5863711027e+01   -1.3024499368e+01    5.5644995328e+00    2.5932374061e+00   -1.5617736774e+01    1.2800000000e+02    7.6967080004e-03    6.3720703125e-01
       435   -7.6050587934e+00    5.8189652853e+01   -1.4114448081e+01    6.5093892877e+00    2.8939671122e+00   -1.7008415193e+01    1.2800000000e+02    7.8587159996e-03    6.3525390625e-01
       436   -7.3831912191e+00    5.4678750992e+01   -1.7457168872e+01    1.0073977653e+01    2.7981879979e+00   -2.0255356870e+01    1.2800000000e+02    7.7026640001e-03    6.3134765625e-01
       437   -7.4585455529e+00    5.5749220841e+01   -1.7230259240e+01    9.7717136867e+00    2.6502207473e+00   -1.9880479987e+01    1.2800000000e+02    7.8063860001e-03    6.2695312500e-01
       438   -7.3705192951e+00    5.4490138817e+01   -1.2698853940e+01    5.3283346447e+00    2.2952711744e+00   -1.4994125114e+01    1.2800000000e+02    7.6983870003e-03    6.4990234375e-01
       439   -7.5415949307e+00    5.7298104803e+01   -1.3724076364e+01    6.1824814333e+00    2.6178135444e+00   -1.6341889908e+01    1.2800000000e+02    7.7843219997e-03    6.6015625000e-01
       440   -7.3809176232e+00    5.4726748614e+01   -1.7692860848e+01    1.0311943224e+01    2.9044214141e+00   -2.0597282262e+01    1.2800000000e+02    7.7326239998e-03    6.1230468750e-01
       441   -7.4733824813e+00    5.6047691482e+01   -1.5775719743e+01    8.3023372615e+00    2.5666508070e+00   -1.8342370550e+01    1.2800000000e+02    7.6833200001e-03    6.3671875000e-01
       442   -7.5565101812e+00    5.7411239220e+01   -1.4563980217e+01    7.0074700359e+00    2.6907288498e+00   -1.7254709067e+01    1.2800000000e+02    7.9042979996e-03    6.4599609375e-01
       443   -7.3056917449e+00    5.3525029617e+01   -1.3441845332e+01    6.1361535870e+00    2.5736381845e+00   -1.6015483516e+01    1.2800000000e+02    7.6442390000e-03    6.2792968750e-01
       444   -7.3370446676e+00    5.4045426739e+01   -1.2947285920e+01    5.6102412525e+00    2.3671475833e+00   -1.5314433503e+01    1.2800000000e+02    7.9193470001e-03    6.5185546875e-01
       445   -7.7158507318e+00    5.9841646852e+01   -1.5983242567e+01    8.2673918353e+00    2.9500323643e+00   -1.8933274931e+01    1.2800000000e+02    7.7217950002e-03    6.3818359375e-01
       446   -7.5942795410e+00    5.8001266812e+01   -1.4054780393e+01    6.4605008518e+00    2.5280204760e+00   -1.6582800869e+01    1.2800000000e+02    7.8781669999e-03    6.6845703125e-01
       447   -7.5945406924e+00    5.8050726235e+01   -1.5573780022e+01    7.9792393296e+00    2.5178746447e+00   -1.8091654667e+01    1.2800000000e+02    7.6338119998e-03    6.3427734375e-01
       448   -7.6744623735e+00    5.9292258241e+01   -1.5336879909e+01    7.6624175353e+00    3.1699066744e+00   -1.8506786583e+01    1.2800000000e+02    7.8062580005e-03    6.2597656250e-01
       449   -7.3909054693e+00    5.4842745469e+01   -1.1119775412e+01    3.7288699432e+00    2.0595644619e+00   -1.3179339874e+01    1.2800000000e+02    7.7071139995e-03    6.7089843750e-01
       450   -7.4713674756e+00    5.6073689042e+01   -1.2732515853e+01    5.2611483774e+00    2.8058724164e+00   -1.5538388269e+01    1.2800000000e+02    7.9132450001e-03    6.4404296875e-01
       451   -7.4097510891e+00    5.5154391164e+01   -1.7281475056e+01    9.8717239670e+00    3.1572493244e+00   -2.0438724380e+01    1.2800000000e+02    7.6790980002e-03    6.1425781250e-01
       452   -7.6892398961e+00    5.9517954921e+01   -1.8461119132e+01    1.0771879236e+01    2.7456749967e+00   -2.1206794129e+01    1.2800000000e+02    7.8335540002e-03    6.2255859375e-01
       453   -7.4729714665e+00    5.5982251176e+01   -1.2188230027e+01    4.7152585605e+00    2.7832081772e+00   -1.4971438204e+01    1.2800000000e+02    7.7141519996e-03    6.3085937500e-01
       454   -7.3233916205e+00    5.3724153829e+01   -1.1063746742e+01    3.7403551218e+00    2.6201834221e+00   -1.3683930164e+01    1.2800000000e+02    7.8727780001e-03    6.5087890625e-01
       455   -7.6059280899e+00    5.8232657643e+01   -1.4301466699e+01    6.6955386093e+00    2.5578409329e+00   -1.6859307632e+01    1.2800000000e+02    7.8262960005e-03    6.4892578125e-01
       456   -7.4363811673e+00    5.5649302556e+01   -1.4230757003e+01    6.7943758355e+00    2.6580741487e+00   -1.6888831151e+01    1.2800000000e+02    7.7430490001e-03    6.3818359375e-01
       457   -7.4144455647e+00    5.5190896015e+01   -2.9349725311e+01    2.1935279746e+01    2.7958192062e+00   -3.2145544517e+01    1.2800000000e+02    7.8161980000e-03    6.2060546875e-01
       458   -7.5555368389e+00    5.7387897817e+01   -1.2853595556e+01    5.2980587171e+00    2.7023012286e+00   -1.5555896785e+01    1.2800000000e+02    7.7032500003e-03    6.3330078125e-01
       459   -7.3191327185e+00    5.3738811680e+01   -1.2512868557e+01    5.1937358385e+00    2.7518955912e+00   -1.5264764148e+01    1.2800000000e+02    7.9797770004e-03    6.5673828125e-01
       460   -7.4491383718e+00    5.5754344535e+01   -1.2797190946e+01    5.3480525745e+00    2.5542540023e+00   -1.5351444949e+01    1.2800000000e+02    7.7636549995e-03    6.5576171875e-01
       461   -7.4717195775e+00    5.6048658286e+01   -1.2670139131e+01    5.1984195533e+00    3.0973394755e+00   -1.5767478606e+01    1.2800000000e+02    7.8741059997e-03    6.4306640625e-01
       462   -7.5721183821e+00    5.7686613723e+01   -1.6278781727e+01    8.7066633449e+00    2.7809917065e+00   -1.9059773434e+01    1.2800000000e+02    7.6235580000e-03    6.1083984375e-01
       463   -7.4782111604e+00    5.6137795214e+01   -1.2222724529e+01    4.7445133685e+00    2.6010609443e+00   -1.4823785473e+01    1.2800000000e+02    7.8854849999e-03    6.6015625000e-01
       464   -7.5631619645e+00    5.7740285508e+01   -1.5297695933e+01    7.7345339688e+00    2.6446062946e+00   -1.7942302228e+01    1.2800000000e+02    7.6955690001e-03    6.3427734375e-01
       465   -7.7167610499e+00    5.9882493098e+01   -1.4090084345e+01    6.3733232950e+00    3.0722279483e+00   -1.7162312293e+01    1.2800000000e+02    7.7796660007e-03    6.3037109375e-01
       466   -7.4060393353e+00    5.4997033412e+01   -1.2170582558e+01    4.7645432225e+00    2.6106262650e+00   -1.4781208823e+01    1.2800000000e+02    7.6515559995e-03    6.3671875000e-01
       467   -7.3747133828e+00    5.4570124362e+01   -1.2810497454e+01    5.4357840713e+00    2.3875517722e+00   -1.5198049226e+01    1.2800000000e+02    7.8114329999e-03    6.3769531250e-01
       468   -7.5902326921e+00    5.7955180626e+01   -1.4358552669e+01    6.7683199772e+00    2.7709674676e+00   -1.7129520137e+01    1.2800000000e+02    7.7467940000e-03    6.4160156250e-01
       469   -7.5784786470e+00    5.7726211877e+01   -1.4155809385e+01    6.5773307379e+00    2.5792747922e+00   -1.6735084177e+01    1.2800000000e+02    7.7738680002e-03    6.3476562500e-01
       470   -7.4781250244e+00    5.6092763933e+01   -1.7710381938e+01    1.0232256913e+01    2.7792352399e+00   -2.0489617177e+01    1.2800000000e+02    7.7876639998e-03    6.3476562500e-01
       471   -7.4384018189e+00    5.5496143234e+01   -1.4743436203e+01    7.3050343840e+00    2.4288048826e+00   -1.7172241085e+01    1.2800000000e+02    7.7141030006e-03    6.3134765625e-01
       472   -7.4945536188e+00    5.6374902117e+01   -1.4295315395e+01    6.8007617759e+00    2.4524068311e+00   -1.6747722226e+01    1.2800000000e+02    8.4325150001e-03    6.4794921875e-01
       473   -7.3677146338e+00    5.4438375415e+01   -1.2971328230e+01    5.6036135965e+00    2.6969832624e+00   -1.5668311493e+01    1.2800000000e+02    7.6813070000e-03    6.3330078125e-01
       474   -7.4596554243e+00    5.5898129430e+01   -1.3699151617e+01    6.2394961925e+00    2.7958963830e+00   -1.6495048000e+01    1.2800000000e+02    7.8349839996e-03    6.2988281250e-01
       475   -7.4644542647e+00    5.5942505432e+01   -1.3844849707e+01    6.3803954422e+00    2.4099541651e+00   -1.6254803872e+01    1.2800000000e+02    7.6803800002e-03    6.3769531250e-01
       476   -7.3569534848e+00    5.4335880885e+01   -1.4561439168e+01    7.2044856829e+00    2.8952962700e+00   -1.7456735438e+01    1.2800000000e+02    7.8616159999e-03    6.4257812500e-01
       477   -7.4430454052e+00    5.5632748456e+01   -1.2103322959e+01    4.6602775540e+00    2.5500584315e+00   -1.4653381391e+01    1.2800000000e+02    7.7806559993e-03    6.5576171875e-01
       478   -7.3680239160e+00    5.4407399992e+01   -1.2194139645e+01    4.8261157292e+00    2.6429526821e+00   -1.4837092327e+01    1.2800000000e+02    7.8330610004e-03    6.4208984375e-01
       479   -7.6135467078e+00    5.8433893808e+01   -1.3588464044e+01    5.9749173360e+00    3.2115941645e+00   -1.6800058208e+01    1.2800000000e+02    7.6349729998e-03    6.2890625000e-01
       480   -7.3830388886e+00    5.4633775399e+01   -1.2632804445e+01    5.2497655565e+00    2.5486193383e+00   -1.5181423783e+01    1.2800000000e+02    7.8801620002e-03    6.6015625000e-01
       481   -7.5715944828e+00    5.7687949394e+01   -1.4019241543e+01    6.4476470606e+00    2.8099787869e+00   -1.6829220330e+01    1.2800000000e+02    7.6350660001e-03    6.2646484375e-01
       482   -7.4966443325e+00    5.6350580162e+01   -1.2505763163e+01    5.0091188304e+00    2.4202650672e+00   -1.4926028230e+01    1.2800000000e+02    7.9402309993e-03    6.5332031250e-01
       483   -7.4520821431e+00    5.5708808889e+01   -1.2021542179e+01    4.5694600356e+00    2.5975225639e+00   -1.4619064743e+01    1.2800000000e+02    7.7549570005e-03    6.5136718750e-01
       484   -7.4266637047e+00    5.5287121177e+01   -1.1756761576e+01    4.3300978710e+00    2.6617748949e+00   -1.4418536471e+01    1.2800000000e+02    7.8840380002e-03    6.5332031250e-01
       485   -7.5108618820e+00    5.6629910749e+01   -1.3759052421e+01    6.2481905388e+00    2.6720682691e+00   -1.6431120690e+01    1.2800000000e+02    7.7324180002e-03    6.4208984375e-01
       486   -7.5799558231e+00    5.7771102749e+01   -1.3243080139e+01    5.6631243163e+00    2.4078554400e+00   -1.5650935579e+01    1.2800000000e+02    7.7918400002e-03    6.5527343750e-01
       487   -7.4712795041e+00    5.6028088143e+01   -1.4077714920e+01    6.6064354163e+00    2.8938311418e+00   -1.6971546062e+01    1.2800000000e+02    7.7055029997e-03    6.3476562500e-01
       488   -7.4319147578e+00    5.5452627249e+01   -1.4187029771e+01    6.7551150134e+00    2.8036528499e+00   -1.6990682621e+01    1.2800000000e+02    7.6999659996e-03    6.4062500000e-01
       489   -7.3825877431e+00    5.4807311763e+01   -1.4812350516e+01    7.4297627730e+00    2.6527456062e+00   -1.7465096122e+01    1.2800000000e+02    7.7934880001e-03    6.2792968750e-01
       490   -7.3356292500e+00    5.4009629519e+01   -1.2825828966e+01    5.4901997161e+00    2.5305041218e+00   -1.5356333088e+01    1.2800000000e+02    7.7110650000e-03    6.3525390625e-01
       491   -7.4672678842e+00    5.5888178236e+01   -1.4800743238e+01    7.3334753541e+00    2.8167020796e+00   -1.7617445318e+01    1.2800000000e+02    7.9593060000e-03    6.3281250000e-01
       492   -7.4810115119e+00    5.6380989212e+01   -1.4204457341e+01    6.7234458293e+00    2.6817125688e+00   -1.6886169910e+01    1.2800000000e+02    7.6877490001e-03    6.3183593750e-01
       493   -7.5407643364e+00    5.7140659183e+01   -1.9707682560e+01    1.2166918224e+01    2.9186047519e+00   -2.2626287312e+01    1.2800000000e+02    7.7759710002e-03    6.1474609375e-01
       494   -7.3443347826e+00    5.4108764730e+01   -1.6890192795e+01    9.5458580128e+00    2.3175521205e+00   -1.9207744916e+01    1.2800000000e+02    7.6266110000e-03    6.5673828125e-01
       495   -7.5069768276e+00    5.6627315425e+01   -1.3926105851e+01    6.4191290230e+00    2.3490742804e+00   -1.6275180131e+01    1.2800000000e+02    7.8720219999e-03    6.4355468750e-01
       496   -7.4071886681e+00    5.5065672772e+01   -1.3690441622e+01    6.2832529541e+00    2.5616376940e+00   -1.6252079316e+01    1.2800000000e+02    7.6899160003e-03    6.2939453125e-01
       497   -7.6313448447e+00    5.8599771921e+01   -1.8374090659e+01    1.0742745814e+01    2.6654860444e+00   -2.1039576703e+01    1.2800000000e+02    7.7987109999e-03    6.1914062500e-01
       498   -7.4177999420e+00    5.5295310537e+01   -1.2322982432e+01    4.9051824896e+00    2.6035290838e+00   -1.4926511515e+01    1.2800000000e+02    7.7209900001e-03    6.4208984375e-01
       499   -7.4396560415e+00    5.5578617647e+01   -1.4129507004e+01    6.6898509629e+00    2.4669469948e+00   -1.6596453999e+01    1.2800000000e+02    7.8329810003e-03    6.4550781250e-01
