#   index    LocalEnergy         LocalEnergy_sq      LocalPotential      Kinetic             ElecElec            IonElec             BlockWeight         BlockCPU            AcceptRatio         
         0   -7.4336058352e+00    5.5457976189e+01   -1.2123657869e+01    4.6900520340e+00    2.4775035003e+00   -1.4601161369e+01    1.2800000000e+02    8.0930029999e-03    6.5380859375e-01
         1   -7.4517110206e+00    5.5752163177e+01   -1.8463491854e+01    1.1011780833e+01    2.6310187327e+00   -2.1094510587e+01    1.2800000000e+02    8.1497820001e-03    6.3769531250e-01
         2   -7.6531502256e+00    5.8784140088e+01   -1.4980795815e+01    7.3276455890e+00    2.7093422049e+00   -1.7690138019e+01    1.2800000000e+02    7.8394380007e-03    6.5283203125e-01
         3   -7.4777647879e+00    5.6155390156e+01   -1.6033389468e+01    8.5556246805e+00    2.4559695483e+00   -1.8489359017e+01    1.2800000000e+02    7.6244239999e-03    6.3330078125e-01
         4   -7.4279024386e+00    5.5408154901e+01   -1.6961087043e+01    9.5331846043e+00    3.0035730867e+00   -1.9964660130e+01    1.2800000000e+02    7.6930140003e-03    6.2548828125e-01
         5   -7.5020646373e+00    5.6512971185e+01   -1.2243997948e+01    4.7419333102e+00    2.4168918449e+00   -1.4660889793e+01    1.2800000000e+02    7.7406900000e-03    6.4794921875e-01
         6   -7.4441851306e+00    5.5576067233e+01   -1.2623994513e+01    5.1798093822e+00    2.3571737943e+00   -1.4981168307e+01    1.2800000000e+02    7.6510310000e-03    6.3378906250e-01
         7   -7.4118813853e+00    5.5138043905e+01   -1.2262859062e+01    4.8509776771e+00    2.3752383696e+00   -1.4638097432e+01    1.2800000000e+02    7.7029859995e-03    6.4208984375e-01
         8   -7.3996247105e+00    5.4908503043e+01   -1.3591718648e+01    6.1920939379e+00    2.4525639080e+00   -1.6044282556e+01    1.2800000000e+02    7.7044710006e-03    6.4648437500e-01
         9   -7.5028194957e+00    5.6596626517e+01   -1.7370807926e+01    9.8679884302e+00    2.6479751170e+00   -2.0018783043e+01    1.2800000000e+02    7.6462269999e-03    6.2011718750e-01
        10   -7.4587294892e+00    5.5798323276e+01   -1.3574116301e+01    6.1153868113e+00    2.8426918541e+00   -1.6416808155e+01    1.2800000000e+02    7.8455160001e-03    6.4013671875e-01
        11   -7.6840464063e+00    5.9434205997e+01   -1.4688920817e+01    7.0048744106e+00    2.4316283444e+00   -1.7120549161e+01    1.2800000000e+02    7.6912519999e-03    6.3330078125e-01
        12   -7.4561827280e+00    5.5902292938e+01   -1.3038799282e+01    5.5826165544e+00    2.4861745752e+00   -1.5524973858e+01    1.2800000000e+02    7.7856050002e-03    6.5820312500e-01
        13   -7.5111587996e+00    5.6777598064e+01   -1.3451724235e+01    5.9405654357e+00    2.5737719719e+00   -1.6025496207e+01    1.2800000000e+02    7.7347200004e-03    6.4599609375e-01
        14   -7.3918301348e+00    5.4828453268e+01   -2.7227382751e+01    1.9835552616e+01    2.9164662391e+00   -3.0143848990e+01    1.2800000000e+02    7.6545339998e-03    6.2109375000e-01
        15   -7.6002986168e+00    5.8099493161e+01   -1.5662154737e+01    8.0618561200e+00    2.6972359273e+00   -1.8359390664e+01    1.2800000000e+02    7.7064550005e-03    6.3623046875e-01
        16   -7.5316561347e+00    5.7099766098e+01   -1.4857336855e+01    7.3256807199e+00    2.5891998343e+00   -1.7446536689e+01    1.2800000000e+02    7.6903609997e-03    6.5185546875e-01
        17   -7.5180994792e+00    5.6718247626e+01   -1.3409760752e+01    5.8916612724e+00    2.3059869496e+00   -1.5715747701e+01    1.2800000000e+02    7.6849159996e-03    6.5380859375e-01
        18   -7.6630739157e+00    5.9010464247e+01   -1.5875063348e+01    8.2119894322e+00    2.4041704750e+00   -1.8279233823e+01    1.2800000000e+02    7.6951860001e-03    6.4257812500e-01
        19   -7.5236927249e+00    5.6804121922e+01   -1.4036689830e+01    6.5129971047e+00    2.5856714282e+00   -1.6622361258e+01    1.2800000000e+02    7.7190709999e-03    6.3574218750e-01
        20   -7.5552986462e+00    5.7418478173e+01   -1.6256696656e+01    8.7013980100e+00    2.7730814921e+00   -1.9029778148e+01    1.2800000000e+02    7.6341689992e-03    6.2646484375e-01
        21   -7.4050274568e+00    5.5061837497e+01   -1.1802145728e+01    4.3971182712e+00    2.5674022927e+00   -1.4369548021e+01    1.2800000000e+02    7.7964580005e-03    6.6503906250e-01
        22   -7.4477847837e+00    5.5645074259e+01   -1.2770323735e+01    5.3225389511e+00    2.8475610188e+00   -1.5617884754e+01    1.2800000000e+02    7.6464070007e-03    6.2500000000e-01
        23   -7.4712745938e+00    5.6026165768e+01   -1.5660051949e+01    8.1887773550e+00    2.7051418621e+00   -1.8365193811e+01    1.2800000000e+02    7.7361470003e-03    6.3867187500e-01
        24   -7.4074508628e+00    5.5011736846e+01   -1.5829519702e+01    8.4220688396e+00    2.7856323247e+00   -1.8615152027e+01    1.2800000000e+02    7.6980860003e-03    6.3574218750e-01
        25   -7.4440136542e+00    5.5613896752e+01   -1.5381834590e+01    7.9378209355e+00    2.6467821271e+00   -1.8028616717e+01    1.2800000000e+02    7.6896909995e-03    6.3037109375e-01
        26   -7.3951308487e+00    5.4967936220e+01   -1.6044639758e+01    8.6495089094e+00    2.8913874134e+00   -1.8936027172e+01    1.2800000000e+02    7.6572449998e-03    6.1718750000e-01
        27   -7.4132506360e+00    5.5105179645e+01   -1.1257988795e+01    3.8447381585e+00    2.6805294280e+00   -1.3938518223e+01    1.2800000000e+02    7.7875820007e-03    6.5869140625e-01
        28   -7.6305196641e+00    5.8618277267e+01   -1.8719794722e+01    1.1089275058e+01    2.6724486452e+00   -2.1392243367e+01    1.2800000000e+02    7.7368339998e-03    6.4697265625e-01
        29   -7.4354465058e+00    5.5476137868e+01   -1.2100520927e+01    4.6650744211e+00    2.3395961367e+00   -1.4440117064e+01    1.2800000000e+02    7.8672149994e-03    6.7578125000e-01
        30   -7.6196989191e+00    5.8340132311e+01   -1.4539613774e+01    6.9199148548e+00    2.4955292274e+00   -1.7035143001e+01    1.2800000000e+02    7.6874039996e-03    6.5039062500e-01
        31   -7.5206704227e+00    5.6833060994e+01   -2.0157437094e+01    1.2636766672e+01    2.7410449083e+00   -2.2898482003e+01    1.2800000000e+02    7.6781340003e-03    6.4648437500e-01
        32   -7.4586874990e+00    5.5905296579e+01   -1.5465295465e+01    8.0066079657e+00    2.8681287613e+00   -1.8333424226e+01    1.2800000000e+02    7.7322130001e-03    6.4111328125e-01
        33   -7.5546297712e+00    5.7502035971e+01   -2.2640886087e+01    1.5086256316e+01    2.5330351281e+00   -2.5173921215e+01    1.2800000000e+02    7.6445679997e-03    6.2695312500e-01
        34   -7.3279880399e+00    5.3823543306e+01   -1.1794493210e+01    4.4665051697e+00    2.6596234075e+00   -1.4454116617e+01    1.2800000000e+02    7.7328779998e-03    6.3623046875e-01
        35   -7.3994310622e+00    5.4829166070e+01   -1.2068276582e+01    4.6688455201e+00    2.2805694653e+00   -1.4348846048e+01    1.2800000000e+02    7.6505429997e-03    6.4257812500e-01
        36   -7.4540427679e+00    5.5794858885e+01   -1.4233091824e+01    6.7790490557e+00    2.7392304483e+00   -1.6972322272e+01    1.2800000000e+02    7.7259860000e-03    6.4843750000e-01
        37   -7.5476230840e+00    5.7167619496e+01   -1.3824330140e+01    6.2767070563e+00    2.4840552878e+00   -1.6308385428e+01    1.2800000000e+02    7.7708469998e-03    6.5087890625e-01
        38   -7.4449615651e+00    5.5565225578e+01   -1.3332036351e+01    5.8870747864e+00    2.6779727640e+00   -1.6010009115e+01    1.2800000000e+02    7.7028939995e-03    6.3867187500e-01
        39   -7.4759619730e+00    5.6058508895e+01   -1.5349821241e+01    7.8738592681e+00    2.4564403446e+00   -1.7806261586e+01    1.2800000000e+02    7.7004179993e-03    6.4599609375e-01
        40   -7.6992157516e+00    5.9558868948e+01   -1.8073584701e+01    1.0374368950e+01    2.9142717112e+00   -2.0987856413e+01    1.2800000000e+02    7.9570369999e-03    6.4501953125e-01
        41   -7.4138177022e+00    5.5209074649e+01   -1.1597609882e+01    4.1837921793e+00    2.6273531522e+00   -1.4224963034e+01    1.2800000000e+02    7.8471180004e-03    6.6455078125e-01
        42   -7.5278999248e+00    5.6954615260e+01   -1.3678239147e+01    6.1503392218e+00    2.7440160686e+00   -1.6422255215e+01    1.2800000000e+02    7.9056929999e-03    6.4794921875e-01
        43   -7.5094679383e+00    5.6691363172e+01   -1.8877328748e+01    1.1367860809e+01    2.5502127792e+00   -2.1427541527e+01    1.2800000000e+02    7.6999169996e-03    6.5429687500e-01
        44   -7.4135760745e+00    5.5269593835e+01   -1.3792516202e+01    6.3789401277e+00    2.6255655319e+00   -1.6418081734e+01    1.2800000000e+02    7.6795140003e-03    6.3818359375e-01
        45   -7.3694682776e+00    5.4530790022e+01   -1.2112007474e+01    4.7425391969e+00    2.6840080164e+00   -1.4796015491e+01    1.2800000000e+02    7.8846850001e-03    6.5380859375e-01
        46   -7.6010007959e+00    5.8262271198e+01   -1.9357497081e+01    1.1756496285e+01    3.1639501686e+00   -2.2521447250e+01    1.2800000000e+02    7.6795209998e-03    6.1718750000e-01
        47   -7.4977030426e+00    5.6496254689e+01   -1.2745685741e+01    5.2479826984e+00    2.7247517604e+00   -1.5470437501e+01    1.2800000000e+02    7.7845920005e-03    6.5185546875e-01
        48   -7.4300180205e+00    5.5336215025e+01   -1.1618375994e+01    4.1883579733e+00    2.4001349522e+00   -1.4018510946e+01    1.2800000000e+02    7.7964819993e-03    6.4843750000e-01
        49   -7.3991136840e+00    5.4892790394e+01   -1.3352232096e+01    5.9531184122e+00    2.7252078437e+00   -1.6077439940e+01    1.2800000000e+02    7.9254109996e-03    6.5625000000e-01
        50   -7.3771782926e+00    5.4544002536e+01   -1.5375649345e+01    7.9984710525e+00    2.4061553144e+00   -1.7781804659e+01    1.2800000000e+02    8.8721299999e-03    6.5185546875e-01
        51   -7.4516329293e+00    5.5675627205e+01   -1.2746811133e+01    5.2951782034e+00    2.5191835781e+00   -1.5265994711e+01    1.2800000000e+02    7.8294220002e-03    6.5380859375e-01
        52   -7.5649210964e+00    5.7446389235e+01   -1.7414192850e+01    9.8492717535e+00    2.3666962214e+00   -1.9780889071e+01    1.2800000000e+02    8.7922540006e-03    6.2646484375e-01
        53   -7.3633634260e+00    5.4370763005e+01   -1.4416204903e+01    7.0528414766e+00    2.9365306643e+00   -1.7352735567e+01    1.2800000000e+02    7.7653700000e-03    6.1425781250e-01
        54   -7.3713919376e+00    5.4578502341e+01   -2.3206311693e+01    1.5834919756e+01    2.8652607637e+00   -2.6071572457e+01    1.2800000000e+02    9.0864539998e-03    6.1572265625e-01
        55   -7.4406091696e+00    5.5564430412e+01   -1.2685914244e+01    5.2453050739e+00    2.4061133290e+00   -1.5092027573e+01    1.2800000000e+02    7.7201009999e-03    6.3183593750e-01
        56   -7.3645362686e+00    5.4421816401e+01   -1.2980114183e+01    5.6155779141e+00    2.8948420930e+00   -1.5874956276e+01    1.2800000000e+02    7.8851589997e-03    6.1572265625e-01
        57   -7.5304559601e+00    5.6990665945e+01   -1.7616898273e+01    1.0086442313e+01    3.1806407319e+00   -2.0797539005e+01    1.2800000000e+02    7.6154799999e-03    5.8984375000e-01
        58   -7.6040535262e+00    5.8060085836e+01   -1.4396284481e+01    6.7922309549e+00    2.5104563811e+00   -1.6906740862e+01    1.2800000000e+02    7.8786620006e-03    6.5771484375e-01
        59   -7.6345303070e+00    5.8551735992e+01   -2.0663285591e+01    1.3028755284e+01    2.9870100387e+00   -2.3650295629e+01    1.2800000000e+02    7.6012519994e-03    6.1767578125e-01
        60   -7.4299066132e+00    5.5400396221e+01   -1.2094810314e+01    4.6649037010e+00    2.4172114927e+00   -1.4512021807e+01    1.2800000000e+02    7.8034680000e-03    6.6113281250e-01
        61   -7.4884561274e+00    5.6273117405e+01   -1.4225332990e+01    6.7368768628e+00    2.6734509574e+00   -1.6898783948e+01    1.2800000000e+02    7.7434949999e-03    6.2744140625e-01
        62   -7.5152714499e+00    5.6715596558e+01   -1.3564472977e+01    6.0492015273e+00    2.4782469765e+00   -1.6042719954e+01    1.2800000000e+02    8.0449990000e-03    6.3818359375e-01
        63   -7.4115545335e+00    5.5137580903e+01   -1.5053282735e+01    7.6417282015e+00    2.7024100493e+00   -1.7755692784e+01    1.2800000000e+02    7.7636090000e-03    6.2109375000e-01
        64   -7.4049458210e+00    5.4971437284e+01   -1.5645290624e+01    8.2403448033e+00    2.7190204506e+00   -1.8364311075e+01    1.2800000000e+02    7.6445700006e-03    6.3134765625e-01
        65   -7.5126528687e+00    5.6663501817e+01   -2.3517518296e+01    1.6004865428e+01    2.9073125505e+00   -2.6424830847e+01    1.2800000000e+02    7.8948170003e-03    6.1328125000e-01
        66   -7.4921732479e+00    5.6466083978e+01   -1.6248454231e+01    8.7562809832e+00    2.5004311996e+00   -1.8748885431e+01    1.2800000000e+02    7.9812790000e-03    6.5039062500e-01
        67   -7.4386428355e+00    5.5832435376e+01   -1.4169382353e+01    6.7307395174e+00    2.9178089087e+00   -1.7087191262e+01    1.2800000000e+02    7.8731510002e-03    6.2988281250e-01
        68   -7.4844373945e+00    5.6224888131e+01   -2.1668103685e+01    1.4183666290e+01    2.3438516326e+00   -2.4011955318e+01    1.2800000000e+02    7.6750319995e-03    6.4892578125e-01
        69   -7.5666011046e+00    5.7558482569e+01   -2.1121646209e+01    1.3555045104e+01    2.6686818761e+00   -2.3790328085e+01    1.2800000000e+02    7.7323000005e-03    6.2988281250e-01
        70   -7.4342612418e+00    5.5501612208e+01   -1.4187625196e+01    6.7533639543e+00    2.7103363429e+00   -1.6897961539e+01    1.2800000000e+02    7.7061370002e-03    6.2988281250e-01
        71   -7.3612395206e+00    5.4362599216e+01   -1.4291269299e+01    6.9300297789e+00    2.7103711145e+00   -1.7001640414e+01    1.2800000000e+02    7.7624819996e-03    6.4990234375e-01
        72   -7.4926310144e+00    5.6394018294e+01   -1.3280032070e+01    5.7874010559e+00    2.8089127049e+00   -1.6088944775e+01    1.2800000000e+02    7.7484449994e-03    6.4892578125e-01
        73   -7.4749342770e+00    5.6106534415e+01   -1.5103072811e+01    7.6281385341e+00    2.5543503656e+00   -1.7657423177e+01    1.2800000000e+02    7.8163410008e-03    6.3037109375e-01
        74   -7.5370805888e+00    5.7033494084e+01   -1.6783312419e+01    9.2462318301e+00    3.1239845060e+00   -1.9907296925e+01    1.2800000000e+02    7.6353599998e-03    6.2792968750e-01
        75   -7.5733462258e+00    5.7550445336e+01   -1.4961215552e+01    7.3878693262e+00    2.7287284262e+00   -1.7689943978e+01    1.2800000000e+02    7.6786950003e-03    6.2548828125e-01
        76   -7.4084704329e+00    5.5000764577e+01   -1.3639186806e+01    6.2307163731e+00    2.7604508486e+00   -1.6399637655e+01    1.2800000000e+02    8.5402610002e-03    6.3623046875e-01
        77   -7.3246760200e+00    5.3880050197e+01   -1.3444419936e+01    6.1197439155e+00    2.8944908746e+00   -1.6338910810e+01    1.2800000000e+02    7.6554589996e-03    6.3085937500e-01
        78   -7.3864138813e+00    5.4741645471e+01   -1.2544845695e+01    5.1584318140e+00    2.5594710486e+00   -1.5104316744e+01    1.2800000000e+02    1.0836590001e-02    6.5673828125e-01
        79   -7.3504474645e+00    5.4171557224e+01   -1.2398112485e+01    5.0476650205e+00    2.6246285170e+00   -1.5022741002e+01    1.2800000000e+02    8.3410340003e-03    6.4306640625e-01
        80   -7.5674398112e+00    5.7593969856e+01   -1.3751439312e+01    6.1839995010e+00    2.4887180649e+00   -1.6240157377e+01    1.2800000000e+02    7.8413949996e-03    6.5576171875e-01
        81   -7.5248078672e+00    5.6982698746e+01   -1.4080567430e+01    6.5557595629e+00    2.6053604121e+00   -1.6685927842e+01    1.2800000000e+02    7.6377690002e-03    6.2841796875e-01
        82   -7.4170725917e+00    5.5176571966e+01   -1.0931537757e+01    3.5144651650e+00    2.4441556256e+00   -1.3375693382e+01    1.2800000000e+02    7.8302630000e-03    6.6552734375e-01
        83   -7.4086088060e+00    5.5036769228e+01   -1.2300950120e+01    4.8923413143e+00    2.5232161550e+00   -1.4824166275e+01    1.2800000000e+02    8.3587540003e-03    6.4062500000e-01
        84   -7.4271624222e+00    5.5262912382e+01   -1.0990047674e+01    3.5628852515e+00    3.0129802641e+00   -1.4003027938e+01    1.2800000000e+02    9.5879300006e-03    6.5527343750e-01
        85   -7.4044636414e+00    5.5013159764e+01   -1.2395504777e+01    4.9910411360e+00    2.4470207655e+00   -1.4842525543e+01    1.2800000000e+02    7.7677840000e-03    6.5917968750e-01
        86   -7.4930943931e+00    5.6377748833e+01   -1.6040754714e+01    8.5476603212e+00    2.6610650568e+00   -1.8701819771e+01    1.2800000000e+02    8.2097479999e-03    6.2792968750e-01
        87   -7.5224035886e+00    5.6854397700e+01   -1.9558761402e+01    1.2036357813e+01    2.9485517687e+00   -2.2507313171e+01    1.2800000000e+02    7.7731070005e-03    6.4257812500e-01
        88   -7.5728125780e+00    5.7710075194e+01   -1.4904950550e+01    7.3321379724e+00    2.7609335417e+00   -1.7665884092e+01    1.2800000000e+02    7.7575189998e-03    6.3525390625e-01
        89   -7.3859260418e+00    5.4735637954e+01   -1.6091259744e+01    8.7053337025e+00    2.7148555775e+00   -1.8806115322e+01    1.2800000000e+02    7.6767189994e-03    6.2792968750e-01
        90   -7.5691970058e+00    5.7647493203e+01   -1.5752809724e+01    8.1836127182e+00    2.8105766337e+00   -1.8563386358e+01    1.2800000000e+02    7.8372250000e-03    6.3574218750e-01
        91   -7.5044889135e+00    5.6557585545e+01   -1.2945221454e+01    5.4407325401e+00    2.3832066680e+00   -1.5328428122e+01    1.2800000000e+02    7.5868230006e-03    6.5087890625e-01
        92   -7.3301887574e+00    5.3954820316e+01   -1.5072714695e+01    7.7425259376e+00    2.7117153673e+00   -1.7784430062e+01    1.2800000000e+02    7.7211219996e-03    6.3476562500e-01
        93   -7.3367673202e+00    5.4017207409e+01   -1.3751194479e+01    6.4144271588e+00    2.8181592827e+00   -1.6569353762e+01    1.2800000000e+02    7.7284640001e-03    6.3183593750e-01
        94   -7.6126487817e+00    5.8309456936e+01   -1.4476249915e+01    6.8636011335e+00    2.4971623859e+00   -1.6973412301e+01    1.2800000000e+02    7.7279409998e-03    6.5673828125e-01
        95   -7.5210912444e+00    5.6697445131e+01   -1.4459602978e+01    6.9385117336e+00    2.5491979086e+00   -1.7008800887e+01    1.2800000000e+02    7.7382379995e-03    6.3916015625e-01
        96   -7.3835360258e+00    5.4776684175e+01   -1.5785056383e+01    8.4015203574e+00    2.9191572357e+00   -1.8704213619e+01    1.2800000000e+02    7.7068949995e-03    6.1718750000e-01
        97   -7.4265834279e+00    5.5388657151e+01   -1.3043568665e+01    5.6169852374e+00    2.6545967868e+00   -1.5698165452e+01    1.2800000000e+02    7.7458870001e-03    6.5527343750e-01
        98   -7.4791714113e+00    5.6285387647e+01   -1.5574184705e+01    8.0950132933e+00    2.7401105451e+00   -1.8314295250e+01    1.2800000000e+02    7.6922669996e-03    6.2890625000e-01
        99   -7.3677411289e+00    5.4459612584e+01   -1.2214576079e+01    4.8468349502e+00    2.6221710291e+00   -1.4836747108e+01    1.2800000000e+02    7.6983370000e-03    6.3623046875e-01
       100   -7.5029865430e+00    5.6564891356e+01   -2.1863032968e+01    1.4360046425e+01    2.5126281057e+00   -2.4375661074e+01    1.2800000000e+02    7.6187260001e-03    6.3574218750e-01
       101   -7.4045245547e+00    5.5051066478e+01   -1.2024736865e+01    4.6202123107e+00    2.4483380713e+00   -1.4473074937e+01    1.2800000000e+02    7.7392980002e-03    6.5966796875e-01
       102   -7.6417970965e+00    5.8756256735e+01   -1.6725832579e+01    9.0840354822e+00    2.4470067893e+00   -1.9172839368e+01    1.2800000000e+02    7.6766550001e-03    6.5234375000e-01
       103   -7.4564993271e+00    5.5829507374e+01   -1.3959648043e+01    6.5031487160e+00    2.7038978025e+00   -1.6663545846e+01    1.2800000000e+02    7.6953759999e-03    6.3427734375e-01
       104   -7.5802676426e+00    5.7763801774e+01   -1.1668060433e+01    4.0877927901e+00    2.2748748351e+00   -1.3942935268e+01    1.2800000000e+02    7.7481159997e-03    6.5576171875e-01
       105   -7.5055484106e+00    5.6515671094e+01   -1.5923103122e+01    8.4175547113e+00    2.3635008445e+00   -1.8286603966e+01    1.2800000000e+02    7.8239370005e-03    6.6406250000e-01
       106   -7.6682583717e+00    5.9056489646e+01   -1.5418408663e+01    7.7501502908e+00    2.8594538994e+00   -1.8277862562e+01    1.2800000000e+02    7.6838169998e-03    6.3476562500e-01
       107   -7.6234978498e+00    5.8577438004e+01   -1.5689269439e+01    8.0657715891e+00    2.8162189910e+00   -1.8505488430e+01    1.2800000000e+02    7.6916949993e-03    6.2939453125e-01
       108   -7.4957898567e+00    5.6390602990e+01   -1.4471678758e+01    6.9758889013e+00    2.4854078954e+00   -1.6957086653e+01    1.2800000000e+02    7.7864380000e-03    6.5966796875e-01
       109   -7.4010135124e+00    5.4987939945e+01   -1.3107009940e+01    5.7059964273e+00    2.7102922266e+00   -1.5817302166e+01    1.2800000000e+02    7.7113319994e-03    6.3525390625e-01
       110   -7.5482064160e+00    5.7191302086e+01   -1.9003024427e+01    1.1454818011e+01    2.6806444625e+00   -2.1683668890e+01    1.2800000000e+02    9.0340859997e-03    6.3769531250e-01
       111   -7.5218225854e+00    5.6798490517e+01   -2.1108058013e+01    1.3586235428e+01    2.6119008575e+00   -2.3719958870e+01    1.2800000000e+02    9.7034290002e-03    6.1132812500e-01
       112   -7.6716747904e+00    5.9161430695e+01   -1.5792889746e+01    8.1212149553e+00    2.5360700116e+00   -1.8328959757e+01    1.2800000000e+02    8.3281980005e-03    6.4843750000e-01
       113   -7.3640180486e+00    5.4395644987e+01   -1.3623372896e+01    6.2593548472e+00    2.6949414832e+00   -1.6318314379e+01    1.2800000000e+02    7.7299570003e-03    6.2841796875e-01
       114   -7.4007896067e+00    5.4974491745e+01   -1.2484773352e+01    5.0839837456e+00    2.4290479566e+00   -1.4913821309e+01    1.2800000000e+02    7.8155330002e-03    6.4892578125e-01
       115   -7.6243367351e+00    5.8443562258e+01   -1.4265873693e+01    6.6415369575e+00    2.6339609446e+00   -1.6899834637e+01    1.2800000000e+02    7.7484080002e-03    6.4892578125e-01
       116   -7.4418297964e+00    5.5614003939e+01   -1.6228252636e+01    8.7864228398e+00    2.5200476961e+00   -1.8748300332e+01    1.2800000000e+02    7.7308969994e-03    6.4404296875e-01
       117   -7.4164547038e+00    5.5263339009e+01   -1.5875245386e+01    8.4587906817e+00    2.7284487702e+00   -1.8603694156e+01    1.2800000000e+02    7.6058570003e-03    6.2304687500e-01
       118   -7.5062319229e+00    5.6544668187e+01   -1.3742402066e+01    6.2361701433e+00    2.6236438565e+00   -1.6366045923e+01    1.2800000000e+02    7.6873890002e-03    6.2744140625e-01
       119   -7.5304299804e+00    5.6995286137e+01   -1.7325434983e+01    9.7950050030e+00    2.9475981373e+00   -2.0273033121e+01    1.2800000000e+02    7.7008349999e-03    6.3037109375e-01
       120   -7.4240641651e+00    5.5253947695e+01   -1.2742798000e+01    5.3187338347e+00    2.6099805007e+00   -1.5352778500e+01    1.2800000000e+02    7.7767149996e-03    6.4892578125e-01
       121   -7.4149426246e+00    5.5227152484e+01   -1.5500474430e+01    8.0855318055e+00    3.0850824351e+00   -1.8585556865e+01    1.2800000000e+02    8.6372750002e-03    6.1669921875e-01
       122   -7.4499956337e+00    5.5687331037e+01   -1.1285942896e+01    3.8359472620e+00    2.5837887859e+00   -1.3869731682e+01    1.2800000000e+02    7.8527269998e-03    6.4990234375e-01
       123   -7.4729639044e+00    5.6048107837e+01   -1.7252007822e+01    9.7790439181e+00    3.0709976788e+00   -2.0323005501e+01    1.2800000000e+02    7.6960879996e-03    6.2597656250e-01
       124   -7.5236952617e+00    5.6848627151e+01   -1.3598181673e+01    6.0744864115e+00    2.2424597707e+00   -1.5840641444e+01    1.2800000000e+02    7.6518899996e-03    6.4160156250e-01
       125   -7.5421216446e+00    5.7174575623e+01   -1.3855208828e+01    6.3130871834e+00    2.6503421136e+00   -1.6505550942e+01    1.2800000000e+02    7.6833319999e-03    6.4306640625e-01
       126   -7.3429717985e+00    5.4171097368e+01   -1.2427138650e+01    5.0841668517e+00    2.4731127748e+00   -1.4900251425e+01    1.2800000000e+02    7.7902409994e-03    6.6308593750e-01
       127   -7.3769784744e+00    5.4637195705e+01   -1.1921897874e+01    4.5449193993e+00    2.3501370379e+00   -1.4272034912e+01    1.2800000000e+02    7.7137350008e-03    6.4941406250e-01
       128   -7.4509852428e+00    5.5640847511e+01   -1.3125975649e+01    5.6749904066e+00    2.7702048085e+00   -1.5896180458e+01    1.2800000000e+02    7.8884860004e-03    6.4453125000e-01
       129   -7.4242823977e+00    5.5325329978e+01   -1.4161520245e+01    6.7372378473e+00    2.8166045962e+00   -1.6978124841e+01    1.2800000000e+02    7.7369569999e-03    6.3183593750e-01
       130   -7.6351919917e+00    5.8755756860e+01   -1.6737574367e+01    9.1023823750e+00    2.3897015842e+00   -1.9127275951e+01    1.2800000000e+02    7.7686029999e-03    6.4013671875e-01
       131   -7.5302486958e+00    5.6943973688e+01   -1.5098059070e+01    7.5678103739e+00    2.8726981577e+00   -1.7970757227e+01    1.2800000000e+02    7.7040030001e-03    6.1962890625e-01
       132   -7.4687420665e+00    5.6038054455e+01   -4.5955897796e+01    3.8487155730e+01    2.9765838373e+00   -4.8932481633e+01    1.2800000000e+02    7.6756310000e-03    6.0644531250e-01
       133   -7.5798896310e+00    5.7783420272e+01   -1.3383257702e+01    5.8033680711e+00    2.3338858242e+00   -1.5717143526e+01    1.2800000000e+02    7.8582790002e-03    6.5576171875e-01
       134   -7.6672183508e+00    5.9171275629e+01   -2.2480269895e+01    1.4813051545e+01    2.8313031733e+00   -2.5311573069e+01    1.2800000000e+02    7.7723659997e-03    6.1865234375e-01
       135   -7.6657945309e+00    5.9220990121e+01   -2.1566627297e+01    1.3900832766e+01    2.9644704688e+00   -2.4531097766e+01    1.2800000000e+02    7.6853490000e-03    6.2548828125e-01
       136   -7.3911186345e+00    5.4826305054e+01   -1.5084500651e+01    7.6933820162e+00    2.6695775467e+00   -1.7754078197e+01    1.2800000000e+02    7.7206719998e-03    6.2207031250e-01
       137   -7.3204447398e+00    5.3731925581e+01   -1.4052601587e+01    6.7321568467e+00    2.6924393484e+00   -1.6745040935e+01    1.2800000000e+02    7.6466940000e-03    6.1914062500e-01
       138   -7.6318322883e+00    5.8570982627e+01   -1.4799653850e+01    7.1678215616e+00    2.7652772951e+00   -1.7564931145e+01    1.2800000000e+02    7.6791650008e-03    6.3281250000e-01
       139   -7.4466426487e+00    5.5578926364e+01   -1.5466402725e+01    8.0197600758e+00    2.7096239889e+00   -1.8176026713e+01    1.2800000000e+02    7.7161600002e-03    6.4306640625e-01
       140   -7.4532543012e+00    5.5655850101e+01   -1.2553568459e+01    5.1003141576e+00    2.5435096112e+00   -1.5097078070e+01    1.2800000000e+02    7.6778479997e-03    6.3574218750e-01
       141   -7.3792636620e+00    5.4755365501e+01   -1.2482514172e+01    5.1032505101e+00    2.8078838064e+00   -1.5290397978e+01    1.2800000000e+02    7.8714709998e-03    6.4013671875e-01
       142   -7.5910811975e+00    5.7982776644e+01   -1.4046817858e+01    6.4557366602e+00    2.8991632322e+00   -1.6945981090e+01    1.2800000000e+02    7.5793979995e-03    6.2548828125e-01
       143   -7.2729097230e+00    5.3074967315e+01   -1.2505476488e+01    5.2325667651e+00    2.5085685055e+00   -1.5014044994e+01    1.2800000000e+02    7.8988200003e-03    6.4208984375e-01
       144   -7.5834986923e+00    5.7787391097e+01   -1.4442059023e+01    6.8585603305e+00    2.6881627164e+00   -1.7130221739e+01    1.2800000000e+02    7.5996289997e-03    6.2939453125e-01
       145   -7.4462314592e+00    5.5605693248e+01   -1.3929976333e+01    6.4837448735e+00    2.7280962488e+00   -1.6658072582e+01    1.2800000000e+02    7.8100000001e-03    6.2792968750e-01
       146   -7.3547847536e+00    5.4228864921e+01   -1.1554332622e+01    4.1995478681e+00    2.5467474144e+00   -1.4101080036e+01    1.2800000000e+02    7.7928150004e-03    6.5625000000e-01
       147   -7.2678659394e+00    5.2991467330e+01   -1.3229676755e+01    5.9618108159e+00    2.6725471846e+00   -1.5902223940e+01    1.2800000000e+02    7.9672219999e-03    6.3085937500e-01
       148   -7.7008951856e+00    5.9700832681e+01   -1.6952083476e+01    9.2511882904e+00    2.6122122509e+00   -1.9564295727e+01    1.2800000000e+02    7.5940790002e-03    6.3134765625e-01
       149   -7.4984449799e+00    5.6479047881e+01   -1.3380446792e+01    5.8820018125e+00    2.8175959879e+00   -1.6198042780e+01    1.2800000000e+02    7.9262949994e-03    6.2500000000e-01
       150   -7.5153596286e+00    5.6827907019e+01   -1.3923428506e+01    6.4080688770e+00    2.6796400712e+00   -1.6603068577e+01    1.2800000000e+02    7.7039700000e-03    6.3867187500e-01
       151   -7.5841723088e+00    5.7765877146e+01   -1.5369999556e+01    7.7858272470e+00    2.7112134668e+00   -1.8081213023e+01    1.2800000000e+02    7.7620630000e-03    6.2011718750e-01
       152   -7.3734414577e+00    5.4536521091e+01   -1.3103970636e+01    5.7305291786e+00    2.5446687785e+00   -1.5648639415e+01    1.2800000000e+02    7.8916020002e-03    6.4794921875e-01
       153   -7.3512860052e+00    5.4228997744e+01   -1.2481806977e+01    5.1305209719e+00    2.7035949914e+00   -1.5185401968e+01    1.2800000000e+02    7.7828069998e-03    6.2548828125e-01
       154   -7.3596053272e+00    5.4358277528e+01   -1.5745544332e+01    8.3859390049e+00    2.7036326332e+00   -1.8449176965e+01    1.2800000000e+02    7.8313410004e-03    6.2646484375e-01
       155   -7.4841279395e+00    5.6190885234e+01   -1.7573125875e+01    1.0088997936e+01    2.6155031847e+00   -2.0188629060e+01    1.2800000000e+02    7.8927759996e-03    6.3525390625e-01
       156   -7.3894196031e+00    5.4756675910e+01   -1.2693305674e+01    5.3038860709e+00    2.4359439253e+00   -1.5129249599e+01    1.2800000000e+02    7.8425800002e-03    6.5429687500e-01
       157   -7.4817023177e+00    5.6213284419e+01   -1.2008990176e+01    4.5272878581e+00    2.6129913142e+00   -1.4621981490e+01    1.2800000000e+02    7.7214330004e-03    6.3134765625e-01
       158   -7.6806851268e+00    5.9335610863e+01   -1.5746180853e+01    8.0654957263e+00    2.8407772177e+00   -1.8586958071e+01    1.2800000000e+02    7.9675070001e-03    6.3671875000e-01
       159   -7.5138602999e+00    5.6637556273e+01   -1.5173496107e+01    7.6596358066e+00    2.5645355044e+00   -1.7738031611e+01    1.2800000000e+02    7.7360890000e-03    6.4501953125e-01
       160   -7.4917879221e+00    5.6400832808e+01   -1.3881156409e+01    6.3893684872e+00    2.7577187771e+00   -1.6638875186e+01    1.2800000000e+02    7.9557130002e-03    6.4355468750e-01
       161   -7.5572146954e+00    5.7406933411e+01   -1.4395677292e+01    6.8384625968e+00    2.7637257266e+00   -1.7159403019e+01    1.2800000000e+02    7.7291269999e-03    6.4404296875e-01
       162   -7.5224410430e+00    5.6937594336e+01   -1.2861414980e+01    5.3389739371e+00    2.5111381406e+00   -1.5372553121e+01    1.2800000000e+02    7.9346980001e-03    6.3964843750e-01
       163   -7.5660242071e+00    5.7621062561e+01   -1.4621281676e+01    7.0552574690e+00    3.1217803939e+00   -1.7743062070e+01    1.2800000000e+02    7.6779390001e-03    6.2402343750e-01
       164   -7.3788205467e+00    5.4593403742e+01   -1.1484795348e+01    4.1059748009e+00    2.2927945449e+00   -1.3777589892e+01    1.2800000000e+02    7.9117030000e-03    6.3964843750e-01
       165   -7.3605168288e+00    5.4381050731e+01   -1.2455829680e+01    5.0953128509e+00    2.2394626742e+00   -1.4695292354e+01    1.2800000000e+02    7.6414609994e-03    6.5332031250e-01
       166   -7.7028326857e+00    5.9627943104e+01   -1.6970086069e+01    9.2672533830e+00    3.0543256115e+00   -2.0024411680e+01    1.2800000000e+02    7.9669800007e-03    6.4453125000e-01
       167   -7.4966092246e+00    5.6357896679e+01   -1.5243621249e+01    7.7470120246e+00    2.6408244836e+00   -1.7884445733e+01    1.2800000000e+02    7.7128960002e-03    6.3769531250e-01
       168   -7.5763803415e+00    5.7810648478e+01   -1.2840628153e+01    5.2642478114e+00    2.3925546142e+00   -1.5233182767e+01    1.2800000000e+02    7.8497770000e-03    6.5478515625e-01
       169   -7.4688551205e+00    5.5922686201e+01   -1.2289356250e+01    4.8205011295e+00    2.4359057781e+00   -1.4725262028e+01    1.2800000000e+02    7.8859570003e-03    6.4746093750e-01
       170   -7.5739105748e+00    5.7751293091e+01   -1.4060612236e+01    6.4867016613e+00    2.9508005281e+00   -1.7011412764e+01    1.2800000000e+02    7.7757569998e-03    6.4257812500e-01
       171   -7.5737285985e+00    5.7691498196e+01   -1.5225816604e+01    7.6520880055e+00    2.6548447193e+00   -1.7880661323e+01    1.2800000000e+02    7.8315100000e-03    6.4746093750e-01
       172   -7.4306696985e+00    5.5348302039e+01   -1.2785884022e+01    5.3552143234e+00    2.6866587834e+00   -1.5472542805e+01    1.2800000000e+02    7.8276649992e-03    6.3378906250e-01
       173   -7.4618658742e+00    5.5856129966e+01   -1.2361808467e+01    4.8999425926e+00    2.5979980361e+00   -1.4959806503e+01    1.2800000000e+02    7.7821189998e-03    6.3916015625e-01
       174   -7.4493654977e+00    5.5722904237e+01   -1.4283333534e+01    6.8339680366e+00    2.8453234169e+00   -1.7128656951e+01    1.2800000000e+02    7.6840880001e-03    6.4062500000e-01
       175   -7.4356822111e+00    5.5459416109e+01   -1.3452773478e+01    6.0170912665e+00    2.6946522237e+00   -1.6147425701e+01    1.2800000000e+02    7.9713670002e-03    6.3671875000e-01
       176   -7.4808739580e+00    5.6182877098e+01   -1.5370800463e+01    7.8899265051e+00    2.3894362791e+00   -1.7760236742e+01    1.2800000000e+02    7.7120400001e-03    6.4404296875e-01
       177   -7.5524813123e+00    5.7317051183e+01   -1.8078222088e+01    1.0525740775e+01    2.9305319947e+00   -2.1008754082e+01    1.2800000000e+02    7.8857770004e-03    6.1474609375e-01
       178   -7.4838612165e+00    5.6313794905e+01   -2.1474215269e+01    1.3990354053e+01    2.9315406182e+00   -2.4405755888e+01    1.2800000000e+02    7.7215649999e-03    6.2841796875e-01
       179   -7.3626444992e+00    5.4302372882e+01   -1.0149895074e+01    2.7872505744e+00    2.1598254388e+00   -1.2309720512e+01    1.2800000000e+02    7.9630829996e-03    6.6845703125e-01
       180   -7.4241966881e+00    5.5339044036e+01   -1.3731967114e+01    6.3077704259e+00    2.4639900939e+00   -1.6195957208e+01    1.2800000000e+02    7.7202980001e-03    6.3720703125e-01
       181   -7.3207747023e+00    5.3737776342e+01   -1.0552228558e+01    3.2314538560e+00    2.5432839316e+00   -1.3095512490e+01    1.2800000000e+02    8.2540309995e-03    6.6064453125e-01
       182   -7.6255796630e+00    5.8479938191e+01   -4.6401031421e+01    3.8775451758e+01    2.4895962459e+00   -4.8890627667e+01    1.2800000000e+02    7.8290279998e-03    6.4257812500e-01
       183   -7.3803272393e+00    5.4631927049e+01   -1.3232656173e+01    5.8523289341e+00    2.3891874552e+00   -1.5621843629e+01    1.2800000000e+02    7.8305899997e-03    6.5478515625e-01
       184   -7.4986964529e+00    5.6437600738e+01   -1.3102416290e+01    5.6037198367e+00    2.4954070497e+00   -1.5597823339e+01    1.2800000000e+02    7.7828390004e-03    6.6210937500e-01
       185   -7.5661274381e+00    5.7523873521e+01   -2.0131581300e+01    1.2565453862e+01    2.7400982513e+00   -2.2871679551e+01    1.2800000000e+02    7.7583299999e-03    6.3623046875e-01
       186   -7.3734004272e+00    5.4557944906e+01   -1.4634475561e+01    7.2610751342e+00    2.6364440609e+00   -1.7270919622e+01    1.2800000000e+02    7.7599739998e-03    6.4746093750e-01
       187   -7.3761310755e+00    5.4598717246e+01   -1.3182802201e+01    5.8066711260e+00    2.8438533412e+00   -1.6026655543e+01    1.2800000000e+02    7.9124119993e-03    6.3378906250e-01
       188   -7.5908509448e+00    5.7892563623e+01   -2.2105054661e+01    1.4514203716e+01    2.8771212739e+00   -2.4982175935e+01    1.2800000000e+02    7.6693960009e-03    6.2695312500e-01
       189   -7.5085934818e+00    5.6596201886e+01   -1.3587584526e+01    6.0789910442e+00    2.5088256167e+00   -1.6096410143e+01    1.2800000000e+02    7.7163229998e-03    6.4550781250e-01
       190   -7.3921780334e+00    5.4838281727e+01   -1.3440184214e+01    6.0480061801e+00    2.6462876026e+00   -1.6086471816e+01    1.2800000000e+02    7.6433309996e-03    6.1621093750e-01
       191   -7.3775001710e+00    5.4710468337e+01   -1.4344384514e+01    6.9668843426e+00    2.7837089432e+00   -1.7128093457e+01    1.2800000000e+02    7.6897680001e-03    6.2158203125e-01
       192   -7.5204636434e+00    5.6780608116e+01   -1.8067669004e+01    1.0547205360e+01    2.4773895803e+00   -2.0545058584e+01    1.2800000000e+02    7.8343719997e-03    6.3818359375e-01
       193   -7.4745433873e+00    5.6072356641e+01   -1.3718104445e+01    6.2435610576e+00    2.6989094048e+00   -1.6417013850e+01    1.2800000000e+02    7.7815149998e-03    6.4550781250e-01
       194   -7.5208897765e+00    5.6799623223e+01   -1.2701594138e+01    5.1807043615e+00    2.5263640816e+00   -1.5227958220e+01    1.2800000000e+02    7.8937759999e-03    6.5576171875e-01
       195   -7.4016351379e+00    5.4907524602e+01   -1.3545090203e+01    6.1434550655e+00    2.7850727112e+00   -1.6330162915e+01    1.2800000000e+02    7.7232560006e-03    6.4257812500e-01
       196   -7.6515779881e+00    5.8818031568e+01   -1.6693471708e+01    9.0418937204e+00    2.9043120092e+00   -1.9597783718e+01    1.2800000000e+02    7.6928349999e-03    6.1962890625e-01
       197   -7.4965057481e+00    5.6514036996e+01   -1.4936633770e+01    7.4401280219e+00    2.1987450627e+00   -1.7135378833e+01    1.2800000000e+02    7.6398110004e-03    6.4990234375e-01
       198   -7.3752190923e+00    5.4646413625e+01   -1.6626316501e+01    9.2510974083e+00    2.8169146090e+00   -1.9443231110e+01    1.2800000000e+02    7.6627460003e-03    6.1767578125e-01
       199   -7.2865662978e+00    5.3272936162e+01   -1.3486808982e+01    6.2002426841e+00    2.8113663154e+00   -1.6298175297e+01    1.2800000000e+02    7.7300490002e-03    6.4160156250e-01
       200   -7.2090638798e+00    5.2096655620e+01   -1.3471417638e+01    6.2623537581e+00    2.6471509556e+00   -1.6118568593e+01    1.2800000000e+02    7.7871169997e-03    6.2792968750e-01
       201   -7.5867783753e+00    5.7926644128e+01   -1.6040002328e+01    8.4532239526e+00    2.7937352107e+00   -1.8833737539e+01    1.2800000000e+02    7.8046870003e-03    6.5136718750e-01
       202   -7.3654922106e+00    5.4542927532e+01   -1.3920178604e+01    6.5546863936e+00    2.6984975865e+00   -1.6618676191e+01    1.2800000000e+02    7.7430010006e-03    6.4404296875e-01
       203   -7.5542361910e+00    5.7239879521e+01   -1.6645258741e+01    9.0910225500e+00    2.3003185169e+00   -1.8945577258e+01    1.2800000000e+02    7.6704110006e-03    6.4941406250e-01
       204   -7.5320416727e+00    5.6999429095e+01   -1.2853120625e+01    5.3210789518e+00    2.2802790540e+00   -1.5133399678e+01    1.2800000000e+02    7.9160920004e-03    6.6552734375e-01
       205   -7.3349240845e+00    5.3960948564e+01   -1.2063051226e+01    4.7281271418e+00    2.7670815803e+00   -1.4830132807e+01    1.2800000000e+02    8.6232459998e-03    6.3085937500e-01
       206   -7.4085116814e+00    5.5143322335e+01   -1.5490481238e+01    8.0819695566e+00    2.7124187551e+00   -1.8202899993e+01    1.2800000000e+02    7.7086150004e-03    6.2988281250e-01
       207   -7.4433362142e+00    5.5654797895e+01   -1.4400886631e+01    6.9575504173e+00    2.9455164658e+00   -1.7346403097e+01    1.2800000000e+02    7.7185379996e-03    6.2353515625e-01
       208   -7.4125131915e+00    5.5159541879e+01   -1.2987859219e+01    5.5753460271e+00    2.6913629038e+00   -1.5679222122e+01    1.2800000000e+02    7.6970179998e-03    6.4160156250e-01
       209   -7.4357458837e+00    5.5586753228e+01   -1.5964349227e+01    8.5286033437e+00    2.6440727312e+00   -1.8608421959e+01    1.2800000000e+02    7.7368699995e-03    6.2548828125e-01
       210   -7.4145348852e+00    5.5184538427e+01   -1.1886272977e+01    4.4717380919e+00    2.3923103508e+00   -1.4278583328e+01    1.2800000000e+02    7.7533140002e-03    6.4697265625e-01
       211   -7.4800467926e+00    5.6136443469e+01   -1.2991593643e+01    5.5115468499e+00    2.7539958984e+00   -1.5745589541e+01    1.2800000000e+02    7.9372769997e-03    6.2500000000e-01
       212   -7.3742748225e+00    5.4478716313e+01   -1.0456903555e+01    3.0826287328e+00    2.6697450067e+00   -1.3126648562e+01    1.2800000000e+02    7.8627700004e-03    6.5917968750e-01
       213   -7.4114668341e+00    5.5102523273e+01   -1.5321944147e+01    7.9104773129e+00    3.0438109113e+00   -1.8365755058e+01    1.2800000000e+02    7.9527980006e-03    6.3476562500e-01
       214   -7.4313127138e+00    5.5382928298e+01   -1.4651760645e+01    7.2204479313e+00    2.7331035302e+00   -1.7384864175e+01    1.2800000000e+02    8.2890690001e-03    6.5820312500e-01
       215   -7.3946679020e+00    5.4838155520e+01   -1.4550670535e+01    7.1560026333e+00    2.7245306024e+00   -1.7275201138e+01    1.2800000000e+02    7.8713049998e-03    6.4599609375e-01
       216   -7.3370205558e+00    5.3955868525e+01   -1.5294558399e+01    7.9575378429e+00    2.6025812076e+00   -1.7897139606e+01    1.2800000000e+02    7.7441349995e-03    6.4208984375e-01
       217   -7.6391341554e+00    5.8804347276e+01   -1.6712570031e+01    9.0734358752e+00    3.1000283379e+00   -1.9812598369e+01    1.2800000000e+02    7.8203610001e-03    6.0791015625e-01
       218   -7.4415276184e+00    5.5557036150e+01   -1.5030318240e+01    7.5887906212e+00    2.6449637839e+00   -1.7675282023e+01    1.2800000000e+02    7.7118789995e-03    6.3330078125e-01
       219   -7.4369636243e+00    5.5419097540e+01   -1.2329195764e+01    4.8922321399e+00    2.8424389219e+00   -1.5171634686e+01    1.2800000000e+02    7.8645979993e-03    6.3720703125e-01
       220   -7.3961876226e+00    5.4833471017e+01   -1.3113121042e+01    5.7169334197e+00    2.5866462287e+00   -1.5699767271e+01    1.2800000000e+02    7.6812129992e-03    6.3769531250e-01
       221   -7.4573614169e+00    5.5791905450e+01   -1.1277168102e+01    3.8198066849e+00    2.7149985889e+00   -1.3992166691e+01    1.2800000000e+02    7.8947640004e-03    6.5527343750e-01
       222   -7.4555105307e+00    5.5740052107e+01   -1.4698750486e+01    7.2432399553e+00    2.5522887301e+00   -1.7251039216e+01    1.2800000000e+02    7.7496830008e-03    6.4599609375e-01
       223   -7.3632928928e+00    5.4362403250e+01   -1.2417599009e+01    5.0543061163e+00    2.5790179015e+00   -1.4996616911e+01    1.2800000000e+02    7.8683399997e-03    6.4892578125e-01
       224   -7.5376262528e+00    5.7024143045e+01   -1.3088756284e+01    5.5511300313e+00    2.5114387566e+00   -1.5600195041e+01    1.2800000000e+02    7.7742639996e-03    6.6113281250e-01
       225   -7.5106948739e+00    5.6679392318e+01   -1.6878556994e+01    9.3678621202e+00    2.8309457922e+00   -1.9709502786e+01    1.2800000000e+02    7.6782930000e-03    6.2841796875e-01
       226   -7.4033987075e+00    5.4945290091e+01   -1.6746759772e+01    9.3433610641e+00    2.4006573987e+00   -1.9147417170e+01    1.2800000000e+02    7.8028629996e-03    6.4941406250e-01
       227   -7.3768514183e+00    5.4575885908e+01   -1.2476232872e+01    5.0993814540e+00    2.3966006798e+00   -1.4872833552e+01    1.2800000000e+02    7.6874429997e-03    6.4892578125e-01
       228   -7.3837400978e+00    5.4683299833e+01   -1.2247927008e+01    4.8641869099e+00    2.6576606093e+00   -1.4905587617e+01    1.2800000000e+02    7.8640570000e-03    6.4746093750e-01
       229   -7.5479760971e+00    5.7285315151e+01   -1.4452518276e+01    6.9045421788e+00    2.7063512283e+00   -1.7158869504e+01    1.2800000000e+02    7.7337360008e-03    6.4404296875e-01
       230   -7.3978266680e+00    5.4850675616e+01   -1.1615584996e+01    4.2177583282e+00    2.2919649106e+00   -1.3907549907e+01    1.2800000000e+02    7.8524470000e-03    6.5917968750e-01
       231   -7.5140733044e+00    5.6693203517e+01   -2.9053516472e+01    2.1539443168e+01    2.4401213507e+00   -3.1493637823e+01    1.2800000000e+02    7.7075460003e-03    6.4257812500e-01
       232   -7.4039810092e+00    5.5081011866e+01   -1.5006174790e+01    7.6021937804e+00    2.6996061008e+00   -1.7705780890e+01    1.2800000000e+02    7.7986560000e-03    6.3281250000e-01
       233   -7.5428834423e+00    5.7140595705e+01   -1.4889187055e+01    7.3463036122e+00    2.7184913184e+00   -1.7607678373e+01    1.2800000000e+02    7.6167929992e-03    6.2109375000e-01
       234   -7.5182195901e+00    5.6710304988e+01   -1.5557896290e+01    8.0396767002e+00    2.9271093141e+00   -1.8485005604e+01    1.2800000000e+02    7.8452400003e-03    6.4892578125e-01
       235   -7.4547762682e+00    5.5725296855e+01   -1.2869765821e+01    5.4149895531e+00    2.4343646159e+00   -1.5304130437e+01    1.2800000000e+02    7.8098260001e-03    6.7382812500e-01
       236   -7.5728116583e+00    5.7677375638e+01   -1.4664773800e+01    7.0919621415e+00    2.7068281235e+00   -1.7371601923e+01    1.2800000000e+02    7.9388149998e-03    6.5722656250e-01
       237   -7.4040302646e+00    5.4977114527e+01   -1.2160274291e+01    4.7562440266e+00    2.5193673162e+00   -1.4679641607e+01    1.2800000000e+02    7.7656740004e-03    6.4697265625e-01
       238   -7.5215552740e+00    5.6863736797e+01   -1.7477858378e+01    9.9563031039e+00    2.9122573053e+00   -2.0390115683e+01    1.2800000000e+02    7.8849299998e-03    6.3085937500e-01
       239   -7.4173788377e+00    5.5157238023e+01   -1.3268268512e+01    5.8508896743e+00    2.2708355011e+00   -1.5539104013e+01    1.2800000000e+02    7.6742109995e-03    6.3867187500e-01
       240   -7.4086833746e+00    5.5048132071e+01   -1.1846794095e+01    4.4381107208e+00    2.4735498333e+00   -1.4320343929e+01    1.2800000000e+02    7.9042270008e-03    6.6113281250e-01
       241   -7.5221021241e+00    5.6859961488e+01   -1.3133597508e+01    5.6114953837e+00    2.7276901692e+00   -1.5861287677e+01    1.2800000000e+02    7.9674070003e-03    6.5087890625e-01
       242   -7.3590335743e+00    5.4290884411e+01   -1.1473959802e+01    4.1149262275e+00    2.3671419349e+00   -1.3841101737e+01    1.2800000000e+02    7.7867629998e-03    6.5576171875e-01
       243   -7.4028259489e+00    5.5022317821e+01   -1.4156974784e+01    6.7541488347e+00    2.4640662282e+00   -1.6621041012e+01    1.2800000000e+02    7.7604700000e-03    6.3476562500e-01
       244   -7.3863180522e+00    5.4750402951e+01   -1.4182953787e+01    6.7966357353e+00    2.4488308569e+00   -1.6631784644e+01    1.2800000000e+02    7.6663000000e-03    6.2841796875e-01
       245   -7.4387758233e+00    5.5543170980e+01   -1.6105400498e+01    8.6666246744e+00    2.4894151052e+00   -1.8594815603e+01    1.2800000000e+02    7.6644379997e-03    6.2841796875e-01
       246   -7.4872469171e+00    5.6349442866e+01   -1.4287274803e+01    6.8000278863e+00    2.9367200487e+00   -1.7223994852e+01    1.2800000000e+02    7.6675560003e-03    6.2451171875e-01
       247   -7.4684994120e+00    5.5994474532e+01   -1.3751469431e+01    6.2829700195e+00    2.8083488405e+00   -1.6559818272e+01    1.2800000000e+02    7.9265680006e-03    6.3867187500e-01
       248   -7.4643809571e+00    5.5984394898e+01   -1.2990552736e+01    5.5261717785e+00    2.7850878097e+00   -1.5775640545e+01    1.2800000000e+02    7.7264359998e-03    6.3232421875e-01
       249   -7.5831643587e+00    5.7704977544e+01   -1.8509535724e+01    1.0926371365e+01    2.8304618542e+00   -2.1339997578e+01    1.2800000000e+02    7.9489239997e-03    6.4306640625e-01
       250   -7.4350839354e+00    5.5450567030e+01   -1.5917697548e+01    8.4826136122e+00    2.6725965214e+00   -1.8590294069e+01    1.2800000000e+02    7.7931290007e-03    6.3476562500e-01
       251   -7.3941177065e+00    5.4849027878e+01   -1.3005189772e+01    5.6110720652e+00    2.3410099374e+00   -1.5346199709e+01    1.2800000000e+02    7.9047839999e-03    6.4501953125e-01
       252   -7.5324092437e+00    5.6988674275e+01   -1.3132484677e+01    5.6000754337e+00    2.4981845888e+00   -1.5630669266e+01    1.2800000000e+02    7.6981069997e-03    6.4990234375e-01
       253   -7.6097739740e+00    5.8222494595e+01   -1.5948731419e+01    8.3389574446e+00    2.6615415541e+00   -1.8610272973e+01    1.2800000000e+02    7.8748260003e-03    6.5625000000e-01
       254   -7.5760055599e+00    5.7693419425e+01   -1.3457501821e+01    5.8814962608e+00    2.7897128629e+00   -1.6247214684e+01    1.2800000000e+02    7.7646960008e-03    6.5429687500e-01
       255   -7.4305420143e+00    5.5370684555e+01   -1.2080142256e+01    4.6496002414e+00    2.6743408117e+00   -1.4754483067e+01    1.2800000000e+02    7.8960600003e-03    6.5917968750e-01
       256   -7.4278309732e+00    5.5343262309e+01   -1.4005053939e+01    6.5772229656e+00    2.5599179580e+00   -1.6564971897e+01    1.2800000000e+02    7.7708909994e-03    6.4697265625e-01
       257   -7.3839997311e+00    5.4634455472e+01   -1.1434671097e+01    4.0506713658e+00    2.3392282167e+00   -1.3773899314e+01    1.2800000000e+02    7.7461310002e-03    6.5332031250e-01
       258   -7.4345817347e+00    5.5495111759e+01   -1.5594575689e+01    8.1599939543e+00    2.6888070197e+00   -1.8283382709e+01    1.2800000000e+02    7.7648970000e-03    6.2158203125e-01
       259   -7.5229444185e+00    5.6814716754e+01   -1.4643281292e+01    7.1203368731e+00    2.6322806812e+00   -1.7275561973e+01    1.2800000000e+02    7.7434089999e-03    6.3867187500e-01
       260   -7.6108804520e+00    5.8252386626e+01   -1.3711508537e+01    6.1006280848e+00    2.3430482667e+00   -1.6054556804e+01    1.2800000000e+02    7.7934780002e-03    6.4990234375e-01
       261   -7.6001548558e+00    5.8082491179e+01   -1.4261900217e+01    6.6617453613e+00    2.6885755914e+00   -1.6950475809e+01    1.2800000000e+02    7.7156070001e-03    6.4062500000e-01
       262   -7.5707341982e+00    5.7733048965e+01   -1.4010717832e+01    6.4399836335e+00    2.6364825537e+00   -1.6647200385e+01    1.2800000000e+02    7.8535530001e-03    6.4843750000e-01
       263   -7.6131530913e+00    5.8228634582e+01   -1.4576105529e+01    6.9629524381e+00    2.3699589621e+00   -1.6946064492e+01    1.2800000000e+02    7.6663669997e-03    6.3916015625e-01
       264   -7.4589554422e+00    5.5775070676e+01   -1.3328843801e+01    5.8698883584e+00    2.6505225206e+00   -1.5979366321e+01    1.2800000000e+02    7.8763410002e-03    6.2841796875e-01
       265   -7.4794255643e+00    5.6104835389e+01   -1.5444072007e+01    7.9646464423e+00    2.6162025162e+00   -1.8060274523e+01    1.2800000000e+02    7.7476979995e-03    6.5380859375e-01
       266   -7.6178691894e+00    5.8331198730e+01   -6.5549597044e+01    5.7931727854e+01    2.9539764994e+00   -6.8503573543e+01    1.2800000000e+02    7.7686190007e-03    6.2060546875e-01
       267   -7.4026491260e+00    5.5049952301e+01   -1.3831604153e+01    6.4289550269e+00    2.7269336891e+00   -1.6558537842e+01    1.2800000000e+02    7.6527140000e-03    6.2890625000e-01
       268   -7.4512442989e+00    5.5825800451e+01   -1.3375620672e+01    5.9243763728e+00    2.6407830000e+00   -1.6016403672e+01    1.2800000000e+02    7.7925979995e-03    6.4404296875e-01
       269   -7.5726217951e+00    5.7742970681e+01   -1.2901924085e+01    5.3293022898e+00    2.5598219160e+00   -1.5461746001e+01    1.2800000000e+02    7.7025889996e-03    6.4794921875e-01
       270   -7.4239992536e+00    5.5308509918e+01   -1.3380465007e+01    5.9564657532e+00    2.4936791166e+00   -1.5874144123e+01    1.2800000000e+02    7.7960540002e-03    6.4550781250e-01
       271   -7.5559401779e+00    5.7346637979e+01   -1.2456151452e+01    4.9002112738e+00    2.4438533319e+00   -1.4900004784e+01    1.2800000000e+02    7.7583160000e-03    6.5087890625e-01
       272   -7.4282441338e+00    5.5380304721e+01   -2.0649144228e+01    1.3220900094e+01    2.5981288132e+00   -2.3247273041e+01    1.2800000000e+02    7.7180430008e-03    6.5332031250e-01
       273   -7.3425498605e+00    5.4050987211e+01   -1.3252562767e+01    5.9100129068e+00    3.0868141913e+00   -1.6339376959e+01    1.2800000000e+02    7.6693510000e-03    6.0400390625e-01
       274   -7.4018759687e+00    5.5053737887e+01   -1.7048490846e+01    9.6466148773e+00    2.4734505448e+00   -1.9521941391e+01    1.2800000000e+02    7.6242970008e-03    6.3037109375e-01
       275   -7.4397959306e+00    5.5605105795e+01   -1.3234725549e+01    5.7949296189e+00    2.9032169941e+00   -1.6137942543e+01    1.2800000000e+02    7.8880149995e-03    6.5722656250e-01
       276   -7.4019699782e+00    5.4962221064e+01   -1.2184939114e+01    4.7829691354e+00    2.4265534485e+00   -1.4611492562e+01    1.2800000000e+02    7.6879200005e-03    6.4648437500e-01
       277   -7.5321782569e+00    5.7024350784e+01   -1.3789028440e+01    6.2568501830e+00    2.5908540532e+00   -1.6379882493e+01    1.2800000000e+02    7.8015220006e-03    6.4843750000e-01
       278   -7.4325561875e+00    5.5413508387e+01   -1.2097550566e+01    4.6649943782e+00    2.5407084777e+00   -1.4638259043e+01    1.2800000000e+02    7.7832120005e-03    6.5039062500e-01
       279   -7.4761315144e+00    5.6101911725e+01   -1.3340442111e+01    5.8643105961e+00    2.6173267690e+00   -1.5957768879e+01    1.2800000000e+02    7.8277670000e-03    6.4013671875e-01
       280   -7.5430861922e+00    5.7145183822e+01   -1.4742001104e+01    7.1989149115e+00    3.0147686035e+00   -1.7756769707e+01    1.2800000000e+02    7.7514420000e-03    6.5039062500e-01
       281   -7.5498351485e+00    5.7273502163e+01   -1.1925635822e+01    4.3758006735e+00    2.4386024008e+00   -1.4364238223e+01    1.2800000000e+02    7.7565219999e-03    6.5185546875e-01
       282   -7.4984851444e+00    5.6460993607e+01   -1.3536768861e+01    6.0382837165e+00    2.6409436650e+00   -1.6177712526e+01    1.2800000000e+02    7.6978210000e-03    6.4404296875e-01
       283   -7.4270632691e+00    5.5268876088e+01   -1.1610752016e+01    4.1836887473e+00    2.4860045505e+00   -1.4096756567e+01    1.2800000000e+02    7.7637909999e-03    6.4501953125e-01
       284   -7.4322770972e+00    5.5413455811e+01   -1.3506809105e+01    6.0745320081e+00    2.6441562793e+00   -1.6150965385e+01    1.2800000000e+02    7.7385160002e-03    6.4550781250e-01
       285   -7.5401596774e+00    5.7131435979e+01   -1.4262222962e+01    6.7220632841e+00    2.4307371583e+00   -1.6692960120e+01    1.2800000000e+02    7.6502239999e-03    6.2841796875e-01
       286   -7.3697958156e+00    5.4471588170e+01   -1.5897555264e+01    8.5277594484e+00    2.7604335704e+00   -1.8657988834e+01    1.2800000000e+02    7.7667770001e-03    6.5966796875e-01
       287   -7.4056224381e+00    5.5051687253e+01   -1.2179711256e+01    4.7740888182e+00    2.6465366535e+00   -1.4826247910e+01    1.2800000000e+02    7.7553550000e-03    6.5087890625e-01
       288   -7.4512406992e+00    5.5685203413e+01   -1.7100416253e+01    9.6491755534e+00    2.8117869897e+00   -1.9912203242e+01    1.2800000000e+02    7.7571470001e-03    6.4990234375e-01
       289   -7.4355578053e+00    5.5455385989e+01   -1.2906447215e+01    5.4708894095e+00    2.4602476823e+00   -1.5366694897e+01    1.2800000000e+02    7.7069230001e-03    6.4648437500e-01
       290   -7.6025569885e+00    5.8212152667e+01   -1.4532107899e+01    6.9295509104e+00    2.8671554070e+00   -1.7399263306e+01    1.2800000000e+02    7.8580359996e-03    6.4501953125e-01
       291   -7.4704433357e+00    5.6007626853e+01   -1.4240663522e+01    6.7702201858e+00    2.9401270270e+00   -1.7180790548e+01    1.2800000000e+02    7.6782440001e-03    6.3037109375e-01
       292   -7.3759723944e+00    5.4524120955e+01   -1.3885881487e+01    6.5099090921e+00    2.3879827459e+00   -1.6273864232e+01    1.2800000000e+02    7.8414290001e-03    6.6064453125e-01
       293   -7.5302339239e+00    5.7020636493e+01   -1.5163419172e+01    7.6331852479e+00    3.0197890757e+00   -1.8183208247e+01    1.2800000000e+02    7.6693040000e-03    6.2792968750e-01
       294   -7.5411665634e+00    5.7152564484e+01   -1.6688301795e+01    9.1471352320e+00    2.4128780917e+00   -1.9101179887e+01    1.2800000000e+02    7.9710600003e-03    6.5771484375e-01
       295   -7.4586932429e+00    5.5906435068e+01   -1.5596460781e+01    8.1377675381e+00    2.6750877179e+00   -1.8271548499e+01    1.2800000000e+02    7.7371289999e-03    6.2109375000e-01
       296   -7.6620519417e+00    5.8985641282e+01   -2.2974811133e+01    1.5312759191e+01    2.9588076216e+00   -2.5933618754e+01    1.2800000000e+02    7.7167509999e-03    6.2695312500e-01
       297   -7.3824085176e+00    5.4717062699e+01   -1.4093254608e+01    6.7108460900e+00    2.8961138055e+00   -1.6989368413e+01    1.2800000000e+02    7.6834689999e-03    6.2695312500e-01
       298   -7.3186227172e+00    5.3703467393e+01   -1.3735375744e+01    6.4167530269e+00    2.5141541046e+00   -1.6249529849e+01    1.2800000000e+02    7.6755549999e-03    6.2646484375e-01
       299   -7.4441735877e+00    5.5603732115e+01   -1.3560633331e+01    6.1164597434e+00    2.3697519520e+00   -1.5930385283e+01    1.2800000000e+02    7.7070500001e-03    6.4648437500e-01
       300   -7.5234469317e+00    5.6912409675e+01   -1.7415291834e+01    9.8918449026e+00    2.9544704330e+00   -2.0369762267e+01    1.2800000000e+02    7.7132560000e-03    6.1962890625e-01
       301   -7.4203162051e+00    5.5223127935e+01   -1.4451998845e+01    7.0316826396e+00    2.3437836220e+00   -1.6795782467e+01    1.2800000000e+02    8.3283210006e-03    6.5039062500e-01
       302   -7.5373712657e+00    5.7102840907e+01   -1.7171148082e+01    9.6337768167e+00    2.5571537692e+00   -1.9728301852e+01    1.2800000000e+02    1.1098700000e-02    6.5039062500e-01
       303   -7.4466294617e+00    5.5618560143e+01   -1.5615876928e+01    8.1692474665e+00    2.8564785550e+00   -1.8472355483e+01    1.2800000000e+02    7.7554979998e-03    6.4599609375e-01
       304   -7.5336993994e+00    5.6968850993e+01   -1.7515784942e+01    9.9820855429e+00    2.4591238319e+00   -1.9974908774e+01    1.2800000000e+02    9.8886440001e-03    6.4746093750e-01
       305   -7.5056751701e+00    5.6555157631e+01   -1.3228190465e+01    5.7225152945e+00    2.9769392310e+00   -1.6205129696e+01    1.2800000000e+02    7.9268440004e-03    6.3916015625e-01
       306   -7.4109971841e+00    5.5175162641e+01   -1.3164148548e+01    5.7531513639e+00    2.7637370116e+00   -1.5927885560e+01    1.2800000000e+02    8.8270580009e-03    6.2500000000e-01
       307   -7.3162122893e+00    5.3646839441e+01   -1.4215790213e+01    6.8995779240e+00    2.5817367350e+00   -1.6797526948e+01    1.2800000000e+02    7.6713389999e-03    6.4404296875e-01
       308   -7.8230898468e+00    6.1646328796e+01   -1.7201422412e+01    9.3783325655e+00    2.6093575099e+00   -1.9810779922e+01    1.2800000000e+02    8.8616409994e-03    6.4257812500e-01
       309   -7.3831569305e+00    5.4629315671e+01   -1.2881460790e+01    5.4983038594e+00    2.6509348107e+00   -1.5532395601e+01    1.2800000000e+02    7.7629509997e-03    6.4746093750e-01
       310   -7.5041535630e+00    5.6719075188e+01   -1.4048910299e+01    6.5447567362e+00    2.5447559254e+00   -1.6593666225e+01    1.2800000000e+02    8.7709910003e-03    6.2548828125e-01
       311   -7.4500676391e+00    5.5652047954e+01   -1.4316140982e+01    6.8660733426e+00    2.6147709600e+00   -1.6930911942e+01    1.2800000000e+02    7.6938520006e-03    6.4990234375e-01
       312   -7.4880418995e+00    5.6331521410e+01   -1.2538343279e+01    5.0503013794e+00    3.3269853378e+00   -1.5865328617e+01    1.2800000000e+02    8.6383859998e-03    6.2548828125e-01
       313   -7.5935499761e+00    5.7931770140e+01   -1.5708227071e+01    8.1146770946e+00    2.2592066844e+00   -1.7967433755e+01    1.2800000000e+02    7.6747160001e-03    6.5527343750e-01
       314   -7.2994085516e+00    5.3423703648e+01   -1.1168361150e+01    3.8689525985e+00    2.6180914754e+00   -1.3786452625e+01    1.2800000000e+02    8.7985919999e-03    6.5966796875e-01
       315   -7.3497238337e+00    5.4116438756e+01   -1.1160848999e+01    3.8111251653e+00    2.4988350669e+00   -1.3659684066e+01    1.2800000000e+02    7.7364710005e-03    6.4404296875e-01
       316   -7.5212501097e+00    5.6857387357e+01   -1.2652500960e+01    5.1312508502e+00    2.6222760738e+00   -1.5274777034e+01    1.2800000000e+02    8.8045659995e-03    6.4794921875e-01
       317   -7.4809013782e+00    5.6161952078e+01   -1.2495704654e+01    5.0148032761e+00    2.3756221470e+00   -1.4871326801e+01    1.2800000000e+02    7.7282089997e-03    6.4746093750e-01
       318   -7.4806828271e+00    5.6242092175e+01   -1.4615569509e+01    7.1348866818e+00    2.6796394649e+00   -1.7295208974e+01    1.2800000000e+02    8.7099839993e-03    6.3037109375e-01
       319   -7.4349490444e+00    5.5545063735e+01   -1.3890058397e+01    6.4551093522e+00    2.6828999056e+00   -1.6572958302e+01    1.2800000000e+02    7.6712720002e-03    6.2402343750e-01
       320   -7.4416978688e+00    5.5541761015e+01   -1.6448171656e+01    9.0064737876e+00    2.7984670781e+00   -1.9246638735e+01    1.2800000000e+02    8.7656959995e-03    6.3037109375e-01
       321   -7.4729977778e+00    5.6071298386e+01   -1.3283397032e+01    5.8103992537e+00    2.6251773032e+00   -1.5908574335e+01    1.2800000000e+02    7.7407740000e-03    6.3671875000e-01
       322   -7.5193481211e+00    5.6808025443e+01   -1.4436646855e+01    6.9172987337e+00    2.6507005323e+00   -1.7087347387e+01    1.2800000000e+02    7.9120800001e-03    6.3574218750e-01
       323   -7.4028507085e+00    5.5035031510e+01   -1.6918713412e+01    9.5158627033e+00    2.9033298875e+00   -1.9822043299e+01    1.2800000000e+02    8.5654060003e-03    6.0791015625e-01
       324   -7.3396916922e+00    5.3971779366e+01   -1.0536074304e+01    3.1963826113e+00    2.5246357434e+00   -1.3060710047e+01    1.2800000000e+02    7.9684840002e-03    6.6455078125e-01
       325   -7.3537321894e+00    5.4215057924e+01   -1.3796744176e+01    6.4430119869e+00    2.6086532352e+00   -1.6405397412e+01    1.2800000000e+02    8.7350340000e-03    6.4160156250e-01
       326   -7.5106042857e+00    5.6616423417e+01   -1.5320045403e+01    7.8094411176e+00    3.1660296886e+00   -1.8486075092e+01    1.2800000000e+02    7.8471679999e-03    6.3574218750e-01
       327   -7.4586155215e+00    5.5807412123e+01   -1.3381279013e+01    5.9226634913e+00    2.7739640817e+00   -1.6155243095e+01    1.2800000000e+02    8.6043130004e-03    6.2304687500e-01
       328   -7.4905376113e+00    5.6305161080e+01   -1.5568416523e+01    8.0778789121e+00    2.7054866979e+00   -1.8273903221e+01    1.2800000000e+02    7.8341030003e-03    6.2597656250e-01
       329   -7.5156770808e+00    5.6688014210e+01   -1.4028936162e+01    6.5132590812e+00    2.6101408920e+00   -1.6639077054e+01    1.2800000000e+02    7.6061330001e-03    6.2353515625e-01
       330   -7.3042010484e+00    5.3473581713e+01   -1.3233846061e+01    5.9296450126e+00    2.6114071563e+00   -1.5845253217e+01    1.2800000000e+02    7.7052380002e-03    6.3671875000e-01
       331   -7.7137013752e+00    5.9779592066e+01   -1.7169815304e+01    9.4561139285e+00    2.5943671895e+00   -1.9764182493e+01    1.2800000000e+02    7.7588149998e-03    6.4648437500e-01
       332   -7.2590485113e+00    5.2900186003e+01   -1.3897916167e+01    6.6388676553e+00    3.0895073601e+00   -1.6987423527e+01    1.2800000000e+02    7.6940619992e-03    6.0693359375e-01
       333   -7.4598234035e+00    5.5938488457e+01   -1.4088551067e+01    6.6287276630e+00    2.8722052454e+00   -1.6960756312e+01    1.2800000000e+02    7.7131320004e-03    6.3574218750e-01
       334   -7.4462386558e+00    5.5605976647e+01   -1.2904004282e+01    5.4577656257e+00    2.3281446180e+00   -1.5232148900e+01    1.2800000000e+02    7.6726440002e-03    6.5576171875e-01
       335   -7.5702855226e+00    5.7509565988e+01   -1.4040496746e+01    6.4702112233e+00    2.6025947418e+00   -1.6643091488e+01    1.2800000000e+02    7.7168119997e-03    6.3525390625e-01
       336   -7.6119848596e+00    5.8207599847e+01   -2.0808831253e+01    1.3196846393e+01    2.5133701850e+00   -2.3322201438e+01    1.2800000000e+02    7.6409740004e-03    6.4062500000e-01
       337   -7.4384070672e+00    5.5597458945e+01   -1.8699212865e+01    1.1260805798e+01    3.0774982890e+00   -2.1776711154e+01    1.2800000000e+02    7.7406950004e-03    6.2988281250e-01
       338   -7.8486680874e+00    6.2028601377e+01   -1.9724644717e+01    1.1875976629e+01    2.5210096697e+00   -2.2245654386e+01    1.2800000000e+02    7.6597339994e-03    6.3085937500e-01
       339   -7.4242859420e+00    5.5268862224e+01   -1.3278813385e+01    5.8545274428e+00    2.7040822611e+00   -1.5982895646e+01    1.2800000000e+02    7.7459430004e-03    6.3427734375e-01
       340   -7.3447970097e+00    5.4146448846e+01   -1.3019257067e+01    5.6744600575e+00    2.8633659529e+00   -1.5882623020e+01    1.2800000000e+02    8.2357129995e-03    6.3916015625e-01
       341   -7.5994670938e+00    5.8059907446e+01   -1.4162033838e+01    6.5625667437e+00    2.9935269828e+00   -1.7155560820e+01    1.2800000000e+02    7.7604050002e-03    6.3378906250e-01
       342   -7.4240555710e+00    5.5245280504e+01   -1.2908165811e+01    5.4841102397e+00    2.7008224570e+00   -1.5608988268e+01    1.2800000000e+02    7.7382589998e-03    6.3867187500e-01
       343   -7.5239769092e+00    5.6967573119e+01   -1.7602602992e+01    1.0078626083e+01    2.7211853046e+00   -2.0323788296e+01    1.2800000000e+02    7.7019439996e-03    6.1621093750e-01
       344   -7.4083321078e+00    5.5137433650e+01   -1.4058784181e+01    6.6504520727e+00    2.4962111005e+00   -1.6554995281e+01    1.2800000000e+02    7.7260749995e-03    6.4062500000e-01
       345   -7.4592074965e+00    5.5800705528e+01   -1.0942000536e+01    3.4827930395e+00    2.4185187956e+00   -1.3360519332e+01    1.2800000000e+02    7.7776919998e-03    6.5136718750e-01
       346   -7.5564241802e+00    5.7283718995e+01   -1.3591871448e+01    6.0354472683e+00    2.4246413087e+00   -1.6016512757e+01    1.2800000000e+02    7.7126990000e-03    6.5673828125e-01
       347   -7.5295783984e+00    5.7028177752e+01   -1.6175508307e+01    8.6459299089e+00    2.5601344983e+00   -1.8735642806e+01    1.2800000000e+02    7.6372290005e-03    6.2255859375e-01
       348   -7.7069672089e+00    5.9773319077e+01   -1.8445382133e+01    1.0738414924e+01    3.1067199488e+00   -2.1552102082e+01    1.2800000000e+02    7.6418780000e-03    6.3232421875e-01
       349   -7.5811439545e+00    5.7769132702e+01   -1.3934633103e+01    6.3534891490e+00    2.3902825542e+00   -1.6324915658e+01    1.2800000000e+02    7.7103259991e-03    6.5527343750e-01
       350   -7.4693105259e+00    5.5945289978e+01   -1.8693505822e+01    1.1224195296e+01    2.6883430720e+00   -2.1381848894e+01    1.2800000000e+02    7.6908080000e-03    6.1865234375e-01
       351   -7.3511950994e+00    5.4178395083e+01   -1.1910167686e+01    4.5589725864e+00    2.4642590277e+00   -1.4374426714e+01    1.2800000000e+02    7.7504719993e-03    6.4941406250e-01
       352   -7.3255830367e+00    5.3792847237e+01   -1.2404295738e+01    5.0787127013e+00    2.5398483347e+00   -1.4944144073e+01    1.2800000000e+02    7.7225120003e-03    6.3623046875e-01
       353   -7.4263029254e+00    5.5330901682e+01   -1.3662756475e+01    6.2364535494e+00    2.6676709045e+00   -1.6330427379e+01    1.2800000000e+02    7.6942950000e-03    6.3476562500e-01
       354   -7.4821473628e+00    5.6196115685e+01   -1.4338660160e+01    6.8565127973e+00    2.6174842604e+00   -1.6956144420e+01    1.2800000000e+02    7.6856770002e-03    6.3183593750e-01
       355   -7.3787133915e+00    5.4608305696e+01   -1.1988817372e+01    4.6101039806e+00    2.6684512333e+00   -1.4657268605e+01    1.2800000000e+02    7.7667169999e-03    6.5039062500e-01
       356   -7.4572826890e+00    5.5739944541e+01   -1.1686212817e+01    4.2289301281e+00    3.0650504063e+00   -1.4751263223e+01    1.2800000000e+02    7.7679800006e-03    6.4990234375e-01
       357   -7.4498212817e+00    5.5671168591e+01   -1.1629984953e+01    4.1801636716e+00    2.6051443439e+00   -1.4235129297e+01    1.2800000000e+02    7.7368089997e-03    6.3916015625e-01
       358   -7.6851201744e+00    5.9461831134e+01   -1.7203695904e+01    9.5185757297e+00    2.5811911114e+00   -1.9784887016e+01    1.2800000000e+02    7.7834240001e-03    6.5332031250e-01
       359   -7.3354807746e+00    5.4002453214e+01   -1.3644009233e+01    6.3085284588e+00    2.7680177854e+00   -1.6412027019e+01    1.2800000000e+02    7.8194180005e-03    6.3330078125e-01
       360   -7.4126458478e+00    5.5238038322e+01   -1.8970884279e+01    1.1558238431e+01    2.5739859772e+00   -2.1544870256e+01    1.2800000000e+02    7.7812689997e-03    6.4599609375e-01
       361   -7.4553328236e+00    5.5751548901e+01   -1.2493465984e+01    5.0381331607e+00    2.4442793140e+00   -1.4937745298e+01    1.2800000000e+02    7.8552810000e-03    6.5917968750e-01
       362   -7.5957605515e+00    5.7935453486e+01   -2.0713703248e+01    1.3117942696e+01    2.7461571256e+00   -2.3459860373e+01    1.2800000000e+02    7.6783430004e-03    6.2158203125e-01
       363   -7.5933798004e+00    5.7985350668e+01   -1.8517719938e+01    1.0924340138e+01    2.5245438895e+00   -2.1042263828e+01    1.2800000000e+02    7.5684069998e-03    6.2451171875e-01
       364   -7.5549197581e+00    5.7340958553e+01   -1.5403275927e+01    7.8483561694e+00    2.7855493526e+00   -1.8188825280e+01    1.2800000000e+02    7.6901610000e-03    6.3330078125e-01
       365   -7.5245634233e+00    5.6899495843e+01   -1.3917430227e+01    6.3928668038e+00    2.7684083339e+00   -1.6685838561e+01    1.2800000000e+02    7.7280870000e-03    6.4746093750e-01
       366   -7.4055542565e+00    5.5061283622e+01   -1.6049662321e+01    8.6441080640e+00    2.3649130235e+00   -1.8414575344e+01    1.2800000000e+02    7.6211860005e-03    6.4794921875e-01
       367   -7.4988879506e+00    5.6552243867e+01   -1.7816664198e+01    1.0317776247e+01    2.7958650076e+00   -2.0612529205e+01    1.2800000000e+02    7.7886489998e-03    6.4453125000e-01
       368   -7.8749403523e+00    6.2574229761e+01   -1.6024212013e+01    8.1492716607e+00    2.7423022611e+00   -1.8766514274e+01    1.2800000000e+02    7.6692960001e-03    6.2304687500e-01
       369   -7.4531728560e+00    5.5669247362e+01   -1.1919853224e+01    4.4666803683e+00    2.5883949523e+00   -1.4508248177e+01    1.2800000000e+02    7.8097040005e-03    6.5527343750e-01
       370   -7.4657982443e+00    5.5922253984e+01   -1.6169048461e+01    8.7032502171e+00    2.9296902492e+00   -1.9098738711e+01    1.2800000000e+02    7.7194410005e-03    6.3427734375e-01
       371   -7.5206341259e+00    5.6848855000e+01   -1.8055157935e+01    1.0534523810e+01    3.0033161803e+00   -2.1058474116e+01    1.2800000000e+02    7.6559379995e-03    6.2207031250e-01
       372   -7.3872347731e+00    5.4717592115e+01   -1.3972534164e+01    6.5852993905e+00    2.6167561797e+00   -1.6589290343e+01    1.2800000000e+02    7.6477570001e-03    6.2695312500e-01
       373   -7.5030088256e+00    5.6604185818e+01   -1.5348276420e+01    7.8452675948e+00    2.6016489174e+00   -1.7949925338e+01    1.2800000000e+02    7.5962490000e-03    6.2646484375e-01
       374   -7.5159964762e+00    5.6717529705e+01   -1.4067816322e+01    6.5518198454e+00    2.7355203762e+00   -1.6803336698e+01    1.2800000000e+02    7.7083890001e-03    6.4257812500e-01
       375   -7.7810435953e+00    6.0911484362e+01   -1.7613343197e+01    9.8322996021e+00    2.7671256636e+00   -2.0380468861e+01    1.2800000000e+02    7.7154580003e-03    6.3378906250e-01
       376   -7.3958520412e+00    5.4925695209e+01   -1.4101039937e+01    6.7051878956e+00    2.9527394285e+00   -1.7053779365e+01    1.2800000000e+02    7.7002830003e-03    6.3232421875e-01
       377   -7.5500065955e+00    5.7252597881e+01   -1.8703903296e+01    1.1153896701e+01    2.6460208108e+00   -2.1349924107e+01    1.2800000000e+02    7.5973659996e-03    6.1816406250e-01
       378   -7.4442931839e+00    5.5657824616e+01   -1.4104594850e+01    6.6603016663e+00    2.7779233528e+00   -1.6882518203e+01    1.2800000000e+02    7.7244100003e-03    6.3964843750e-01
       379   -7.3972145650e+00    5.4905901226e+01   -1.2656142873e+01    5.2589283076e+00    2.5921782846e+00   -1.5248321157e+01    1.2800000000e+02    7.7486060000e-03    6.3818359375e-01
       380   -7.3444160810e+00    5.4084756105e+01   -1.3945257963e+01    6.6008418820e+00    2.5556697064e+00   -1.6500927669e+01    1.2800000000e+02    7.7203319997e-03    6.3964843750e-01
       381   -7.5624851397e+00    5.7477816029e+01   -1.4393142767e+01    6.8306576270e+00    2.8146222824e+00   -1.7207765049e+01    1.2800000000e+02    7.7128760004e-03    6.3525390625e-01
       382   -7.4161146038e+00    5.5134671349e+01   -1.3756198843e+01    6.3400842393e+00    2.6378889282e+00   -1.6394087771e+01    1.2800000000e+02    7.7227239999e-03    6.3378906250e-01
       383   -7.5283326500e+00    5.6888245719e+01   -1.9779851754e+01    1.2251519104e+01    2.4857460742e+00   -2.2265597828e+01    1.2800000000e+02    7.5831539998e-03    6.2500000000e-01
       384   -7.3939707981e+00    5.4830794322e+01   -1.2880187176e+01    5.4862163782e+00    2.4951974354e+00   -1.5375384612e+01    1.2800000000e+02    7.8312720007e-03    6.6650390625e-01
       385   -7.4063614928e+00    5.4990499822e+01   -1.5031472564e+01    7.6251110714e+00    2.6218816020e+00   -1.7653354166e+01    1.2800000000e+02    7.6403289995e-03    6.3183593750e-01
       386   -7.3456771282e+00    5.4150846835e+01   -1.5915579860e+01    8.5699027322e+00    2.8424226122e+00   -1.8758002473e+01    1.2800000000e+02    7.7329300002e-03    6.3330078125e-01
       387   -7.4152288195e+00    5.5118400070e+01   -1.2238791097e+01    4.8235622774e+00    2.5722094664e+00   -1.4811000563e+01    1.2800000000e+02    7.7459730001e-03    6.4794921875e-01
       388   -7.4938362605e+00    5.6422305482e+01   -1.5856773430e+01    8.3629371695e+00    2.6402559189e+00   -1.8497029349e+01    1.2800000000e+02    7.7104809998e-03    6.3037109375e-01
       389   -7.6117688885e+00    5.8290324271e+01   -1.8629883267e+01    1.1018114379e+01    2.7405564796e+00   -2.1370439747e+01    1.2800000000e+02    7.7638280000e-03    6.3818359375e-01
       390   -7.3394863186e+00    5.4042423773e+01   -1.3377078980e+01    6.0375926609e+00    2.5282924685e+00   -1.5905371448e+01    1.2800000000e+02    7.6169240001e-03    6.2255859375e-01
       391   -7.5648958770e+00    5.7560301348e+01   -1.5579189336e+01    8.0142934594e+00    2.6743872453e+00   -1.8253576582e+01    1.2800000000e+02    7.7113979996e-03    6.3574218750e-01
       392   -7.5106196045e+00    5.6701537579e+01   -1.3847627705e+01    6.3370081007e+00    2.4827538879e+00   -1.6330381593e+01    1.2800000000e+02    7.9567920002e-03    6.4648437500e-01
       393   -7.3699278371e+00    5.4506423415e+01   -1.2462219070e+01    5.0922912332e+00    2.6820053825e+00   -1.5144224453e+01    1.2800000000e+02    7.8393600006e-03    6.6064453125e-01
       394   -7.6459975072e+00    5.8761608204e+01   -1.4882579145e+01    7.2365816378e+00    2.6077208743e+00   -1.7490300019e+01    1.2800000000e+02    7.9147340002e-03    6.3769531250e-01
       395   -7.3943867716e+00    5.4872429550e+01   -1.1982731514e+01    4.5883447420e+00    2.8031170458e+00   -1.4785848559e+01    1.2800000000e+02    7.7266899998e-03    6.4648437500e-01
       396   -7.4926808586e+00    5.6303738155e+01   -1.6661717588e+01    9.1690367292e+00    2.6250931250e+00   -1.9286810713e+01    1.2800000000e+02    7.7969939994e-03    6.3330078125e-01
       397   -7.6069912550e+00    5.8127296745e+01   -1.5434405778e+01    7.8274145235e+00    2.7282052705e+00   -1.8162611049e+01    1.2800000000e+02    7.6995890004e-03    6.2402343750e-01
       398   -7.4272200392e+00    5.5327110880e+01   -1.2978477410e+01    5.5512573704e+00    2.4419968256e+00   -1.5420474235e+01    1.2800000000e+02    7.9042139996e-03    6.6162109375e-01
       399   -7.6768024721e+00    5.9293533768e+01   -1.4005758375e+01    6.3289559034e+00    2.6370958251e+00   -1.6642854201e+01    1.2800000000e+02    7.7463219995e-03    6.4453125000e-01
       400   -7.4900666115e+00    5.6338593417e+01   -1.4074579567e+01    6.5845129554e+00    2.6777277357e+00   -1.6752307303e+01    1.2800000000e+02    7.7850890002e-03    6.3818359375e-01
       401   -7.5643053280e+00    5.7515118145e+01   -1.7026032578e+01    9.4617272503e+00    2.7441807729e+00   -1.9770213351e+01    1.2800000000e+02    7.7332050005e-03    6.4404296875e-01
       402   -7.4343203122e+00    5.5435629288e+01   -1.5300059195e+01    7.8657388831e+00    2.5247319293e+00   -1.7824791125e+01    1.2800000000e+02    7.8562059998e-03    6.5478515625e-01
       403   -7.5276285293e+00    5.6911216697e+01   -1.8679413804e+01    1.1151785274e+01    2.7110953844e+00   -2.1390509188e+01    1.2800000000e+02    7.7203669998e-03    6.3037109375e-01
       404   -7.5273234667e+00    5.6878968172e+01   -1.3700479963e+01    6.1731564967e+00    2.5977461882e+00   -1.6298226152e+01    1.2800000000e+02    7.8247620004e-03    6.3085937500e-01
       405   -7.5183339518e+00    5.6809562079e+01   -1.3502653297e+01    5.9843193453e+00    2.8507226775e+00   -1.6353375975e+01    1.2800000000e+02    7.7715239995e-03    6.3037109375e-01
       406   -7.5062931959e+00    5.6504795708e+01   -1.3775605535e+01    6.2693123396e+00    2.5078455925e+00   -1.6283451128e+01    1.2800000000e+02    7.8481499995e-03    6.5576171875e-01
       407   -7.6355352336e+00    5.8636767370e+01   -1.4730125845e+01    7.0945906116e+00    2.4345944437e+00   -1.7164720289e+01    1.2800000000e+02    7.7035260001e-03    6.3769531250e-01
       408   -7.4299648342e+00    5.5340248346e+01   -1.3309766890e+01    5.8798020557e+00    2.3856403903e+00   -1.5695407280e+01    1.2800000000e+02    7.7230500001e-03    6.5332031250e-01
       409   -7.4427097620e+00    5.5555077117e+01   -1.3378665429e+01    5.9359556675e+00    2.5335048964e+00   -1.5912170326e+01    1.2800000000e+02    7.8827749994e-03    6.4599609375e-01
       410   -7.4423465346e+00    5.5558557239e+01   -1.6877575321e+01    9.4352287864e+00    2.6038371360e+00   -1.9481412457e+01    1.2800000000e+02    7.8634869997e-03    6.3378906250e-01
       411   -7.4156469426e+00    5.5128828501e+01   -1.3506173605e+01    6.0905266628e+00    2.7901676426e+00   -1.6296341248e+01    1.2800000000e+02    8.0241559999e-03    6.3769531250e-01
       412   -7.4830856999e+00    5.6297019439e+01   -1.4592144792e+01    7.1090590925e+00    2.6035810331e+00   -1.7195725826e+01    1.2800000000e+02    7.8765230000e-03    6.3671875000e-01
       413   -7.5675147439e+00    5.7533046778e+01   -1.5681463785e+01    8.1139490406e+00    2.9286850231e+00   -1.8610148808e+01    1.2800000000e+02    7.8280890002e-03    6.1328125000e-01
       414   -7.6801946532e+00    5.9330387369e+01   -1.6995493529e+01    9.3152988755e+00    2.8919373217e+00   -1.9887430850e+01    1.2800000000e+02    8.2313809999e-03    6.3574218750e-01
       415   -7.4113006808e+00    5.5116288620e+01   -1.3738268436e+01    6.3269677548e+00    2.8095587340e+00   -1.6547827170e+01    1.2800000000e+02    8.0850209997e-03    6.3720703125e-01
       416   -7.3687878136e+00    5.4504031083e+01   -1.3418832366e+01    6.0500445524e+00    2.7285887348e+00   -1.6147421101e+01    1.2800000000e+02    7.8350700005e-03    6.5332031250e-01
       417   -7.6178026853e+00    5.8373302545e+01   -1.5155352278e+01    7.5375495927e+00    2.7711999771e+00   -1.7926552255e+01    1.2800000000e+02    7.9225919999e-03    6.2402343750e-01
       418   -7.4149577532e+00    5.5215008699e+01   -1.8100918489e+01    1.0685960736e+01    2.5806279564e+00   -2.0681546446e+01    1.2800000000e+02    7.7354380001e-03    6.3623046875e-01
       419   -7.6010689103e+00    5.8094131066e+01   -1.5611321714e+01    8.0102528038e+00    2.5231931692e+00   -1.8134514883e+01    1.2800000000e+02    8.1935670005e-03    6.3916015625e-01
       420   -7.4259804857e+00    5.5262033820e+01   -1.2710171670e+01    5.2841911838e+00    2.6083420469e+00   -1.5318513716e+01    1.2800000000e+02    8.0228449997e-03    6.2841796875e-01
       421   -7.4566344778e+00    5.5844082962e+01   -1.4223306299e+01    6.7666718214e+00    2.4605371140e+00   -1.6683843413e+01    1.2800000000e+02    8.1583069996e-03    6.4599609375e-01
       422   -7.4323530316e+00    5.5506520800e+01   -1.1257348201e+01    3.8249951697e+00    2.3917475632e+00   -1.3649095765e+01    1.2800000000e+02    7.9113259999e-03    6.6064453125e-01
       423   -7.6008630413e+00    5.8037942119e+01   -1.7495197429e+01    9.8943343876e+00    2.8634081465e+00   -2.0358605575e+01    1.2800000000e+02    8.0911650002e-03    6.1962890625e-01
       424   -7.3458710300e+00    5.4079239197e+01   -1.3681074287e+01    6.3352032569e+00    2.5846168448e+00   -1.6265691132e+01    1.2800000000e+02    8.0666000003e-03    6.4013671875e-01
       425   -7.3841183223e+00    5.4862841081e+01   -1.5447180849e+01    8.0630625267e+00    2.7425802124e+00   -1.8189761061e+01    1.2800000000e+02    7.6873700000e-03    6.2744140625e-01
       426   -7.3855413715e+00    5.4797764114e+01   -1.3925537826e+01    6.5399964545e+00    2.5337354043e+00   -1.6459273230e+01    1.2800000000e+02    7.7708130002e-03    6.3330078125e-01
       427   -7.5512528757e+00    5.7315930957e+01   -1.3794714628e+01    6.2434617525e+00    2.5872256274e+00   -1.6381940256e+01    1.2800000000e+02    7.7444640001e-03    6.4746093750e-01
       428   -7.3887245872e+00    5.4728413994e+01   -2.0700395644e+01    1.3311671057e+01    2.6178134053e+00   -2.3318209050e+01    1.2800000000e+02    7.8815350007e-03    6.4208984375e-01
       429   -7.4466912194e+00    5.5619038156e+01   -1.3645547302e+01    6.1988560827e+00    2.6093518603e+00   -1.6254899162e+01    1.2800000000e+02    7.7317320001e-03    6.3671875000e-01
       430   -7.4553052343e+00    5.5771954546e+01   -1.4400467334e+01    6.9451621000e+00    2.4172266247e+00   -1.6817693959e+01    1.2800000000e+02    7.6601940000e-03    6.4843750000e-01
       431   -7.4764404279e+00    5.6139047310e+01   -1.3814264654e+01    6.3378242265e+00    2.9801014181e+00   -1.6794366073e+01    1.2800000000e+02    7.8084980005e-03    6.5380859375e-01
       432   -7.3546323809e+00    5.4251122641e+01   -1.2704383273e+01    5.3497508918e+00    2.7242256695e+00   -1.5428608942e+01    1.2800000000e+02    7.7401760000e-03    6.3476562500e-01
       433   -7.4701047237e+00    5.6049034557e+01   -1.5089793153e+01    7.6196884294e+00    2.9008795850e+00   -1.7990672738e+01    1.2800000000e+02    7.7422719996e-03    6.3085937500e-01
       434   -7.5802992492e+00    5.7653635695e+01   -1.3397294201e+01    5.8169949516e+00    2.7669179716e+00   -1.6164212172e+01    1.2800000000e+02    7.8998529998e-03    6.4550781250e-01
       435   -7.4315542183e+00    5.5485813396e+01   -1.8118601780e+01    1.0687047562e+01    2.9565502617e+00   -2.1075152042e+01    1.2800000000e+02    7.8262049992e-03    6.2402343750e-01
       436   -7.4717683917e+00    5.5998620975e+01   -1.5166248185e+01    7.6944797935e+00    2.2540040681e+00   -1.7420252253e+01    1.2800000000e+02    7.7530400004e-03    6.4160156250e-01
       437   -7.3683847302e+00    5.4491726577e+01   -1.1875453432e+01    4.5070687018e+00    2.2690318198e+00   -1.4144485252e+01    1.2800000000e+02    7.8920600008e-03    6.4892578125e-01
       438   -7.4465520741e+00    5.5647941621e+01   -1.6869553504e+01    9.4230014301e+00    2.7836136647e+00   -1.9653167169e+01    1.2800000000e+02    7.7464659998e-03    6.3574218750e-01
       439   -7.4329848123e+00    5.5473081958e+01   -1.3876573283e+01    6.4435884709e+00    2.6127064774e+00   -1.6489279761e+01    1.2800000000e+02    7.8867130005e-03    6.4062500000e-01
       440   -7.4360773155e+00    5.5481330311e+01   -1.4524039714e+01    7.0879623983e+00    2.4420934466e+00   -1.6966133160e+01    1.2800000000e+02    7.7184360007e-03    6.5234375000e-01
       441   -7.5452918885e+00    5.7176737973e+01   -1.4062224350e+01    6.5169324620e+00    2.6114301512e+00   -1.6673654502e+01    1.2800000000e+02    7.8669179993e-03    6.2939453125e-01
       442   -7.5429250081e+00    5.7232361216e+01   -1.4120824126e+01    6.5778991178e+00    2.9766639157e+00   -1.7097488042e+01    1.2800000000e+02    7.7663109996e-03    6.4453125000e-01
       443   -7.4057299491e+00    5.5118382365e+01   -1.6618244720e+01    9.2125147712e+00    3.3270479500e+00   -1.9945292670e+01    1.2800000000e+02    7.8634769998e-03    6.3330078125e-01
       444   -7.4337132660e+00    5.5443684747e+01   -1.9340603722e+01    1.1906890456e+01    2.9359466361e+00   -2.2276550358e+01    1.2800000000e+02    7.6263319997e-03    6.1279296875e-01
       445   -7.5765526428e+00    5.7689931056e+01   -1.7348078576e+01    9.7715259335e+00    2.4051528856e+00   -1.9753231462e+01    1.2800000000e+02    7.8497240002e-03    6.2939453125e-01
       446   -7.4485799081e+00    5.5663988571e+01   -1.2107786355e+01    4.6592064469e+00    2.7075436501e+00   -1.4815330005e+01    1.2800000000e+02    7.7807360003e-03    6.5820312500e-01
       447   -7.6370902002e+00    5.8684607404e+01   -1.3568924530e+01    5.9318343302e+00    2.4531164059e+00   -1.6022040936e+01    1.2800000000e+02    7.9955069996e-03    6.5478515625e-01
       448   -7.4454576061e+00    5.5549862265e+01   -1.3654415773e+01    6.2089581670e+00    2.3467919996e+00   -1.6001207773e+01    1.2800000000e+02    7.9013289997e-03    6.5380859375e-01
       449   -7.3794954341e+00    5.4729224613e+01   -1.3573480083e+01    6.1939846491e+00    2.7342437886e+00   -1.6307723872e+01    1.2800000000e+02    7.6100010001e-03    6.3623046875e-01
       450   -7.4197601505e+00    5.5217051200e+01   -1.4488689806e+01    7.0689296556e+00    3.3742215560e+00   -1.7862911362e+01    1.2800000000e+02    7.7274120003e-03    6.2695312500e-01
       451   -7.4133585598e+00    5.5123560284e+01   -1.2460205644e+01    5.0468470846e+00    2.7425962538e+00   -1.5202801898e+01    1.2800000000e+02    7.7825760000e-03    6.5380859375e-01
       452   -7.5030385935e+00    5.6521365781e+01   -1.2474345785e+01    4.9713071919e+00    2.3747708156e+00   -1.4849116601e+01    1.2800000000e+02    7.7834180001e-03    6.5771484375e-01
       453   -7.5613525586e+00    5.7471618941e+01   -1.4147783212e+01    6.5864306535e+00    2.5351617954e+00   -1.6682945007e+01    1.2800000000e+02    7.6345650004e-03    6.4306640625e-01
       454   -7.3738433357e+00    5.4619096552e+01   -3.3260418571e+01    2.5886575236e+01    2.7082881665e+00   -3.5968706738e+01    1.2800000000e+02    7.7574800007e-03    6.1035156250e-01
       455   -7.5747168580e+00    5.7621754528e+01   -1.6255913539e+01    8.6811966811e+00    2.6544678777e+00   -1.8910381417e+01    1.2800000000e+02    7.6169280001e-03    6.3232421875e-01
       456   -7.6230896941e+00    5.8344891106e+01   -1.5641051846e+01    8.0179621516e+00    2.6127679367e+00   -1.8253819782e+01    1.2800000000e+02    7.8202380000e-03    6.3525390625e-01
       457   -7.4640560595e+00    5.5868108828e+01   -1.4573068183e+01    7.1090121235e+00    2.6545434743e+00   -1.7227611657e+01    1.2800000000e+02    7.7046380002e-03    6.2695312500e-01
       458   -7.4593414306e+00    5.5823801396e+01   -1.2876987555e+01    5.4176461246e+00    2.4423099374e+00   -1.5319297493e+01    1.2800000000e+02    7.8045539994e-03    6.5917968750e-01
       459   -7.4273672595e+00    5.5349820232e+01   -1.4140280591e+01    6.7129133318e+00    2.2699766595e+00   -1.6410257251e+01    1.2800000000e+02    7.8965989997e-03    6.5527343750e-01
       460   -7.5020621132e+00    5.6488570657e+01   -1.4658838392e+01    7.1567762788e+00    2.3604688622e+00   -1.7019307254e+01    1.2800000000e+02    7.7809940003e-03    6.3916015625e-01
       461   -7.4537713157e+00    5.5728971253e+01   -1.4782807098e+01    7.3290357819e+00    2.4151461266e+00   -1.7197953224e+01    1.2800000000e+02    7.7717830000e-03    6.4599609375e-01
       462   -7.3063456650e+00    5.3546587775e+01   -3.7171985589e+01    2.9865639924e+01    2.9615700774e+00   -4.0133555666e+01    1.2800000000e+02    7.6905480000e-03    6.3037109375e-01
       463   -7.5265781672e+00    5.6932285987e+01   -2.6078766457e+01    1.8552188290e+01    2.7614072375e+00   -2.8840173695e+01    1.2800000000e+02    7.7812649997e-03    6.3916015625e-01
       464   -7.5121319006e+00    5.6645884847e+01   -1.6213757799e+01    8.7016258988e+00    2.5847735887e+00   -1.8798531388e+01    1.2800000000e+02    7.7115360000e-03    6.3427734375e-01
       465   -7.6664029755e+00    5.9107374535e+01   -1.7519113795e+01    9.8527108192e+00    2.3938244242e+00   -1.9912938219e+01    1.2800000000e+02    7.7370489998e-03    6.4111328125e-01
       466   -7.3791032111e+00    5.4643791623e+01   -1.2437609866e+01    5.0585066547e+00    3.1501423883e+00   -1.5587752254e+01    1.2800000000e+02    7.7999930008e-03    6.5478515625e-01
       467   -7.3945850254e+00    5.4800094616e+01   -1.2067731627e+01    4.6731466014e+00    2.1656720091e+00   -1.4233403636e+01    1.2800000000e+02    7.7058299994e-03    6.5136718750e-01
       468   -7.6216617999e+00    5.8423884674e+01   -2.1729592497e+01    1.4107930697e+01    2.7541052471e+00   -2.4483697744e+01    1.2800000000e+02    8.1501020004e-03    6.2597656250e-01
       469   -7.6578784857e+00    5.8891443908e+01   -1.6458902025e+01    8.8010235391e+00    2.8853139954e+00   -1.9344216020e+01    1.2800000000e+02    7.7383030002e-03    6.1914062500e-01
       470   -7.4429004326e+00    5.5530094367e+01   -1.2107992073e+01    4.6650916406e+00    2.5946035704e+00   -1.4702595644e+01    1.2800000000e+02    7.7777139995e-03    6.5039062500e-01
       471   -7.5022009235e+00    5.6533197984e+01   -1.6715089618e+01    9.2128886943e+00    2.6327664978e+00   -1.9347856116e+01    1.2800000000e+02    7.7539160002e-03    6.4062500000e-01
       472   -7.4175313664e+00    5.5205623623e+01   -1.1201312734e+01    3.7837813679e+00    2.1558876063e+00   -1.3357200341e+01    1.2800000000e+02    7.8997800001e-03    6.6259765625e-01
       473   -7.4239193390e+00    5.5329487355e+01   -2.0985984754e+01    1.3562065415e+01    2.9806513712e+00   -2.3966636125e+01    1.2800000000e+02    7.6968670000e-03    6.1572265625e-01
       474   -7.3619868836e+00    5.4360906178e+01   -1.3389372956e+01    6.0273860726e+00    2.7384945558e+00   -1.6127867512e+01    1.2800000000e+02    7.8520730003e-03    6.6601562500e-01
       475   -7.6177886293e+00    5.8311144212e+01   -1.4252737468e+01    6.6349488384e+00    2.2604284369e+00   -1.6513165905e+01    1.2800000000e+02    7.6720550005e-03    6.4794921875e-01
       476   -7.4651983448e+00    5.6004821519e+01   -1.3776548043e+01    6.3113496984e+00    2.4538271760e+00   -1.6230375219e+01    1.2800000000e+02    7.6620309992e-03    6.3818359375e-01
       477   -7.3884365823e+00    5.4755565029e+01   -1.4204252538e+01    6.8158159552e+00    2.7936015993e+00   -1.6997854137e+01    1.2800000000e+02    7.6870069997e-03    6.3281250000e-01
       478   -7.5428516406e+00    5.7167878092e+01   -1.3327911344e+01    5.7850597033e+00    2.4881301910e+00   -1.5816041535e+01    1.2800000000e+02    7.8134630003e-03    6.5869140625e-01
       479   -7.4682406066e+00    5.5944169990e+01   -1.6634535682e+01    9.1662950754e+00    2.6143959891e+00   -1.9248931671e+01    1.2800000000e+02    7.7176719997e-03    6.3525390625e-01
       480   -7.6000242297e+00    5.8025427204e+01   -3.7689274123e+01    3.0089249894e+01    2.5074145778e+00   -4.0196688701e+01    1.2800000000e+02    7.8454830000e-03    6.4306640625e-01
       481   -7.4266648449e+00    5.5388816279e+01   -3.5966013826e+01    2.8539348981e+01    2.9551884769e+00   -3.8921202303e+01    1.2800000000e+02    7.6273269997e-03    6.1279296875e-01
       482   -7.4360823097e+00    5.5450993328e+01   -1.5629415200e+01    8.1933328907e+00    2.4687918530e+00   -1.8098207053e+01    1.2800000000e+02    7.7611649995e-03    6.4355468750e-01
       483   -7.4167972603e+00    5.5173949316e+01   -1.8140286676e+01    1.0723489415e+01    2.7534756458e+00   -2.0893762321e+01    1.2800000000e+02    7.6555449996e-03    6.2060546875e-01
       484   -7.4799273962e+00    5.6102830049e+01   -1.2127137555e+01    4.6472101586e+00    2.2662613233e+00   -1.4393398878e+01    1.2800000000e+02    7.8415429998e-03    6.6455078125e-01
       485   -7.4251192987e+00    5.5267216317e+01   -1.2584688720e+01    5.1595694216e+00    2.2603228877e+00   -1.4845011608e+01    1.2800000000e+02    7.9693640000e-03    6.7626953125e-01
       486   -7.5298232360e+00    5.6999066789e+01   -2.2096997552e+01    1.4567174316e+01    3.0349208850e+00   -2.5131918437e+01    1.2800000000e+02    7.7496399999e-03    6.4160156250e-01
       487   -7.4177308019e+00    5.5391244521e+01   -1.4381430420e+01    6.9636996184e+00    2.6982670284e+00   -1.7079697449e+01    1.2800000000e+02    7.7677789996e-03    6.2841796875e-01
       488   -7.3888826039e+00    5.4711959145e+01   -1.4211068455e+01    6.8221858512e+00    2.5102392710e+00   -1.6721307726e+01    1.2800000000e+02    7.7937690003e-03    6.5283203125e-01
       489   -7.4422536667e+00    5.5542551528e+01   -1.3243043260e+01    5.8007895929e+00    2.7125613275e+00   -1.5955604587e+01    1.2800000000e+02    7.6801670002e-03    6.2988281250e-01
       490   -7.6262001276e+00    5.8478414956e+01   -1.8008633468e+01    1.0382433340e+01    3.0187372925e+00   -2.1027370760e+01    1.2800000000e+02    7.6895920001e-03    6.1816406250e-01
       491   -7.3975457732e+00    5.4903152137e+01   -1.3701085168e+01    6.3035393947e+00    2.9434638082e+00   -1.6644548976e+01    1.2800000000e+02    7.7425400004e-03    6.4794921875e-01
       492   -7.4954470348e+00    5.6415902270e+01   -1.3724586451e+01    6.2291394158e+00    2.3477999086e+00   -1.6072386359e+01    1.2800000000e+02    7.8186709998e-03    6.6162109375e-01
       493   -7.4975963692e+00    5.6349472104e+01   -1.0669537176e+01    3.1719408065e+00    2.5966174041e+00   -1.3266154580e+01    1.2800000000e+02    7.8220400001e-03    6.7333984375e-01
       494   -7.4492399125e+00    5.5710227819e+01   -2.0126120118e+01    1.2676880205e+01    2.9552962559e+00   -2.3081416374e+01    1.2800000000e+02    7.7084679997e-03    6.1865234375e-01
       495   -7.4681291744e+00    5.5967121059e+01   -1.5172163590e+01    7.7040344154e+00    2.6489448557e+00   -1.7821108445e+01    1.2800000000e+02    7.6107400000e-03    6.1425781250e-01
       496   -7.5978610150e+00    5.8002341123e+01   -1.5412400277e+01    7.8145392618e+00    2.7089325450e+00   -1.8121332822e+01    1.2800000000e+02    7.6632379996e-03    6.2500000000e-01
       497   -7.4139176018e+00    5.5156253772e+01   -1.5318379090e+01    7.9044614877e+00    2.4585723291e+00   -1.7776951419e+01    1.2800000000e+02    7.6836919998e-03    6.4697265625e-01
       498   -7.4281021825e+00    5.5358060519e+01   -1.4342838524e+01    6.9147363415e+00    2.5742194783e+00   -1.6917058002e+01    1.2800000000e+02    7.7137080007e-03    6.4013671875e-01
       499   -7.3489122761e+00    5.4143038322e+01   -1.2971319679e+01    5.6224074029e+00    2.8173815745e+00   -1.5788701254e+01    1.2800000000e+02    7.7531369998e-03    6.4208984375e-01
