#   index    LocalEnergy         LocalEnergy_sq      LocalPotential      Kinetic             ElecElec            IonElec             BlockWeight         BlockCPU            AcceptRatio         
         0   -7.5143912781e+00    5.6754794975e+01   -1.2954142649e+01    5.4397513712e+00    2.6938602097e+00   -1.5648002859e+01    1.2800000000e+02    8.0838289996e-03    6.4599609375e-01
         1   -7.5443842167e+00    5.7188628988e+01   -1.3569169267e+01    6.0247850505e+00    2.4042675335e+00   -1.5973436801e+01    1.2800000000e+02    8.0225149995e-03    6.6015625000e-01
         2   -7.5044808492e+00    5.6500102292e+01   -1.3917976928e+01    6.4134960786e+00    2.5054020683e+00   -1.6423378996e+01    1.2800000000e+02    1.0143054000e-02    6.3720703125e-01
         3   -7.3928673762e+00    5.4844014792e+01   -1.4171678801e+01    6.7788114245e+00    2.5953337084e+00   -1.6767012509e+01    1.2800000000e+02    8.6304300003e-03    6.3183593750e-01
         4   -7.4223557745e+00    5.5304295389e+01   -1.3808190172e+01    6.3858343973e+00    2.3934173276e+00   -1.6201607499e+01    1.2800000000e+02    7.6865410001e-03    6.3916015625e-01
         5   -7.4563647557e+00    5.5862337738e+01   -1.7894878878e+01    1.0438514122e+01    2.8491705266e+00   -2.0744049404e+01    1.2800000000e+02    8.4231579995e-03    6.1523437500e-01
         6   -7.3567617715e+00    5.4371894653e+01   -1.4569741083e+01    7.2129793114e+00    2.7171737241e+00   -1.7286914807e+01    1.2800000000e+02    7.7229230001e-03    6.1621093750e-01
         7   -7.3702352390e+00    5.4434930315e+01   -1.2526511570e+01    5.1562763308e+00    2.5826579153e+00   -1.5109169485e+01    1.2800000000e+02    1.0474584000e-02    6.4892578125e-01
         8   -7.4024665967e+00    5.4919831214e+01   -1.1382945899e+01    3.9804793027e+00    2.5022917006e+00   -1.3885237600e+01    1.2800000000e+02    8.2287389996e-03    6.5576171875e-01
         9   -7.6148095953e+00    5.8244489432e+01   -2.0793207411e+01    1.3178397816e+01    2.8657601248e+00   -2.3658967536e+01    1.2800000000e+02    8.7030160003e-03    6.1816406250e-01
        10   -7.5339280557e+00    5.6980643684e+01   -1.3735467905e+01    6.2015398494e+00    2.5896152240e+00   -1.6325083129e+01    1.2800000000e+02    7.9333559997e-03    6.3427734375e-01
        11   -7.6849701829e+00    5.9449210566e+01   -1.6730221467e+01    9.0452512844e+00    2.3254778436e+00   -1.9055699311e+01    1.2800000000e+02    9.0073339998e-03    6.3671875000e-01
        12   -7.3828330383e+00    5.4750773844e+01   -1.1518448086e+01    4.1356150474e+00    2.4913705258e+00   -1.4009818612e+01    1.2800000000e+02    7.9838040001e-03    6.5332031250e-01
        13   -7.4277009468e+00    5.5355471222e+01   -1.4026216248e+01    6.5985153012e+00    2.4494779400e+00   -1.6475694188e+01    1.2800000000e+02    7.9811690002e-03    6.6259765625e-01
        14   -7.5491149776e+00    5.7309288891e+01   -1.4414664495e+01    6.8655495169e+00    2.9657538507e+00   -1.7380418345e+01    1.2800000000e+02    7.9227849992e-03    6.3134765625e-01
        15   -7.3719813334e+00    5.4479406153e+01   -1.2640959526e+01    5.2689781923e+00    2.5152309110e+00   -1.5156190437e+01    1.2800000000e+02    7.8250079996e-03    6.3769531250e-01
        16   -7.5016575148e+00    5.6531391471e+01   -1.4362192799e+01    6.8605352841e+00    2.4915155234e+00   -1.6853708322e+01    1.2800000000e+02    7.9014109997e-03    6.4941406250e-01
        17   -7.5353969576e+00    5.6980713435e+01   -1.3736260692e+01    6.2008637344e+00    2.6918183458e+00   -1.6428079038e+01    1.2800000000e+02    7.8953479997e-03    6.5087890625e-01
        18   -7.6457073069e+00    5.8786856047e+01   -1.9726601704e+01    1.2080894397e+01    2.9147033711e+00   -2.2641305075e+01    1.2800000000e+02    7.8837890005e-03    6.3183593750e-01
        19   -7.4258548766e+00    5.5280968634e+01   -1.5066844855e+01    7.6409899782e+00    2.8990594239e+00   -1.7965904279e+01    1.2800000000e+02    7.8906420003e-03    6.2890625000e-01
        20   -7.3465039659e+00    5.4354784901e+01   -1.5081971151e+01    7.7354671853e+00    2.9445042125e+00   -1.8026475364e+01    1.2800000000e+02    7.8957969999e-03    6.2646484375e-01
        21   -7.4076780817e+00    5.5047966091e+01   -1.2748897491e+01    5.3412194089e+00    2.7097016300e+00   -1.5458599121e+01    1.2800000000e+02    7.8069799993e-03    6.3623046875e-01
        22   -7.5169601786e+00    5.6762996185e+01   -1.3535676100e+01    6.0187159213e+00    2.4339372184e+00   -1.5969613318e+01    1.2800000000e+02    8.0209479993e-03    6.5478515625e-01
        23   -7.4738280838e+00    5.6108140525e+01   -1.5360099809e+01    7.8862717252e+00    2.7915268937e+00   -1.8151626703e+01    1.2800000000e+02    7.8185880002e-03    6.3964843750e-01
        24   -7.3559372788e+00    5.4268287133e+01   -1.6275429060e+01    8.9194917813e+00    2.6608715138e+00   -1.8936300574e+01    1.2800000000e+02    8.0088590003e-03    6.3671875000e-01
        25   -7.4405118705e+00    5.5573271016e+01   -1.2593960412e+01    5.1534485410e+00    2.4059297943e+00   -1.4999890206e+01    1.2800000000e+02    7.7909880001e-03    6.5527343750e-01
        26   -7.3927916521e+00    5.4763006885e+01   -1.1415112113e+01    4.0223204606e+00    2.2309598829e+00   -1.3646071996e+01    1.2800000000e+02    7.9551379995e-03    6.6259765625e-01
        27   -7.7249952805e+00    6.0207516290e+01   -1.7806687985e+01    1.0081692704e+01    2.9572041373e+00   -2.0763892122e+01    1.2800000000e+02    7.7091309995e-03    6.1181640625e-01
        28   -7.4388875904e+00    5.5484361072e+01   -1.3343891167e+01    5.9050035770e+00    2.7279486232e+00   -1.6071839791e+01    1.2800000000e+02    7.8520050001e-03    6.1767578125e-01
        29   -7.5038305183e+00    5.6565590693e+01   -1.7066814125e+01    9.5629836072e+00    2.7779875347e+00   -1.9844801660e+01    1.2800000000e+02    7.7187810002e-03    6.1328125000e-01
        30   -7.3749405570e+00    5.4557732524e+01   -1.1662277438e+01    4.2873368815e+00    2.5564645619e+00   -1.4218742000e+01    1.2800000000e+02    7.6931470003e-03    6.3769531250e-01
        31   -7.4676096833e+00    5.5976848231e+01   -2.0761604411e+01    1.3293994728e+01    3.3421666597e+00   -2.4103771071e+01    1.2800000000e+02    7.7919309997e-03    5.9423828125e-01
        32   -7.3809933252e+00    5.4738423058e+01   -1.2391718161e+01    5.0107248358e+00    2.7627864964e+00   -1.5154504657e+01    1.2800000000e+02    7.9104210008e-03    6.4013671875e-01
        33   -7.3990828415e+00    5.4991588477e+01   -1.4746829707e+01    7.3477468655e+00    3.1570699005e+00   -1.7903899607e+01    1.2800000000e+02    7.8893150003e-03    6.2451171875e-01
        34   -7.4208908073e+00    5.5180239753e+01   -1.1950532521e+01    4.5296417133e+00    2.5283448765e+00   -1.4478877397e+01    1.2800000000e+02    7.8282129998e-03    6.4453125000e-01
        35   -7.4966286009e+00    5.6352747829e+01   -1.2379625979e+01    4.8829973783e+00    2.2047318531e+00   -1.4584357832e+01    1.2800000000e+02    7.8868519995e-03    6.3623046875e-01
        36   -7.4844652957e+00    5.6242649544e+01   -1.4204620202e+01    6.7201549063e+00    2.5006926276e+00   -1.6705312830e+01    1.2800000000e+02    7.9001320000e-03    6.6015625000e-01
        37   -7.4078089590e+00    5.5114092076e+01   -1.6293636546e+01    8.8858275871e+00    2.8500583283e+00   -1.9143694874e+01    1.2800000000e+02    7.9660239999e-03    6.2353515625e-01
        38   -7.4056793334e+00    5.5002119948e+01   -1.5479457447e+01    8.0737781135e+00    2.7150865311e+00   -1.8194543978e+01    1.2800000000e+02    7.8742630003e-03    6.3281250000e-01
        39   -7.3676292466e+00    5.4379873574e+01   -1.1213289155e+01    3.8456599088e+00    2.6562139610e+00   -1.3869503116e+01    1.2800000000e+02    8.0034189996e-03    6.5039062500e-01
        40   -7.3324136569e+00    5.3859577048e+01   -1.0839442190e+01    3.5070285336e+00    2.7138373695e+00   -1.3553279560e+01    1.2800000000e+02    7.8722239996e-03    6.5673828125e-01
        41   -7.4644437048e+00    5.5907016895e+01   -1.1795794995e+01    4.3313512902e+00    2.3760902612e+00   -1.4171885256e+01    1.2800000000e+02    7.9575610007e-03    6.5380859375e-01
        42   -7.3793613697e+00    5.4711461519e+01   -1.2632567614e+01    5.2532062448e+00    2.2733832967e+00   -1.4905950911e+01    1.2800000000e+02    7.8774550002e-03    6.4794921875e-01
        43   -7.4370333008e+00    5.5487080793e+01   -1.3508468806e+01    6.0714355051e+00    2.4569961119e+00   -1.5965464918e+01    1.2800000000e+02    7.9494519996e-03    6.2890625000e-01
        44   -7.3728228295e+00    5.4482163918e+01   -1.1931942438e+01    4.5591196087e+00    2.5594391129e+00   -1.4491381551e+01    1.2800000000e+02    7.9611299998e-03    6.5429687500e-01
        45   -7.5075816118e+00    5.6683727881e+01   -1.3201545814e+01    5.6939642023e+00    2.3633789580e+00   -1.5564924772e+01    1.2800000000e+02    8.0293259998e-03    6.5673828125e-01
        46   -7.5394162287e+00    5.7174854687e+01   -1.4255861102e+01    6.7164448729e+00    2.5019246655e+00   -1.6757785767e+01    1.2800000000e+02    7.7809060003e-03    6.4111328125e-01
        47   -7.3894174935e+00    5.4836694947e+01   -1.1938510151e+01    4.5490926576e+00    2.6416609083e+00   -1.4580171059e+01    1.2800000000e+02    8.0343130003e-03    6.5527343750e-01
        48   -7.5073664121e+00    5.6537230704e+01   -1.2452338016e+01    4.9449716038e+00    2.5727873540e+00   -1.5025125370e+01    1.2800000000e+02    7.7337189996e-03    6.4306640625e-01
        49   -7.3637504712e+00    5.4403284550e+01   -1.4459911857e+01    7.0961613860e+00    2.3670486906e+00   -1.6826960548e+01    1.2800000000e+02    7.6001840007e-03    6.3281250000e-01
        50   -7.5245573533e+00    5.6922314231e+01   -1.7216325662e+01    9.6917683089e+00    2.8579693783e+00   -2.0074295041e+01    1.2800000000e+02    7.8576659998e-03    6.1279296875e-01
        51   -7.5248528828e+00    5.6875881228e+01   -1.4186144420e+01    6.6612915370e+00    2.9242276082e+00   -1.7110372028e+01    1.2800000000e+02    7.8019560005e-03    6.2939453125e-01
        52   -7.4010937223e+00    5.4966563063e+01   -1.4092391183e+01    6.6912974609e+00    2.6597600854e+00   -1.6752151269e+01    1.2800000000e+02    7.8710489997e-03    6.4355468750e-01
        53   -7.5377664430e+00    5.6982728875e+01   -1.5190860510e+01    7.6530940669e+00    2.7458969936e+00   -1.7936757503e+01    1.2800000000e+02    7.8166960002e-03    6.4453125000e-01
        54   -7.4093908300e+00    5.5081967840e+01   -1.3927013985e+01    6.5176231553e+00    2.6599896138e+00   -1.6587003599e+01    1.2800000000e+02    7.9575240006e-03    6.5673828125e-01
        55   -7.5181021324e+00    5.6759547366e+01   -1.3047411065e+01    5.5293089326e+00    2.7599519874e+00   -1.5807363052e+01    1.2800000000e+02    7.8377989994e-03    6.4453125000e-01
        56   -7.4624915018e+00    5.5838474527e+01   -1.2914128423e+01    5.4516369210e+00    2.5069111972e+00   -1.5421039620e+01    1.2800000000e+02    7.8979259997e-03    6.3916015625e-01
        57   -7.4639427885e+00    5.6065151168e+01   -1.4144428806e+01    6.6804860178e+00    2.3701761863e+00   -1.6514604993e+01    1.2800000000e+02    7.8057010005e-03    6.4794921875e-01
        58   -7.5280167858e+00    5.6966462086e+01   -1.6427422911e+01    8.8994061248e+00    2.8282447798e+00   -1.9255667690e+01    1.2800000000e+02    7.9650059997e-03    6.3281250000e-01
        59   -7.4522949085e+00    5.5740153502e+01   -1.4023837905e+01    6.5715429967e+00    2.5787319656e+00   -1.6602569871e+01    1.2800000000e+02    7.8298930002e-03    6.4160156250e-01
        60   -7.3468664215e+00    5.4217361267e+01   -1.2848809659e+01    5.5019432378e+00    2.5876271047e+00   -1.5436436764e+01    1.2800000000e+02    7.7846949998e-03    6.3378906250e-01
        61   -7.5045714888e+00    5.6547662349e+01   -1.4419568423e+01    6.9149969340e+00    2.7068960271e+00   -1.7126464450e+01    1.2800000000e+02    7.7675490002e-03    6.2939453125e-01
        62   -7.6018090849e+00    5.8015433124e+01   -1.4119976973e+01    6.5181678884e+00    2.4981246212e+00   -1.6618101594e+01    1.2800000000e+02    7.7851219994e-03    6.5087890625e-01
        63   -7.4949396432e+00    5.6426587832e+01   -1.3474374731e+01    5.9794350879e+00    2.5249917674e+00   -1.5999366498e+01    1.2800000000e+02    7.7760209997e-03    6.3818359375e-01
        64   -7.6244885409e+00    5.8600118140e+01   -1.3434217576e+01    5.8097290355e+00    2.8398200314e+00   -1.6274037608e+01    1.2800000000e+02    7.7439639999e-03    6.4599609375e-01
        65   -7.2950456883e+00    5.3332238176e+01   -1.1977270864e+01    4.6822251757e+00    2.4137649099e+00   -1.4391035774e+01    1.2800000000e+02    7.8364230003e-03    6.5087890625e-01
        66   -7.4457077385e+00    5.5665422494e+01   -1.4454311215e+01    7.0086034763e+00    2.6469725236e+00   -1.7101283738e+01    1.2800000000e+02    7.7374740004e-03    6.4062500000e-01
        67   -7.5289598674e+00    5.6878117733e+01   -1.3484402739e+01    5.9554428711e+00    2.7916661942e+00   -1.6276068933e+01    1.2800000000e+02    7.7883650001e-03    6.4990234375e-01
        68   -7.4766702519e+00    5.6206410626e+01   -1.5733705212e+01    8.2570349603e+00    2.6596145251e+00   -1.8393319737e+01    1.2800000000e+02    7.9508100007e-03    6.2841796875e-01
        69   -7.5821998197e+00    5.7858299260e+01   -1.4361050260e+01    6.7788504402e+00    2.6646883120e+00   -1.7025738572e+01    1.2800000000e+02    7.7902470002e-03    6.4843750000e-01
        70   -7.3777748420e+00    5.4593234127e+01   -1.4790880197e+01    7.4131053550e+00    2.6747991798e+00   -1.7465679377e+01    1.2800000000e+02    7.7839879996e-03    6.1572265625e-01
        71   -7.3125736341e+00    5.3561838464e+01   -1.1919993461e+01    4.6074198266e+00    2.4761163286e+00   -1.4396109789e+01    1.2800000000e+02    7.7559479996e-03    6.4599609375e-01
        72   -7.4335438665e+00    5.5536336020e+01   -1.3165596456e+01    5.7320525899e+00    2.6965830277e+00   -1.5862179484e+01    1.2800000000e+02    7.8771850003e-03    6.4257812500e-01
        73   -7.4987049946e+00    5.6569795146e+01   -1.7332694368e+01    9.8339893733e+00    2.5428537285e+00   -1.9875548096e+01    1.2800000000e+02    7.8294530003e-03    6.6406250000e-01
        74   -7.4501286460e+00    5.5652369057e+01   -1.4106576958e+01    6.6564483123e+00    2.6417337650e+00   -1.6748310723e+01    1.2800000000e+02    7.7697570005e-03    6.3867187500e-01
        75   -7.4815252889e+00    5.6176432913e+01   -1.4465540332e+01    6.9840150434e+00    2.5216122744e+00   -1.6987152607e+01    1.2800000000e+02    7.7018530001e-03    6.3232421875e-01
        76   -7.4607743987e+00    5.5821244356e+01   -1.3683995217e+01    6.2232208184e+00    2.1761559976e+00   -1.5860151215e+01    1.2800000000e+02    7.8061610002e-03    6.5576171875e-01
        77   -7.5182118505e+00    5.6752763267e+01   -1.3724291051e+01    6.2060792005e+00    2.6244543785e+00   -1.6348745430e+01    1.2800000000e+02    7.7302019999e-03    6.4355468750e-01
        78   -7.3828271267e+00    5.4728564909e+01   -1.3644488512e+01    6.2616613854e+00    2.5161912510e+00   -1.6160679763e+01    1.2800000000e+02    7.8300559999e-03    6.3964843750e-01
        79   -7.3700900853e+00    5.4476506133e+01   -1.1774429603e+01    4.4043395173e+00    2.4179471702e+00   -1.4192376773e+01    1.2800000000e+02    7.9357599998e-03    6.4355468750e-01
        80   -7.5105155554e+00    5.6650863586e+01   -1.3725864559e+01    6.2153490034e+00    2.6507999885e+00   -1.6376664547e+01    1.2800000000e+02    7.8110080003e-03    6.4550781250e-01
        81   -7.4466550619e+00    5.5719786596e+01   -1.2728321143e+01    5.2816660807e+00    3.0613919903e+00   -1.5789713133e+01    1.2800000000e+02    8.0637960000e-03    6.5429687500e-01
        82   -7.4699049309e+00    5.5893971601e+01   -1.0175945455e+01    2.7060405244e+00    2.1951049905e+00   -1.2371050446e+01    1.2800000000e+02    8.1864559997e-03    6.7626953125e-01
        83   -7.6700824227e+00    5.9066582024e+01   -2.0772188165e+01    1.3102105742e+01    2.6179542448e+00   -2.3390142409e+01    1.2800000000e+02    7.9789830006e-03    6.3281250000e-01
        84   -7.4645060764e+00    5.5898391648e+01   -1.4218186748e+01    6.7536806712e+00    2.8124201403e+00   -1.7030606888e+01    1.2800000000e+02    7.8239969998e-03    6.3037109375e-01
        85   -7.4457870766e+00    5.5667939489e+01   -1.2881128831e+01    5.4353417546e+00    2.4445675579e+00   -1.5325696389e+01    1.2800000000e+02    7.7912899997e-03    6.6503906250e-01
        86   -7.4140305553e+00    5.5225742771e+01   -1.3058678611e+01    5.6446480557e+00    2.4578614763e+00   -1.5516540087e+01    1.2800000000e+02    7.8345399997e-03    6.2988281250e-01
        87   -7.4692572089e+00    5.6039485997e+01   -1.4047881818e+01    6.5786246089e+00    2.6520002628e+00   -1.6699882081e+01    1.2800000000e+02    7.8026649999e-03    6.2890625000e-01
        88   -7.4208313996e+00    5.5218030607e+01   -1.2688142308e+01    5.2673109088e+00    2.5084425798e+00   -1.5196584888e+01    1.2800000000e+02    8.0648999992e-03    6.4013671875e-01
        89   -7.4953006442e+00    5.6313898662e+01   -1.4757441311e+01    7.2621406669e+00    2.6324923993e+00   -1.7389933710e+01    1.2800000000e+02    7.8957240003e-03    6.3476562500e-01
        90   -7.6066817022e+00    5.8340262329e+01   -1.7516530337e+01    9.9098486345e+00    2.6448537523e+00   -2.0161384089e+01    1.2800000000e+02    7.9580869997e-03    6.3427734375e-01
        91   -7.5872525966e+00    5.7695936805e+01   -1.8934502086e+01    1.1347249490e+01    2.4534319336e+00   -2.1387934020e+01    1.2800000000e+02    7.9399429997e-03    6.5966796875e-01
        92   -7.4274217954e+00    5.5321318751e+01   -1.6285492505e+01    8.8580707099e+00    2.7963718293e+00   -1.9081864335e+01    1.2800000000e+02    7.9305890004e-03    6.3085937500e-01
        93   -7.4400165296e+00    5.5594140705e+01   -1.4371052109e+01    6.9310355793e+00    2.5229533176e+00   -1.6894005426e+01    1.2800000000e+02    7.9357010000e-03    6.3769531250e-01
        94   -7.5125450555e+00    5.6620024463e+01   -1.1862491476e+01    4.3499464207e+00    2.7560409133e+00   -1.4618532389e+01    1.2800000000e+02    8.0262640004e-03    6.4599609375e-01
        95   -7.5341341184e+00    5.6962006600e+01   -1.8650434012e+01    1.1116299893e+01    2.4331757669e+00   -2.1083609779e+01    1.2800000000e+02    8.4578209999e-03    6.2792968750e-01
        96   -7.5027841308e+00    5.6537595581e+01   -1.3575634717e+01    6.0728505866e+00    2.8231782828e+00   -1.6398813000e+01    1.2800000000e+02    7.9445819993e-03    6.3916015625e-01
        97   -7.4679625142e+00    5.6062863995e+01   -1.9350197502e+01    1.1882234988e+01    2.8962035281e+00   -2.2246401030e+01    1.2800000000e+02    7.8091579999e-03    6.1523437500e-01
        98   -7.4097022164e+00    5.5010956427e+01   -1.1360165812e+01    3.9504635951e+00    2.5896731976e+00   -1.3949839009e+01    1.2800000000e+02    7.9875680003e-03    6.4843750000e-01
        99   -7.4340598333e+00    5.5536224646e+01   -1.5556625695e+01    8.1225658622e+00    2.7547469894e+00   -1.8311372685e+01    1.2800000000e+02    7.9684380007e-03    6.1865234375e-01
       100   -7.4941094025e+00    5.6407101630e+01   -1.3181636436e+01    5.6875270336e+00    2.4174651713e+00   -1.5599101607e+01    1.2800000000e+02    7.9691960000e-03    6.5136718750e-01
       101   -7.4541775006e+00    5.5714239388e+01   -1.2445628535e+01    4.9914510342e+00    2.6006966428e+00   -1.5046325178e+01    1.2800000000e+02    7.9005170001e-03    6.4062500000e-01
       102   -7.7204843255e+00    5.9952144386e+01   -1.7219728999e+01    9.4992446737e+00    2.9518381639e+00   -2.0171567163e+01    1.2800000000e+02    7.8771250001e-03    6.2841796875e-01
       103   -7.4376208681e+00    5.5587997464e+01   -1.4567959117e+01    7.1303382488e+00    2.8349827942e+00   -1.7402941911e+01    1.2800000000e+02    7.8481020000e-03    6.2255859375e-01
       104   -7.4438122978e+00    5.5593970967e+01   -1.3646461570e+01    6.2026492721e+00    2.3825384428e+00   -1.6029000013e+01    1.2800000000e+02    7.9116670004e-03    6.3867187500e-01
       105   -7.6417534888e+00    5.8756319529e+01   -1.7017347278e+01    9.3755937896e+00    2.7846986019e+00   -1.9802045880e+01    1.2800000000e+02    7.8438520004e-03    6.2353515625e-01
       106   -7.4221404540e+00    5.5304024817e+01   -1.4418515269e+01    6.9963748151e+00    2.9313440465e+00   -1.7349859316e+01    1.2800000000e+02    7.8780190006e-03    6.3330078125e-01
       107   -7.4832190554e+00    5.6248724620e+01   -1.2560619050e+01    5.0773999950e+00    2.3100991496e+00   -1.4870718200e+01    1.2800000000e+02    7.8130170004e-03    6.5039062500e-01
       108   -7.4668854145e+00    5.5989004742e+01   -1.4141466949e+01    6.6745815344e+00    2.7871498961e+00   -1.6928616845e+01    1.2800000000e+02    8.0426210006e-03    6.5136718750e-01
       109   -7.4606315366e+00    5.5871236896e+01   -1.3842093237e+01    6.3814617003e+00    2.4286170766e+00   -1.6270710314e+01    1.2800000000e+02    7.9145820000e-03    6.7187500000e-01
       110   -7.4738359161e+00    5.6099047675e+01   -1.4222755927e+01    6.7489200105e+00    2.6550430791e+00   -1.6877799006e+01    1.2800000000e+02    7.8900050003e-03    6.4892578125e-01
       111   -7.5220261700e+00    5.6832235361e+01   -1.4392098420e+01    6.8700722498e+00    2.4058024117e+00   -1.6797900832e+01    1.2800000000e+02    7.8037480007e-03    6.4697265625e-01
       112   -7.4752952446e+00    5.6036693974e+01   -2.1411493558e+01    1.3936198313e+01    3.0202536220e+00   -2.4431747180e+01    1.2800000000e+02    7.7054479998e-03    6.0839843750e-01
       113   -7.4856330410e+00    5.6169449341e+01   -1.6300270269e+01    8.8146372277e+00    2.6814758550e+00   -1.8981746124e+01    1.2800000000e+02    8.0277790003e-03    6.5039062500e-01
       114   -7.6677497722e+00    5.9194907644e+01   -2.1370546968e+01    1.3702797196e+01    2.7439123801e+00   -2.4114459348e+01    1.2800000000e+02    7.7287399999e-03    6.1767578125e-01
       115   -7.4773510458e+00    5.6176065740e+01   -1.5053817344e+01    7.5764662979e+00    2.9188801801e+00   -1.7972697524e+01    1.2800000000e+02    7.8209049998e-03    6.1914062500e-01
       116   -7.5374135041e+00    5.7059694954e+01   -1.2912644971e+01    5.3752314667e+00    2.5820329078e+00   -1.5494677879e+01    1.2800000000e+02    7.7891860001e-03    6.4550781250e-01
       117   -7.4430602363e+00    5.5574310302e+01   -1.7201387301e+01    9.7583270652e+00    2.4975897562e+00   -1.9698977058e+01    1.2800000000e+02    7.6688790004e-03    6.2109375000e-01
       118   -7.4356105346e+00    5.5548228898e+01   -1.3479430567e+01    6.0438200328e+00    2.5932001332e+00   -1.6072630701e+01    1.2800000000e+02    7.8078710003e-03    6.3037109375e-01
       119   -7.4615658815e+00    5.5802417266e+01   -1.2067696949e+01    4.6061310672e+00    2.6351724513e+00   -1.4702869400e+01    1.2800000000e+02    7.8817169997e-03    6.4697265625e-01
       120   -7.4936294194e+00    5.6499972793e+01   -2.0836969515e+01    1.3343340096e+01    3.0839838604e+00   -2.3920953375e+01    1.2800000000e+02    7.6510750005e-03    6.1035156250e-01
       121   -7.3984711425e+00    5.4915900568e+01   -1.2413040495e+01    5.0145693530e+00    2.5419368308e+00   -1.4954977326e+01    1.2800000000e+02    7.8474720003e-03    6.4697265625e-01
       122   -7.3304715912e+00    5.3848323315e+01   -1.1849316823e+01    4.5188452314e+00    2.6452707976e+00   -1.4494587620e+01    1.2800000000e+02    7.7898500003e-03    6.5820312500e-01
       123   -7.4606362771e+00    5.5853262729e+01   -1.1335279103e+01    3.8746428259e+00    2.3999378866e+00   -1.3735216990e+01    1.2800000000e+02    7.9523109998e-03    6.7285156250e-01
       124   -7.3969023635e+00    5.4885780820e+01   -1.5760760199e+01    8.3638578353e+00    2.8686055285e+00   -1.8629365727e+01    1.2800000000e+02    7.7422170007e-03    6.2402343750e-01
       125   -7.5075227546e+00    5.6548221381e+01   -1.7365137409e+01    9.8576146544e+00    3.1286747797e+00   -2.0493812189e+01    1.2800000000e+02    7.8343710002e-03    6.1962890625e-01
       126   -7.4636120333e+00    5.5874938758e+01   -1.7965513914e+01    1.0501901881e+01    2.3861812648e+00   -2.0351695179e+01    1.2800000000e+02    7.6286189997e-03    6.3671875000e-01
       127   -7.3951551165e+00    5.4808345526e+01   -1.2741783769e+01    5.3466286526e+00    2.5274859748e+00   -1.5269269744e+01    1.2800000000e+02    7.7535249993e-03    6.4111328125e-01
       128   -7.4208330609e+00    5.5268686206e+01   -1.3728525837e+01    6.3076927756e+00    2.5199558580e+00   -1.6248481695e+01    1.2800000000e+02    7.8246769999e-03    6.4208984375e-01
       129   -7.5402192443e+00    5.7051399666e+01   -1.4280825220e+01    6.7406059755e+00    2.6655252342e+00   -1.6946350454e+01    1.2800000000e+02    7.7157199994e-03    6.3427734375e-01
       130   -7.3542578440e+00    5.4261491074e+01   -1.1344688990e+01    3.9904311457e+00    2.3163963224e+00   -1.3661085312e+01    1.2800000000e+02    7.8762610001e-03    6.7138671875e-01
       131   -7.2422693601e+00    5.2701805438e+01   -1.4687822053e+01    7.4455526930e+00    2.8483894206e+00   -1.7536211474e+01    1.2800000000e+02    7.5729900000e-03    6.0498046875e-01
       132   -7.5465082793e+00    5.7126886532e+01   -1.2969294735e+01    5.4227864561e+00    2.5547455130e+00   -1.5524040248e+01    1.2800000000e+02    7.9095589999e-03    6.6748046875e-01
       133   -7.5502732195e+00    5.7315310576e+01   -1.3813871107e+01    6.2635978875e+00    2.5322432036e+00   -1.6346114311e+01    1.2800000000e+02    7.8307540007e-03    6.6308593750e-01
       134   -7.4541642637e+00    5.5739616960e+01   -1.3583234540e+01    6.1290702759e+00    2.6097431056e+00   -1.6192977645e+01    1.2800000000e+02    7.7492010005e-03    6.1962890625e-01
       135   -7.5155888301e+00    5.6770207909e+01   -1.4477240964e+01    6.9616521335e+00    2.5502250738e+00   -1.7027466037e+01    1.2800000000e+02    7.7404739995e-03    6.3916015625e-01
       136   -7.5762989303e+00    5.7560065855e+01   -1.3077146421e+01    5.5008474908e+00    2.4945296184e+00   -1.5571676040e+01    1.2800000000e+02    7.8603160000e-03    6.4892578125e-01
       137   -7.5469212054e+00    5.7172599779e+01   -1.3286804030e+01    5.7398828243e+00    2.9211802631e+00   -1.6207984293e+01    1.2800000000e+02    7.8001680004e-03    6.5917968750e-01
       138   -7.5083095900e+00    5.6763673009e+01   -1.4277071166e+01    6.7687615759e+00    2.9973839617e+00   -1.7274455128e+01    1.2800000000e+02    7.8607130008e-03    6.3281250000e-01
       139   -7.4565772573e+00    5.5832549285e+01   -1.3256939373e+01    5.8003621154e+00    2.9363903842e+00   -1.6193329757e+01    1.2800000000e+02    7.7212449996e-03    6.3134765625e-01
       140   -7.5663991010e+00    5.7536107606e+01   -1.4125771446e+01    6.5593723448e+00    2.5624245337e+00   -1.6688195979e+01    1.2800000000e+02    7.7801350008e-03    6.2841796875e-01
       141   -7.3369331786e+00    5.3975119694e+01   -1.4644218348e+01    7.3072851693e+00    2.9806568876e+00   -1.7624875235e+01    1.2800000000e+02    7.7177889998e-03    6.2304687500e-01
       142   -7.5862146876e+00    5.7828274789e+01   -1.6620406691e+01    9.0341920029e+00    2.9402185411e+00   -1.9560625232e+01    1.2800000000e+02    7.6922019998e-03    6.2597656250e-01
       143   -7.3593822076e+00    5.4333779877e+01   -1.2681904464e+01    5.3225222560e+00    2.6353692173e+00   -1.5317273681e+01    1.2800000000e+02    7.8080109997e-03    6.3085937500e-01
       144   -7.4952509101e+00    5.6468978152e+01   -1.3367855834e+01    5.8726049239e+00    2.5831038277e+00   -1.5950959662e+01    1.2800000000e+02    7.7358599992e-03    6.3427734375e-01
       145   -7.4563157550e+00    5.5768493155e+01   -1.3039222544e+01    5.5829067888e+00    2.5719177845e+00   -1.5611140328e+01    1.2800000000e+02    7.8788500005e-03    6.5136718750e-01
       146   -7.3791248779e+00    5.4637895837e+01   -1.2370063045e+01    4.9909381671e+00    2.6061218108e+00   -1.4976184856e+01    1.2800000000e+02    7.7813440003e-03    6.5039062500e-01
       147   -7.4898076704e+00    5.6272551159e+01   -1.2915917486e+01    5.4261098157e+00    2.2857011166e+00   -1.5201618603e+01    1.2800000000e+02    7.7881420002e-03    6.6113281250e-01
       148   -7.4868070677e+00    5.6356370498e+01   -1.3973224921e+01    6.4864178537e+00    2.6472282137e+00   -1.6620453135e+01    1.2800000000e+02    7.7625720005e-03    6.3964843750e-01
       149   -7.4876247577e+00    5.6311631820e+01   -1.4136535146e+01    6.6489103880e+00    2.5860478031e+00   -1.6722582949e+01    1.2800000000e+02    7.8467180001e-03    6.4550781250e-01
       150   -7.5136383143e+00    5.6639980835e+01   -1.7855101688e+01    1.0341463374e+01    2.6823641653e+00   -2.0537465853e+01    1.2800000000e+02    7.6754020001e-03    6.4794921875e-01
       151   -7.3610979484e+00    5.4357314638e+01   -1.2208707556e+01    4.8476096080e+00    2.3080050276e+00   -1.4516712584e+01    1.2800000000e+02    7.7383509997e-03    6.4990234375e-01
       152   -7.4288481609e+00    5.5409860412e+01   -1.4951307813e+01    7.5224596525e+00    2.7373288529e+00   -1.7688636666e+01    1.2800000000e+02    7.5974900001e-03    6.2939453125e-01
       153   -7.4703309413e+00    5.5964214364e+01   -1.2889290135e+01    5.4189591933e+00    2.5621312148e+00   -1.5451421349e+01    1.2800000000e+02    7.8799889998e-03    6.5771484375e-01
       154   -7.3481549281e+00    5.4172901384e+01   -1.1053751058e+01    3.7055961303e+00    2.2818356892e+00   -1.3335586748e+01    1.2800000000e+02    7.8524330002e-03    6.8261718750e-01
       155   -7.2628752536e+00    5.2962234152e+01   -1.4727331587e+01    7.4644563333e+00    2.7496751814e+00   -1.7477006768e+01    1.2800000000e+02    7.7459060003e-03    6.2109375000e-01
       156   -7.4626152259e+00    5.5857049874e+01   -1.6836007924e+01    9.3733926976e+00    2.6124821153e+00   -1.9448490039e+01    1.2800000000e+02    7.5551279997e-03    6.1767578125e-01
       157   -7.3699732706e+00    5.4472886370e+01   -1.3275380152e+01    5.9054068813e+00    2.2445102535e+00   -1.5519890405e+01    1.2800000000e+02    7.7385230006e-03    6.5087890625e-01
       158   -7.4052005508e+00    5.4967744664e+01   -1.3247413906e+01    5.8422133553e+00    2.4001535931e+00   -1.5647567499e+01    1.2800000000e+02    7.7929580002e-03    6.3281250000e-01
       159   -7.4549161045e+00    5.5777448827e+01   -1.4805994252e+01    7.3510781474e+00    2.5419293791e+00   -1.7347923631e+01    1.2800000000e+02    7.6977079998e-03    6.4208984375e-01
       160   -7.3714082012e+00    5.4472273154e+01   -1.4269189710e+01    6.8977815086e+00    3.0358443419e+00   -1.7305034052e+01    1.2800000000e+02    7.7427259994e-03    6.1279296875e-01
       161   -7.5112802588e+00    5.6716485745e+01   -1.4252482658e+01    6.7412023988e+00    3.0620817819e+00   -1.7314564439e+01    1.2800000000e+02    7.7511039999e-03    6.3671875000e-01
       162   -7.2885623654e+00    5.3269224548e+01   -1.2045445479e+01    4.7568831132e+00    2.4532373430e+00   -1.4498682822e+01    1.2800000000e+02    7.8452349999e-03    6.4843750000e-01
       163   -7.4636541785e+00    5.5992376477e+01   -1.5215132617e+01    7.7514784384e+00    2.8772002160e+00   -1.8092332833e+01    1.2800000000e+02    7.7333640002e-03    6.3427734375e-01
       164   -7.4060742427e+00    5.5031169362e+01   -1.3964367492e+01    6.5582932496e+00    2.4128534621e+00   -1.6377220954e+01    1.2800000000e+02    7.7872190004e-03    6.4111328125e-01
       165   -7.4642232128e+00    5.5883162579e+01   -1.2654095449e+01    5.1898722360e+00    2.7130585117e+00   -1.5367153960e+01    1.2800000000e+02    7.8373239994e-03    6.3574218750e-01
       166   -7.4726861060e+00    5.6083674477e+01   -1.4594886418e+01    7.1222003120e+00    2.5817832775e+00   -1.7176669695e+01    1.2800000000e+02    7.8829310005e-03    6.2988281250e-01
       167   -7.3657407024e+00    5.4404645853e+01   -1.2000369016e+01    4.6346283133e+00    2.6603809228e+00   -1.4660749938e+01    1.2800000000e+02    7.7144260003e-03    6.3134765625e-01
       168   -7.4874690688e+00    5.6356552644e+01   -1.4740849949e+01    7.2533808802e+00    2.5944098909e+00   -1.7335259840e+01    1.2800000000e+02    7.8317919997e-03    6.1523437500e-01
       169   -7.3321820387e+00    5.3933992142e+01   -1.2938274615e+01    5.6060925766e+00    2.5942470259e+00   -1.5532521641e+01    1.2800000000e+02    7.7816869998e-03    6.3134765625e-01
       170   -7.5861559975e+00    5.7846765061e+01   -1.5054245619e+01    7.4680896212e+00    2.8006116249e+00   -1.7854857244e+01    1.2800000000e+02    8.3189880006e-03    6.5136718750e-01
       171   -7.4324268352e+00    5.5367306425e+01   -1.1664520182e+01    4.2320933471e+00    2.5008989316e+00   -1.4165419114e+01    1.2800000000e+02    7.9499240001e-03    6.4599609375e-01
       172   -7.4355138798e+00    5.5445054063e+01   -1.1847076638e+01    4.4115627579e+00    2.5766445719e+00   -1.4423721210e+01    1.2800000000e+02    7.9732080003e-03    6.5820312500e-01
       173   -7.3531018375e+00    5.4222659544e+01   -1.2713917072e+01    5.3608152347e+00    2.4602853743e+00   -1.5174202446e+01    1.2800000000e+02    1.0099116000e-02    6.5576171875e-01
       174   -7.4054498602e+00    5.4987260635e+01   -1.6937777051e+01    9.5323271911e+00    2.4727581332e+00   -1.9410535185e+01    1.2800000000e+02    7.9533340004e-03    6.6650390625e-01
       175   -7.5313649910e+00    5.6919534241e+01   -2.0946921542e+01    1.3415556551e+01    2.9683709065e+00   -2.3915292449e+01    1.2800000000e+02    8.2816479999e-03    6.2255859375e-01
       176   -7.4298158255e+00    5.5372590879e+01   -1.2857501812e+01    5.4276859862e+00    2.7578859546e+00   -1.5615387766e+01    1.2800000000e+02    7.9392469997e-03    6.5234375000e-01
       177   -7.4431258799e+00    5.5580606578e+01   -1.2101792634e+01    4.6586667536e+00    2.3828161547e+00   -1.4484608788e+01    1.2800000000e+02    7.7825999997e-03    6.4892578125e-01
       178   -7.2677284741e+00    5.2927024997e+01   -1.1462630545e+01    4.1949020705e+00    2.6373778955e+00   -1.4100008440e+01    1.2800000000e+02    7.9246639998e-03    6.4208984375e-01
       179   -7.5546104365e+00    5.7369360413e+01   -1.3913895386e+01    6.3592849496e+00    2.5143860990e+00   -1.6428281485e+01    1.2800000000e+02    7.7124059999e-03    6.3867187500e-01
       180   -7.5566622322e+00    5.7426744207e+01   -1.3788602538e+01    6.2319403058e+00    2.7575052026e+00   -1.6546107741e+01    1.2800000000e+02    7.7612929999e-03    6.2988281250e-01
       181   -7.4182511913e+00    5.5200254944e+01   -1.4023444236e+01    6.6051930450e+00    2.4453629867e+00   -1.6468807223e+01    1.2800000000e+02    7.7375589999e-03    6.4990234375e-01
       182   -7.2831873228e+00    5.3295737061e+01   -1.6989698104e+01    9.7065107810e+00    2.7489747169e+00   -1.9738672821e+01    1.2800000000e+02    7.7203299998e-03    6.1669921875e-01
       183   -7.5058419064e+00    5.6543674015e+01   -1.6031418910e+01    8.5255770034e+00    2.5491274557e+00   -1.8580546365e+01    1.2800000000e+02    8.0749820008e-03    6.2597656250e-01
       184   -7.4873713528e+00    5.6300734125e+01   -1.1277407948e+01    3.7900365954e+00    2.1223564441e+00   -1.3399764392e+01    1.2800000000e+02    7.9198339999e-03    6.6894531250e-01
       185   -7.5259086653e+00    5.6962301444e+01   -1.4804296131e+01    7.2783874660e+00    2.8402470121e+00   -1.7644543143e+01    1.2800000000e+02    7.6656269994e-03    6.3232421875e-01
       186   -7.4173165718e+00    5.5162517803e+01   -1.2829231150e+01    5.4119145785e+00    2.3160984293e+00   -1.5145329580e+01    1.2800000000e+02    8.3220619999e-03    6.3183593750e-01
       187   -7.4828652907e+00    5.6392946372e+01   -2.2279094291e+01    1.4796229000e+01    2.9969987209e+00   -2.5276093012e+01    1.2800000000e+02    7.8201880006e-03    6.0058593750e-01
       188   -7.5619027012e+00    5.7479495339e+01   -1.8143874860e+01    1.0581972158e+01    2.4689355942e+00   -2.0612810454e+01    1.2800000000e+02    9.4437669995e-03    6.3574218750e-01
       189   -7.4179125109e+00    5.5241666343e+01   -1.3682919785e+01    6.2650072746e+00    2.4836520769e+00   -1.6166571862e+01    1.2800000000e+02    7.8830689999e-03    6.3378906250e-01
       190   -7.5918365582e+00    5.7946577676e+01   -1.4130867707e+01    6.5390311486e+00    2.5703319220e+00   -1.6701199629e+01    1.2800000000e+02    9.2630599993e-03    6.2597656250e-01
       191   -7.6193213833e+00    5.8296269785e+01   -1.4581949248e+01    6.9626278647e+00    2.3536105303e+00   -1.6935559778e+01    1.2800000000e+02    7.6570510000e-03    6.3769531250e-01
       192   -7.4872196768e+00    5.6260185853e+01   -1.3272591609e+01    5.7853719321e+00    2.8481834308e+00   -1.6120775040e+01    1.2800000000e+02    9.0758520000e-03    6.4257812500e-01
       193   -7.4270974169e+00    5.5355865560e+01   -1.1486546178e+01    4.0594487609e+00    2.6285732428e+00   -1.4115119421e+01    1.2800000000e+02    8.0704550001e-03    6.7236328125e-01
       194   -7.5537032667e+00    5.7349046346e+01   -1.3738479461e+01    6.1847761940e+00    2.3208536837e+00   -1.6059333144e+01    1.2800000000e+02    9.2798050000e-03    6.5136718750e-01
       195   -7.4641132353e+00    5.6036341158e+01   -1.6309447467e+01    8.8453342319e+00    2.7351456909e+00   -1.9044593158e+01    1.2800000000e+02    7.7248549997e-03    6.3378906250e-01
       196   -7.5000391698e+00    5.6465463226e+01   -1.9561392643e+01    1.2061353473e+01    2.9140373566e+00   -2.2475429999e+01    1.2800000000e+02    8.9262969996e-03    6.1865234375e-01
       197   -7.3714455488e+00    5.4522774875e+01   -1.2032110025e+01    4.6606644763e+00    2.3098694932e+00   -1.4341979518e+01    1.2800000000e+02    9.6485149998e-03    6.6064453125e-01
       198   -7.3605232976e+00    5.4406712029e+01   -1.1630874186e+01    4.2703508880e+00    2.3621317134e+00   -1.3993005899e+01    1.2800000000e+02    7.9590360001e-03    6.6503906250e-01
       199   -7.5792318656e+00    5.7765018503e+01   -1.5052279830e+01    7.4730479642e+00    2.7549935166e+00   -1.7807273346e+01    1.2800000000e+02    8.6153439997e-03    6.3525390625e-01
       200   -7.5131474514e+00    5.6663966452e+01   -1.2803820681e+01    5.2906732294e+00    2.3992290385e+00   -1.5203049719e+01    1.2800000000e+02    8.3052310001e-03    6.7578125000e-01
       201   -7.5481344855e+00    5.7190699041e+01   -1.6702144389e+01    9.1540099034e+00    2.5507367429e+00   -1.9252881132e+01    1.2800000000e+02    7.7781910004e-03    6.2353515625e-01
       202   -7.4481490457e+00    5.5788006217e+01   -1.5896302933e+01    8.4481538875e+00    2.7182843028e+00   -1.8614587236e+01    1.2800000000e+02    7.9983269998e-03    6.3623046875e-01
       203   -7.5193532412e+00    5.6717748831e+01   -1.2847557405e+01    5.3282041639e+00    2.6335340925e+00   -1.5481091498e+01    1.2800000000e+02    7.7687800003e-03    6.4208984375e-01
       204   -7.4876276093e+00    5.6322570088e+01   -2.1484762161e+01    1.3997134551e+01    2.7908974189e+00   -2.4275659580e+01    1.2800000000e+02    7.9573800003e-03    6.4111328125e-01
       205   -7.4837839600e+00    5.6279520408e+01   -2.1030226137e+01    1.3546442177e+01    2.7765053933e+00   -2.3806731530e+01    1.2800000000e+02    7.6241050001e-03    6.2500000000e-01
       206   -7.4308085504e+00    5.5437745264e+01   -1.3741091596e+01    6.3102830458e+00    2.7536181072e+00   -1.6494709703e+01    1.2800000000e+02    7.8267230001e-03    6.3378906250e-01
       207   -7.5757512878e+00    5.7670364390e+01   -1.4754002603e+01    7.1782513151e+00    2.3057732764e+00   -1.7059775879e+01    1.2800000000e+02    9.5630429996e-03    6.5625000000e-01
       208   -7.4397859991e+00    5.5485541827e+01   -1.2742953248e+01    5.3031672485e+00    2.3503794042e+00   -1.5093332652e+01    1.2800000000e+02    8.3560829999e-03    6.6210937500e-01
       209   -7.4274343671e+00    5.5271998897e+01   -1.1870734571e+01    4.4433002037e+00    2.4639747091e+00   -1.4334709280e+01    1.2800000000e+02    8.2337949998e-03    6.6796875000e-01
       210   -7.4190532837e+00    5.5178354733e+01   -1.2260587174e+01    4.8415338906e+00    2.8277277219e+00   -1.5088314896e+01    1.2800000000e+02    7.8596419999e-03    6.4404296875e-01
       211   -7.6595459947e+00    5.8976471155e+01   -1.8348822357e+01    1.0689276362e+01    3.1896607717e+00   -2.1538483128e+01    1.2800000000e+02    7.5714690001e-03    5.9814453125e-01
       212   -7.5933811905e+00    5.7996613041e+01   -1.4116339990e+01    6.5229587995e+00    2.6362392833e+00   -1.6752579273e+01    1.2800000000e+02    7.9813579996e-03    6.4501953125e-01
       213   -7.4304954153e+00    5.5408439234e+01   -2.0419592019e+01    1.2989096604e+01    2.6943952094e+00   -2.3113987229e+01    1.2800000000e+02    8.0323579996e-03    6.2744140625e-01
       214   -7.2854465453e+00    5.3293632841e+01   -1.3994317598e+01    6.7088710527e+00    2.6001462472e+00   -1.6594463845e+01    1.2800000000e+02    8.2963250006e-03    6.3232421875e-01
       215   -7.5003095432e+00    5.6570303954e+01   -1.7068002604e+01    9.5676930606e+00    2.8123838457e+00   -1.9880386449e+01    1.2800000000e+02    7.7829630009e-03    6.2158203125e-01
       216   -7.7742046554e+00    6.0907237781e+01   -2.2541148682e+01    1.4766944026e+01    3.0400131811e+00   -2.5581161863e+01    1.2800000000e+02    7.8920289998e-03    6.1865234375e-01
       217   -7.3526877534e+00    5.4208914821e+01   -1.2439912644e+01    5.0872248909e+00    2.3138585618e+00   -1.4753771206e+01    1.2800000000e+02    8.0680269994e-03    6.4062500000e-01
       218   -7.5491101289e+00    5.7239212421e+01   -1.4866279468e+01    7.3171693394e+00    2.7645328026e+00   -1.7630812271e+01    1.2800000000e+02    7.9181830006e-03    6.1279296875e-01
       219   -7.6429762188e+00    5.8788272380e+01   -1.5497018351e+01    7.8540421319e+00    2.7454672152e+00   -1.8242485566e+01    1.2800000000e+02    7.9620580000e-03    6.2207031250e-01
       220   -7.5636394908e+00    5.7459656822e+01   -1.5181266934e+01    7.6176274434e+00    2.8501261660e+00   -1.8031393100e+01    1.2800000000e+02    8.4880169998e-03    6.3085937500e-01
       221   -7.6238856658e+00    5.8428833840e+01   -1.3881771901e+01    6.2578862348e+00    2.6156078008e+00   -1.6497379701e+01    1.2800000000e+02    8.2080530001e-03    6.5283203125e-01
       222   -7.3658516607e+00    5.4396238615e+01   -1.7279481854e+01    9.9136301936e+00    2.8274614596e+00   -2.0106943314e+01    1.2800000000e+02    7.9488479996e-03    6.2402343750e-01
       223   -7.4528620926e+00    5.5781088526e+01   -1.4254696292e+01    6.8018341998e+00    2.8191141910e+00   -1.7073810484e+01    1.2800000000e+02    7.7308459995e-03    6.3964843750e-01
       224   -7.5736321764e+00    5.7816177783e+01   -1.6665743464e+01    9.0921112876e+00    2.7622014386e+00   -1.9427944903e+01    1.2800000000e+02    8.0912379999e-03    6.5136718750e-01
       225   -7.5519500616e+00    5.7427673040e+01   -1.6348453500e+01    8.7965034385e+00    3.5676886800e+00   -1.9916142180e+01    1.2800000000e+02    7.7090420000e-03    6.1767578125e-01
       226   -7.5109928234e+00    5.6754887243e+01   -1.5860056377e+01    8.3490635532e+00    2.9365342330e+00   -1.8796590610e+01    1.2800000000e+02    7.9157929995e-03    6.1865234375e-01
       227   -7.4558041671e+00    5.5895146662e+01   -1.8813675705e+01    1.1357871537e+01    2.6464358482e+00   -2.1460111553e+01    1.2800000000e+02    7.6205839996e-03    6.1962890625e-01
       228   -7.5781481718e+00    5.7742252269e+01   -1.5383779856e+01    7.8056316845e+00    2.6935863696e+00   -1.8077366226e+01    1.2800000000e+02    7.7630200003e-03    6.0302734375e-01
       229   -7.3805788922e+00    5.4654982777e+01   -1.1933271432e+01    4.5526925394e+00    2.4741850116e+00   -1.4407456443e+01    1.2800000000e+02    7.7624969999e-03    6.4697265625e-01
       230   -7.3654569024e+00    5.4481634589e+01   -1.0900536523e+01    3.5350796209e+00    2.6367739265e+00   -1.3537310450e+01    1.2800000000e+02    7.9430730002e-03    6.5087890625e-01
       231   -7.5735814019e+00    5.7609228062e+01   -1.6095538933e+01    8.5219575315e+00    2.3904282903e+00   -1.8485967224e+01    1.2800000000e+02    7.7607789999e-03    6.4501953125e-01
       232   -7.6336425139e+00    5.8546843666e+01   -1.5525135496e+01    7.8914929819e+00    2.9550339325e+00   -1.8480169428e+01    1.2800000000e+02    7.7215350002e-03    6.2255859375e-01
       233   -7.5592051875e+00    5.7430991815e+01   -2.1833016191e+01    1.4273811004e+01    3.0058102476e+00   -2.4838826439e+01    1.2800000000e+02    7.8742010000e-03    6.1767578125e-01
       234   -7.5162780454e+00    5.6731656335e+01   -1.3103690486e+01    5.5874124406e+00    2.4585608797e+00   -1.5562251366e+01    1.2800000000e+02    7.7046250008e-03    6.4257812500e-01
       235   -7.3146798659e+00    5.3648401398e+01   -1.2546396230e+01    5.2317163640e+00    2.5166260165e+00   -1.5063022246e+01    1.2800000000e+02    7.9593040000e-03    6.3916015625e-01
       236   -7.4510482887e+00    5.5770174193e+01   -1.2891491053e+01    5.4404427640e+00    2.4707707030e+00   -1.5362261756e+01    1.2800000000e+02    7.6449019998e-03    6.4257812500e-01
       237   -7.5140190546e+00    5.6672975261e+01   -1.4004424460e+01    6.4904054056e+00    2.4707391205e+00   -1.6475163581e+01    1.2800000000e+02    8.1459550001e-03    6.4208984375e-01
       238   -7.4357068382e+00    5.5428622542e+01   -1.5551888262e+01    8.1161814241e+00    2.4514595895e+00   -1.8003347852e+01    1.2800000000e+02    7.7297210000e-03    6.4990234375e-01
       239   -7.3391695988e+00    5.3993456779e+01   -1.2662852534e+01    5.3236829350e+00    2.5209705160e+00   -1.5183823050e+01    1.2800000000e+02    8.2142940000e-03    6.3476562500e-01
       240   -7.4272907121e+00    5.5433941968e+01   -1.2838386369e+01    5.4110956569e+00    2.7625871112e+00   -1.5600973480e+01    1.2800000000e+02    7.7396880006e-03    6.4062500000e-01
       241   -7.4489330158e+00    5.5667806375e+01   -1.3949867022e+01    6.5009340064e+00    2.7217292428e+00   -1.6671596265e+01    1.2800000000e+02    7.9379649997e-03    6.4404296875e-01
       242   -7.4747877729e+00    5.6176781608e+01   -1.5191803960e+01    7.7170161875e+00    2.8199720018e+00   -1.8011775962e+01    1.2800000000e+02    7.6436259997e-03    6.2109375000e-01
       243   -7.5870860170e+00    5.7869467629e+01   -1.4943439204e+01    7.3563531867e+00    2.5366798529e+00   -1.7480119057e+01    1.2800000000e+02    7.9437740005e-03    6.3916015625e-01
       244   -7.5788822021e+00    5.7643906215e+01   -1.4438447290e+01    6.8595650877e+00    2.6542256060e+00   -1.7092672896e+01    1.2800000000e+02    7.7094019998e-03    6.4160156250e-01
       245   -7.5200809637e+00    5.6764787602e+01   -1.8590995908e+01    1.1070914944e+01    2.5181380839e+00   -2.1109133991e+01    1.2800000000e+02    7.8516399999e-03    6.2988281250e-01
       246   -7.4036632431e+00    5.4970744516e+01   -1.4343115747e+01    6.9394525043e+00    2.1433266911e+00   -1.6486442439e+01    1.2800000000e+02    7.7967859997e-03    6.6650390625e-01
       247   -7.3872549386e+00    5.4766060441e+01   -1.3125179086e+01    5.7379241471e+00    2.7107618533e+00   -1.5835940939e+01    1.2800000000e+02    7.8501309999e-03    6.4306640625e-01
       248   -7.3211828016e+00    5.3736015715e+01   -1.1745854898e+01    4.4246720967e+00    2.7019657669e+00   -1.4447820665e+01    1.2800000000e+02    7.7825729995e-03    6.4501953125e-01
       249   -7.3279656629e+00    5.3810788329e+01   -1.1807188824e+01    4.4792231611e+00    2.8256059157e+00   -1.4632794740e+01    1.2800000000e+02    7.8862999999e-03    6.4990234375e-01
       250   -7.5203880341e+00    5.6832739368e+01   -1.6989952825e+01    9.4695647909e+00    2.8726022719e+00   -1.9862555097e+01    1.2800000000e+02    7.6842260005e-03    6.2548828125e-01
       251   -7.4301698217e+00    5.5383452784e+01   -1.1955991383e+01    4.5258215615e+00    2.7106635089e+00   -1.4666654892e+01    1.2800000000e+02    7.7357090004e-03    6.4208984375e-01
       252   -7.4721006887e+00    5.6104907729e+01   -1.2529612360e+01    5.0575116711e+00    2.6401220882e+00   -1.5169734448e+01    1.2800000000e+02    7.8022790003e-03    6.5576171875e-01
       253   -7.4778955617e+00    5.6126805441e+01   -1.2986844753e+01    5.5089491912e+00    2.3307697887e+00   -1.5317614542e+01    1.2800000000e+02    7.7019660002e-03    6.5820312500e-01
       254   -7.3118343742e+00    5.3593918320e+01   -1.2295451528e+01    4.9836171542e+00    2.5207130807e+00   -1.4816164609e+01    1.2800000000e+02    7.7525879997e-03    6.4257812500e-01
       255   -7.5222661710e+00    5.6767813221e+01   -1.5183505026e+01    7.6612388546e+00    2.1929790741e+00   -1.7376484100e+01    1.2800000000e+02    7.8202400000e-03    6.5283203125e-01
       256   -7.3001518834e+00    5.3495379549e+01   -1.5947097344e+01    8.6469454604e+00    2.8470573853e+00   -1.8794154729e+01    1.2800000000e+02    7.7536649997e-03    6.2988281250e-01
       257   -7.4662476831e+00    5.5890445736e+01   -1.2331880743e+01    4.8656330597e+00    2.8238402868e+00   -1.5155721030e+01    1.2800000000e+02    8.4580400007e-03    6.3037109375e-01
       258   -7.4818285423e+00    5.6474843910e+01   -1.6429086725e+01    8.9472581831e+00    2.6443025220e+00   -1.9073389247e+01    1.2800000000e+02    7.7873400005e-03    6.2597656250e-01
       259   -7.3747099705e+00    5.4633182096e+01   -1.3038106348e+01    5.6633963776e+00    2.2596382787e+00   -1.5297744627e+01    1.2800000000e+02    7.6906589993e-03    6.3964843750e-01
       260   -7.3494826275e+00    5.4186152856e+01   -1.4743685600e+01    7.3942029721e+00    2.7711557498e+00   -1.7514841349e+01    1.2800000000e+02    7.7484459998e-03    6.4257812500e-01
       261   -7.6217756337e+00    5.8531228930e+01   -2.5207364783e+01    1.7585589149e+01    2.7941715907e+00   -2.8001536374e+01    1.2800000000e+02    7.7088300004e-03    6.2597656250e-01
       262   -7.4416044040e+00    5.5627179187e+01   -1.3396985119e+01    5.9553807154e+00    2.3655221244e+00   -1.5762507244e+01    1.2800000000e+02    7.7432250000e-03    6.4306640625e-01
       263   -7.5719158901e+00    5.7542576013e+01   -1.3848370026e+01    6.2764541355e+00    2.6264455367e+00   -1.6474815562e+01    1.2800000000e+02    7.8633670000e-03    6.5527343750e-01
       264   -7.5124289710e+00    5.6634339945e+01   -1.6094754136e+01    8.5823251650e+00    2.4875887076e+00   -1.8582342844e+01    1.2800000000e+02    7.6920239999e-03    6.2988281250e-01
       265   -7.4793824655e+00    5.6129053855e+01   -1.2214402278e+01    4.7350198124e+00    2.1687606613e+00   -1.4383162939e+01    1.2800000000e+02    7.7777049992e-03    6.5673828125e-01
       266   -7.7182139517e+00    6.0104014263e+01   -1.7066900896e+01    9.3486869440e+00    2.4496359491e+00   -1.9516536845e+01    1.2800000000e+02    7.6643270004e-03    6.3085937500e-01
       267   -7.4764011633e+00    5.6145084374e+01   -1.5514585201e+01    8.0381840378e+00    2.7230055824e+00   -1.8237590784e+01    1.2800000000e+02    7.8034910002e-03    6.4746093750e-01
       268   -7.3364659646e+00    5.3956128376e+01   -1.1936983883e+01    4.6005179189e+00    2.6528683630e+00   -1.4589852246e+01    1.2800000000e+02    7.7910159998e-03    6.5039062500e-01
       269   -7.4045276288e+00    5.5085566256e+01   -1.5349726437e+01    7.9451988087e+00    2.9375492766e+00   -1.8287275714e+01    1.2800000000e+02    7.7366839996e-03    6.3525390625e-01
       270   -7.6027282583e+00    5.8055083901e+01   -2.0410857919e+01    1.2808129660e+01    2.9556043681e+00   -2.3366462287e+01    1.2800000000e+02    7.6108059993e-03    6.0791015625e-01
       271   -7.5498308068e+00    5.7229541126e+01   -1.4230365148e+01    6.6805343412e+00    2.3918345354e+00   -1.6622199683e+01    1.2800000000e+02    7.6606679995e-03    6.4404296875e-01
       272   -7.4995657506e+00    5.6521594622e+01   -1.3941576395e+01    6.4420106441e+00    2.9689728138e+00   -1.6910549208e+01    1.2800000000e+02    7.7392519997e-03    6.2744140625e-01
       273   -7.5299205046e+00    5.7053949502e+01   -1.6802207100e+01    9.2722865957e+00    2.8492204901e+00   -1.9651427590e+01    1.2800000000e+02    7.7151319992e-03    6.2695312500e-01
       274   -7.7937574157e+00    6.1217337354e+01   -1.4115914596e+01    6.3221571801e+00    2.8299082541e+00   -1.6945822850e+01    1.2800000000e+02    7.6400910002e-03    6.4111328125e-01
       275   -7.4701156589e+00    5.6004815393e+01   -1.9144603485e+01    1.1674487826e+01    2.6683834861e+00   -2.1812986971e+01    1.2800000000e+02    7.7288899993e-03    6.3281250000e-01
       276   -7.5422329157e+00    5.7063291412e+01   -1.4474041694e+01    6.9318087779e+00    2.7262102976e+00   -1.7200251991e+01    1.2800000000e+02    7.7691049992e-03    6.4453125000e-01
       277   -7.4682721952e+00    5.5985854384e+01   -1.4073440774e+01    6.6051685786e+00    2.7420306336e+00   -1.6815471407e+01    1.2800000000e+02    7.6927150003e-03    6.2451171875e-01
       278   -7.5582149185e+00    5.7502727578e+01   -1.3780785165e+01    6.2225702461e+00    2.7584293810e+00   -1.6539214546e+01    1.2800000000e+02    7.8118790007e-03    6.5722656250e-01
       279   -7.5178023619e+00    5.6829697429e+01   -1.4715472595e+01    7.1976702330e+00    2.7310260469e+00   -1.7446498642e+01    1.2800000000e+02    7.6422300008e-03    6.4062500000e-01
       280   -7.4287463086e+00    5.5356624388e+01   -1.6433417133e+01    9.0046708244e+00    3.1512393832e+00   -1.9584656516e+01    1.2800000000e+02    7.7058150000e-03    6.2792968750e-01
       281   -7.4589526614e+00    5.5756576561e+01   -1.1719838544e+01    4.2608858825e+00    2.3785096229e+00   -1.4098348167e+01    1.2800000000e+02    1.0869782001e-02    6.6992187500e-01
       282   -7.4116091307e+00    5.5081021593e+01   -1.2059286966e+01    4.6476778350e+00    2.6021106443e+00   -1.4661397610e+01    1.2800000000e+02    8.0173449996e-03    6.5136718750e-01
       283   -7.3912985029e+00    5.4787813403e+01   -1.5507293181e+01    8.1159946779e+00    2.9564909560e+00   -1.8463784137e+01    1.2800000000e+02    7.7525520001e-03    6.3037109375e-01
       284   -7.5620772376e+00    5.7442003131e+01   -4.2733730260e+01    3.5171653022e+01    2.6771108527e+00   -4.5410841112e+01    1.2800000000e+02    8.5255209997e-03    6.3525390625e-01
       285   -7.5448487386e+00    5.7299023118e+01   -4.1101380216e+01    3.3556531478e+01    2.9884834013e+00   -4.4089863618e+01    1.2800000000e+02    7.6540880000e-03    6.0839843750e-01
       286   -7.5553584228e+00    5.7436119453e+01   -2.4528379378e+01    1.6973020955e+01    2.6444254238e+00   -2.7172804801e+01    1.2800000000e+02    8.1506189999e-03    6.1865234375e-01
       287   -7.4446319622e+00    5.5636633336e+01   -1.3880577995e+01    6.4359460325e+00    2.3152102755e+00   -1.6195788270e+01    1.2800000000e+02    7.8849000001e-03    6.4599609375e-01
       288   -7.3070479609e+00    5.3559855424e+01   -1.2922442384e+01    5.6153944232e+00    2.5937245419e+00   -1.5516166926e+01    1.2800000000e+02    1.1164220001e-02    6.3574218750e-01
       289   -7.4592802788e+00    5.5783660197e+01   -1.5472153305e+01    8.0128730265e+00    2.2250418380e+00   -1.7697195143e+01    1.2800000000e+02    1.5991033000e-02    6.5380859375e-01
       290   -7.6769114865e+00    5.9341075494e+01   -1.5891108264e+01    8.2141967778e+00    2.7263408165e+00   -1.8617449081e+01    1.2800000000e+02    1.4249625000e-02    6.2402343750e-01
       291   -7.3294906332e+00    5.3862895023e+01   -1.2207115832e+01    4.8776251992e+00    2.6166549111e+00   -1.4823770743e+01    1.2800000000e+02    7.9203380001e-03    6.4160156250e-01
       292   -7.5981386320e+00    5.8091005611e+01   -1.6537142270e+01    8.9390036376e+00    2.5354518640e+00   -1.9072594134e+01    1.2800000000e+02    8.7890149998e-03    6.2744140625e-01
       293   -7.6322198384e+00    5.8592214009e+01   -1.3812839777e+01    6.1806199387e+00    2.2476682030e+00   -1.6060507980e+01    1.2800000000e+02    7.8407220008e-03    6.3427734375e-01
       294   -7.5930138157e+00    5.7972505564e+01   -1.3911860753e+01    6.3188469368e+00    2.4832312300e+00   -1.6395091983e+01    1.2800000000e+02    8.1676830005e-03    6.4257812500e-01
       295   -7.4906712229e+00    5.6396593320e+01   -1.4183571995e+01    6.6929007717e+00    2.5712353137e+00   -1.6754807308e+01    1.2800000000e+02    8.8829750002e-03    6.4453125000e-01
       296   -7.6366962080e+00    5.8593399121e+01   -1.5680628761e+01    8.0439325532e+00    2.5363185598e+00   -1.8216947321e+01    1.2800000000e+02    8.8523679997e-03    6.2939453125e-01
       297   -7.6512554874e+00    5.9120976613e+01   -1.3764225207e+01    6.1129697192e+00    3.9178457202e+00   -1.7682070927e+01    1.2800000000e+02    8.2601720005e-03    6.2988281250e-01
       298   -7.4973830831e+00    5.6581501249e+01   -1.3717445740e+01    6.2200626574e+00    2.7544879638e+00   -1.6471933704e+01    1.2800000000e+02    1.4461046000e-02    6.3671875000e-01
       299   -7.3502535780e+00    5.4258256815e+01   -1.5685396587e+01    8.3351430091e+00    2.6372015365e+00   -1.8322598124e+01    1.2800000000e+02    7.9466669995e-03    6.2597656250e-01
       300   -7.5468471742e+00    5.7189092514e+01   -1.3527662385e+01    5.9808152108e+00    2.6682867471e+00   -1.6195949132e+01    1.2800000000e+02    1.0374322001e-02    6.3232421875e-01
       301   -7.3616694992e+00    5.4404248167e+01   -2.3325956983e+01    1.5964287484e+01    2.7844632290e+00   -2.6110420212e+01    1.2800000000e+02    1.1991458000e-02    6.2597656250e-01
       302   -7.6224557483e+00    5.8591994310e+01   -1.6806969751e+01    9.1845140032e+00    2.6228142929e+00   -1.9429784044e+01    1.2800000000e+02    1.0021266000e-02    6.4111328125e-01
       303   -7.5525729184e+00    5.7302766113e+01   -1.3630487192e+01    6.0779142731e+00    2.5676071672e+00   -1.6198094359e+01    1.2800000000e+02    7.8173900001e-03    6.3427734375e-01
       304   -7.4663889120e+00    5.5939199637e+01   -1.2688561133e+01    5.2221722213e+00    2.9736666253e+00   -1.5662227759e+01    1.2800000000e+02    7.7687579997e-03    6.4208984375e-01
       305   -7.5092996846e+00    5.6634494300e+01   -1.5040182925e+01    7.5308832402e+00    2.2890969671e+00   -1.7329279892e+01    1.2800000000e+02    7.7414249999e-03    6.3378906250e-01
       306   -7.5722773142e+00    5.7713165017e+01   -1.8308967832e+01    1.0736690518e+01    2.6317264000e+00   -2.0940694232e+01    1.2800000000e+02    7.7029690001e-03    6.2988281250e-01
       307   -7.4104265414e+00    5.5145354475e+01   -1.3519694112e+01    6.1092675703e+00    2.3530491615e+00   -1.5872743273e+01    1.2800000000e+02    7.6668229995e-03    6.3574218750e-01
       308   -7.3255666897e+00    5.3860440245e+01   -1.5224830757e+01    7.8992640670e+00    2.8252927048e+00   -1.8050123461e+01    1.2800000000e+02    7.7168239995e-03    6.3232421875e-01
       309   -7.4545601152e+00    5.5783284516e+01   -1.4818689489e+01    7.3641293738e+00    2.5127256162e+00   -1.7331415105e+01    1.2800000000e+02    7.8347570006e-03    6.5087890625e-01
       310   -7.6371383388e+00    5.8702434192e+01   -1.5283661943e+01    7.6465236046e+00    2.7834499997e+00   -1.8067111943e+01    1.2800000000e+02    8.1359619999e-03    6.3867187500e-01
       311   -7.5082789615e+00    5.6632768725e+01   -1.6377493036e+01    8.8692140748e+00    2.5741081339e+00   -1.8951601170e+01    1.2800000000e+02    7.8265379998e-03    6.4599609375e-01
       312   -7.4201721895e+00    5.5188529449e+01   -1.3151923811e+01    5.7317516213e+00    2.5768180508e+00   -1.5728741862e+01    1.2800000000e+02    7.7969479999e-03    6.4257812500e-01
       313   -7.4709831603e+00    5.5990252440e+01   -1.2817156673e+01    5.3461735128e+00    2.5177164415e+00   -1.5334873115e+01    1.2800000000e+02    7.8142300008e-03    6.4990234375e-01
       314   -7.3449824581e+00    5.4128188044e+01   -1.3794000375e+01    6.4490179173e+00    2.7257088785e+00   -1.6519709254e+01    1.2800000000e+02    7.6969900001e-03    6.3330078125e-01
       315   -7.5523439788e+00    5.7281057382e+01   -1.6020618079e+01    8.4682741000e+00    2.7083465463e+00   -1.8728964625e+01    1.2800000000e+02    7.7434110008e-03    6.2451171875e-01
       316   -7.5465117533e+00    5.7213145653e+01   -1.3774680104e+01    6.2281683510e+00    2.4279174784e+00   -1.6202597583e+01    1.2800000000e+02    7.8229960000e-03    6.4013671875e-01
       317   -7.5137732122e+00    5.6675304581e+01   -1.7341874630e+01    9.8281014179e+00    2.7411016065e+00   -2.0082976237e+01    1.2800000000e+02    7.7281379999e-03    6.4355468750e-01
       318   -7.4773356701e+00    5.6087362556e+01   -1.2318766562e+01    4.8414308914e+00    2.5384008514e+00   -1.4857167413e+01    1.2800000000e+02    7.7155339995e-03    6.5039062500e-01
       319   -7.3815655463e+00    5.4670144237e+01   -1.6873626841e+01    9.4920612942e+00    2.8334153590e+00   -1.9707042200e+01    1.2800000000e+02    9.8393270000e-03    6.2158203125e-01
       320   -7.4230707495e+00    5.5249503117e+01   -1.3698675644e+01    6.2756048949e+00    2.5646174913e+00   -1.6263293136e+01    1.2800000000e+02    7.9149690000e-03    6.5625000000e-01
       321   -7.4372375377e+00    5.5575136376e+01   -1.5922066523e+01    8.4848289855e+00    2.7130065938e+00   -1.8635073117e+01    1.2800000000e+02    7.6717069996e-03    6.2646484375e-01
       322   -7.4395531198e+00    5.5483349095e+01   -1.2101281730e+01    4.6617286100e+00    2.3674540899e+00   -1.4468735820e+01    1.2800000000e+02    7.8074580006e-03    6.4257812500e-01
       323   -7.5256583754e+00    5.6903766250e+01   -1.3987142875e+01    6.4614844996e+00    2.4814277839e+00   -1.6468570659e+01    1.2800000000e+02    7.7677749996e-03    6.4550781250e-01
       324   -7.5986597782e+00    5.8028329650e+01   -1.3652319974e+01    6.0536601962e+00    2.6508274717e+00   -1.6303147446e+01    1.2800000000e+02    7.7442250004e-03    6.4306640625e-01
       325   -7.3764195704e+00    5.4599564019e+01   -1.3342288868e+01    5.9658692976e+00    2.6392987958e+00   -1.5981587664e+01    1.2800000000e+02    7.8766900006e-03    6.5771484375e-01
       326   -7.4227924170e+00    5.5327783291e+01   -1.4675389684e+01    7.2525972671e+00    2.3247508263e+00   -1.7000140510e+01    1.2800000000e+02    7.8083640001e-03    6.6992187500e-01
       327   -7.3592003919e+00    5.4277152960e+01   -1.1532787487e+01    4.1735870952e+00    2.2047385107e+00   -1.3737525998e+01    1.2800000000e+02    9.1771210000e-03    6.5185546875e-01
       328   -7.2982907190e+00    5.3496883528e+01   -1.5586726807e+01    8.2884360882e+00    2.6764941734e+00   -1.8263220981e+01    1.2800000000e+02    7.8799460007e-03    6.1914062500e-01
       329   -7.4814586776e+00    5.6106609108e+01   -1.2859487000e+01    5.3780283229e+00    2.8752164137e+00   -1.5734703414e+01    1.2800000000e+02    7.8409710004e-03    6.3085937500e-01
       330   -7.3696231852e+00    5.4495814389e+01   -1.2497486929e+01    5.1278637440e+00    2.6925372271e+00   -1.5190024156e+01    1.2800000000e+02    7.7385639997e-03    6.3720703125e-01
       331   -7.5903205914e+00    5.7900119085e+01   -1.3898309200e+01    6.3079886090e+00    3.2770974667e+00   -1.7175406667e+01    1.2800000000e+02    7.7645420006e-03    6.3085937500e-01
       332   -7.5827926622e+00    5.7809196471e+01   -1.6651116841e+01    9.0683241788e+00    2.6710998053e+00   -1.9322216646e+01    1.2800000000e+02    8.0187969997e-03    6.2841796875e-01
       333   -7.4606423297e+00    5.5835440012e+01   -1.1808972174e+01    4.3483298441e+00    2.2860129198e+00   -1.4094985094e+01    1.2800000000e+02    7.8009260005e-03    6.6113281250e-01
       334   -7.4761299213e+00    5.6024140497e+01   -1.6476777403e+01    9.0006474814e+00    2.8608514849e+00   -1.9337628888e+01    1.2800000000e+02    7.6463420000e-03    6.2255859375e-01
       335   -7.4649027973e+00    5.5899761764e+01   -1.4514934293e+01    7.0500314961e+00    2.5582953171e+00   -1.7073229610e+01    1.2800000000e+02    7.8150270001e-03    6.4990234375e-01
       336   -7.6607136689e+00    5.8966471963e+01   -1.5181880223e+01    7.5211665539e+00    2.2610316752e+00   -1.7442911898e+01    1.2800000000e+02    7.6805700000e-03    6.4599609375e-01
       337   -7.4443402987e+00    5.5586888445e+01   -1.2054198061e+01    4.6098577624e+00    2.5431886093e+00   -1.4597386670e+01    1.2800000000e+02    7.8181680001e-03    6.4941406250e-01
       338   -7.4137395426e+00    5.5153184673e+01   -1.2256666179e+01    4.8429266363e+00    2.7382743921e+00   -1.4994940571e+01    1.2800000000e+02    7.8104009999e-03    6.6503906250e-01
       339   -7.4628260486e+00    5.5860911033e+01   -1.3244734306e+01    5.7819082571e+00    2.5475068393e+00   -1.5792241145e+01    1.2800000000e+02    7.9327539997e-03    6.5087890625e-01
       340   -7.5645938396e+00    5.7431409217e+01   -1.4259371373e+01    6.6947775333e+00    2.4508221101e+00   -1.6710193483e+01    1.2800000000e+02    7.8020580004e-03    6.5771484375e-01
       341   -7.5103828924e+00    5.6756401184e+01   -1.4039161694e+01    6.5287788016e+00    2.8509578050e+00   -1.6890119499e+01    1.2800000000e+02    8.4819300000e-03    6.3378906250e-01
       342   -7.5206753678e+00    5.6731467960e+01   -2.7117277184e+01    1.9596601816e+01    2.9041658261e+00   -3.0021443010e+01    1.2800000000e+02    8.7891350004e-03    6.3281250000e-01
       343   -7.4023220793e+00    5.4948444479e+01   -1.3783121875e+01    6.3807997955e+00    2.6989559776e+00   -1.6482077852e+01    1.2800000000e+02    7.8273589997e-03    6.2207031250e-01
       344   -7.5447212175e+00    5.7226205125e+01   -1.5435888102e+01    7.8911668849e+00    2.7078139494e+00   -1.8143702052e+01    1.2800000000e+02    7.7102830001e-03    6.4160156250e-01
       345   -7.4729882100e+00    5.6084487037e+01   -1.6753838372e+01    9.2808501623e+00    2.8940273041e+00   -1.9647865676e+01    1.2800000000e+02    7.6380029996e-03    6.2109375000e-01
       346   -7.4348328291e+00    5.5425170719e+01   -1.3208597670e+01    5.7737648408e+00    2.6746553866e+00   -1.5883253056e+01    1.2800000000e+02    7.7032310001e-03    6.3037109375e-01
       347   -7.4361678525e+00    5.5483100773e+01   -1.3715625893e+01    6.2794580400e+00    2.6661934676e+00   -1.6381819360e+01    1.2800000000e+02    7.6989149993e-03    6.4306640625e-01
       348   -7.3632281964e+00    5.4395793020e+01   -1.2662197117e+01    5.2989689203e+00    2.3985131713e+00   -1.5060710288e+01    1.2800000000e+02    7.6336349994e-03    6.3769531250e-01
       349   -7.4017441934e+00    5.4954802931e+01   -1.3752345690e+01    6.3506014968e+00    2.6129537320e+00   -1.6365299422e+01    1.2800000000e+02    7.6725119998e-03    6.2500000000e-01
       350   -7.3898121717e+00    5.4877892896e+01   -1.2402773611e+01    5.0129614396e+00    2.4893776772e+00   -1.4892151289e+01    1.2800000000e+02    7.7525199995e-03    6.4501953125e-01
       351   -7.6006695860e+00    5.8364261175e+01   -1.7378961487e+01    9.7782919008e+00    3.5426383824e+00   -2.0921599869e+01    1.2800000000e+02    7.5005629997e-03    6.1083984375e-01
       352   -7.3361886577e+00    5.3937831695e+01   -1.4463143229e+01    7.1269545716e+00    2.5346426820e+00   -1.6997785911e+01    1.2800000000e+02    7.7718779994e-03    6.3134765625e-01
       353   -7.5293248964e+00    5.7012348413e+01   -1.4107572093e+01    6.5782471964e+00    2.3278957609e+00   -1.6435467854e+01    1.2800000000e+02    7.7378489996e-03    6.5332031250e-01
       354   -7.5310468617e+00    5.6843262388e+01   -1.1123013718e+01    3.5919668560e+00    2.7006209826e+00   -1.3823634700e+01    1.2800000000e+02    7.8123929998e-03    6.4355468750e-01
       355   -7.4863482382e+00    5.6258932783e+01   -1.3905101602e+01    6.4187533638e+00    2.4721439561e+00   -1.6377245558e+01    1.2800000000e+02    7.6739320002e-03    6.4355468750e-01
       356   -7.7219894067e+00    5.9871890090e+01   -1.9442149465e+01    1.1720160058e+01    3.1972293119e+00   -2.2639378777e+01    1.2800000000e+02    7.6971569997e-03    6.1132812500e-01
       357   -7.4052865805e+00    5.5106440789e+01   -1.5884380636e+01    8.4790940559e+00    2.6994611341e+00   -1.8583841771e+01    1.2800000000e+02    7.7438980006e-03    6.4257812500e-01
       358   -7.3512831653e+00    5.4237359463e+01   -1.2863444450e+01    5.5121612848e+00    2.6255805406e+00   -1.5489024991e+01    1.2800000000e+02    7.8295089997e-03    6.2451171875e-01
       359   -7.8795417302e+00    6.2541513570e+01   -2.7123436838e+01    1.9243895108e+01    3.1319901873e+00   -3.0255427025e+01    1.2800000000e+02    7.9060150001e-03    6.0839843750e-01
       360   -7.3674045109e+00    5.4420968509e+01   -1.2971950775e+01    5.6045462643e+00    2.6703659489e+00   -1.5642316724e+01    1.2800000000e+02    7.7402999996e-03    6.4843750000e-01
       361   -7.4311116283e+00    5.5472575331e+01   -1.5902899711e+01    8.4717880829e+00    2.6952317685e+00   -1.8598131480e+01    1.2800000000e+02    7.9885890000e-03    6.1523437500e-01
       362   -7.5452759955e+00    5.7100893253e+01   -1.7501336349e+01    9.9560603537e+00    2.5363644154e+00   -2.0037700765e+01    1.2800000000e+02    7.6941289999e-03    6.3085937500e-01
       363   -7.3621056546e+00    5.4388282119e+01   -1.2847454162e+01    5.4853485073e+00    2.8882886641e+00   -1.5735742826e+01    1.2800000000e+02    7.7831890003e-03    6.3378906250e-01
       364   -7.4118013830e+00    5.5095524886e+01   -1.4390837668e+01    6.9790362848e+00    2.7499493336e+00   -1.7140787001e+01    1.2800000000e+02    7.7166669998e-03    6.3281250000e-01
       365   -7.4801518178e+00    5.6111070119e+01   -1.2536614840e+01    5.0564630220e+00    2.6143294530e+00   -1.5150944293e+01    1.2800000000e+02    7.9263489997e-03    6.5576171875e-01
       366   -7.4882252483e+00    5.6245207071e+01   -1.2504534565e+01    5.0163093165e+00    2.6592637332e+00   -1.5163798298e+01    1.2800000000e+02    7.8483780007e-03    6.4697265625e-01
       367   -7.4019026960e+00    5.4989058746e+01   -1.3192500913e+01    5.7905982171e+00    2.6990550302e+00   -1.5891555943e+01    1.2800000000e+02    8.4338130000e-03    6.4160156250e-01
       368   -7.5803537343e+00    5.7744710091e+01   -1.6672573408e+01    9.0922196737e+00    2.6962068143e+00   -1.9368780222e+01    1.2800000000e+02    7.6514299999e-03    6.2646484375e-01
       369   -7.6866561497e+00    5.9512808059e+01   -1.6617927664e+01    8.9312715142e+00    2.8655979915e+00   -1.9483525655e+01    1.2800000000e+02    7.8596870007e-03    6.2890625000e-01
       370   -7.3448664748e+00    5.4157819477e+01   -1.6489165356e+01    9.1442988816e+00    2.5549573539e+00   -1.9044122710e+01    1.2800000000e+02    7.7400059999e-03    6.4648437500e-01
       371   -7.3713519314e+00    5.4505547463e+01   -1.6649680574e+01    9.2783286431e+00    2.9260760040e+00   -1.9575756578e+01    1.2800000000e+02    7.7271710006e-03    6.1669921875e-01
       372   -7.3181612133e+00    5.3689763939e+01   -1.1956351471e+01    4.6381902578e+00    2.5054571013e+00   -1.4461808572e+01    1.2800000000e+02    7.7641130001e-03    6.3085937500e-01
       373   -7.5403941657e+00    5.7197349511e+01   -1.6200352714e+01    8.6599585485e+00    2.9208319037e+00   -1.9121184618e+01    1.2800000000e+02    7.7915249994e-03    6.1816406250e-01
       374   -7.4977553517e+00    5.6374326390e+01   -1.3760475382e+01    6.2627200301e+00    2.5454700042e+00   -1.6305945386e+01    1.2800000000e+02    7.7707230002e-03    6.5478515625e-01
       375   -7.5137712321e+00    5.6764814644e+01   -1.3100812229e+01    5.5870409974e+00    2.6024116954e+00   -1.5703223925e+01    1.2800000000e+02    7.8776999999e-03    6.6162109375e-01
       376   -7.3871037523e+00    5.4694864913e+01   -1.2350148106e+01    4.9630443536e+00    2.7533262220e+00   -1.5103474328e+01    1.2800000000e+02    7.7173469999e-03    6.3867187500e-01
       377   -7.4754914741e+00    5.6193280206e+01   -1.8869891527e+01    1.1394400053e+01    2.6839892486e+00   -2.1553880776e+01    1.2800000000e+02    7.7767330004e-03    6.2646484375e-01
       378   -7.4350708176e+00    5.5474294907e+01   -1.6073689537e+01    8.6386187197e+00    2.7718728789e+00   -1.8845562416e+01    1.2800000000e+02    7.7276149996e-03    6.2890625000e-01
       379   -7.4039479080e+00    5.5022953341e+01   -1.6158968257e+01    8.7550203491e+00    2.9253937974e+00   -1.9084362055e+01    1.2800000000e+02    7.6701529997e-03    6.2011718750e-01
       380   -7.4013168569e+00    5.5137063276e+01   -1.6604822337e+01    9.2035054800e+00    2.8624477911e+00   -1.9467270128e+01    1.2800000000e+02    7.7833310006e-03    6.4599609375e-01
       381   -7.5332729507e+00    5.7034123354e+01   -1.7052444064e+01    9.5191711135e+00    2.6468897953e+00   -1.9699333859e+01    1.2800000000e+02    7.6904170000e-03    6.3720703125e-01
       382   -7.6428491793e+00    5.8733355844e+01   -2.6164940655e+01    1.8522091476e+01    2.9515449837e+00   -2.9116485639e+01    1.2800000000e+02    7.6944140001e-03    6.0888671875e-01
       383   -7.6426777688e+00    5.8671417756e+01   -1.3867937236e+01    6.2252594672e+00    2.4819107520e+00   -1.6349847988e+01    1.2800000000e+02    7.6830620001e-03    6.4208984375e-01
       384   -7.5031805434e+00    5.6516728600e+01   -1.4524507598e+01    7.0213270545e+00    2.5951321971e+00   -1.7119639795e+01    1.2800000000e+02    7.7429439998e-03    6.3769531250e-01
       385   -7.4015573973e+00    5.4958467318e+01   -1.5514278716e+01    8.1127213189e+00    2.7786941039e+00   -1.8292972820e+01    1.2800000000e+02    7.7004499999e-03    6.1718750000e-01
       386   -7.4745856676e+00    5.6106677260e+01   -1.4316465464e+01    6.8418797962e+00    2.7155299448e+00   -1.7031995409e+01    1.2800000000e+02    8.3296729999e-03    6.4257812500e-01
       387   -7.4636658915e+00    5.5944165127e+01   -1.3911852451e+01    6.4481865600e+00    2.6673892081e+00   -1.6579241660e+01    1.2800000000e+02    7.7228370001e-03    6.2841796875e-01
       388   -7.6493974520e+00    5.8849428625e+01   -1.4682006440e+01    7.0326089885e+00    2.7704974026e+00   -1.7452503843e+01    1.2800000000e+02    7.8177579999e-03    6.5234375000e-01
       389   -7.3657872240e+00    5.4465589919e+01   -1.5791322881e+01    8.4255356570e+00    2.8928543689e+00   -1.8684177250e+01    1.2800000000e+02    7.7576700005e-03    6.4160156250e-01
       390   -7.3034191769e+00    5.3635443729e+01   -1.4984440811e+01    7.6810216343e+00    2.7660910159e+00   -1.7750531827e+01    1.2800000000e+02    7.8329009993e-03    6.3623046875e-01
       391   -7.5916741706e+00    5.7935200514e+01   -2.6221538535e+01    1.8629864364e+01    2.6818177167e+00   -2.8903356251e+01    1.2800000000e+02    7.8057740002e-03    6.3671875000e-01
       392   -7.4060936280e+00    5.5035157302e+01   -1.2251354087e+01    4.8452604593e+00    2.6588034378e+00   -1.4910157525e+01    1.2800000000e+02    7.7165189996e-03    6.3281250000e-01
       393   -7.2979672417e+00    5.3444472404e+01   -1.2361251463e+01    5.0632842216e+00    2.3930029379e+00   -1.4754254401e+01    1.2800000000e+02    7.6187810000e-03    6.3281250000e-01
       394   -7.4678272150e+00    5.6027649607e+01   -1.5176533980e+01    7.7087067653e+00    2.5391328665e+00   -1.7715666847e+01    1.2800000000e+02    7.6892440002e-03    6.4306640625e-01
       395   -7.5072416173e+00    5.6579209891e+01   -1.6500023170e+01    8.9927815531e+00    2.7377621965e+00   -1.9237785367e+01    1.2800000000e+02    7.9317489999e-03    6.5771484375e-01
       396   -7.4332767567e+00    5.5389339183e+01   -1.4334922652e+01    6.9016458957e+00    2.6163758076e+00   -1.6951298460e+01    1.2800000000e+02    7.5282529997e-03    6.2890625000e-01
       397   -7.2916433334e+00    5.3312091629e+01   -1.1532982380e+01    4.2413390464e+00    2.4655996697e+00   -1.3998582049e+01    1.2800000000e+02    7.8258909998e-03    6.5966796875e-01
       398   -7.4508515784e+00    5.5718176615e+01   -1.3010330719e+01    5.5594791408e+00    2.6641482314e+00   -1.5674478951e+01    1.2800000000e+02    7.7380560006e-03    6.4697265625e-01
       399   -7.3992868243e+00    5.4886147581e+01   -1.3785872328e+01    6.3865855036e+00    2.6910169701e+00   -1.6476889298e+01    1.2800000000e+02    7.7199230009e-03    6.3330078125e-01
       400   -7.4606074903e+00    5.6019186619e+01   -1.5178711087e+01    7.7181035972e+00    2.8417003879e+00   -1.8020411475e+01    1.2800000000e+02    7.6357739999e-03    6.1669921875e-01
       401   -7.4084216904e+00    5.5023705913e+01   -1.1130823804e+01    3.7224021139e+00    2.2921133490e+00   -1.3422937153e+01    1.2800000000e+02    7.8131040000e-03    6.5820312500e-01
       402   -7.5034683854e+00    5.6595364524e+01   -1.5571991422e+01    8.0685230364e+00    2.6139021310e+00   -1.8185893553e+01    1.2800000000e+02    7.6853990004e-03    6.4208984375e-01
       403   -7.5229297679e+00    5.6879256315e+01   -1.2920517543e+01    5.3975877747e+00    2.3467208025e+00   -1.5267238345e+01    1.2800000000e+02    7.8907799998e-03    6.5527343750e-01
       404   -7.5588209140e+00    5.7470472300e+01   -1.3722888374e+01    6.1640674599e+00    2.5150042067e+00   -1.6237892581e+01    1.2800000000e+02    7.7029719996e-03    6.4648437500e-01
       405   -7.3687933410e+00    5.4466606997e+01   -1.4952109817e+01    7.5833164764e+00    2.3931061147e+00   -1.7345215932e+01    1.2800000000e+02    7.7895280001e-03    6.4892578125e-01
       406   -7.4188159526e+00    5.5180571347e+01   -1.3080317054e+01    5.6615011012e+00    2.4422400508e+00   -1.5522557105e+01    1.2800000000e+02    7.6583950004e-03    6.4208984375e-01
       407   -7.2649802287e+00    5.2974893656e+01   -1.3413746515e+01    6.1487662860e+00    2.6827445366e+00   -1.6096491051e+01    1.2800000000e+02    7.6947230000e-03    6.3720703125e-01
       408   -7.5123036519e+00    5.6695176741e+01   -1.5328838446e+01    7.8165347944e+00    2.6330744621e+00   -1.7961912908e+01    1.2800000000e+02    7.6326809994e-03    6.2597656250e-01
       409   -7.5696175693e+00    5.7507783893e+01   -1.6542702543e+01    8.9730849739e+00    2.2204295061e+00   -1.8763132049e+01    1.2800000000e+02    8.3047969993e-03    6.4648437500e-01
       410   -7.4967298446e+00    5.6482218990e+01   -1.2441697988e+01    4.9449681430e+00    2.3164736523e+00   -1.4758171640e+01    1.2800000000e+02    1.2134843000e-02    6.4160156250e-01
       411   -7.5738261599e+00    5.7579619619e+01   -3.1219891030e+01    2.3646064870e+01    2.7220863328e+00   -3.3941977363e+01    1.2800000000e+02    9.0012920000e-03    6.2695312500e-01
       412   -7.4643988743e+00    5.6171949992e+01   -1.4969723239e+01    7.5053243646e+00    3.0556599416e+00   -1.8025383181e+01    1.2800000000e+02    7.9631460003e-03    6.3427734375e-01
       413   -7.4563487569e+00    5.5818883857e+01   -1.1849234870e+01    4.3928861132e+00    2.3426409670e+00   -1.4191875837e+01    1.2800000000e+02    7.7964040001e-03    6.7919921875e-01
       414   -7.4878400499e+00    5.6263301987e+01   -1.2858974967e+01    5.3711349168e+00    2.5311642713e+00   -1.5390139238e+01    1.2800000000e+02    7.7515280000e-03    6.5283203125e-01
       415   -7.4413945383e+00    5.5521358731e+01   -1.1436573732e+01    3.9951791936e+00    2.5720916518e+00   -1.4008665384e+01    1.2800000000e+02    7.8069470001e-03    6.6015625000e-01
       416   -7.5763886110e+00    5.7603182816e+01   -1.7203233402e+01    9.6268447914e+00    2.5807969613e+00   -1.9784030364e+01    1.2800000000e+02    7.7595920002e-03    6.4843750000e-01
       417   -7.5557564732e+00    5.7397768458e+01   -1.4119814785e+01    6.5640583121e+00    2.4110696477e+00   -1.6530884433e+01    1.2800000000e+02    7.6836029994e-03    6.5039062500e-01
       418   -7.4632691074e+00    5.5943194610e+01   -1.5285589139e+01    7.8223200320e+00    2.5836203762e+00   -1.7869209516e+01    1.2800000000e+02    7.6816860001e-03    6.3769531250e-01
       419   -7.5487608531e+00    5.7216561010e+01   -1.4115695183e+01    6.5669343298e+00    2.7319927346e+00   -1.6847687917e+01    1.2800000000e+02    7.7109439999e-03    6.3769531250e-01
       420   -7.4645644325e+00    5.5887156337e+01   -1.4316439245e+01    6.8518748121e+00    2.7956419681e+00   -1.7112081213e+01    1.2800000000e+02    8.5459610000e-03    6.3525390625e-01
       421   -7.5219833115e+00    5.6821328896e+01   -1.3165694426e+01    5.6437111148e+00    2.8295126205e+00   -1.5995207047e+01    1.2800000000e+02    7.7304810002e-03    6.3671875000e-01
       422   -7.3534153233e+00    5.4248330017e+01   -1.4766331353e+01    7.4129160302e+00    2.2845589557e+00   -1.7050890309e+01    1.2800000000e+02    7.6498959997e-03    6.4648437500e-01
       423   -7.4291766677e+00    5.5310554344e+01   -1.1291484994e+01    3.8623083263e+00    2.3738169410e+00   -1.3665301935e+01    1.2800000000e+02    7.7574210000e-03    6.6113281250e-01
       424   -7.4448099609e+00    5.5611017893e+01   -1.4845056868e+01    7.4002469066e+00    2.5460654005e+00   -1.7391122268e+01    1.2800000000e+02    7.7569209998e-03    6.5527343750e-01
       425   -7.4912726383e+00    5.6500262783e+01   -1.3535084195e+01    6.0438115565e+00    2.3809685309e+00   -1.5916052726e+01    1.2800000000e+02    7.5730319995e-03    6.3574218750e-01
       426   -7.5709599495e+00    5.7736195092e+01   -1.9125346760e+01    1.1554386811e+01    2.9256272656e+00   -2.2050974026e+01    1.2800000000e+02    7.6420279993e-03    6.1425781250e-01
       427   -7.5934528818e+00    5.8082269407e+01   -1.4511732271e+01    6.9182793895e+00    2.5182584675e+00   -1.7029990739e+01    1.2800000000e+02    7.6684759997e-03    6.2304687500e-01
       428   -7.5568301295e+00    5.7452877867e+01   -1.2832201861e+01    5.2753717312e+00    2.5102744130e+00   -1.5342476274e+01    1.2800000000e+02    7.7489259993e-03    6.5039062500e-01
       429   -7.5482683287e+00    5.7217414107e+01   -1.9504357251e+01    1.1956088922e+01    2.8959733096e+00   -2.2400330560e+01    1.2800000000e+02    7.6581840003e-03    6.3134765625e-01
       430   -7.5251940705e+00    5.6944572526e+01   -1.4981120217e+01    7.4559261465e+00    2.8102222376e+00   -1.7791342455e+01    1.2800000000e+02    7.6880679999e-03    6.2451171875e-01
       431   -7.5033254152e+00    5.6471730564e+01   -1.3793502429e+01    6.2901770133e+00    2.4256051036e+00   -1.6219107532e+01    1.2800000000e+02    7.5973009998e-03    6.5185546875e-01
       432   -7.4441112819e+00    5.5545166981e+01   -1.3603085105e+01    6.1589738236e+00    2.5179191684e+00   -1.6121004274e+01    1.2800000000e+02    7.7374300008e-03    6.5429687500e-01
       433   -7.4268541256e+00    5.5471049314e+01   -1.3677538977e+01    6.2506848518e+00    2.8817212098e+00   -1.6559260187e+01    1.2800000000e+02    7.7460689999e-03    6.3671875000e-01
       434   -7.7470027376e+00    6.0246489551e+01   -3.1517641622e+01    2.3770638885e+01    2.8604323351e+00   -3.4378073957e+01    1.2800000000e+02    7.6877830006e-03    6.1962890625e-01
       435   -7.4074926664e+00    5.5081860521e+01   -2.3930220523e+01    1.6522727857e+01    2.9372623742e+00   -2.6867482898e+01    1.2800000000e+02    7.7185110003e-03    6.2255859375e-01
       436   -7.3972123089e+00    5.4831254727e+01   -1.4665481368e+01    7.2682690592e+00    2.6436446388e+00   -1.7309126007e+01    1.2800000000e+02    7.7202400007e-03    6.4941406250e-01
       437   -7.3809628884e+00    5.4743146287e+01   -1.3607074142e+01    6.2261112540e+00    2.7435994648e+00   -1.6350673607e+01    1.2800000000e+02    8.0169410003e-03    6.4306640625e-01
       438   -7.3466323505e+00    5.4152235721e+01   -1.3895860832e+01    6.5492284815e+00    2.8873238374e+00   -1.6783184669e+01    1.2800000000e+02    8.2310730004e-03    6.2158203125e-01
       439   -7.4158699186e+00    5.5214032471e+01   -1.2915275994e+01    5.4994060758e+00    2.7390033049e+00   -1.5654279299e+01    1.2800000000e+02    7.8682949998e-03    6.4355468750e-01
       440   -7.5243822953e+00    5.6816048067e+01   -1.2622071232e+01    5.0976889363e+00    2.9156639457e+00   -1.5537735177e+01    1.2800000000e+02    7.8444290002e-03    6.4599609375e-01
       441   -7.4306095083e+00    5.5443432969e+01   -1.2125851926e+01    4.6952424174e+00    2.5303944884e+00   -1.4656246414e+01    1.2800000000e+02    7.9250460003e-03    6.5576171875e-01
       442   -7.3595333509e+00    5.4354109829e+01   -1.3819220849e+01    6.4596874984e+00    2.4970047758e+00   -1.6316225625e+01    1.2800000000e+02    7.6643619996e-03    6.3867187500e-01
       443   -7.4895033274e+00    5.6333385040e+01   -1.2479511483e+01    4.9900081560e+00    3.1824393867e+00   -1.5661950870e+01    1.2800000000e+02    7.8650659998e-03    6.6064453125e-01
       444   -7.3711587012e+00    5.4465268328e+01   -1.1588645202e+01    4.2174865004e+00    2.5455969033e+00   -1.4134242105e+01    1.2800000000e+02    1.1627588000e-02    6.4160156250e-01
       445   -7.3600062765e+00    5.4372164368e+01   -1.1344859792e+01    3.9848535156e+00    2.3407285616e+00   -1.3685588354e+01    1.2800000000e+02    1.4645593999e-02    6.6552734375e-01
       446   -7.4987149562e+00    5.6418013941e+01   -1.2955867192e+01    5.4571522361e+00    2.5575169768e+00   -1.5513384169e+01    1.2800000000e+02    1.4616506000e-02    6.4404296875e-01
       447   -7.4615968604e+00    5.5972917037e+01   -1.5356422357e+01    7.8948254963e+00    2.7978100911e+00   -1.8154232448e+01    1.2800000000e+02    9.1251139993e-03    6.3183593750e-01
       448   -7.4443106704e+00    5.5560219476e+01   -1.2916536851e+01    5.4722261803e+00    2.6219036283e+00   -1.5538440479e+01    1.2800000000e+02    1.3565806999e-02    6.5722656250e-01
       449   -7.5646422199e+00    5.7491702839e+01   -1.5317879473e+01    7.7532372527e+00    2.6952625712e+00   -1.8013142044e+01    1.2800000000e+02    8.5646250000e-03    6.3525390625e-01
       450   -7.5002613203e+00    5.6538015502e+01   -2.3060500182e+01    1.5560238862e+01    2.5242236611e+00   -2.5584723843e+01    1.2800000000e+02    7.7347809993e-03    6.3232421875e-01
       451   -7.5160069316e+00    5.6726550004e+01   -1.2975218455e+01    5.4592115236e+00    2.7159448844e+00   -1.5691163340e+01    1.2800000000e+02    7.7412769997e-03    6.4111328125e-01
       452   -7.4225634798e+00    5.5372186619e+01   -1.3925025917e+01    6.5024624373e+00    2.7942377636e+00   -1.6719263681e+01    1.2800000000e+02    7.6684750002e-03    6.3037109375e-01
       453   -7.3391783057e+00    5.3982898729e+01   -1.3109632562e+01    5.7704542560e+00    2.3782466817e+00   -1.5487879243e+01    1.2800000000e+02    7.7294410003e-03    6.4794921875e-01
       454   -7.4533510487e+00    5.5743427035e+01   -1.2609903292e+01    5.1565522437e+00    2.3092937688e+00   -1.4919197061e+01    1.2800000000e+02    7.7617789993e-03    6.5576171875e-01
       455   -7.4722221297e+00    5.6119100903e+01   -1.4131970220e+01    6.6597480903e+00    2.9664488816e+00   -1.7098419102e+01    1.2800000000e+02    7.6757590004e-03    6.3037109375e-01
       456   -7.4445178012e+00    5.5662028801e+01   -1.6548721066e+01    9.1042032644e+00    2.9769836478e+00   -1.9525704713e+01    1.2800000000e+02    7.7349530002e-03    6.4404296875e-01
       457   -7.4631447935e+00    5.5968576141e+01   -1.1814311947e+01    4.3511671539e+00    2.4517326608e+00   -1.4266044608e+01    1.2800000000e+02    7.7884439997e-03    6.6406250000e-01
       458   -7.4327573814e+00    5.5448871924e+01   -1.1207357337e+01    3.7745999556e+00    2.6246720508e+00   -1.3832029388e+01    1.2800000000e+02    7.7825310000e-03    6.5576171875e-01
       459   -7.5682272884e+00    5.7692765857e+01   -1.6992319669e+01    9.4240923805e+00    2.6701771905e+00   -1.9662496859e+01    1.2800000000e+02    7.7844170000e-03    6.3818359375e-01
       460   -7.5399057959e+00    5.7165304988e+01   -1.7631450359e+01    1.0091544563e+01    2.8009400753e+00   -2.0432390434e+01    1.2800000000e+02    7.6997940005e-03    6.3330078125e-01
       461   -7.6236104693e+00    5.8481451132e+01   -1.6208100358e+01    8.5844898888e+00    2.5492382274e+00   -1.8757338585e+01    1.2800000000e+02    7.6348729999e-03    6.4599609375e-01
       462   -7.5843604789e+00    5.7727988467e+01   -1.6709935151e+01    9.1255746723e+00    2.8166942516e+00   -1.9526629403e+01    1.2800000000e+02    7.6370540000e-03    6.1523437500e-01
       463   -7.4502352527e+00    5.5674596708e+01   -1.3377515239e+01    5.9272799863e+00    2.8174374861e+00   -1.6194952725e+01    1.2800000000e+02    7.7399470001e-03    6.4062500000e-01
       464   -7.4653463490e+00    5.5936811992e+01   -1.3224284645e+01    5.7589382958e+00    2.6141735515e+00   -1.5838458196e+01    1.2800000000e+02    7.6919220000e-03    6.3867187500e-01
       465   -7.4232367730e+00    5.5380826441e+01   -1.4113090971e+01    6.6898541984e+00    2.4416315149e+00   -1.6554722486e+01    1.2800000000e+02    7.7028220003e-03    6.4501953125e-01
       466   -7.5236889862e+00    5.6805676332e+01   -1.7444950909e+01    9.9212619230e+00    2.6699821797e+00   -2.0114933089e+01    1.2800000000e+02    8.2459249998e-03    6.4941406250e-01
       467   -7.4674679594e+00    5.5927696551e+01   -1.5083390636e+01    7.6159226767e+00    2.3493139862e+00   -1.7432704622e+01    1.2800000000e+02    7.6402790000e-03    6.3964843750e-01
       468   -7.5532408156e+00    5.7326911820e+01   -1.3886224250e+01    6.3329834348e+00    2.3999984694e+00   -1.6286222720e+01    1.2800000000e+02    7.6161799998e-03    6.2255859375e-01
       469   -7.3495099177e+00    5.4124907528e+01   -1.2339052284e+01    4.9895423667e+00    2.4112227017e+00   -1.4750274986e+01    1.2800000000e+02    7.8389319997e-03    6.5966796875e-01
       470   -7.5929500945e+00    5.7980906020e+01   -1.6386215907e+01    8.7932658126e+00    2.7732955507e+00   -1.9159511458e+01    1.2800000000e+02    7.6786240006e-03    6.1718750000e-01
       471   -7.4722902149e+00    5.6126105446e+01   -1.5326746926e+01    7.8544567111e+00    2.8143431211e+00   -1.8141090047e+01    1.2800000000e+02    7.8229539995e-03    6.4404296875e-01
       472   -7.5676011850e+00    5.7682381039e+01   -1.6464138785e+01    8.8965375997e+00    2.7869220503e+00   -1.9251060835e+01    1.2800000000e+02    7.6929409997e-03    6.2500000000e-01
       473   -7.4936020131e+00    5.6360812372e+01   -1.4565739137e+01    7.0721371238e+00    2.4164163666e+00   -1.6982155503e+01    1.2800000000e+02    7.6893790001e-03    6.5185546875e-01
       474   -7.5151865857e+00    5.6741351485e+01   -1.5304520818e+01    7.7893342323e+00    2.6366892608e+00   -1.7941210079e+01    1.2800000000e+02    7.6559939998e-03    6.2792968750e-01
       475   -7.4094306239e+00    5.5115767247e+01   -1.2938576482e+01    5.5291458583e+00    2.4654875089e+00   -1.5404063991e+01    1.2800000000e+02    7.6629219993e-03    6.4062500000e-01
       476   -7.5122350922e+00    5.6724949613e+01   -1.4451958515e+01    6.9397234226e+00    2.7745585633e+00   -1.7226517078e+01    1.2800000000e+02    7.7742889998e-03    6.1914062500e-01
       477   -7.4574405527e+00    5.5829231132e+01   -1.6254433942e+01    8.7969933893e+00    2.8149323077e+00   -1.9069366250e+01    1.2800000000e+02    7.7345789996e-03    6.3476562500e-01
       478   -7.3438666697e+00    5.4043718846e+01   -1.2021162463e+01    4.6772957934e+00    2.6775061724e+00   -1.4698668636e+01    1.2800000000e+02    7.8025280000e-03    6.3378906250e-01
       479   -7.2730961316e+00    5.3032407272e+01   -1.2155799912e+01    4.8827037806e+00    2.5602738798e+00   -1.4716073792e+01    1.2800000000e+02    7.7956229998e-03    6.4990234375e-01
       480   -7.4231432063e+00    5.5239346481e+01   -1.3722965783e+01    6.2998225768e+00    2.4212389507e+00   -1.6144204734e+01    1.2800000000e+02    7.6927939999e-03    6.3427734375e-01
       481   -7.4943312958e+00    5.6429769303e+01   -1.3585182863e+01    6.0908515671e+00    2.5181360168e+00   -1.6103318880e+01    1.2800000000e+02    8.1179809995e-03    6.5136718750e-01
       482   -7.6161925296e+00    5.8365251772e+01   -1.2923215999e+01    5.3070234692e+00    2.4814742737e+00   -1.5404690273e+01    1.2800000000e+02    7.8316440004e-03    6.6113281250e-01
       483   -7.5809196796e+00    5.7732328908e+01   -1.3561729572e+01    5.9808098919e+00    2.1281966764e+00   -1.5689926248e+01    1.2800000000e+02    7.6828470001e-03    6.4111328125e-01
       484   -7.3728564769e+00    5.4521965188e+01   -1.3103331041e+01    5.7304745641e+00    2.4782729503e+00   -1.5581603991e+01    1.2800000000e+02    7.5775159994e-03    6.2500000000e-01
       485   -7.3158204325e+00    5.3701084925e+01   -1.2762575158e+01    5.4467547254e+00    2.7376554187e+00   -1.5500230577e+01    1.2800000000e+02    7.8055560007e-03    6.2939453125e-01
       486   -7.5398883347e+00    5.7116553901e+01   -1.8762140317e+01    1.1222251983e+01    2.4882750615e+00   -2.1250415379e+01    1.2800000000e+02    7.6244220008e-03    6.2744140625e-01
       487   -7.3982087998e+00    5.4879758081e+01   -1.2957988674e+01    5.5597798747e+00    2.4980770284e+00   -1.5456065703e+01    1.2800000000e+02    7.8619409996e-03    6.3134765625e-01
       488   -7.4123658983e+00    5.5236511872e+01   -1.5514553150e+01    8.1021872514e+00    2.7027686951e+00   -1.8217321845e+01    1.2800000000e+02    7.7402470006e-03    6.2060546875e-01
       489   -7.5276179334e+00    5.6867832169e+01   -1.8602962798e+01    1.1075344864e+01    2.8277547368e+00   -2.1430717535e+01    1.2800000000e+02    7.8790039997e-03    6.4062500000e-01
       490   -7.4367037329e+00    5.5538739070e+01   -1.3839643350e+01    6.4029396176e+00    2.9468656602e+00   -1.6786509011e+01    1.2800000000e+02    7.8527920004e-03    6.5917968750e-01
       491   -7.4686000572e+00    5.5936780797e+01   -1.2523278451e+01    5.0546783933e+00    2.6901639786e+00   -1.5213442429e+01    1.2800000000e+02    7.9378119999e-03    6.6259765625e-01
       492   -7.4113787143e+00    5.5205356876e+01   -1.4802991708e+01    7.3916129936e+00    2.4574534824e+00   -1.7260445190e+01    1.2800000000e+02    7.6532640005e-03    6.2695312500e-01
       493   -7.3822010493e+00    5.4676887938e+01   -1.3877074729e+01    6.4948736795e+00    2.5711602079e+00   -1.6448234937e+01    1.2800000000e+02    7.8438500004e-03    6.3916015625e-01
       494   -7.3941440315e+00    5.4852758659e+01   -1.1686819649e+01    4.2926756177e+00    2.2837680412e+00   -1.3970587690e+01    1.2800000000e+02    7.8344879994e-03    6.7089843750e-01
       495   -7.5946125150e+00    5.8023883147e+01   -1.5417606817e+01    7.8229943022e+00    2.8928230462e+00   -1.8310429863e+01    1.2800000000e+02    7.8309430000e-03    6.3330078125e-01
       496   -7.5684121638e+00    5.7783224645e+01   -1.6182713223e+01    8.6143010593e+00    2.9147793351e+00   -1.9097492558e+01    1.2800000000e+02    7.7408830002e-03    6.1425781250e-01
       497   -7.5929018021e+00    5.7961652295e+01   -1.4296617169e+01    6.7037153666e+00    2.5453096299e+00   -1.6841926799e+01    1.2800000000e+02    7.7649519999e-03    6.3964843750e-01
       498   -7.4766909894e+00    5.6271835033e+01   -1.4663351195e+01    7.1866602057e+00    2.9708766029e+00   -1.7634227798e+01    1.2800000000e+02    7.7613949998e-03    6.4550781250e-01
       499   -7.4199420211e+00    5.5229928632e+01   -1.2572406029e+01    5.1524640077e+00    2.5153397313e+00   -1.5087745760e+01    1.2800000000e+02    7.6771249996e-03    6.2451171875e-01
