#   index    LocalEnergy         LocalEnergy_sq      LocalPotential      Kinetic             ElecElec            IonElec             BlockWeight         BlockCPU            AcceptRatio         
         0   -7.4215988484e+00    5.5235979521e+01   -1.5146419155e+01    7.7248203061e+00    2.7639401884e+00   -1.7910359343e+01    1.2800000000e+02    7.8040090002e-03    6.4697265625e-01
         1   -7.4141018800e+00    5.5131070403e+01   -1.5545280988e+01    8.1311791084e+00    2.6785653456e+00   -1.8223846334e+01    1.2800000000e+02    7.7562240003e-03    6.4404296875e-01
         2   -7.5142082737e+00    5.6733375052e+01   -1.4271468551e+01    6.7572602774e+00    2.5264837154e+00   -1.6797952266e+01    1.2800000000e+02    9.3988990002e-03    6.4697265625e-01
         3   -7.3931672466e+00    5.4778518693e+01   -1.1713847527e+01    4.3206802800e+00    2.5694149052e+00   -1.4283262432e+01    1.2800000000e+02    7.8637450006e-03    6.5429687500e-01
         4   -7.4023294664e+00    5.5028080310e+01   -1.3623927483e+01    6.2215980164e+00    2.4081438950e+00   -1.6032071378e+01    1.2800000000e+02    7.6731130002e-03    6.3037109375e-01
         5   -7.4107115154e+00    5.5094385701e+01   -1.2759026630e+01    5.3483151141e+00    2.7082765077e+00   -1.5467303137e+01    1.2800000000e+02    7.8279740001e-03    6.6308593750e-01
         6   -7.3235386782e+00    5.3834639843e+01   -1.1930036086e+01    4.6064974074e+00    2.7998272660e+00   -1.4729863352e+01    1.2800000000e+02    7.7566040000e-03    6.5234375000e-01
         7   -7.4977261823e+00    5.6396855200e+01   -1.3098459042e+01    5.6007328595e+00    2.6095277419e+00   -1.5707986784e+01    1.2800000000e+02    7.8158120004e-03    6.5234375000e-01
         8   -7.4805316652e+00    5.6105649011e+01   -1.3156279267e+01    5.6757476016e+00    2.3868648657e+00   -1.5543144132e+01    1.2800000000e+02    7.6355089996e-03    6.3232421875e-01
         9   -7.5514789355e+00    5.7245804757e+01   -1.4430341193e+01    6.8788622571e+00    2.7335448016e+00   -1.7163885994e+01    1.2800000000e+02    7.7227870006e-03    6.3769531250e-01
        10   -7.2608445943e+00    5.2820033166e+01   -1.1807231177e+01    4.5463865828e+00    2.1239135891e+00   -1.3931144766e+01    1.2800000000e+02    7.6381340004e-03    6.5087890625e-01
        11   -7.5191319696e+00    5.6785427250e+01   -1.7764149784e+01    1.0245017815e+01    2.1852816650e+00   -1.9949431449e+01    1.2800000000e+02    7.7168260004e-03    6.5576171875e-01
        12   -7.6968335966e+00    5.9683381042e+01   -1.5280664260e+01    7.5838306635e+00    2.5064594601e+00   -1.7787123720e+01    1.2800000000e+02    7.6449799999e-03    6.5283203125e-01
        13   -7.4803471563e+00    5.6076655565e+01   -1.3007797080e+01    5.5274499239e+00    2.5900180681e+00   -1.5597815148e+01    1.2800000000e+02    7.8053969992e-03    6.5283203125e-01
        14   -7.7647474880e+00    6.0653105677e+01   -1.9299849385e+01    1.1535101897e+01    2.5052635645e+00   -2.1805112950e+01    1.2800000000e+02    7.5031619999e-03    6.1914062500e-01
        15   -7.5349178329e+00    5.7028926258e+01   -1.3544981248e+01    6.0100634147e+00    2.5579983978e+00   -1.6102979645e+01    1.2800000000e+02    7.7534640004e-03    6.4453125000e-01
        16   -7.5153410348e+00    5.6724649785e+01   -1.6414751424e+01    8.8994103896e+00    2.7044299265e+00   -1.9119181351e+01    1.2800000000e+02    7.6796189996e-03    6.1621093750e-01
        17   -7.5267048380e+00    5.6858877530e+01   -1.5361098160e+01    7.8343933224e+00    2.7042380714e+00   -1.8065336232e+01    1.2800000000e+02    7.7471199993e-03    6.4648437500e-01
        18   -7.4932839235e+00    5.6403905963e+01   -1.6430713157e+01    8.9374292333e+00    2.7143381731e+00   -1.9145051330e+01    1.2800000000e+02    7.7840780004e-03    6.3427734375e-01
        19   -7.4762232793e+00    5.6072793564e+01   -1.8230172762e+01    1.0753949483e+01    2.5558369365e+00   -2.0786009699e+01    1.2800000000e+02    7.7312789999e-03    6.3867187500e-01
        20   -7.4389195687e+00    5.5630473492e+01   -1.4319738598e+01    6.8808190291e+00    3.4251219203e+00   -1.7744860518e+01    1.2800000000e+02    7.6992169998e-03    6.1621093750e-01
        21   -7.4538037081e+00    5.5766461350e+01   -1.2740848218e+01    5.2870445102e+00    2.3828417547e+00   -1.5123689973e+01    1.2800000000e+02    7.7536359995e-03    6.6357421875e-01
        22   -7.2910169542e+00    5.3310000049e+01   -1.2738246250e+01    5.4472292958e+00    2.4040217046e+00   -1.5142267955e+01    1.2800000000e+02    7.7983000001e-03    6.5136718750e-01
        23   -7.3336023047e+00    5.3918433248e+01   -1.2210356933e+01    4.8767546287e+00    2.7074125532e+00   -1.4917769487e+01    1.2800000000e+02    7.7543749994e-03    6.5039062500e-01
        24   -7.6408512931e+00    5.8693122227e+01   -1.8812941609e+01    1.1172090316e+01    2.7396582716e+00   -2.1552599881e+01    1.2800000000e+02    7.6741399998e-03    6.1621093750e-01
        25   -7.3774242677e+00    5.4571291998e+01   -1.3134487461e+01    5.7570631928e+00    2.6734297106e+00   -1.5807917171e+01    1.2800000000e+02    7.7561500002e-03    6.4208984375e-01
        26   -7.5057468495e+00    5.6470706903e+01   -1.6399851166e+01    8.8941043168e+00    2.7256139303e+00   -1.9125465097e+01    1.2800000000e+02    7.7449850005e-03    6.3916015625e-01
        27   -7.4255253898e+00    5.5355758200e+01   -1.4685069640e+01    7.2595442506e+00    2.7240287996e+00   -1.7409098440e+01    1.2800000000e+02    7.7633479996e-03    6.4550781250e-01
        28   -7.4942243339e+00    5.6434014489e+01   -1.5488640644e+01    7.9944163099e+00    2.3822551688e+00   -1.7870895813e+01    1.2800000000e+02    7.5875180000e-03    6.3964843750e-01
        29   -7.5927227470e+00    5.7882612974e+01   -1.6495263722e+01    8.9025409749e+00    2.5569124578e+00   -1.9052176180e+01    1.2800000000e+02    7.5678510002e-03    6.2109375000e-01
        30   -7.4201964508e+00    5.5263645346e+01   -1.2635016734e+01    5.2148202830e+00    2.6351145115e+00   -1.5270131245e+01    1.2800000000e+02    7.7867740001e-03    6.5478515625e-01
        31   -7.4252631962e+00    5.5319371229e+01   -1.5527435677e+01    8.1021724810e+00    2.7659313435e+00   -1.8293367021e+01    1.2800000000e+02    7.7318509993e-03    6.3769531250e-01
        32   -7.3687411274e+00    5.4396089836e+01   -1.0320496556e+01    2.9517554290e+00    2.2233385512e+00   -1.2543835108e+01    1.2800000000e+02    7.7613129997e-03    6.5869140625e-01
        33   -7.3957720101e+00    5.4888580494e+01   -1.2351122171e+01    4.9553501610e+00    2.4343422894e+00   -1.4785464461e+01    1.2800000000e+02    7.8156430000e-03    6.5136718750e-01
        34   -7.5080477828e+00    5.6638169875e+01   -1.3890495229e+01    6.3824474461e+00    2.4031790405e+00   -1.6293674269e+01    1.2800000000e+02    7.7405829998e-03    6.4892578125e-01
        35   -7.2963862417e+00    5.3514790104e+01   -1.5695976179e+01    8.3995899377e+00    2.7447616471e+00   -1.8440737826e+01    1.2800000000e+02    7.6818250000e-03    6.2255859375e-01
        36   -7.6010553875e+00    5.8059693651e+01   -1.4710024442e+01    7.1089690548e+00    2.7011819673e+00   -1.7411206410e+01    1.2800000000e+02    7.7087310001e-03    6.4599609375e-01
        37   -7.3400253299e+00    5.4047304797e+01   -1.6565348798e+01    9.2253234683e+00    2.7191937831e+00   -1.9284542581e+01    1.2800000000e+02    7.7525829993e-03    6.4062500000e-01
        38   -7.3401774492e+00    5.4003677356e+01   -1.3452349409e+01    6.1121719599e+00    2.7462511316e+00   -1.6198600541e+01    1.2800000000e+02    7.7007549999e-03    6.2597656250e-01
        39   -7.5423518566e+00    5.7227607401e+01   -1.3164987648e+01    5.6226357916e+00    2.6229820727e+00   -1.5787969721e+01    1.2800000000e+02    7.7881999996e-03    6.4843750000e-01
        40   -7.4011874826e+00    5.4875809338e+01   -1.0643458446e+01    3.2422709639e+00    2.3946591557e+00   -1.3038117602e+01    1.2800000000e+02    7.8476720000e-03    6.7089843750e-01
        41   -7.5362074132e+00    5.6975990024e+01   -2.2146940593e+01    1.4610733180e+01    3.0080708000e+00   -2.5155011393e+01    1.2800000000e+02    7.7664040000e-03    6.2597656250e-01
        42   -7.5082334864e+00    5.6679870009e+01   -1.4729035250e+01    7.2208017633e+00    2.7763521775e+00   -1.7505387427e+01    1.2800000000e+02    7.7045140006e-03    6.3574218750e-01
        43   -7.3625278942e+00    5.4385780154e+01   -1.3334359348e+01    5.9718314543e+00    2.7246795518e+00   -1.6059038900e+01    1.2800000000e+02    7.8199370000e-03    6.4306640625e-01
        44   -7.5497529061e+00    5.7266424922e+01   -1.6090633453e+01    8.5408805464e+00    2.3891067101e+00   -1.8479740163e+01    1.2800000000e+02    7.7640730005e-03    6.4160156250e-01
        45   -7.5253227887e+00    5.6894361237e+01   -1.4310040183e+01    6.7847173946e+00    2.5886817419e+00   -1.6898721925e+01    1.2800000000e+02    7.6987580005e-03    6.3330078125e-01
        46   -7.4188765440e+00    5.5174004430e+01   -1.2730451823e+01    5.3115752792e+00    2.5885225717e+00   -1.5318974395e+01    1.2800000000e+02    7.7882739997e-03    6.5869140625e-01
        47   -7.4182750232e+00    5.5223404329e+01   -1.4352320466e+01    6.9340454429e+00    2.5259658182e+00   -1.6878286284e+01    1.2800000000e+02    7.6424439994e-03    6.4355468750e-01
        48   -7.5063840204e+00    5.6633255371e+01   -1.5859194283e+01    8.3528102626e+00    2.8053529210e+00   -1.8664547204e+01    1.2800000000e+02    7.7489679998e-03    6.3720703125e-01
        49   -7.4958131175e+00    5.6520825606e+01   -1.4847677047e+01    7.3518639297e+00    2.7195581366e+00   -1.7567235184e+01    1.2800000000e+02    7.7321740000e-03    6.3232421875e-01
        50   -7.5945661560e+00    5.7972790439e+01   -1.3068837777e+01    5.4742716208e+00    2.7165177174e+00   -1.5785355494e+01    1.2800000000e+02    7.7332410001e-03    6.3427734375e-01
        51   -7.4931241022e+00    5.6382935514e+01   -1.2109803731e+01    4.6166796286e+00    2.4376402136e+00   -1.4547443944e+01    1.2800000000e+02    7.7351200007e-03    6.4843750000e-01
        52   -7.6930568377e+00    5.9534092863e+01   -1.7292410703e+01    9.5993538651e+00    3.2475191099e+00   -2.0539929813e+01    1.2800000000e+02    7.7876890000e-03    6.4550781250e-01
        53   -7.5484219465e+00    5.7317246255e+01   -1.3227179822e+01    5.6787578757e+00    2.7165816187e+00   -1.5943761441e+01    1.2800000000e+02    7.7461379997e-03    6.4648437500e-01
        54   -7.4400881703e+00    5.5451779932e+01   -1.0795461725e+01    3.3553735544e+00    2.5639704135e+00   -1.3359432138e+01    1.2800000000e+02    8.2488240005e-03    6.4355468750e-01
        55   -7.4391551816e+00    5.5589210597e+01   -1.1667977156e+01    4.2288219745e+00    3.2804886226e+00   -1.4948465779e+01    1.2800000000e+02    8.1522780001e-03    6.5625000000e-01
        56   -7.5565019533e+00    5.7381604484e+01   -2.3875475193e+01    1.6318973240e+01    2.3119625843e+00   -2.6187437778e+01    1.2800000000e+02    8.0993860001e-03    6.3964843750e-01
        57   -7.3654004417e+00    5.4453266072e+01   -1.3258613560e+01    5.8932131186e+00    3.2397238638e+00   -1.6498337424e+01    1.2800000000e+02    8.7666640002e-03    6.4990234375e-01
        58   -7.4858048083e+00    5.6286154321e+01   -1.5268312593e+01    7.7825077851e+00    2.7836822915e+00   -1.8051994885e+01    1.2800000000e+02    8.2305770002e-03    6.3574218750e-01
        59   -7.5128062920e+00    5.6692037868e+01   -1.3643095024e+01    6.1302887316e+00    2.7258415329e+00   -1.6368936556e+01    1.2800000000e+02    8.1935620001e-03    6.4453125000e-01
        60   -7.4323939885e+00    5.5456413864e+01   -1.2162263328e+01    4.7298693393e+00    2.5018997125e+00   -1.4664163040e+01    1.2800000000e+02    8.1678300003e-03    6.4355468750e-01
        61   -7.4444209571e+00    5.5644383047e+01   -1.5150602066e+01    7.7061811093e+00    3.0566319006e+00   -1.8207233967e+01    1.2800000000e+02    8.1682600003e-03    6.3134765625e-01
        62   -7.6529910406e+00    5.8783801610e+01   -1.7547949343e+01    9.8949583027e+00    2.7624403875e+00   -2.0310389731e+01    1.2800000000e+02    8.1673360000e-03    6.3281250000e-01
        63   -7.5781172740e+00    5.7717694302e+01   -1.3989721548e+01    6.4116042740e+00    2.4890718676e+00   -1.6478793416e+01    1.2800000000e+02    7.9926559993e-03    6.2744140625e-01
        64   -7.5989939711e+00    5.8011086026e+01   -1.5082218063e+01    7.4832240924e+00    2.6655975418e+00   -1.7747815605e+01    1.2800000000e+02    8.4889640002e-03    6.3574218750e-01
        65   -7.4971942099e+00    5.6387430232e+01   -1.1719776383e+01    4.2225821732e+00    2.5813270704e+00   -1.4301103453e+01    1.2800000000e+02    8.2753720008e-03    6.4550781250e-01
        66   -7.5291829266e+00    5.6787823181e+01   -1.5300988509e+01    7.7718055821e+00    2.3093525333e+00   -1.7610341042e+01    1.2800000000e+02    8.5275160000e-03    6.5283203125e-01
        67   -7.3646605315e+00    5.4397178470e+01   -1.2933782933e+01    5.5691224017e+00    2.6369798241e+00   -1.5570762757e+01    1.2800000000e+02    8.1804909996e-03    6.2744140625e-01
        68   -7.4814573123e+00    5.6128872169e+01   -1.8317699142e+01    1.0836241830e+01    2.5887364309e+00   -2.0906435573e+01    1.2800000000e+02    8.2591840001e-03    6.3378906250e-01
        69   -7.6566151809e+00    5.8862360225e+01   -1.6550908151e+01    8.8942929700e+00    2.6941462772e+00   -1.9245054428e+01    1.2800000000e+02    8.1793209993e-03    6.4501953125e-01
        70   -7.3287104759e+00    5.3907413126e+01   -1.2378654535e+01    5.0499440593e+00    2.2501978492e+00   -1.4628852384e+01    1.2800000000e+02    8.2629110002e-03    6.4794921875e-01
        71   -7.4864047844e+00    5.6302452074e+01   -1.2622265368e+01    5.1358605833e+00    2.5930376073e+00   -1.5215302975e+01    1.2800000000e+02    8.1883419998e-03    6.6406250000e-01
        72   -7.4884609787e+00    5.6343694171e+01   -1.4686542228e+01    7.1980812490e+00    2.6766648423e+00   -1.7363207070e+01    1.2800000000e+02    8.2532939996e-03    6.3085937500e-01
        73   -7.6099183192e+00    5.8131069242e+01   -1.7786874547e+01    1.0176956227e+01    2.6463857131e+00   -2.0433260260e+01    1.2800000000e+02    8.1106179996e-03    6.3134765625e-01
        74   -7.3986170947e+00    5.4869269875e+01   -1.7646659234e+01    1.0248042139e+01    2.6180992480e+00   -2.0264758482e+01    1.2800000000e+02    8.1478340007e-03    6.3037109375e-01
        75   -7.4971948377e+00    5.6371326592e+01   -1.7235082357e+01    9.7378875190e+00    3.0220737130e+00   -2.0257156070e+01    1.2800000000e+02    1.4591472000e-02    6.1425781250e-01
        76   -7.3844654645e+00    5.4721206706e+01   -1.2974498409e+01    5.5900329447e+00    2.6310242789e+00   -1.5605522688e+01    1.2800000000e+02    1.5400056001e-02    6.3427734375e-01
        77   -7.6871837378e+00    5.9399621296e+01   -2.1212972106e+01    1.3525788368e+01    2.5404747633e+00   -2.3753446869e+01    1.2800000000e+02    1.5203455000e-02    6.3183593750e-01
        78   -7.2701935093e+00    5.3052070335e+01   -1.4423688058e+01    7.1534945490e+00    2.8094623282e+00   -1.7233150387e+01    1.2800000000e+02    1.3925523001e-02    6.4404296875e-01
        79   -7.6268027444e+00    5.8429336108e+01   -1.4738715919e+01    7.1119131741e+00    2.6748872380e+00   -1.7413603156e+01    1.2800000000e+02    7.8498220000e-03    6.3720703125e-01
        80   -7.5305245844e+00    5.7082497685e+01   -1.5052124800e+01    7.5216002156e+00    2.5139966596e+00   -1.7566121460e+01    1.2800000000e+02    7.7503940001e-03    6.5332031250e-01
        81   -7.5243172767e+00    5.6812534331e+01   -1.4879960912e+01    7.3556436357e+00    2.7748878499e+00   -1.7654848762e+01    1.2800000000e+02    7.8242330001e-03    6.3476562500e-01
        82   -7.4120599053e+00    5.5074542882e+01   -1.3204881895e+01    5.7928219898e+00    2.7268669081e+00   -1.5931748803e+01    1.2800000000e+02    7.7454090006e-03    6.5380859375e-01
        83   -7.4032094624e+00    5.4978534695e+01   -1.4327894325e+01    6.9246848628e+00    2.7468168636e+00   -1.7074711189e+01    1.2800000000e+02    7.8206759999e-03    6.2744140625e-01
        84   -7.5184579455e+00    5.6809864946e+01   -1.9285749803e+01    1.1767291857e+01    3.3798805615e+00   -2.2665630364e+01    1.2800000000e+02    7.7237619998e-03    6.1230468750e-01
        85   -7.5294868112e+00    5.6996585522e+01   -1.3111811670e+01    5.5823248584e+00    2.3614699842e+00   -1.5473281654e+01    1.2800000000e+02    7.7671359995e-03    6.5576171875e-01
        86   -7.5408588106e+00    5.7114050049e+01   -1.6195090272e+01    8.6542314617e+00    2.6980673407e+00   -1.8893157613e+01    1.2800000000e+02    7.8672190002e-03    6.3769531250e-01
        87   -7.6405323976e+00    5.8624501130e+01   -1.4864882949e+01    7.2243505512e+00    2.7716711670e+00   -1.7636554116e+01    1.2800000000e+02    7.7843390000e-03    6.2353515625e-01
        88   -7.5741724456e+00    5.7723739086e+01   -1.4983109618e+01    7.4089371726e+00    3.0165239588e+00   -1.7999633577e+01    1.2800000000e+02    1.0956798000e-02    6.1669921875e-01
        89   -7.4585579017e+00    5.5852405872e+01   -1.2652691816e+01    5.1941339145e+00    2.3579020749e+00   -1.5010593891e+01    1.2800000000e+02    7.7388380005e-03    6.4453125000e-01
        90   -7.5541682358e+00    5.7310650495e+01   -1.3610967956e+01    6.0567997199e+00    2.6284671900e+00   -1.6239435146e+01    1.2800000000e+02    7.8689160000e-03    6.4746093750e-01
        91   -7.3649060061e+00    5.4390179091e+01   -1.3494550048e+01    6.1296440415e+00    2.4965683005e+00   -1.5991118348e+01    1.2800000000e+02    7.7861170003e-03    6.4990234375e-01
        92   -7.4469998932e+00    5.5658235182e+01   -1.4571283911e+01    7.1242840176e+00    2.7679190505e+00   -1.7339202961e+01    1.2800000000e+02    7.7771019996e-03    6.3183593750e-01
        93   -7.4461513990e+00    5.5686835640e+01   -1.4736924162e+01    7.2907727631e+00    3.0666441154e+00   -1.7803568277e+01    1.2800000000e+02    7.7160890005e-03    6.3183593750e-01
        94   -7.5925926940e+00    5.7869983444e+01   -2.9927093994e+01    2.2334501300e+01    2.8233349097e+00   -3.2750428904e+01    1.2800000000e+02    7.7411229995e-03    6.2207031250e-01
        95   -7.5676179732e+00    5.7549312967e+01   -1.6562647840e+01    8.9950298669e+00    2.8333817654e+00   -1.9396029606e+01    1.2800000000e+02    7.6656949996e-03    6.2890625000e-01
        96   -7.5224495369e+00    5.6833227809e+01   -1.5004826445e+01    7.4823769077e+00    2.6570493417e+00   -1.7661875786e+01    1.2800000000e+02    7.8410149999e-03    6.3134765625e-01
        97   -7.5622382563e+00    5.7347753259e+01   -1.5115787150e+01    7.5535488937e+00    2.5919342142e+00   -1.7707721364e+01    1.2800000000e+02    7.7384120004e-03    6.4648437500e-01
        98   -7.4177386129e+00    5.5183029597e+01   -1.1843934590e+01    4.4261959772e+00    2.5647591028e+00   -1.4408693693e+01    1.2800000000e+02    7.8722220005e-03    6.4404296875e-01
        99   -7.4772786086e+00    5.6167368856e+01   -1.5073797968e+01    7.5965193591e+00    2.7330930048e+00   -1.7806890973e+01    1.2800000000e+02    7.6365240002e-03    6.2500000000e-01
       100   -7.5418327227e+00    5.7157197087e+01   -1.5128404090e+01    7.5865713669e+00    2.4338464112e+00   -1.7562250501e+01    1.2800000000e+02    7.7582350004e-03    6.3183593750e-01
       101   -7.6077809574e+00    5.8269242492e+01   -2.1135366590e+01    1.3527585632e+01    3.0625214728e+00   -2.4197888063e+01    1.2800000000e+02    7.6653070000e-03    6.2011718750e-01
       102   -7.4124968978e+00    5.5156288821e+01   -1.3794378966e+01    6.3818820678e+00    2.6924251918e+00   -1.6486804157e+01    1.2800000000e+02    7.7600360000e-03    6.4501953125e-01
       103   -7.4582627281e+00    5.5887933902e+01   -1.8810191122e+01    1.1351928394e+01    3.2791095928e+00   -2.2089300715e+01    1.2800000000e+02    7.6618009998e-03    6.1425781250e-01
       104   -7.5586505739e+00    5.7377013213e+01   -1.2839960612e+01    5.2813100384e+00    2.3190800573e+00   -1.5159040670e+01    1.2800000000e+02    7.7325760003e-03    6.3916015625e-01
       105   -7.3687534945e+00    5.4404051919e+01   -1.1781851424e+01    4.4130979299e+00    2.5004484500e+00   -1.4282299874e+01    1.2800000000e+02    7.6851710000e-03    6.3281250000e-01
       106   -7.4405523547e+00    5.5608454715e+01   -1.3338536667e+01    5.8979843123e+00    2.5997753087e+00   -1.5938311976e+01    1.2800000000e+02    7.7254960006e-03    6.4306640625e-01
       107   -7.4125808769e+00    5.5117766867e+01   -1.2908754423e+01    5.4961735457e+00    2.7747756636e+00   -1.5683530086e+01    1.2800000000e+02    7.7883479998e-03    6.4306640625e-01
       108   -7.5751198804e+00    5.7677429727e+01   -1.4209183738e+01    6.6340638578e+00    2.4572730743e+00   -1.6666456813e+01    1.2800000000e+02    7.7200819997e-03    6.4111328125e-01
       109   -7.6529201578e+00    5.8841838393e+01   -2.2105335420e+01    1.4452415263e+01    3.3956396695e+00   -2.5500975090e+01    1.2800000000e+02    7.6972389998e-03    6.1523437500e-01
       110   -7.4934312143e+00    5.6362646612e+01   -1.5693051838e+01    8.1996206238e+00    2.5457752732e+00   -1.8238827111e+01    1.2800000000e+02    7.5726879995e-03    6.2402343750e-01
       111   -7.3763484520e+00    5.4576983253e+01   -1.4064692551e+01    6.6883440987e+00    2.7493413697e+00   -1.6814033920e+01    1.2800000000e+02    7.7264380006e-03    6.2792968750e-01
       112   -7.5928893664e+00    5.7920052452e+01   -2.0094824675e+01    1.2501935308e+01    2.9380648748e+00   -2.3032889550e+01    1.2800000000e+02    7.7225890000e-03    6.3964843750e-01
       113   -7.3866777193e+00    5.4724802789e+01   -1.1239334713e+01    3.8526569942e+00    2.4072006899e+00   -1.3646535403e+01    1.2800000000e+02    1.1210790000e-02    6.4794921875e-01
       114   -7.4971215019e+00    5.6434752501e+01   -1.4294071530e+01    6.7969500281e+00    2.8023148245e+00   -1.7096386355e+01    1.2800000000e+02    7.8007979992e-03    6.4550781250e-01
       115   -7.4279818250e+00    5.5373900948e+01   -1.2037224590e+01    4.6092427647e+00    2.3999231223e+00   -1.4437147712e+01    1.2800000000e+02    1.1796735000e-02    6.6015625000e-01
       116   -7.4308812105e+00    5.5354006035e+01   -1.1147306014e+01    3.7164248039e+00    2.5325600605e+00   -1.3679866075e+01    1.2800000000e+02    8.7747649995e-03    6.5185546875e-01
       117   -7.4217273680e+00    5.5237650962e+01   -1.4049234258e+01    6.6275068901e+00    2.8009253105e+00   -1.6850159569e+01    1.2800000000e+02    8.3248569999e-03    6.5380859375e-01
       118   -7.4234925965e+00    5.5334799305e+01   -1.4938177885e+01    7.5146852888e+00    2.5065447318e+00   -1.7444722617e+01    1.2800000000e+02    1.0067411001e-02    6.3769531250e-01
       119   -7.5124354081e+00    5.6698546469e+01   -1.7303425170e+01    9.7909897618e+00    3.1346202988e+00   -2.0438045469e+01    1.2800000000e+02    8.9524209998e-03    6.2988281250e-01
       120   -7.4840734386e+00    5.6171857980e+01   -1.2339167927e+01    4.8550944887e+00    2.4412484954e+00   -1.4780416423e+01    1.2800000000e+02    1.1635450000e-02    6.5478515625e-01
       121   -7.5495903825e+00    5.7319767435e+01   -1.4205930432e+01    6.6563400494e+00    2.4466247994e+00   -1.6652555231e+01    1.2800000000e+02    8.3849120001e-03    6.4648437500e-01
       122   -7.3106996464e+00    5.3566206062e+01   -1.4653503325e+01    7.3428036785e+00    2.4559053706e+00   -1.7109408696e+01    1.2800000000e+02    8.0438559999e-03    6.2451171875e-01
       123   -7.4162378034e+00    5.5208012757e+01   -1.5448033216e+01    8.0317954130e+00    2.8863550462e+00   -1.8334388263e+01    1.2800000000e+02    1.0159534000e-02    6.3916015625e-01
       124   -7.4611241440e+00    5.5909726888e+01   -1.9548508598e+01    1.2087384454e+01    2.6779153125e+00   -2.2226423911e+01    1.2800000000e+02    8.2808540001e-03    6.4648437500e-01
       125   -7.5040463790e+00    5.6566986652e+01   -1.5103494149e+01    7.5994477695e+00    2.5473091910e+00   -1.7650803340e+01    1.2800000000e+02    7.8129330004e-03    6.3720703125e-01
       126   -7.6536298615e+00    5.9053541400e+01   -1.4962075210e+01    7.3084453487e+00    2.6390321176e+00   -1.7601107328e+01    1.2800000000e+02    7.7673209998e-03    6.3525390625e-01
       127   -7.5514175488e+00    5.7331020729e+01   -1.7186718386e+01    9.6353008372e+00    2.4764286814e+00   -1.9663147067e+01    1.2800000000e+02    7.7811490000e-03    6.4941406250e-01
       128   -7.4198867562e+00    5.5252532161e+01   -1.2560832403e+01    5.1409456472e+00    2.3913786971e+00   -1.4952211100e+01    1.2800000000e+02    7.9884300003e-03    6.6552734375e-01
       129   -7.3699819340e+00    5.4502893878e+01   -1.2698669065e+01    5.3286871313e+00    3.0197116083e+00   -1.5718380674e+01    1.2800000000e+02    7.7770399994e-03    6.4013671875e-01
       130   -7.4352397027e+00    5.5482264202e+01   -1.3495033198e+01    6.0597934956e+00    2.6934904147e+00   -1.6188523613e+01    1.2800000000e+02    7.8894589997e-03    6.3330078125e-01
       131   -7.4705146203e+00    5.5980699869e+01   -1.4201058444e+01    6.7305438236e+00    2.6768886631e+00   -1.6877947107e+01    1.2800000000e+02    7.7288740003e-03    6.4160156250e-01
       132   -7.5025320885e+00    5.6529835548e+01   -1.5082210971e+01    7.5796788827e+00    2.7078887279e+00   -1.7790099699e+01    1.2800000000e+02    7.7982319999e-03    6.2548828125e-01
       133   -7.3844705251e+00    5.4726501181e+01   -1.3984737107e+01    6.6002665820e+00    2.5917790353e+00   -1.6576516142e+01    1.2800000000e+02    7.6421180001e-03    6.3574218750e-01
       134   -7.5416011092e+00    5.7139269143e+01   -2.7121512747e+01    1.9579911638e+01    2.8631120956e+00   -2.9984624843e+01    1.2800000000e+02    7.7650630001e-03    6.1132812500e-01
       135   -7.3808893360e+00    5.4639693808e+01   -1.2462560342e+01    5.0816710060e+00    2.5049676105e+00   -1.4967527953e+01    1.2800000000e+02    7.6610000006e-03    6.4257812500e-01
       136   -7.4596389055e+00    5.5876612961e+01   -1.3539046456e+01    6.0794075504e+00    2.7347918399e+00   -1.6273838296e+01    1.2800000000e+02    7.8634740003e-03    6.4550781250e-01
       137   -7.4855097229e+00    5.6351674314e+01   -1.4996470459e+01    7.5109607361e+00    2.6665827633e+00   -1.7663053222e+01    1.2800000000e+02    7.7032450008e-03    6.3232421875e-01
       138   -7.3890831910e+00    5.4732765409e+01   -1.1983652167e+01    4.5945689757e+00    2.4491458547e+00   -1.4432798021e+01    1.2800000000e+02    7.8084870001e-03    6.4355468750e-01
       139   -7.6996173123e+00    5.9751616201e+01   -1.6153198817e+01    8.4535815047e+00    2.7545132572e+00   -1.8907712074e+01    1.2800000000e+02    7.6783310005e-03    6.1621093750e-01
       140   -7.6334301456e+00    5.8613495218e+01   -1.4622655224e+01    6.9892250781e+00    2.8665525116e+00   -1.7489207735e+01    1.2800000000e+02    7.8215410003e-03    6.3623046875e-01
       141   -7.5320521796e+00    5.7052261066e+01   -1.5510783891e+01    7.9787317114e+00    2.7502657378e+00   -1.8261049629e+01    1.2800000000e+02    7.7182989999e-03    6.2890625000e-01
       142   -7.4607391577e+00    5.5896707532e+01   -1.3765431906e+01    6.3046927484e+00    2.4989611937e+00   -1.6264393100e+01    1.2800000000e+02    7.7564750000e-03    6.4208984375e-01
       143   -7.5760258767e+00    5.7657348428e+01   -1.5078056083e+01    7.5020302061e+00    2.0109310987e+00   -1.7088987182e+01    1.2800000000e+02    7.7140399999e-03    6.6210937500e-01
       144   -7.6962677575e+00    5.9683848452e+01   -1.5317524066e+01    7.6212563084e+00    3.1412261849e+00   -1.8458750251e+01    1.2800000000e+02    7.6780639993e-03    6.2695312500e-01
       145   -7.4821935504e+00    5.6157477691e+01   -1.3502090040e+01    6.0198964896e+00    2.4826385465e+00   -1.5984728586e+01    1.2800000000e+02    7.8847380000e-03    6.4501953125e-01
       146   -7.3690006057e+00    5.4449352393e+01   -1.7945008951e+01    1.0576008345e+01    2.5807676702e+00   -2.0525776621e+01    1.2800000000e+02    7.5640290006e-03    6.1279296875e-01
       147   -7.5435304338e+00    5.7119844619e+01   -1.5008842627e+01    7.4653121930e+00    2.7592582589e+00   -1.7768100886e+01    1.2800000000e+02    7.9175660003e-03    6.5039062500e-01
       148   -7.3802936323e+00    5.4615149317e+01   -1.4089589346e+01    6.7092957134e+00    2.6654565185e+00   -1.6755045864e+01    1.2800000000e+02    7.7486529999e-03    6.3916015625e-01
       149   -7.6188957503e+00    5.8451366325e+01   -1.7659491585e+01    1.0040595834e+01    2.6941791325e+00   -2.0353670717e+01    1.2800000000e+02    7.7562099996e-03    6.2890625000e-01
       150   -7.3647459620e+00    5.4419203192e+01   -1.1900586104e+01    4.5358401419e+00    2.5061983434e+00   -1.4406784447e+01    1.2800000000e+02    7.7911079998e-03    6.6210937500e-01
       151   -7.5553885464e+00    5.7384400324e+01   -1.5615568341e+01    8.0601797950e+00    2.6430549373e+00   -1.8258623279e+01    1.2800000000e+02    8.0058579997e-03    6.6015625000e-01
       152   -7.4615553825e+00    5.5801149745e+01   -1.1838064462e+01    4.3765090794e+00    2.4688684183e+00   -1.4306932880e+01    1.2800000000e+02    7.7362100001e-03    6.5039062500e-01
       153   -7.3537541744e+00    5.4215722524e+01   -1.1724903190e+01    4.3711490155e+00    2.3577411820e+00   -1.4082644372e+01    1.2800000000e+02    7.8243959997e-03    6.4746093750e-01
       154   -7.4422798711e+00    5.5518956712e+01   -1.1743203527e+01    4.3009236560e+00    2.2815936298e+00   -1.4024797157e+01    1.2800000000e+02    7.7202849998e-03    6.4746093750e-01
       155   -7.4595182706e+00    5.5838243164e+01   -1.2522310043e+01    5.0627917722e+00    2.3724629382e+00   -1.4894772981e+01    1.2800000000e+02    7.9461609994e-03    6.6455078125e-01
       156   -7.4725690839e+00    5.6075399889e+01   -1.3926358053e+01    6.4537889690e+00    2.6759766349e+00   -1.6602334688e+01    1.2800000000e+02    7.7323400001e-03    6.3476562500e-01
       157   -7.4635035777e+00    5.5981332114e+01   -1.4774228914e+01    7.3107253367e+00    2.6496453000e+00   -1.7423874214e+01    1.2800000000e+02    7.8369140001e-03    6.3378906250e-01
       158   -7.4607751471e+00    5.5892345007e+01   -1.5514173147e+01    8.0533980003e+00    2.3587072876e+00   -1.7872880435e+01    1.2800000000e+02    7.7058620000e-03    6.3476562500e-01
       159   -7.5774795126e+00    5.7648581182e+01   -1.7654581931e+01    1.0077102419e+01    2.7482630892e+00   -2.0402845020e+01    1.2800000000e+02    7.6993109997e-03    6.2890625000e-01
       160   -7.5133749645e+00    5.6641011665e+01   -1.2773740153e+01    5.2603651883e+00    2.3124656966e+00   -1.5086205849e+01    1.2800000000e+02    7.9355990001e-03    6.6894531250e-01
       161   -7.5227751353e+00    5.6817683920e+01   -1.5331716710e+01    7.8089415743e+00    2.8966321681e+00   -1.8228348878e+01    1.2800000000e+02    7.7059590003e-03    6.2060546875e-01
       162   -7.4515739219e+00    5.5738469372e+01   -1.4143562623e+01    6.6919887007e+00    2.6909453766e+00   -1.6834507999e+01    1.2800000000e+02    7.7780590000e-03    6.2011718750e-01
       163   -7.3952078040e+00    5.4802639081e+01   -1.0437187219e+01    3.0419794151e+00    2.2427901081e+00   -1.2679977327e+01    1.2800000000e+02    7.7829520005e-03    6.6601562500e-01
       164   -7.3705993194e+00    5.4468088962e+01   -1.5788755475e+01    8.4181561555e+00    2.6650805491e+00   -1.8453836024e+01    1.2800000000e+02    7.8119749996e-03    6.3183593750e-01
       165   -7.4548000833e+00    5.5778758950e+01   -1.1950362164e+01    4.4955620810e+00    2.4952828208e+00   -1.4445644985e+01    1.2800000000e+02    7.7582069998e-03    6.5234375000e-01
       166   -7.3483374694e+00    5.4271507389e+01   -1.3127164401e+01    5.7788269318e+00    2.8572160565e+00   -1.5984380458e+01    1.2800000000e+02    7.8719889998e-03    6.3623046875e-01
       167   -7.4028668130e+00    5.5035467012e+01   -1.3670636731e+01    6.2677699181e+00    2.3946879788e+00   -1.6065324710e+01    1.2800000000e+02    7.6834889996e-03    6.3085937500e-01
       168   -7.5402002935e+00    5.7058689856e+01   -1.3899013013e+01    6.3588127192e+00    2.6940812864e+00   -1.6593094299e+01    1.2800000000e+02    7.9164479994e-03    6.5087890625e-01
       169   -7.6058221868e+00    5.8207407414e+01   -1.3871630471e+01    6.2658082844e+00    2.6150534438e+00   -1.6486683915e+01    1.2800000000e+02    7.7256099994e-03    6.3720703125e-01
       170   -7.3761053231e+00    5.4576831948e+01   -1.2207885688e+01    4.8317803651e+00    2.5085295934e+00   -1.4716415282e+01    1.2800000000e+02    7.8559390004e-03    6.4794921875e-01
       171   -7.4287444587e+00    5.5344013659e+01   -1.1997655283e+01    4.5689108246e+00    2.6604695638e+00   -1.4658124847e+01    1.2800000000e+02    7.7599770002e-03    6.5039062500e-01
       172   -7.6618420558e+00    5.9081795826e+01   -1.4892735803e+01    7.2308937468e+00    2.8230157888e+00   -1.7715751591e+01    1.2800000000e+02    7.8808749995e-03    6.5527343750e-01
       173   -7.3814458144e+00    5.4692647054e+01   -1.3863523400e+01    6.4820775859e+00    2.6930554330e+00   -1.6556578833e+01    1.2800000000e+02    7.7690620001e-03    6.4746093750e-01
       174   -7.3904878935e+00    5.4847604399e+01   -1.2685520681e+01    5.2950327874e+00    2.5005221758e+00   -1.5186042857e+01    1.2800000000e+02    7.7504589999e-03    6.3916015625e-01
       175   -7.6469745091e+00    5.8795797415e+01   -1.6891249925e+01    9.2442754159e+00    2.3699174985e+00   -1.9261167424e+01    1.2800000000e+02    7.8150829995e-03    6.5087890625e-01
       176   -7.5031741660e+00    5.6560512709e+01   -1.7098216752e+01    9.5950425860e+00    2.9178802001e+00   -2.0016096952e+01    1.2800000000e+02    7.7214389994e-03    6.4453125000e-01
       177   -7.4319514939e+00    5.5369045631e+01   -1.4631447262e+01    7.1994957685e+00    2.4862048753e+00   -1.7117652138e+01    1.2800000000e+02    7.8810639998e-03    6.4208984375e-01
       178   -7.3460920258e+00    5.4140248937e+01   -1.3347925895e+01    6.0018338688e+00    2.5433530163e+00   -1.5891278911e+01    1.2800000000e+02    8.2705020004e-03    6.4697265625e-01
       179   -7.4043966684e+00    5.4984349189e+01   -1.1578328664e+01    4.1739319959e+00    2.6685384792e+00   -1.4246867144e+01    1.2800000000e+02    7.9901729996e-03    6.7236328125e-01
       180   -7.5187710876e+00    5.6772730536e+01   -1.6049769590e+01    8.5309985024e+00    2.6333286353e+00   -1.8683098225e+01    1.2800000000e+02    7.7220080002e-03    6.4160156250e-01
       181   -7.3845989988e+00    5.4817084622e+01   -1.2722039177e+01    5.3374401782e+00    2.1513454423e+00   -1.4873384619e+01    1.2800000000e+02    7.7470879996e-03    6.5673828125e-01
       182   -7.4133968596e+00    5.5133292968e+01   -1.5276121878e+01    7.8627250187e+00    2.6117041430e+00   -1.7887826021e+01    1.2800000000e+02    7.7100809995e-03    6.3769531250e-01
       183   -7.2796984442e+00    5.3185119416e+01   -1.5121913612e+01    7.8422151674e+00    2.7699161423e+00   -1.7891829754e+01    1.2800000000e+02    7.6697000004e-03    6.2988281250e-01
       184   -7.4865616925e+00    5.6297774362e+01   -1.4411371886e+01    6.9248101931e+00    2.8253486901e+00   -1.7236720576e+01    1.2800000000e+02    7.6481340002e-03    6.3427734375e-01
       185   -7.4602686848e+00    5.5936957999e+01   -1.7049459464e+01    9.5891907794e+00    2.8977348060e+00   -1.9947194270e+01    1.2800000000e+02    7.9702789999e-03    6.1132812500e-01
       186   -7.4035405778e+00    5.4949311678e+01   -1.1569507353e+01    4.1659667754e+00    2.5834139587e+00   -1.4152921312e+01    1.2800000000e+02    8.1249879995e-03    6.6259765625e-01
       187   -7.4282812276e+00    5.5360454761e+01   -1.5144740843e+01    7.7164596157e+00    2.5022877317e+00   -1.7647028575e+01    1.2800000000e+02    9.2540030000e-03    6.3281250000e-01
       188   -7.4567292834e+00    5.5864093296e+01   -1.4851713039e+01    7.3949837556e+00    2.4949395224e+00   -1.7346652561e+01    1.2800000000e+02    1.1205646000e-02    6.3964843750e-01
       189   -7.4413483155e+00    5.5577438531e+01   -1.1353361826e+01    3.9120135101e+00    2.4690096590e+00   -1.3822371485e+01    1.2800000000e+02    8.4741080000e-03    6.7236328125e-01
       190   -7.5049570938e+00    5.6564808377e+01   -1.3293031014e+01    5.7880739197e+00    2.4650492772e+00   -1.5758080291e+01    1.2800000000e+02    7.8287209999e-03    6.4990234375e-01
       191   -7.7138665520e+00    5.9842631201e+01   -4.2461999682e+01    3.4748133130e+01    2.8356355316e+00   -4.5297635214e+01    1.2800000000e+02    7.9695329996e-03    6.4599609375e-01
       192   -7.1720975491e+00    5.1668885495e+01   -1.6392341806e+01    9.2202442567e+00    2.9304394810e+00   -1.9322781287e+01    1.2800000000e+02    7.6919860003e-03    6.2402343750e-01
       193   -7.4330642843e+00    5.5378734693e+01   -1.3409721382e+01    5.9766570979e+00    2.7874040490e+00   -1.6197125431e+01    1.2800000000e+02    7.7377939997e-03    6.3720703125e-01
       194   -7.4402149406e+00    5.5480009976e+01   -1.3092589801e+01    5.6523748602e+00    2.4039688151e+00   -1.5496558616e+01    1.2800000000e+02    7.6455130002e-03    6.3378906250e-01
       195   -7.5465574697e+00    5.7113347148e+01   -1.4825590049e+01    7.2790325789e+00    2.4238128314e+00   -1.7249402880e+01    1.2800000000e+02    7.6816120009e-03    6.4111328125e-01
       196   -7.4848446791e+00    5.6238772381e+01   -1.8569942318e+01    1.1085097639e+01    2.8690675821e+00   -2.1439009900e+01    1.2800000000e+02    7.7758660000e-03    6.3818359375e-01
       197   -7.4968596129e+00    5.6447300707e+01   -1.3838777290e+01    6.3419176774e+00    2.7689012116e+00   -1.6607678502e+01    1.2800000000e+02    7.7859740004e-03    6.2597656250e-01
       198   -7.5817950538e+00    5.7663651714e+01   -1.7449472094e+01    9.8676770402e+00    2.5237541364e+00   -1.9973226230e+01    1.2800000000e+02    7.7662100002e-03    6.0351562500e-01
       199   -7.5433976618e+00    5.7152421423e+01   -1.3217471340e+01    5.6740736780e+00    2.2641905707e+00   -1.5481661910e+01    1.2800000000e+02    7.7975410004e-03    6.5625000000e-01
       200   -7.3064804411e+00    5.3474914218e+01   -1.1483429540e+01    4.1769490994e+00    2.6338838612e+00   -1.4117313402e+01    1.2800000000e+02    7.7380070006e-03    6.4599609375e-01
       201   -7.4858354032e+00    5.6156216758e+01   -1.3131132179e+01    5.6452967758e+00    2.6317175030e+00   -1.5762849682e+01    1.2800000000e+02    7.9014660005e-03    6.3476562500e-01
       202   -7.3791599639e+00    5.4705760521e+01   -1.2642353702e+01    5.2631937384e+00    2.5059777111e+00   -1.5148331414e+01    1.2800000000e+02    7.8429050000e-03    6.6455078125e-01
       203   -7.5181135030e+00    5.6783724076e+01   -1.2443037196e+01    4.9249236930e+00    2.4095457173e+00   -1.4852582913e+01    1.2800000000e+02    8.0177760001e-03    6.8017578125e-01
       204   -7.4480897563e+00    5.5665677105e+01   -1.3545370247e+01    6.0972804910e+00    2.6254766471e+00   -1.6170846894e+01    1.2800000000e+02    7.9274070004e-03    6.6162109375e-01
       205   -7.3922791638e+00    5.4829620866e+01   -1.2179719632e+01    4.7874404687e+00    2.3758749763e+00   -1.4555594609e+01    1.2800000000e+02    7.9596250007e-03    6.6357421875e-01
       206   -7.4502852368e+00    5.5714005432e+01   -1.3638525758e+01    6.1882405213e+00    2.5347979171e+00   -1.6173323675e+01    1.2800000000e+02    7.8313419999e-03    6.4062500000e-01
       207   -7.3580495810e+00    5.4373626375e+01   -1.2257122146e+01    4.8990725650e+00    2.8502291183e+00   -1.5107351264e+01    1.2800000000e+02    7.8038379997e-03    6.2255859375e-01
       208   -7.3261152877e+00    5.3783585671e+01   -1.2912639112e+01    5.5865238245e+00    2.6749233360e+00   -1.5587562448e+01    1.2800000000e+02    7.8747939997e-03    6.4550781250e-01
       209   -7.4012574302e+00    5.4974803467e+01   -1.2988928807e+01    5.5876713771e+00    2.8109990607e+00   -1.5799927868e+01    1.2800000000e+02    7.8697839999e-03    6.6113281250e-01
       210   -7.6061491181e+00    5.8167792892e+01   -1.6874701424e+01    9.2685523057e+00    2.3690289831e+00   -1.9243730407e+01    1.2800000000e+02    7.6993820003e-03    6.2744140625e-01
       211   -7.4445469146e+00    5.5592964877e+01   -1.3205803037e+01    5.7612561223e+00    2.8059141417e+00   -1.6011717179e+01    1.2800000000e+02    7.8055909999e-03    6.3623046875e-01
       212   -7.4901626337e+00    5.6277672993e+01   -1.8978727384e+01    1.1488564750e+01    2.6236304272e+00   -2.1602357811e+01    1.2800000000e+02    7.7293499999e-03    6.2011718750e-01
       213   -7.4094934583e+00    5.5056896949e+01   -1.6009967327e+01    8.6004738692e+00    2.6324949948e+00   -1.8642462322e+01    1.2800000000e+02    7.8699039996e-03    6.2792968750e-01
       214   -7.4115213250e+00    5.5103037203e+01   -1.5594788961e+01    8.1832676356e+00    2.6507488202e+00   -1.8245537781e+01    1.2800000000e+02    7.8138130002e-03    6.2792968750e-01
       215   -7.3476367913e+00    5.4153428574e+01   -1.3524955724e+01    6.1773189331e+00    2.8655500744e+00   -1.6390505799e+01    1.2800000000e+02    7.8664680004e-03    6.3623046875e-01
       216   -7.4836600597e+00    5.6273967656e+01   -1.2544050558e+01    5.0603904979e+00    2.4732720860e+00   -1.5017322644e+01    1.2800000000e+02    7.9011200005e-03    6.5820312500e-01
       217   -7.4010578641e+00    5.4946156066e+01   -1.3132948091e+01    5.7318902274e+00    2.7290926306e+00   -1.5862040722e+01    1.2800000000e+02    7.9181259998e-03    6.3818359375e-01
       218   -7.4605773780e+00    5.5871136404e+01   -1.3623905319e+01    6.1633279411e+00    2.6797718436e+00   -1.6303677163e+01    1.2800000000e+02    7.8532010002e-03    6.4648437500e-01
       219   -7.4032284620e+00    5.5014830888e+01   -1.3042798389e+01    5.6395699265e+00    2.3867761358e+00   -1.5429574524e+01    1.2800000000e+02    7.8465000006e-03    6.5283203125e-01
       220   -7.4141416561e+00    5.5173805572e+01   -1.3311688952e+01    5.8975472958e+00    2.3185360248e+00   -1.5630224977e+01    1.2800000000e+02    8.0840520004e-03    6.4111328125e-01
       221   -7.3565755318e+00    5.4312648909e+01   -1.3133822634e+01    5.7772471019e+00    2.4841639940e+00   -1.5617986628e+01    1.2800000000e+02    7.7571209995e-03    6.4843750000e-01
       222   -7.4241135694e+00    5.5323010857e+01   -1.3048421369e+01    5.6243078001e+00    2.6621613332e+00   -1.5710582703e+01    1.2800000000e+02    8.3762719996e-03    6.4501953125e-01
       223   -7.5140759785e+00    5.6720458184e+01   -2.0139562966e+01    1.2625486987e+01    2.4030035984e+00   -2.2542566564e+01    1.2800000000e+02    8.9619399996e-03    6.4355468750e-01
       224   -7.4893810562e+00    5.6343506841e+01   -1.3227055376e+01    5.7376743197e+00    2.6493960242e+00   -1.5876451400e+01    1.2800000000e+02    8.2147080002e-03    6.3769531250e-01
       225   -7.4952262555e+00    5.6349620276e+01   -1.4705175578e+01    7.2099493226e+00    2.2837631258e+00   -1.6988938704e+01    1.2800000000e+02    7.7142709997e-03    6.6113281250e-01
       226   -7.5398044778e+00    5.7046245803e+01   -2.3325023666e+01    1.5785219189e+01    2.7518646983e+00   -2.6076888365e+01    1.2800000000e+02    7.9184679998e-03    6.3330078125e-01
       227   -7.4334163405e+00    5.5392672933e+01   -1.2779360796e+01    5.3459444553e+00    2.6124883376e+00   -1.5391849133e+01    1.2800000000e+02    7.8158879996e-03    6.6406250000e-01
       228   -7.4867697084e+00    5.6209876386e+01   -1.3360942603e+01    5.8741728948e+00    2.4964269034e+00   -1.5857369507e+01    1.2800000000e+02    7.9194899999e-03    6.5234375000e-01
       229   -7.3770910535e+00    5.4576321174e+01   -1.3813231732e+01    6.4361406785e+00    2.4696771267e+00   -1.6282908859e+01    1.2800000000e+02    7.7327979998e-03    6.3818359375e-01
       230   -7.4907829369e+00    5.6343882756e+01   -1.5843742257e+01    8.3529593203e+00    2.8318970911e+00   -1.8675639348e+01    1.2800000000e+02    7.7267780007e-03    6.0595703125e-01
       231   -7.5220789389e+00    5.6782374251e+01   -1.4945238372e+01    7.4231594336e+00    2.3526809162e+00   -1.7297919289e+01    1.2800000000e+02    7.7988289995e-03    6.4746093750e-01
       232   -7.4877357024e+00    5.6360998934e+01   -1.3714446893e+01    6.2267111909e+00    2.6369165877e+00   -1.6351363481e+01    1.2800000000e+02    8.0010579995e-03    6.4697265625e-01
       233   -7.3611906195e+00    5.4322116588e+01   -1.1738856802e+01    4.3776661823e+00    2.3268359700e+00   -1.4065692772e+01    1.2800000000e+02    7.8662429996e-03    6.4941406250e-01
       234   -7.7339998520e+00    6.0115729311e+01   -1.7173576962e+01    9.4395771100e+00    2.4616742645e+00   -1.9635251227e+01    1.2800000000e+02    7.9271239993e-03    6.4941406250e-01
       235   -7.4474852691e+00    5.5579748987e+01   -1.3416771358e+01    5.9692860886e+00    2.6001842471e+00   -1.6016955605e+01    1.2800000000e+02    7.8520190000e-03    6.4355468750e-01
       236   -7.4354853341e+00    5.5479267733e+01   -1.2298089491e+01    4.8626041565e+00    2.5877673846e+00   -1.4885856875e+01    1.2800000000e+02    8.0258220005e-03    6.4941406250e-01
       237   -7.6352728591e+00    5.8587518482e+01   -1.5327772767e+01    7.6924999084e+00    2.8803929558e+00   -1.8208165723e+01    1.2800000000e+02    7.8946379999e-03    6.4208984375e-01
       238   -7.3665994493e+00    5.4459644129e+01   -1.3250960670e+01    5.8843612203e+00    2.6499911436e+00   -1.5900951813e+01    1.2800000000e+02    7.8819310002e-03    6.2890625000e-01
       239   -7.4444847987e+00    5.5635671471e+01   -2.4610535839e+01    1.7166051040e+01    2.6484164173e+00   -2.7258952256e+01    1.2800000000e+02    7.9520469999e-03    6.4355468750e-01
       240   -7.5195324725e+00    5.6739093912e+01   -1.6013648398e+01    8.4941159259e+00    2.5685204805e+00   -1.8582168879e+01    1.2800000000e+02    7.8821380002e-03    6.3427734375e-01
       241   -7.6659872166e+00    5.9008353141e+01   -1.5986159511e+01    8.3201722944e+00    2.5423829098e+00   -1.8528542421e+01    1.2800000000e+02    7.9395869998e-03    6.5087890625e-01
       242   -7.3924733859e+00    5.4781795619e+01   -1.0954529906e+01    3.5620565203e+00    2.4381237377e+00   -1.3392653644e+01    1.2800000000e+02    8.2716600000e-03    6.5771484375e-01
       243   -7.3528951715e+00    5.4255764386e+01   -1.2018872316e+01    4.6659771446e+00    2.4602151373e+00   -1.4479087453e+01    1.2800000000e+02    8.0647590003e-03    6.4550781250e-01
       244   -7.5549834839e+00    5.7246186909e+01   -1.4391631119e+01    6.8366476353e+00    2.6560971374e+00   -1.7047728257e+01    1.2800000000e+02    7.8480900002e-03    6.3720703125e-01
       245   -7.4281265157e+00    5.5367576094e+01   -1.3468073653e+01    6.0399471372e+00    2.2573136294e+00   -1.5725387282e+01    1.2800000000e+02    8.0744030001e-03    6.5087890625e-01
       246   -7.4521501477e+00    5.5729927734e+01   -1.2487952591e+01    5.0358024434e+00    2.3846271275e+00   -1.4872579719e+01    1.2800000000e+02    7.9059790005e-03    6.6406250000e-01
       247   -7.2952039120e+00    5.3619261845e+01   -1.4969309674e+01    7.6741057623e+00    2.4152065635e+00   -1.7384516238e+01    1.2800000000e+02    8.0137139994e-03    6.4160156250e-01
       248   -7.4113923811e+00    5.5029916850e+01   -1.2145158165e+01    4.7337657840e+00    2.6444439815e+00   -1.4789602147e+01    1.2800000000e+02    7.9004540003e-03    6.3085937500e-01
       249   -7.4887479468e+00    5.6436494282e+01   -1.5770075392e+01    8.2813274448e+00    3.1207796466e+00   -1.8890855038e+01    1.2800000000e+02    8.7008099999e-03    6.2451171875e-01
       250   -7.5062193235e+00    5.6530907803e+01   -1.5632420346e+01    8.1262010222e+00    2.4629270012e+00   -1.8095347347e+01    1.2800000000e+02    7.6730150004e-03    6.3623046875e-01
       251   -7.2418975438e+00    5.2576911055e+01   -1.2094611943e+01    4.8527143995e+00    2.5277450108e+00   -1.4622356954e+01    1.2800000000e+02    7.9290780004e-03    6.5332031250e-01
       252   -7.5307083745e+00    5.6931362024e+01   -1.2928418440e+01    5.3977100658e+00    2.5441013532e+00   -1.5472519793e+01    1.2800000000e+02    9.0211990000e-03    6.6650390625e-01
       253   -7.4555992948e+00    5.5793207962e+01   -1.3714761153e+01    6.2591618578e+00    2.2953483590e+00   -1.6010109512e+01    1.2800000000e+02    9.1441280001e-03    6.6552734375e-01
       254   -7.4446789741e+00    5.5608466540e+01   -1.1570447959e+01    4.1257689848e+00    2.3243712656e+00   -1.3894819225e+01    1.2800000000e+02    7.8011140004e-03    6.5478515625e-01
       255   -7.3461676689e+00    5.4136961070e+01   -1.2850372346e+01    5.5042046773e+00    2.4352184616e+00   -1.5285590808e+01    1.2800000000e+02    8.1586730003e-03    6.3623046875e-01
       256   -7.3796699153e+00    5.4608152443e+01   -1.4558734684e+01    7.1790647688e+00    2.3637108663e+00   -1.6922445550e+01    1.2800000000e+02    7.7443740001e-03    6.5576171875e-01
       257   -7.3378942039e+00    5.3995208337e+01   -1.1838053388e+01    4.5001591845e+00    2.6978391818e+00   -1.4535892570e+01    1.2800000000e+02    7.8553979993e-03    6.3818359375e-01
       258   -7.6012621809e+00    5.8175096384e+01   -1.8382923497e+01    1.0781661316e+01    3.0800046000e+00   -2.1462928097e+01    1.2800000000e+02    7.8651999993e-03    6.3818359375e-01
       259   -7.4462809476e+00    5.5649130184e+01   -1.3370566745e+01    5.9242857972e+00    2.7026387578e+00   -1.6073205503e+01    1.2800000000e+02    7.8791960004e-03    6.2451171875e-01
       260   -7.4521538655e+00    5.5726587892e+01   -1.1832583855e+01    4.3804299892e+00    2.3502757850e+00   -1.4182859640e+01    1.2800000000e+02    7.9842100004e-03    6.6259765625e-01
       261   -7.5452580112e+00    5.7233800453e+01   -1.3320807615e+01    5.7755496034e+00    2.7475269810e+00   -1.6068334596e+01    1.2800000000e+02    7.9295710002e-03    6.4355468750e-01
       262   -7.5265214581e+00    5.6848628003e+01   -1.9563755949e+01    1.2037234490e+01    3.0156065128e+00   -2.2579362461e+01    1.2800000000e+02    7.6636430003e-03    6.0498046875e-01
       263   -7.3614785504e+00    5.4371938445e+01   -1.2962060859e+01    5.6005823081e+00    2.4037677843e+00   -1.5365828643e+01    1.2800000000e+02    7.9320479999e-03    6.6015625000e-01
       264   -7.4279166593e+00    5.5383312368e+01   -1.2883018435e+01    5.4551017761e+00    2.5123011950e+00   -1.5395319630e+01    1.2800000000e+02    7.7478700005e-03    6.3232421875e-01
       265   -7.4114015184e+00    5.5028203208e+01   -1.1252788453e+01    3.8413869344e+00    2.5007755228e+00   -1.3753563976e+01    1.2800000000e+02    7.9429939997e-03    6.6064453125e-01
       266   -7.4393782349e+00    5.5470635097e+01   -1.1365429001e+01    3.9260507660e+00    2.7101649199e+00   -1.4075593921e+01    1.2800000000e+02    7.9224279998e-03    6.6064453125e-01
       267   -7.5561641573e+00    5.7351601652e+01   -1.3339848758e+01    5.7836846005e+00    2.5744671132e+00   -1.5914315871e+01    1.2800000000e+02    7.9291399998e-03    6.5380859375e-01
       268   -7.5711943367e+00    5.7608242263e+01   -1.4457958924e+01    6.8867645877e+00    2.6877055457e+00   -1.7145664470e+01    1.2800000000e+02    7.7283259998e-03    6.3574218750e-01
       269   -7.6330872923e+00    5.8628564999e+01   -1.7594765140e+01    9.9616778478e+00    2.8715703684e+00   -2.0466335509e+01    1.2800000000e+02    7.7801219995e-03    6.0986328125e-01
       270   -7.4932936476e+00    5.6318874180e+01   -1.5469626647e+01    7.9763329998e+00    2.8614910130e+00   -1.8331117660e+01    1.2800000000e+02    7.7432489998e-03    6.3330078125e-01
       271   -7.4445862713e+00    5.5538784869e+01   -1.3238129621e+01    5.7935433494e+00    2.6978431246e+00   -1.5935972745e+01    1.2800000000e+02    7.7733489998e-03    6.3964843750e-01
       272   -7.4869894841e+00    5.6258586911e+01   -1.3500751893e+01    6.0137624087e+00    2.5833033901e+00   -1.6084055283e+01    1.2800000000e+02    8.0369529996e-03    6.5625000000e-01
       273   -7.4251659229e+00    5.5274265348e+01   -1.2312827797e+01    4.8876618738e+00    2.6387655121e+00   -1.4951593309e+01    1.2800000000e+02    7.7800870004e-03    6.4501953125e-01
       274   -7.4371821748e+00    5.5451254251e+01   -1.2638760286e+01    5.2015781107e+00    2.6314566392e+00   -1.5270216925e+01    1.2800000000e+02    8.0335370003e-03    6.5087890625e-01
       275   -7.4713675828e+00    5.6063991582e+01   -1.6236131926e+01    8.7647643435e+00    2.0282427634e+00   -1.8264374690e+01    1.2800000000e+02    7.5729929995e-03    6.3085937500e-01
       276   -7.4609376670e+00    5.5899644148e+01   -1.3187713862e+01    5.7267761946e+00    2.5711819383e+00   -1.5758895800e+01    1.2800000000e+02    7.9528699998e-03    6.4746093750e-01
       277   -7.5703784173e+00    5.7587776060e+01   -1.3276077608e+01    5.7056991903e+00    2.6402476199e+00   -1.5916325227e+01    1.2800000000e+02    7.8918159998e-03    6.4794921875e-01
       278   -7.4664146354e+00    5.5864033953e+01   -1.5264060632e+01    7.7976459965e+00    2.6093187267e+00   -1.7873379359e+01    1.2800000000e+02    7.8413880001e-03    6.4111328125e-01
       279   -7.4444196630e+00    5.5602504382e+01   -1.1192004171e+01    3.7475845077e+00    2.6999873298e+00   -1.3891991500e+01    1.2800000000e+02    7.9142659997e-03    6.7675781250e-01
       280   -7.6578153001e+00    5.8994202154e+01   -1.6155802596e+01    8.4979872961e+00    2.8164673259e+00   -1.8972269922e+01    1.2800000000e+02    7.8392129999e-03    6.1865234375e-01
       281   -7.4208741105e+00    5.5243249596e+01   -1.5640205763e+01    8.2193316521e+00    2.4017791340e+00   -1.8041984897e+01    1.2800000000e+02    7.7105130003e-03    6.3232421875e-01
       282   -7.5736122893e+00    5.7581310153e+01   -1.3654602337e+01    6.0809900473e+00    2.4845817381e+00   -1.6139184075e+01    1.2800000000e+02    7.8683349993e-03    6.3916015625e-01
       283   -7.4553337274e+00    5.5816652876e+01   -1.6939267275e+01    9.4839335474e+00    2.9676677401e+00   -1.9906935015e+01    1.2800000000e+02    7.7705700005e-03    6.2792968750e-01
       284   -7.5084644334e+00    5.6652901014e+01   -1.7546696102e+01    1.0038231669e+01    2.6125954436e+00   -2.0159291546e+01    1.2800000000e+02    7.8921519998e-03    6.2548828125e-01
       285   -7.4790948461e+00    5.6179108900e+01   -1.9279100831e+01    1.1800005985e+01    2.7183889565e+00   -2.1997489788e+01    1.2800000000e+02    7.6939209994e-03    6.0595703125e-01
       286   -7.4335749380e+00    5.5409623223e+01   -1.1555773353e+01    4.1221984152e+00    2.4296839215e+00   -1.3985457275e+01    1.2800000000e+02    7.7707860000e-03    6.3916015625e-01
       287   -7.5696050629e+00    5.7564790847e+01   -1.5782747720e+01    8.2131426569e+00    2.6336577538e+00   -1.8416405474e+01    1.2800000000e+02    7.8849309994e-03    6.4941406250e-01
       288   -7.5000550715e+00    5.6568338281e+01   -1.3228222031e+01    5.7281669598e+00    2.2981825011e+00   -1.5526404533e+01    1.2800000000e+02    7.8566669999e-03    6.5283203125e-01
       289   -7.4781424070e+00    5.6046418321e+01   -1.4356673768e+01    6.8785313607e+00    2.1872973170e+00   -1.6543971085e+01    1.2800000000e+02    7.7802739997e-03    6.4257812500e-01
       290   -7.4705488969e+00    5.6088630735e+01   -1.4081823867e+01    6.6112749704e+00    2.3878500851e+00   -1.6469673952e+01    1.2800000000e+02    7.6962410003e-03    6.4257812500e-01
       291   -7.6090904026e+00    5.8206362079e+01   -1.7022789643e+01    9.4136992403e+00    2.4476864306e+00   -1.9470476074e+01    1.2800000000e+02    7.9761940005e-03    6.4990234375e-01
       292   -7.3412746335e+00    5.3988229348e+01   -1.3095732781e+01    5.7544581479e+00    2.4880467796e+00   -1.5583779561e+01    1.2800000000e+02    7.7606030000e-03    6.5283203125e-01
       293   -7.3798309535e+00    5.4608554915e+01   -1.2298322144e+01    4.9184911902e+00    2.4687994145e+00   -1.4767121558e+01    1.2800000000e+02    7.8115110000e-03    6.3671875000e-01
       294   -7.3842628116e+00    5.4685219919e+01   -1.3507916794e+01    6.1236539827e+00    2.7581747836e+00   -1.6266091578e+01    1.2800000000e+02    8.2246480006e-03    6.3574218750e-01
       295   -7.5695622647e+00    5.7525875452e+01   -1.2034869652e+02    1.1277913426e+02    2.4969354203e+00   -1.2284563194e+02    1.2800000000e+02    7.8939639998e-03    6.3427734375e-01
       296   -7.4821109513e+00    5.6306859524e+01   -1.4349385734e+01    6.8672747830e+00    2.8834452050e+00   -1.7232830939e+01    1.2800000000e+02    8.0152659993e-03    6.4404296875e-01
       297   -7.4409739296e+00    5.5561380985e+01   -1.5571366511e+01    8.1303925813e+00    3.1807321381e+00   -1.8752098649e+01    1.2800000000e+02    7.9313219994e-03    6.2255859375e-01
       298   -7.4144818057e+00    5.5187195002e+01   -1.3484831220e+01    6.0703494147e+00    2.2408213071e+00   -1.5725652528e+01    1.2800000000e+02    7.9420920001e-03    6.4355468750e-01
       299   -7.4862312312e+00    5.6223569260e+01   -1.4833032856e+01    7.3468016244e+00    2.4249713300e+00   -1.7258004186e+01    1.2800000000e+02    7.9712830002e-03    6.3964843750e-01
       300   -7.5156443029e+00    5.6714340723e+01   -1.6856170804e+01    9.3405265009e+00    2.9374315966e+00   -1.9793602400e+01    1.2800000000e+02    8.0735840002e-03    6.2548828125e-01
       301   -7.5527049686e+00    5.7349220141e+01   -1.5303503308e+01    7.7507983390e+00    2.7186916425e+00   -1.8022194950e+01    1.2800000000e+02    8.1942650004e-03    6.5283203125e-01
       302   -7.4649829410e+00    5.5906954456e+01   -1.1767875287e+01    4.3028923455e+00    2.4032580990e+00   -1.4171133386e+01    1.2800000000e+02    8.0725040007e-03    6.7919921875e-01
       303   -7.3838324674e+00    5.4701663228e+01   -1.3394134183e+01    6.0103017155e+00    2.6476786824e+00   -1.6041812865e+01    1.2800000000e+02    8.4293629998e-03    6.0839843750e-01
       304   -7.4022695867e+00    5.4989105815e+01   -1.4686621768e+01    7.2843521810e+00    2.5112848636e+00   -1.7197906631e+01    1.2800000000e+02    8.3648389991e-03    6.3867187500e-01
       305   -7.5613667599e+00    5.7602709366e+01   -1.4125167910e+01    6.5638011505e+00    2.5596857800e+00   -1.6684853690e+01    1.2800000000e+02    8.4749029993e-03    6.6162109375e-01
       306   -7.4562401618e+00    5.5748066759e+01   -1.3670397126e+01    6.2141569642e+00    2.8090091179e+00   -1.6479406244e+01    1.2800000000e+02    9.0927009996e-03    6.3183593750e-01
       307   -7.4430022695e+00    5.5526133867e+01   -1.3212494790e+01    5.7694925200e+00    2.3217503870e+00   -1.5534245176e+01    1.2800000000e+02    8.0868679997e-03    6.6308593750e-01
       308   -7.4495301947e+00    5.5633011974e+01   -1.5815168561e+01    8.3656383660e+00    2.7750879423e+00   -1.8590256503e+01    1.2800000000e+02    8.2269099994e-03    6.3330078125e-01
       309   -7.3629714774e+00    5.4392734933e+01   -1.1977664220e+01    4.6146927422e+00    2.6143657196e+00   -1.4592029939e+01    1.2800000000e+02    8.1497170004e-03    6.3525390625e-01
       310   -7.4504987678e+00    5.5769468011e+01   -1.4879905521e+01    7.4294067531e+00    2.4636963819e+00   -1.7343601903e+01    1.2800000000e+02    8.2368779995e-03    6.5185546875e-01
       311   -7.5085727605e+00    5.6660003384e+01   -2.0094771267e+01    1.2586198506e+01    2.5940675062e+00   -2.2688838773e+01    1.2800000000e+02    7.9669959996e-03    6.4501953125e-01
       312   -7.4033913772e+00    5.4992340427e+01   -1.1943704640e+01    4.5403132625e+00    3.0082486869e+00   -1.4951953327e+01    1.2800000000e+02    9.7513440005e-03    6.5722656250e-01
       313   -7.5356688023e+00    5.7011413707e+01   -1.4720514788e+01    7.1848459862e+00    2.4747356888e+00   -1.7195250477e+01    1.2800000000e+02    7.9628659996e-03    6.3671875000e-01
       314   -7.4009654256e+00    5.5017054763e+01   -1.3602176324e+01    6.2012108987e+00    2.5161747257e+00   -1.6118351050e+01    1.2800000000e+02    8.1021670003e-03    6.6601562500e-01
       315   -7.5284976464e+00    5.6930204466e+01   -1.7082243186e+01    9.5537455392e+00    2.6622420303e+00   -1.9744485216e+01    1.2800000000e+02    8.0051010000e-03    6.4013671875e-01
       316   -7.5434641328e+00    5.7095001577e+01   -1.7405367179e+01    9.8619030461e+00    2.6324997611e+00   -2.0037866940e+01    1.2800000000e+02    7.8591230003e-03    6.2597656250e-01
       317   -7.5067082846e+00    5.6523892660e+01   -1.3899430959e+01    6.3927226742e+00    2.5071558598e+00   -1.6406586819e+01    1.2800000000e+02    7.8988369996e-03    6.3916015625e-01
       318   -7.4509272776e+00    5.5652886210e+01   -1.9499017274e+01    1.2048089997e+01    2.6510975825e+00   -2.2150114857e+01    1.2800000000e+02    7.8263389996e-03    6.4111328125e-01
       319   -7.4503324855e+00    5.5698929949e+01   -1.5577207431e+01    8.1268749459e+00    2.6935795105e+00   -1.8270786942e+01    1.2800000000e+02    7.8982209998e-03    6.2109375000e-01
       320   -7.4016569040e+00    5.5051193036e+01   -1.4295999543e+01    6.8943426386e+00    2.6775677549e+00   -1.6973567297e+01    1.2800000000e+02    7.7498049995e-03    6.3867187500e-01
       321   -7.5098890830e+00    5.6627788799e+01   -1.5406173573e+01    7.8962844903e+00    2.5979159935e+00   -1.8004089567e+01    1.2800000000e+02    7.9373059998e-03    6.3525390625e-01
       322   -7.5413732473e+00    5.7097116427e+01   -2.1295291796e+01    1.3753918549e+01    2.8030968834e+00   -2.4098388680e+01    1.2800000000e+02    8.0304670000e-03    6.2890625000e-01
       323   -7.5240485770e+00    5.6817853945e+01   -1.3292684960e+01    5.7686363827e+00    2.7863620195e+00   -1.6079046979e+01    1.2800000000e+02    8.0266590003e-03    6.5039062500e-01
       324   -7.4840499225e+00    5.6207462595e+01   -1.7398281162e+01    9.9142312395e+00    2.8253799148e+00   -2.0223661077e+01    1.2800000000e+02    7.8689500006e-03    6.4355468750e-01
       325   -7.4529198231e+00    5.5724027506e+01   -1.0910401098e+01    3.4574812749e+00    2.3979042752e+00   -1.3308305373e+01    1.2800000000e+02    8.0748880000e-03    6.4990234375e-01
       326   -7.3620115230e+00    5.4334403518e+01   -1.2749484033e+01    5.3874725099e+00    2.5773731324e+00   -1.5326857165e+01    1.2800000000e+02    7.9859469997e-03    6.4746093750e-01
       327   -7.4025797366e+00    5.4952056219e+01   -1.2704839962e+01    5.3022602256e+00    2.5241163200e+00   -1.5228956282e+01    1.2800000000e+02    8.0191130000e-03    6.4550781250e-01
       328   -7.4031589189e+00    5.4939092902e+01   -1.2537812246e+01    5.1346533268e+00    2.5192599245e+00   -1.5057072170e+01    1.2800000000e+02    8.0432840005e-03    6.3867187500e-01
       329   -7.4463156116e+00    5.5719490298e+01   -1.5100559171e+01    7.6542435597e+00    2.6228313661e+00   -1.7723390537e+01    1.2800000000e+02    7.6925149997e-03    6.3232421875e-01
       330   -7.4441505975e+00    5.5623948955e+01   -1.2192057252e+01    4.7479066543e+00    2.5786890868e+00   -1.4770746339e+01    1.2800000000e+02    8.3835030000e-03    6.5917968750e-01
       331   -7.3161978475e+00    5.3690452836e+01   -1.2569177208e+01    5.2529793608e+00    2.5928281442e+00   -1.5162005353e+01    1.2800000000e+02    7.7965910004e-03    6.2939453125e-01
       332   -7.7005493238e+00    5.9766299842e+01   -1.6052318336e+01    8.3517690119e+00    2.9955631796e+00   -1.9047881515e+01    1.2800000000e+02    8.0980209996e-03    6.5136718750e-01
       333   -7.3970896204e+00    5.4869459987e+01   -1.4177334729e+01    6.7802451083e+00    2.7592825225e+00   -1.6936617251e+01    1.2800000000e+02    7.6841030004e-03    6.2500000000e-01
       334   -7.4271050870e+00    5.5313219045e+01   -1.2174927531e+01    4.7478224437e+00    2.6605933217e+00   -1.4835520852e+01    1.2800000000e+02    7.9732700005e-03    6.6308593750e-01
       335   -7.4892996343e+00    5.6357411122e+01   -1.6130807484e+01    8.6415078501e+00    2.8113258622e+00   -1.8942133347e+01    1.2800000000e+02    7.8286810003e-03    6.4257812500e-01
       336   -7.4189860867e+00    5.5318767545e+01   -1.6682400920e+01    9.2634148331e+00    2.9476104764e+00   -1.9630011396e+01    1.2800000000e+02    7.8367710003e-03    6.2744140625e-01
       337   -7.3521023436e+00    5.4176458218e+01   -1.2122790043e+01    4.7706876995e+00    2.7234352676e+00   -1.4846225311e+01    1.2800000000e+02    7.9541960004e-03    6.4794921875e-01
       338   -7.6219973369e+00    5.8270108126e+01   -1.3655069489e+01    6.0330721522e+00    2.3649866769e+00   -1.6020056166e+01    1.2800000000e+02    8.3139369999e-03    6.4208984375e-01
       339   -7.5288477455e+00    5.6945667722e+01   -1.4031979464e+01    6.5031317186e+00    2.8358764874e+00   -1.6867855951e+01    1.2800000000e+02    7.9099199993e-03    6.2500000000e-01
       340   -7.4193662582e+00    5.5357520369e+01   -1.5975322363e+01    8.5559561051e+00    2.5632494024e+00   -1.8538571766e+01    1.2800000000e+02    8.3657539999e-03    6.3720703125e-01
       341   -7.5683736484e+00    5.7584859081e+01   -1.9835469254e+01    1.2267095605e+01    2.5853138053e+00   -2.2420783059e+01    1.2800000000e+02    7.8707069997e-03    6.2988281250e-01
       342   -7.7123256395e+00    5.9877451479e+01   -1.4742220045e+01    7.0298944054e+00    2.9054247735e+00   -1.7647644818e+01    1.2800000000e+02    8.0155529995e-03    6.2939453125e-01
       343   -7.5347758692e+00    5.7103779465e+01   -1.8025308196e+01    1.0490532327e+01    2.8788106422e+00   -2.0904118839e+01    1.2800000000e+02    7.9883130002e-03    6.3378906250e-01
       344   -7.3740415462e+00    5.4532676391e+01   -1.3281957790e+01    5.9079162443e+00    2.6023481676e+00   -1.5884305958e+01    1.2800000000e+02    7.9365169995e-03    6.2255859375e-01
       345   -7.6087407681e+00    5.8195207574e+01   -1.6403320182e+01    8.7945794142e+00    2.7163300697e+00   -1.9119650252e+01    1.2800000000e+02    7.8093559996e-03    6.3232421875e-01
       346   -7.4243258303e+00    5.5278399302e+01   -1.3092553033e+01    5.6682272029e+00    2.4880219644e+00   -1.5580574998e+01    1.2800000000e+02    8.0283459993e-03    6.6552734375e-01
       347   -7.5058453112e+00    5.6516136300e+01   -1.7242864518e+01    9.7370192072e+00    2.5831207851e+00   -1.9825985303e+01    1.2800000000e+02    7.9912210003e-03    6.4599609375e-01
       348   -7.4171868450e+00    5.5200807052e+01   -1.7685796173e+01    1.0268609328e+01    3.0585413118e+00   -2.0744337485e+01    1.2800000000e+02    7.7988260000e-03    6.2304687500e-01
       349   -7.4011316338e+00    5.4877597662e+01   -1.2311537407e+01    4.9104057736e+00    2.4777745362e+00   -1.4789311944e+01    1.2800000000e+02    7.8637280003e-03    6.4453125000e-01
       350   -7.4340529707e+00    5.5419385936e+01   -1.6540964009e+01    9.1069110378e+00    2.4001001277e+00   -1.8941064136e+01    1.2800000000e+02    8.5927240007e-03    6.5722656250e-01
       351   -7.4322911980e+00    5.5452306346e+01   -1.3075010941e+01    5.6427197432e+00    2.6515209754e+00   -1.5726531917e+01    1.2800000000e+02    8.3404919997e-03    6.4746093750e-01
       352   -7.4463252726e+00    5.5636709297e+01   -1.4503946818e+01    7.0576215456e+00    2.7094015669e+00   -1.7213348385e+01    1.2800000000e+02    7.7443199998e-03    6.3037109375e-01
       353   -7.5451436355e+00    5.7132155500e+01   -1.4124667048e+01    6.5795234120e+00    2.3330779633e+00   -1.6457745011e+01    1.2800000000e+02    8.0617890007e-03    6.5283203125e-01
       354   -7.3116230898e+00    5.3613006398e+01   -1.3142299535e+01    5.8306764453e+00    2.8691469292e+00   -1.6011446464e+01    1.2800000000e+02    8.6223529997e-03    6.4208984375e-01
       355   -7.5091256157e+00    5.6546847821e+01   -1.1873745771e+01    4.3646201550e+00    2.2092602857e+00   -1.4083006056e+01    1.2800000000e+02    9.2305150001e-03    6.6455078125e-01
       356   -7.3851861413e+00    5.4700718788e+01   -1.5585402650e+01    8.2002165083e+00    2.6778183067e+00   -1.8263220956e+01    1.2800000000e+02    8.0786240005e-03    6.2744140625e-01
       357   -7.4580578019e+00    5.5828932791e+01   -1.5359377175e+01    7.9013193732e+00    2.6748556393e+00   -1.8034232814e+01    1.2800000000e+02    8.7514919996e-03    6.3769531250e-01
       358   -7.5221756124e+00    5.6869750635e+01   -1.8643420900e+01    1.1121245288e+01    3.0245717808e+00   -2.1667992681e+01    1.2800000000e+02    7.6583869995e-03    6.3916015625e-01
       359   -7.3678013822e+00    5.4504259864e+01   -1.3277224101e+01    5.9094227188e+00    2.5657796735e+00   -1.5843003774e+01    1.2800000000e+02    8.7574259996e-03    6.3818359375e-01
       360   -7.4135309264e+00    5.5110257120e+01   -1.5655887235e+01    8.2423563087e+00    2.5575982615e+00   -1.8213485497e+01    1.2800000000e+02    7.6907220000e-03    6.4746093750e-01
       361   -7.4309639171e+00    5.5419864829e+01   -1.3841688967e+01    6.4107250498e+00    2.3969710171e+00   -1.6238659984e+01    1.2800000000e+02    8.7727460004e-03    6.5429687500e-01
       362   -7.3176072949e+00    5.3726118822e+01   -1.2587406547e+01    5.2697992517e+00    2.3783082408e+00   -1.4965714787e+01    1.2800000000e+02    8.1355000002e-03    6.3818359375e-01
       363   -7.5764458214e+00    5.7658369431e+01   -1.5602912370e+01    8.0264665491e+00    2.8561708433e+00   -1.8459083214e+01    1.2800000000e+02    8.8426839993e-03    6.3232421875e-01
       364   -7.4504861740e+00    5.5667553004e+01   -1.1991169176e+01    4.5406830020e+00    2.5088842582e+00   -1.4500053434e+01    1.2800000000e+02    7.7923700001e-03    6.4404296875e-01
       365   -7.5454966022e+00    5.7200670226e+01   -1.4051619624e+01    6.5061230215e+00    2.6254835730e+00   -1.6677103197e+01    1.2800000000e+02    8.7177779997e-03    6.3037109375e-01
       366   -7.6996912467e+00    5.9724340816e+01   -1.6201243060e+01    8.5015518135e+00    2.6135463440e+00   -1.8814789404e+01    1.2800000000e+02    7.6681099999e-03    6.1425781250e-01
       367   -7.3865691460e+00    5.4762943859e+01   -1.2100136548e+01    4.7135674022e+00    2.9306169373e+00   -1.5030753485e+01    1.2800000000e+02    8.8555570001e-03    6.3427734375e-01
       368   -7.4891935210e+00    5.6263143941e+01   -1.2375872862e+01    4.8866793406e+00    2.3659940900e+00   -1.4741866952e+01    1.2800000000e+02    7.9351360000e-03    6.5380859375e-01
       369   -7.4374345149e+00    5.5648397425e+01   -1.7453048354e+01    1.0015613839e+01    3.1400766448e+00   -2.0593124999e+01    1.2800000000e+02    8.8137300008e-03    6.2500000000e-01
       370   -7.5077336351e+00    5.6642484370e+01   -1.7096103675e+01    9.5883700397e+00    2.7677908115e+00   -1.9863894486e+01    1.2800000000e+02    7.7628810004e-03    6.1474609375e-01
       371   -7.5722091002e+00    5.7636422148e+01   -1.4074093563e+01    6.5018844630e+00    2.6991622524e+00   -1.6773255816e+01    1.2800000000e+02    8.8531709998e-03    6.3867187500e-01
       372   -7.4420068802e+00    5.5544417267e+01   -1.3138259011e+01    5.6962521308e+00    2.6621584113e+00   -1.5800417422e+01    1.2800000000e+02    7.8359179997e-03    6.4208984375e-01
       373   -7.5425847645e+00    5.7076012786e+01   -1.7935642256e+01    1.0393057491e+01    2.9423275272e+00   -2.0877969783e+01    1.2800000000e+02    8.9390220000e-03    6.3037109375e-01
       374   -7.5533686384e+00    5.7250395875e+01   -1.5143273749e+01    7.5899051109e+00    2.8654067390e+00   -1.8008680488e+01    1.2800000000e+02    7.8136769998e-03    6.3525390625e-01
       375   -7.6064601111e+00    5.8129949488e+01   -1.5869618406e+01    8.2631582946e+00    2.8773835979e+00   -1.8747002004e+01    1.2800000000e+02    9.0928079999e-03    6.3916015625e-01
       376   -7.5684921900e+00    5.7621036611e+01   -1.4850582583e+01    7.2820903929e+00    2.7733824703e+00   -1.7623965053e+01    1.2800000000e+02    7.7934689998e-03    6.3623046875e-01
       377   -7.4369276913e+00    5.5519887681e+01   -1.3676120741e+01    6.2391930493e+00    3.0187498279e+00   -1.6694870568e+01    1.2800000000e+02    7.8912809995e-03    6.4062500000e-01
       378   -7.4148120822e+00    5.5145920977e+01   -1.1716034662e+01    4.3012225800e+00    2.6216477414e+00   -1.4337682404e+01    1.2800000000e+02    7.8853300001e-03    6.6064453125e-01
       379   -7.3422766852e+00    5.4055710482e+01   -1.3159921418e+01    5.8176447327e+00    2.6382960853e+00   -1.5798217503e+01    1.2800000000e+02    7.9057749999e-03    6.4697265625e-01
       380   -7.4205057501e+00    5.5213453143e+01   -1.2873551302e+01    5.4530455524e+00    2.4817404543e+00   -1.5355291757e+01    1.2800000000e+02    7.9106089997e-03    6.6552734375e-01
       381   -7.6357032655e+00    5.8559175360e+01   -2.4110481417e+01    1.6474778152e+01    2.6503954733e+00   -2.6760876891e+01    1.2800000000e+02    7.7365920006e-03    6.1669921875e-01
       382   -7.3265855966e+00    5.3821498919e+01   -1.3653667399e+01    6.3270818025e+00    2.3589887872e+00   -1.6012656186e+01    1.2800000000e+02    7.7554099998e-03    6.4062500000e-01
       383   -7.5056551258e+00    5.6538315859e+01   -1.8516248485e+01    1.1010593360e+01    3.1065815898e+00   -2.1622830075e+01    1.2800000000e+02    7.8934120002e-03    6.3134765625e-01
       384   -7.4424677794e+00    5.5631384388e+01   -1.6774385569e+01    9.3319177900e+00    2.6698907001e+00   -1.9444276270e+01    1.2800000000e+02    7.7695010004e-03    6.2744140625e-01
       385   -7.5366486448e+00    5.7125444628e+01   -1.4764934834e+01    7.2282861896e+00    2.5727362887e+00   -1.7337671123e+01    1.2800000000e+02    7.9612959998e-03    6.3623046875e-01
       386   -7.4299220558e+00    5.5450726485e+01   -1.3023649855e+01    5.5937277994e+00    2.4953851987e+00   -1.5519035054e+01    1.2800000000e+02    7.8468990005e-03    6.4843750000e-01
       387   -7.5574553818e+00    5.7373920269e+01   -1.5156693441e+01    7.5992380596e+00    2.6893989218e+00   -1.7846092363e+01    1.2800000000e+02    7.7192570006e-03    6.3085937500e-01
       388   -7.5666471822e+00    5.7531362501e+01   -1.3755427077e+01    6.1887798943e+00    2.5952276671e+00   -1.6350654744e+01    1.2800000000e+02    8.0310430003e-03    6.4648437500e-01
       389   -7.4605355899e+00    5.5920964439e+01   -1.3446014238e+01    5.9854786479e+00    2.4328511717e+00   -1.5878865409e+01    1.2800000000e+02    7.8677820002e-03    6.5332031250e-01
       390   -7.3903223298e+00    5.4832360807e+01   -1.1792100073e+01    4.4017777429e+00    2.5019665063e+00   -1.4294066579e+01    1.2800000000e+02    8.0184369999e-03    6.6113281250e-01
       391   -7.3749286004e+00    5.4538012555e+01   -1.1005582234e+01    3.6306536341e+00    2.0953971139e+00   -1.3100979348e+01    1.2800000000e+02    7.9135349997e-03    6.8212890625e-01
       392   -7.4993825895e+00    5.6460386245e+01   -1.3384343180e+01    5.8849605909e+00    2.9291571365e+00   -1.6313500317e+01    1.2800000000e+02    7.8689909997e-03    6.3525390625e-01
       393   -7.5732685252e+00    5.7644814422e+01   -1.7051781634e+01    9.4785131091e+00    2.6227007744e+00   -1.9674482409e+01    1.2800000000e+02    7.8324290007e-03    6.3964843750e-01
       394   -7.4998623518e+00    5.6470758254e+01   -1.2924625729e+01    5.4247633776e+00    2.6271443648e+00   -1.5551770094e+01    1.2800000000e+02    7.8306119995e-03    6.3037109375e-01
       395   -7.5289417275e+00    5.6852592913e+01   -1.6605146818e+01    9.0762050910e+00    2.7424134365e+00   -1.9347560255e+01    1.2800000000e+02    7.8621619996e-03    6.3964843750e-01
       396   -7.5790569399e+00    5.7705309128e+01   -1.6736907956e+01    9.1578510163e+00    3.0850893769e+00   -1.9821997333e+01    1.2800000000e+02    7.7944780005e-03    6.2207031250e-01
       397   -7.3605235728e+00    5.4309536426e+01   -1.3583692950e+01    6.2231693774e+00    2.2217669387e+00   -1.5805459889e+01    1.2800000000e+02    7.6377239993e-03    6.4257812500e-01
       398   -7.4624824254e+00    5.5949057942e+01   -1.5519771771e+01    8.0572893456e+00    2.6880753326e+00   -1.8207847104e+01    1.2800000000e+02    7.8023999995e-03    6.2060546875e-01
       399   -7.5331905041e+00    5.7137287083e+01   -1.3754276902e+01    6.2210863975e+00    2.6211847356e+00   -1.6375461637e+01    1.2800000000e+02    7.8256070001e-03    6.4453125000e-01
       400   -7.4630924632e+00    5.5895859010e+01   -1.3382406877e+01    5.9193144138e+00    2.3681906683e+00   -1.5750597545e+01    1.2800000000e+02    7.9390339997e-03    6.5380859375e-01
       401   -7.5084586476e+00    5.6573943793e+01   -1.6310206573e+01    8.8017479256e+00    2.4159898219e+00   -1.8726196395e+01    1.2800000000e+02    7.8614800004e-03    6.3720703125e-01
       402   -7.5351928693e+00    5.7137486333e+01   -1.5884251453e+01    8.3490585839e+00    2.6035420618e+00   -1.8487793515e+01    1.2800000000e+02    7.7517009995e-03    6.1816406250e-01
       403   -7.4177838113e+00    5.5134420305e+01   -1.0751949846e+01    3.3341660348e+00    2.3730384426e+00   -1.3124988289e+01    1.2800000000e+02    7.8640860002e-03    6.6308593750e-01
       404   -7.4741633841e+00    5.6021369334e+01   -1.2898846548e+01    5.4246831636e+00    2.4853848626e+00   -1.5384231410e+01    1.2800000000e+02    7.9097899998e-03    6.6162109375e-01
       405   -7.4924215263e+00    5.6363200168e+01   -1.6378606463e+01    8.8861849367e+00    2.5966358612e+00   -1.8975242324e+01    1.2800000000e+02    7.7359600000e-03    6.3085937500e-01
       406   -7.6396559784e+00    5.8673123686e+01   -1.4104242094e+01    6.4645861156e+00    2.4949353213e+00   -1.6599177415e+01    1.2800000000e+02    7.7636619999e-03    6.3867187500e-01
       407   -7.4936319926e+00    5.6438875770e+01   -1.3865318857e+01    6.3716868646e+00    2.6287182049e+00   -1.6494037062e+01    1.2800000000e+02    7.9572269997e-03    6.5087890625e-01
       408   -7.2883895348e+00    5.3325990345e+01   -1.4366543486e+01    7.0781539509e+00    2.6061060035e+00   -1.6972649489e+01    1.2800000000e+02    7.7307179999e-03    6.3916015625e-01
       409   -7.6110451631e+00    5.8171342914e+01   -1.5016826822e+01    7.4057816587e+00    2.6362705051e+00   -1.7653097327e+01    1.2800000000e+02    7.9128249999e-03    6.4013671875e-01
       410   -7.4394440103e+00    5.5522929683e+01   -1.7605944104e+01    1.0166500094e+01    2.7296365365e+00   -2.0335580640e+01    1.2800000000e+02    7.7089309998e-03    6.3085937500e-01
       411   -7.4706953332e+00    5.5968053629e+01   -1.7847312808e+01    1.0376617475e+01    2.5835403549e+00   -2.0430853163e+01    1.2800000000e+02    7.7218520000e-03    6.1718750000e-01
       412   -7.4044802696e+00    5.5025398326e+01   -1.4459212138e+01    7.0547318685e+00    2.3674817125e+00   -1.6826693851e+01    1.2800000000e+02    7.6686319999e-03    6.2841796875e-01
       413   -7.5055362730e+00    5.6551475595e+01   -1.6538203799e+01    9.0326675265e+00    2.3295555452e+00   -1.8867759345e+01    1.2800000000e+02    7.7640690006e-03    6.2890625000e-01
       414   -7.6612603392e+00    5.8997111491e+01   -1.6456789605e+01    8.7955292654e+00    2.7054238571e+00   -1.9162213462e+01    1.2800000000e+02    7.8261819999e-03    6.4794921875e-01
       415   -7.5339607746e+00    5.6983895135e+01   -2.3451485427e+01    1.5917524652e+01    2.5700315980e+00   -2.6021517025e+01    1.2800000000e+02    8.2767430004e-03    6.4208984375e-01
       416   -7.4444498188e+00    5.5577387657e+01   -1.1687303234e+01    4.2428534150e+00    2.2684163063e+00   -1.3955719540e+01    1.2800000000e+02    7.7254430007e-03    6.5966796875e-01
       417   -7.4543775093e+00    5.5743220208e+01   -1.2596696268e+01    5.1423187586e+00    2.6069221176e+00   -1.5203618385e+01    1.2800000000e+02    7.8992829995e-03    6.4892578125e-01
       418   -7.5028473967e+00    5.6477757813e+01   -1.2269726277e+01    4.7668788806e+00    2.7466923330e+00   -1.5016418610e+01    1.2800000000e+02    7.7529339997e-03    6.5136718750e-01
       419   -7.3740051890e+00    5.4539748758e+01   -1.3121046173e+01    5.7470409840e+00    2.5115368584e+00   -1.5632583031e+01    1.2800000000e+02    7.8051189994e-03    6.5136718750e-01
       420   -7.5227783717e+00    5.6904858302e+01   -1.3152935281e+01    5.6301569096e+00    2.5159087562e+00   -1.5668844038e+01    1.2800000000e+02    7.6669069995e-03    6.2500000000e-01
       421   -7.3490577140e+00    5.4194726218e+01   -1.2861473380e+01    5.5124156655e+00    2.0797563462e+00   -1.4941229726e+01    1.2800000000e+02    7.6093869993e-03    6.4746093750e-01
       422   -7.5591656613e+00    5.7326361689e+01   -1.5609067052e+01    8.0499013906e+00    2.2802424916e+00   -1.7889309543e+01    1.2800000000e+02    7.6039830001e-03    6.4501953125e-01
       423   -7.4951127868e+00    5.6453457187e+01   -1.5756164821e+01    8.2610520343e+00    2.4959745804e+00   -1.8252139401e+01    1.2800000000e+02    7.6614250002e-03    6.2939453125e-01
       424   -7.5384774260e+00    5.7146795192e+01   -1.4802175026e+01    7.2636976003e+00    2.5943515311e+00   -1.7396526557e+01    1.2800000000e+02    8.0419650003e-03    6.4404296875e-01
       425   -7.6672836437e+00    5.9185912177e+01   -1.5255846957e+01    7.5885633135e+00    3.0766228865e+00   -1.8332469844e+01    1.2800000000e+02    7.6745879996e-03    6.1962890625e-01
       426   -7.4884483859e+00    5.6328938713e+01   -1.3853946331e+01    6.3654979450e+00    2.7576040402e+00   -1.6611550371e+01    1.2800000000e+02    8.4287410000e-03    6.2451171875e-01
       427   -7.4175987839e+00    5.5178657873e+01   -1.1564077947e+01    4.1464791635e+00    2.6469592128e+00   -1.4211037160e+01    1.2800000000e+02    8.2968799998e-03    6.3818359375e-01
       428   -7.5534310849e+00    5.7294331851e+01   -1.6705502502e+01    9.1520714168e+00    2.5715517722e+00   -1.9277054274e+01    1.2800000000e+02    7.7355190006e-03    6.3232421875e-01
       429   -7.5823727930e+00    5.7794610861e+01   -2.0046655003e+01    1.2464282210e+01    3.0405373129e+00   -2.3087192316e+01    1.2800000000e+02    7.6150309997e-03    6.1230468750e-01
       430   -7.4905568738e+00    5.6426352573e+01   -1.5617772212e+01    8.1272153385e+00    2.6023986274e+00   -1.8220170840e+01    1.2800000000e+02    7.7258459996e-03    6.4160156250e-01
       431   -7.4383776891e+00    5.5476465443e+01   -1.1774390612e+01    4.3360129232e+00    2.3487330461e+00   -1.4123123658e+01    1.2800000000e+02    7.7790349997e-03    6.6406250000e-01
       432   -7.4109072943e+00    5.5047012659e+01   -1.1710275589e+01    4.2993682948e+00    2.4797070615e+00   -1.4189982651e+01    1.2800000000e+02    7.8157990001e-03    6.6210937500e-01
       433   -7.5104827403e+00    5.6737702749e+01   -1.7946961751e+01    1.0436479011e+01    2.9865602551e+00   -2.0933522007e+01    1.2800000000e+02    7.6891429999e-03    6.2304687500e-01
       434   -7.5850563654e+00    5.7873734518e+01   -1.7594518445e+01    1.0009462079e+01    3.0047203160e+00   -2.0599238761e+01    1.2800000000e+02    7.8192730007e-03    6.3623046875e-01
       435   -7.4564466472e+00    5.5933767055e+01   -1.3276682070e+01    5.8202354229e+00    2.6486234505e+00   -1.5925305521e+01    1.2800000000e+02    7.7396440001e-03    6.4306640625e-01
       436   -7.5083952903e+00    5.6670986948e+01   -2.8924785349e+01    2.1416390059e+01    3.7218900588e+00   -3.2646675408e+01    1.2800000000e+02    7.7999539999e-03    5.9423828125e-01
       437   -7.4611953046e+00    5.5877229287e+01   -1.1884472077e+01    4.4232767726e+00    2.4410251700e+00   -1.4325497247e+01    1.2800000000e+02    7.8742879996e-03    6.6992187500e-01
       438   -7.4590352714e+00    5.5874303208e+01   -2.5307376431e+01    1.7848341160e+01    3.1646520444e+00   -2.8472028476e+01    1.2800000000e+02    7.7137219996e-03    6.2304687500e-01
       439   -7.4934935876e+00    5.6379621734e+01   -1.3929831458e+01    6.4363378704e+00    2.8107511257e+00   -1.6740582584e+01    1.2800000000e+02    7.6661069997e-03    6.4306640625e-01
       440   -7.4269818216e+00    5.5288995984e+01   -1.1635699806e+01    4.2087179843e+00    2.5942308117e+00   -1.4229930618e+01    1.2800000000e+02    7.7946889996e-03    6.6503906250e-01
       441   -7.5197232005e+00    5.6743227018e+01   -1.7606884195e+01    1.0087160995e+01    2.7477669353e+00   -2.0354651131e+01    1.2800000000e+02    7.7318809999e-03    6.3281250000e-01
       442   -7.4251768040e+00    5.5308148227e+01   -1.1662156353e+01    4.2369795493e+00    2.5039039251e+00   -1.4166060278e+01    1.2800000000e+02    7.7239069997e-03    6.4941406250e-01
       443   -7.5024746609e+00    5.6525699213e+01   -1.6100395936e+01    8.5979212751e+00    2.9025463320e+00   -1.9002942268e+01    1.2800000000e+02    7.6862639999e-03    6.1230468750e-01
       444   -7.3591692908e+00    5.4368362947e+01   -1.7067827281e+01    9.7086579897e+00    2.7910080368e+00   -1.9858835317e+01    1.2800000000e+02    7.6655980001e-03    6.1816406250e-01
       445   -7.2932649799e+00    5.3413213266e+01   -2.0349102119e+01    1.3055837139e+01    2.8547453061e+00   -2.3203847425e+01    1.2800000000e+02    7.6979840005e-03    6.1669921875e-01
       446   -7.6400711888e+00    5.8653922803e+01   -1.3217734666e+01    5.5776634768e+00    2.2821528436e+00   -1.5499887509e+01    1.2800000000e+02    7.6817769996e-03    6.3671875000e-01
       447   -7.5035519027e+00    5.6596545496e+01   -1.4101396645e+01    6.5978447423e+00    2.4814623724e+00   -1.6582859017e+01    1.2800000000e+02    7.7842400005e-03    6.4550781250e-01
       448   -7.5266617053e+00    5.6885485378e+01   -1.3264139122e+01    5.7374774167e+00    2.5505779207e+00   -1.5814717043e+01    1.2800000000e+02    7.7748739996e-03    6.4111328125e-01
       449   -7.4203200432e+00    5.5199567731e+01   -1.1422114285e+01    4.0017942415e+00    2.4335286210e+00   -1.3855642906e+01    1.2800000000e+02    7.8049180001e-03    6.5625000000e-01
       450   -7.5630227826e+00    5.7479195316e+01   -1.7071399821e+01    9.5083770381e+00    2.6081892746e+00   -1.9679589095e+01    1.2800000000e+02    7.6452519997e-03    6.2548828125e-01
       451   -7.4457105754e+00    5.5742992179e+01   -1.4117284922e+01    6.6715743468e+00    2.6886994520e+00   -1.6805984374e+01    1.2800000000e+02    7.7560919999e-03    6.3281250000e-01
       452   -7.4223146809e+00    5.5250314083e+01   -1.4465819125e+01    7.0435044444e+00    2.3674046297e+00   -1.6833223755e+01    1.2800000000e+02    7.7686719997e-03    6.6406250000e-01
       453   -7.3601054832e+00    5.4349076197e+01   -1.3199044468e+01    5.8389389846e+00    3.3072439283e+00   -1.6506288396e+01    1.2800000000e+02    7.7571110005e-03    6.2060546875e-01
       454   -7.4887535547e+00    5.6289373542e+01   -1.4597564891e+01    7.1088113365e+00    2.8824026634e+00   -1.7479967555e+01    1.2800000000e+02    7.7545980002e-03    6.4697265625e-01
       455   -7.5489888109e+00    5.7279602395e+01   -1.4543128096e+01    6.9941392849e+00    2.4764169553e+00   -1.7019545051e+01    1.2800000000e+02    7.7354490004e-03    6.4355468750e-01
       456   -7.4312772953e+00    5.5446136311e+01   -1.2692175955e+01    5.2608986601e+00    2.4910169892e+00   -1.5183192945e+01    1.2800000000e+02    7.8318859996e-03    6.5625000000e-01
       457   -7.4563044329e+00    5.5765799855e+01   -1.5634311848e+01    8.1780074148e+00    2.5896847879e+00   -1.8223996636e+01    1.2800000000e+02    7.6778200000e-03    6.2695312500e-01
       458   -7.3898244651e+00    5.4769496315e+01   -1.3864777324e+01    6.4749528585e+00    2.8803545425e+00   -1.6745131866e+01    1.2800000000e+02    7.7533969998e-03    6.2841796875e-01
       459   -7.5407721474e+00    5.7200661900e+01   -1.6568183770e+01    9.0274116228e+00    2.6316490932e+00   -1.9199832863e+01    1.2800000000e+02    8.2007250003e-03    6.3183593750e-01
       460   -7.4838909560e+00    5.6176274215e+01   -1.8256464534e+01    1.0772573578e+01    2.7341229032e+00   -2.0990587438e+01    1.2800000000e+02    8.2913289998e-03    6.5234375000e-01
       461   -7.4932827792e+00    5.6352284037e+01   -1.4627744283e+01    7.1344615037e+00    2.5733531949e+00   -1.7201097478e+01    1.2800000000e+02    7.7009380002e-03    6.2939453125e-01
       462   -7.4510760957e+00    5.5731840631e+01   -1.1887896020e+01    4.4368199241e+00    2.3839988213e+00   -1.4271894841e+01    1.2800000000e+02    8.3588650004e-03    6.7724609375e-01
       463   -7.4510498535e+00    5.5659549272e+01   -1.2631542964e+01    5.1804931103e+00    2.8031412847e+00   -1.5434684249e+01    1.2800000000e+02    7.7383359994e-03    6.4062500000e-01
       464   -7.3971518551e+00    5.4842845876e+01   -1.1853695051e+01    4.4565431963e+00    2.5572037671e+00   -1.4410898818e+01    1.2800000000e+02    7.9289070000e-03    6.3623046875e-01
       465   -7.4253215954e+00    5.5432798699e+01   -1.4124152127e+01    6.6988305314e+00    2.7245174294e+00   -1.6848669556e+01    1.2800000000e+02    7.7299420000e-03    6.4404296875e-01
       466   -7.5908600022e+00    5.7956434640e+01   -1.7261437456e+01    9.6705774539e+00    2.5892351294e+00   -1.9850672585e+01    1.2800000000e+02    7.8052809995e-03    6.2841796875e-01
       467   -7.4242408477e+00    5.5337346484e+01   -1.3055927175e+01    5.6316863270e+00    2.7324642483e+00   -1.5788391423e+01    1.2800000000e+02    7.7627420005e-03    6.4746093750e-01
       468   -7.3485943458e+00    5.4177243813e+01   -1.2683855323e+01    5.3352609773e+00    2.5220218585e+00   -1.5205877182e+01    1.2800000000e+02    7.8675700006e-03    6.4746093750e-01
       469   -7.3229747674e+00    5.3774536471e+01   -1.1977812134e+01    4.6548373670e+00    2.1421293669e+00   -1.4119941501e+01    1.2800000000e+02    7.6221879999e-03    6.5136718750e-01
       470   -7.6172817962e+00    5.8286289017e+01   -1.2918417871e+01    5.3011360753e+00    2.4223366279e+00   -1.5340754499e+01    1.2800000000e+02    8.3145469998e-03    6.4306640625e-01
       471   -7.5931309448e+00    5.7940923387e+01   -1.8702374970e+01    1.1109244025e+01    3.1347376965e+00   -2.1837112666e+01    1.2800000000e+02    7.7108679998e-03    6.2841796875e-01
       472   -7.4192987441e+00    5.5177222889e+01   -1.3054150305e+01    5.6348515611e+00    2.1700326068e+00   -1.5224182912e+01    1.2800000000e+02    8.0676210000e-03    6.6503906250e-01
       473   -7.3799109113e+00    5.4637889493e+01   -1.1814658437e+01    4.4347475257e+00    2.5273324616e+00   -1.4341990899e+01    1.2800000000e+02    7.8085569994e-03    6.4697265625e-01
       474   -7.4710155166e+00    5.6009086520e+01   -1.3338128765e+01    5.8671132487e+00    2.1336535100e+00   -1.5471782275e+01    1.2800000000e+02    7.7038210002e-03    6.5332031250e-01
       475   -7.5083384324e+00    5.6716834419e+01   -1.5221528139e+01    7.7131897065e+00    2.4524731544e+00   -1.7674001293e+01    1.2800000000e+02    7.6716009999e-03    6.2451171875e-01
       476   -7.4480091851e+00    5.5736995616e+01   -1.8654604246e+01    1.1206595061e+01    2.5341763355e+00   -2.1188780582e+01    1.2800000000e+02    7.6570060000e-03    6.2158203125e-01
       477   -7.5856092544e+00    5.7697236529e+01   -1.5633902114e+01    8.0482928594e+00    2.5470150771e+00   -1.8180917191e+01    1.2800000000e+02    7.6259509997e-03    6.2451171875e-01
       478   -7.5591197795e+00    5.7509006276e+01   -1.3735291624e+01    6.1761718448e+00    2.8046300602e+00   -1.6539921685e+01    1.2800000000e+02    7.7661429996e-03    6.4501953125e-01
       479   -7.3238873456e+00    5.3819384223e+01   -1.3276579519e+01    5.9526921739e+00    2.6942973206e+00   -1.5970876840e+01    1.2800000000e+02    7.8084939996e-03    6.3232421875e-01
       480   -7.4668626717e+00    5.5933723206e+01   -1.6671836172e+01    9.2049735002e+00    2.7477569536e+00   -1.9419593126e+01    1.2800000000e+02    7.6693170004e-03    6.1914062500e-01
       481   -7.4880867919e+00    5.6328700304e+01   -1.4974751751e+01    7.4866649591e+00    2.5989678874e+00   -1.7573719638e+01    1.2800000000e+02    7.8444380006e-03    6.5917968750e-01
       482   -7.5356495543e+00    5.7058200711e+01   -1.3508927673e+01    5.9732781182e+00    2.7228993847e+00   -1.6231827057e+01    1.2800000000e+02    7.6968450003e-03    6.2939453125e-01
       483   -7.3978005965e+00    5.4883883739e+01   -1.3188725711e+01    5.7909251141e+00    2.5880050085e+00   -1.5776730719e+01    1.2800000000e+02    7.8636690005e-03    6.6064453125e-01
       484   -7.4818621012e+00    5.6186422056e+01   -1.3036212599e+01    5.5543504980e+00    2.6683036196e+00   -1.5704516219e+01    1.2800000000e+02    7.6936579999e-03    6.4062500000e-01
       485   -7.3732011261e+00    5.4567339112e+01   -1.7654802053e+01    1.0281600927e+01    2.7838567834e+00   -2.0438658837e+01    1.2800000000e+02    7.7961690004e-03    6.3574218750e-01
       486   -7.4701443933e+00    5.5997515410e+01   -1.5264402435e+01    7.7942580421e+00    2.8030342743e+00   -1.8067436710e+01    1.2800000000e+02    7.6225420007e-03    6.1474609375e-01
       487   -7.4555576414e+00    5.5722038313e+01   -1.1686381471e+01    4.2308238294e+00    2.2662377453e+00   -1.3952619216e+01    1.2800000000e+02    7.8287269998e-03    6.6552734375e-01
       488   -7.4037399694e+00    5.4976842491e+01   -1.2661525119e+01    5.2577851496e+00    2.3235531686e+00   -1.4985078288e+01    1.2800000000e+02    7.7300189996e-03    6.5722656250e-01
       489   -7.6344608543e+00    5.8795566564e+01   -1.5180946672e+01    7.5464858177e+00    2.7963581178e+00   -1.7977304790e+01    1.2800000000e+02    7.6953680000e-03    6.3720703125e-01
       490   -7.4201119736e+00    5.5223431844e+01   -1.8045167272e+01    1.0625055299e+01    2.6841208173e+00   -2.0729288089e+01    1.2800000000e+02    7.7977670007e-03    6.4306640625e-01
       491   -7.4343843743e+00    5.5463905635e+01   -1.5700166906e+01    8.2657825318e+00    2.7773056741e+00   -1.8477472580e+01    1.2800000000e+02    7.7261300003e-03    6.3232421875e-01
       492   -7.3720782788e+00    5.4537866161e+01   -1.2493789159e+01    5.1217108798e+00    2.4097652876e+00   -1.4903554446e+01    1.2800000000e+02    7.7762060000e-03    6.4941406250e-01
       493   -7.3614636855e+00    5.4301768997e+01   -1.3426811230e+01    6.0653475441e+00    2.6011910327e+00   -1.6028002262e+01    1.2800000000e+02    7.6220920000e-03    6.1279296875e-01
       494   -7.4144373467e+00    5.5226415004e+01   -1.3559722117e+01    6.1452847702e+00    2.6076655636e+00   -1.6167387681e+01    1.2800000000e+02    7.7336499999e-03    6.2841796875e-01
       495   -7.4839892240e+00    5.6281386022e+01   -1.1999192379e+01    4.5152031553e+00    2.6533548592e+00   -1.4652547239e+01    1.2800000000e+02    7.7897739993e-03    6.4941406250e-01
       496   -7.4309805183e+00    5.5415654578e+01   -1.4111431297e+01    6.6804507782e+00    2.5834002220e+00   -1.6694831519e+01    1.2800000000e+02    7.7789870002e-03    6.3867187500e-01
       497   -7.5932685059e+00    5.7986189851e+01   -1.7231076935e+01    9.6378084291e+00    2.6701366188e+00   -1.9901213554e+01    1.2800000000e+02    7.6938270004e-03    6.2988281250e-01
       498   -7.5730010639e+00    5.7676685203e+01   -1.8365359314e+01    1.0792358250e+01    3.0064554658e+00   -2.1371814780e+01    1.2800000000e+02    7.7512260004e-03    6.1718750000e-01
       499   -7.7085194877e+00    5.9763729220e+01   -1.6883429422e+01    9.1749099348e+00    2.7043612147e+00   -1.9587790637e+01    1.2800000000e+02    7.6782169999e-03    6.3427734375e-01
