#   index    LocalEnergy         LocalEnergy_sq      LocalPotential      Kinetic             ElecElec            IonElec             BlockWeight         BlockCPU            AcceptRatio         
         0   -7.3551472191e+00    5.4884913900e+01   -1.3696422641e+01    6.3412754220e+00    2.4808688961e+00   -1.6177291537e+01    3.0000000000e+03    3.4729497300e-01    6.6864583333e-01
         1   -7.3523454247e+00    5.4810494228e+01   -1.3179240785e+01    5.8268953605e+00    2.4080903191e+00   -1.5587331104e+01    3.0000000000e+03    3.5244690100e-01    6.6814583333e-01
         2   -7.3753081923e+00    5.5177174204e+01   -1.3149490488e+01    5.7741822956e+00    2.4714478475e+00   -1.5620938335e+01    3.0000000000e+03    3.4749445200e-01    6.6968750000e-01
         3   -7.4281754684e+00    5.5999040949e+01   -1.4293867634e+01    6.8656921660e+00    2.4774007600e+00   -1.6771268394e+01    3.0000000000e+03    3.4661741000e-01    6.6457291667e-01
         4   -7.3769049379e+00    5.5226199068e+01   -1.3385061844e+01    6.0081569062e+00    2.4439877935e+00   -1.5829049638e+01    3.0000000000e+03    3.4736512700e-01    6.6869791667e-01
         5   -7.3575047965e+00    5.4918202338e+01   -1.3505183183e+01    6.1476783862e+00    2.4633169986e+00   -1.5968500181e+01    3.0000000000e+03    3.4731384400e-01    6.6867708333e-01
         6   -7.3727860318e+00    5.5177330794e+01   -1.3611137496e+01    6.2383514638e+00    2.4246815225e+00   -1.6035819018e+01    3.0000000000e+03    3.4776825900e-01    6.7029166667e-01
         7   -7.3467462284e+00    5.4728058040e+01   -1.2889991075e+01    5.5432448469e+00    2.4093164495e+00   -1.5299307525e+01    3.0000000000e+03    3.4447786900e-01    6.7164583333e-01
         8   -7.3414098838e+00    5.4653464209e+01   -1.2949938646e+01    5.6085287620e+00    2.4089141538e+00   -1.5358852800e+01    3.0000000000e+03    3.4379799500e-01    6.6841666667e-01
         9   -7.3554041148e+00    5.4892146021e+01   -1.3492464223e+01    6.1370601080e+00    2.4383530670e+00   -1.5930817290e+01    3.0000000000e+03    3.4594157600e-01    6.6918750000e-01
        10   -7.3670620508e+00    5.5056329812e+01   -1.3175287651e+01    5.8082256004e+00    2.4367136099e+00   -1.5612001261e+01    3.0000000000e+03    3.4344972100e-01    6.6959375000e-01
        11   -7.3582645393e+00    5.4908661785e+01   -1.3186383858e+01    5.8281193188e+00    2.4675704114e+00   -1.5653954270e+01    3.0000000000e+03    3.4352101000e-01    6.6668750000e-01
        12   -7.3430722453e+00    5.4626158227e+01   -1.2803223209e+01    5.4601509633e+00    2.4179983871e+00   -1.5221221596e+01    3.0000000000e+03    3.4321844700e-01    6.7070833333e-01
        13   -7.4021961728e+00    5.5634440567e+01   -1.4327639983e+01    6.9254438105e+00    2.4454206283e+00   -1.6773060612e+01    3.0000000000e+03    3.4323968900e-01    6.6655208333e-01
        14   -7.3494958380e+00    5.4755070956e+01   -1.2976981368e+01    5.6274855303e+00    2.4837767522e+00   -1.5460758120e+01    3.0000000000e+03    3.4311800200e-01    6.6876041667e-01
        15   -7.3678175804e+00    5.5127909477e+01   -1.3385271614e+01    6.0174540338e+00    2.4294434540e+00   -1.5814715068e+01    3.0000000000e+03    3.4527401000e-01    6.7041666667e-01
        16   -7.3659366379e+00    5.5068877489e+01   -1.3213103736e+01    5.8471670982e+00    2.4141000622e+00   -1.5627203798e+01    3.0000000000e+03    3.4375156200e-01    6.6878125000e-01
        17   -7.3891507376e+00    5.5385231440e+01   -1.3533477091e+01    6.1443263533e+00    2.4085063923e+00   -1.5941983483e+01    3.0000000000e+03    3.4213180400e-01    6.6586458333e-01
        18   -7.3625258085e+00    5.4981061069e+01   -1.3394645000e+01    6.0321191911e+00    2.4627364529e+00   -1.5857381452e+01    3.0000000000e+03    3.4389197900e-01    6.6743750000e-01
        19   -7.3308594870e+00    5.4490265016e+01   -1.3184894869e+01    5.8540353816e+00    2.4072403041e+00   -1.5592135173e+01    3.0000000000e+03    3.4398956300e-01    6.6865625000e-01
        20   -7.3227141797e+00    5.4323325284e+01   -1.2900774562e+01    5.5780603823e+00    2.4031348285e+00   -1.5303909391e+01    3.0000000000e+03    3.4330091800e-01    6.6970833333e-01
        21   -7.4076542311e+00    5.5670630682e+01   -1.4090042605e+01    6.6823883739e+00    2.4049746927e+00   -1.6495017298e+01    3.0000000000e+03    3.4263720900e-01    6.6714583333e-01
        22   -7.4290272503e+00    5.6040014099e+01   -1.4409854531e+01    6.9808272810e+00    2.4715522982e+00   -1.6881406830e+01    3.0000000000e+03    3.4286484900e-01    6.6350000000e-01
        23   -7.3877648655e+00    5.5450975743e+01   -1.4158743639e+01    6.7709787737e+00    2.4804908609e+00   -1.6639234500e+01    3.0000000000e+03    3.4315137000e-01    6.6694791667e-01
        24   -7.3513237373e+00    5.4843484918e+01   -1.2963848888e+01    5.6125251511e+00    2.4093077421e+00   -1.5373156631e+01    3.0000000000e+03    3.4469719500e-01    6.7118750000e-01
        25   -7.3808540781e+00    5.5273195937e+01   -1.3866639161e+01    6.4857850834e+00    2.4615646391e+00   -1.6328203801e+01    3.0000000000e+03    3.4493196600e-01    6.6825000000e-01
        26   -7.4103948204e+00    5.5757680898e+01   -1.3569964475e+01    6.1595696547e+00    2.4827141316e+00   -1.6052678607e+01    3.0000000000e+03    3.4765698400e-01    6.6615625000e-01
        27   -7.3989791858e+00    5.5591270352e+01   -1.3533861317e+01    6.1348821314e+00    2.4699652348e+00   -1.6003826552e+01    3.0000000000e+03    3.4893890200e-01    6.6630208333e-01
        28   -7.4169833976e+00    5.5841539881e+01   -1.3944343742e+01    6.5273603441e+00    2.4933684522e+00   -1.6437712194e+01    3.0000000000e+03    3.4683513900e-01    6.6519791667e-01
        29   -7.3614798392e+00    5.4937064202e+01   -1.3455512286e+01    6.0940324467e+00    2.4266100665e+00   -1.5882122352e+01    3.0000000000e+03    3.5050326900e-01    6.6952083333e-01
        30   -7.3937911637e+00    5.5465197647e+01   -1.3956406739e+01    6.5626155750e+00    2.4879541964e+00   -1.6444360935e+01    3.0000000000e+03    4.2907375600e-01    6.6762500000e-01
        31   -7.4304099602e+00    5.6096643340e+01   -1.4070981848e+01    6.6405718878e+00    2.5066813397e+00   -1.6577663188e+01    3.0000000000e+03    3.6588940900e-01    6.6671875000e-01
        32   -7.3915449867e+00    5.5432280836e+01   -1.3252802025e+01    5.8612570382e+00    2.4443108658e+00   -1.5697112891e+01    3.0000000000e+03    3.7291366500e-01    6.6785416667e-01
        33   -7.3715620651e+00    5.5151971577e+01   -1.3331634543e+01    5.9600724782e+00    2.4275449777e+00   -1.5759179521e+01    3.0000000000e+03    3.9379381100e-01    6.6754166667e-01
        34   -7.3934476173e+00    5.5466580547e+01   -1.3793929276e+01    6.4004816583e+00    2.4521465820e+00   -1.6246075858e+01    3.0000000000e+03    4.5451292400e-01    6.6607291667e-01
        35   -7.3535431770e+00    5.4829035787e+01   -1.3050123791e+01    5.6965806140e+00    2.4498291967e+00   -1.5499952988e+01    3.0000000000e+03    3.8648540900e-01    6.6777083333e-01
        36   -7.3727173015e+00    5.5194806915e+01   -1.3413344607e+01    6.0406273051e+00    2.4467079751e+00   -1.5860052582e+01    3.0000000000e+03    3.9599481200e-01    6.6912500000e-01
        37   -7.4253919863e+00    5.5995116800e+01   -1.4116098904e+01    6.6907069182e+00    2.4422483355e+00   -1.6558347240e+01    3.0000000000e+03    3.4560910500e-01    6.6705208333e-01
        38   -7.3810630623e+00    5.5292105958e+01   -1.3962992021e+01    6.5819289585e+00    2.4308040446e+00   -1.6393796065e+01    3.0000000000e+03    3.4532286900e-01    6.6620833333e-01
        39   -7.4047445805e+00    5.5687340682e+01   -1.3632238762e+01    6.2274941820e+00    2.5028889943e+00   -1.6135127757e+01    3.0000000000e+03    3.5637785300e-01    6.6725000000e-01
        40   -7.3539607890e+00    5.4838235275e+01   -1.2997415299e+01    5.6434545100e+00    2.4121112455e+00   -1.5409526545e+01    3.0000000000e+03    3.6978645600e-01    6.7116666667e-01
        41   -7.3494504243e+00    5.4799737595e+01   -1.2970740979e+01    5.6212905543e+00    2.4443966754e+00   -1.5415137654e+01    3.0000000000e+03    4.0617117000e-01    6.6925000000e-01
        42   -7.3719578273e+00    5.5154180829e+01   -1.3487975580e+01    6.1160177530e+00    2.4508271935e+00   -1.5938802774e+01    3.0000000000e+03    4.0981960400e-01    6.6693750000e-01
        43   -7.3682902753e+00    5.5104856164e+01   -1.3496657900e+01    6.1283676250e+00    2.3830865314e+00   -1.5879744432e+01    3.0000000000e+03    5.0597720700e-01    6.7262500000e-01
        44   -7.4007618724e+00    5.5638515353e+01   -1.4007549423e+01    6.6067875502e+00    2.4721983652e+00   -1.6479747788e+01    3.0000000000e+03    3.4573263400e-01    6.6714583333e-01
        45   -7.3120542075e+00    5.4177999026e+01   -1.3431344492e+01    6.1192902841e+00    2.4061419428e+00   -1.5837486434e+01    3.0000000000e+03    3.6245352800e-01    6.7089583333e-01
        46   -7.3633726143e+00    5.4965054163e+01   -1.3211902406e+01    5.8485297912e+00    2.4662751122e+00   -1.5678177518e+01    3.0000000000e+03    3.4432119500e-01    6.6528125000e-01
        47   -7.3494087153e+00    5.4778325360e+01   -1.3175583153e+01    5.8261744378e+00    2.4527583546e+00   -1.5628341508e+01    3.0000000000e+03    3.6046970600e-01    6.6896875000e-01
        48   -7.3905230398e+00    5.5421962258e+01   -1.3784924513e+01    6.3944014731e+00    2.4606549208e+00   -1.6245579434e+01    3.0000000000e+03    3.5047351300e-01    6.6602083333e-01
        49   -7.3886095029e+00    5.5389106866e+01   -1.3871296627e+01    6.4826871241e+00    2.4633626418e+00   -1.6334659269e+01    3.0000000000e+03    3.8908459000e-01    6.6346875000e-01
        50   -7.4300849977e+00    5.6064874373e+01   -1.3995534680e+01    6.5654496824e+00    2.4885896488e+00   -1.6484124329e+01    3.0000000000e+03    3.4793063600e-01    6.6594791667e-01
        51   -7.3594977201e+00    5.4926700738e+01   -1.3482159494e+01    6.1226617737e+00    2.4564751306e+00   -1.5938634624e+01    3.0000000000e+03    3.4849967900e-01    6.6647916667e-01
        52   -7.3505039857e+00    5.4797202884e+01   -1.3330786986e+01    5.9802830007e+00    2.4257483367e+00   -1.5756535323e+01    3.0000000000e+03    3.4637239200e-01    6.6912500000e-01
        53   -7.3641526607e+00    5.5011092415e+01   -1.3095045081e+01    5.7308924200e+00    2.4132126373e+00   -1.5508257718e+01    3.0000000000e+03    3.4420987600e-01    6.6884375000e-01
        54   -7.3745491670e+00    5.5217363866e+01   -1.3720829232e+01    6.3462800646e+00    2.4471771622e+00   -1.6168006394e+01    3.0000000000e+03    3.4919143200e-01    6.6803125000e-01
        55   -7.3747196423e+00    5.5156617018e+01   -1.3829063905e+01    6.4543442627e+00    2.4237716548e+00   -1.6252835560e+01    3.0000000000e+03    3.4989197000e-01    6.6808333333e-01
        56   -7.3811157395e+00    5.5241682875e+01   -1.3727750887e+01    6.3466351473e+00    2.4207348305e+00   -1.6148485717e+01    3.0000000000e+03    3.5125257400e-01    6.6694791667e-01
        57   -7.3913427198e+00    5.5488330205e+01   -1.3691885792e+01    6.3005430718e+00    2.4546784831e+00   -1.6146564275e+01    3.0000000000e+03    3.4651691800e-01    6.6947916667e-01
        58   -7.3594425238e+00    5.4977292310e+01   -1.3302992763e+01    5.9435502391e+00    2.4434795206e+00   -1.5746472284e+01    3.0000000000e+03    3.4570351300e-01    6.6987500000e-01
        59   -7.3631931620e+00    5.4994532088e+01   -1.3025933673e+01    5.6627405107e+00    2.4420411990e+00   -1.5467974872e+01    3.0000000000e+03    3.4589431300e-01    6.6706250000e-01
        60   -7.3520516008e+00    5.4820416799e+01   -1.3629177982e+01    6.2771263810e+00    2.4670332659e+00   -1.6096211248e+01    3.0000000000e+03    3.4513161700e-01    6.6857291667e-01
        61   -7.3725234739e+00    5.5192985155e+01   -1.3062512726e+01    5.6899892521e+00    2.4581381087e+00   -1.5520650835e+01    3.0000000000e+03    3.4523769000e-01    6.6705208333e-01
        62   -7.4180409176e+00    5.5857905569e+01   -1.4177039673e+01    6.7589987551e+00    2.4980974419e+00   -1.6675137115e+01    3.0000000000e+03    3.5183847400e-01    6.6328125000e-01
        63   -7.4351715636e+00    5.6149281553e+01   -1.4407680253e+01    6.9725086897e+00    2.5042740858e+00   -1.6911954339e+01    3.0000000000e+03    3.4965568200e-01    6.6461458333e-01
        64   -7.3538545177e+00    5.4848985560e+01   -1.3076769506e+01    5.7229149886e+00    2.4457215241e+00   -1.5522491030e+01    3.0000000000e+03    3.5073339100e-01    6.7101041667e-01
        65   -7.3020535975e+00    5.4006561452e+01   -1.2690645748e+01    5.3885921500e+00    2.4097668690e+00   -1.5100412617e+01    3.0000000000e+03    3.4969778500e-01    6.7248958333e-01
        66   -7.3474609773e+00    5.4775806787e+01   -1.2941727755e+01    5.5942667775e+00    2.4720240973e+00   -1.5413751852e+01    3.0000000000e+03    3.5029007100e-01    6.6918750000e-01
        67   -7.3496998910e+00    5.4752915405e+01   -1.2915076249e+01    5.5653763584e+00    2.4191788830e+00   -1.5334255132e+01    3.0000000000e+03    3.4467394800e-01    6.6786458333e-01
        68   -7.4300093750e+00    5.6033198662e+01   -1.4101565771e+01    6.6715563963e+00    2.4486560735e+00   -1.6550221845e+01    3.0000000000e+03    3.4318855200e-01    6.6346875000e-01
        69   -7.3815018946e+00    5.5243492511e+01   -1.3400702106e+01    6.0192002111e+00    2.4655536370e+00   -1.5866255743e+01    3.0000000000e+03    3.4351767000e-01    6.6555208333e-01
        70   -7.3534317270e+00    5.4848223326e+01   -1.2952691977e+01    5.5992602499e+00    2.4470905742e+00   -1.5399782551e+01    3.0000000000e+03    3.4392390100e-01    6.7088541667e-01
        71   -7.3771399693e+00    5.5244196328e+01   -1.3644724354e+01    6.2675843849e+00    2.4790362763e+00   -1.6123760631e+01    3.0000000000e+03    3.4660431200e-01    6.6504166667e-01
        72   -7.3655509265e+00    5.5044005756e+01   -1.3266676264e+01    5.9011253373e+00    2.4101109853e+00   -1.5676787249e+01    3.0000000000e+03    3.4469397900e-01    6.6947916667e-01
        73   -7.3973880153e+00    5.5499486265e+01   -1.3288635615e+01    5.8912475992e+00    2.4956704602e+00   -1.5784306075e+01    3.0000000000e+03    3.4263100600e-01    6.6433333333e-01
        74   -7.3858950461e+00    5.5338326963e+01   -1.3748168055e+01    6.3622730087e+00    2.4793066606e+00   -1.6227474715e+01    3.0000000000e+03    3.4372182800e-01    6.6362500000e-01
        75   -7.3789175148e+00    5.5265101293e+01   -1.3769346473e+01    6.3904289583e+00    2.4909065185e+00   -1.6260252992e+01    3.0000000000e+03    3.4386095000e-01    6.6919791667e-01
        76   -7.3315450187e+00    5.4517721748e+01   -1.2947702783e+01    5.6161577640e+00    2.4358728016e+00   -1.5383575584e+01    3.0000000000e+03    3.4437697400e-01    6.6760416667e-01
        77   -7.3731452719e+00    5.5116346157e+01   -1.3485091462e+01    6.1119461900e+00    2.4507404409e+00   -1.5935831903e+01    3.0000000000e+03    3.4882474100e-01    6.6473958333e-01
        78   -7.3712182241e+00    5.5154678886e+01   -1.3159831820e+01    5.7886135955e+00    2.4331589060e+00   -1.5592990726e+01    3.0000000000e+03    3.4994475900e-01    6.7064583333e-01
        79   -7.3731959682e+00    5.5153232118e+01   -1.3411649595e+01    6.0384536273e+00    2.4593627171e+00   -1.5871012313e+01    3.0000000000e+03    3.4910176300e-01    6.6802083333e-01
        80   -7.3565962277e+00    5.4914017536e+01   -1.3533384952e+01    6.1767887246e+00    2.4342386294e+00   -1.5967623582e+01    3.0000000000e+03    3.4926501500e-01    6.6577083333e-01
        81   -7.4012119079e+00    5.5602469793e+01   -1.3895309303e+01    6.4940973951e+00    2.4870113560e+00   -1.6382320659e+01    3.0000000000e+03    3.4696142400e-01    6.6770833333e-01
        82   -7.4418555479e+00    5.6263096042e+01   -1.3965496258e+01    6.5236407105e+00    2.5008478712e+00   -1.6466344130e+01    3.0000000000e+03    3.4582017500e-01    6.6553125000e-01
        83   -7.3909335497e+00    5.5409526773e+01   -1.4105995564e+01    6.7150620143e+00    2.4249184697e+00   -1.6530914034e+01    3.0000000000e+03    3.4703407300e-01    6.6855208333e-01
        84   -7.3792342613e+00    5.5237629357e+01   -1.3545182364e+01    6.1659481032e+00    2.5062545924e+00   -1.6051436957e+01    3.0000000000e+03    3.4674535800e-01    6.6523958333e-01
        85   -7.3418173960e+00    5.4707129696e+01   -1.3786344367e+01    6.4445269711e+00    2.4649013615e+00   -1.6251245729e+01    3.0000000000e+03    3.4838921600e-01    6.7100000000e-01
        86   -7.3594368939e+00    5.4959353088e+01   -1.3757187198e+01    6.3977503041e+00    2.4518339472e+00   -1.6209021145e+01    3.0000000000e+03    3.4685329000e-01    6.6843750000e-01
        87   -7.3386280222e+00    5.4625872873e+01   -1.2870929384e+01    5.5323013614e+00    2.4480894965e+00   -1.5319018880e+01    3.0000000000e+03    3.4787347400e-01    6.7407291667e-01
        88   -7.4010748451e+00    5.5632166267e+01   -1.3526213082e+01    6.1251382367e+00    2.5102337671e+00   -1.6036446849e+01    3.0000000000e+03    3.4692765500e-01    6.6705208333e-01
        89   -7.4154133149e+00    5.5840597765e+01   -1.4825291856e+01    7.4098785410e+00    2.4537007455e+00   -1.7278992601e+01    3.0000000000e+03    3.4633491900e-01    6.6783333333e-01
        90   -7.3748428155e+00    5.5160557197e+01   -1.4016332560e+01    6.6414897448e+00    2.4692042827e+00   -1.6485536843e+01    3.0000000000e+03    3.6622788000e-01    6.6621875000e-01
        91   -7.3986183371e+00    5.5543375184e+01   -1.4004078583e+01    6.6054602461e+00    2.4391079843e+00   -1.6443186567e+01    3.0000000000e+03    3.4571144300e-01    6.6405208333e-01
        92   -7.3975260424e+00    5.5543314310e+01   -1.3466067116e+01    6.0685410733e+00    2.4528415811e+00   -1.5918908697e+01    3.0000000000e+03    3.4608625500e-01    6.6985416667e-01
        93   -7.3430312163e+00    5.4689887722e+01   -1.3141584345e+01    5.7985531286e+00    2.4157542020e+00   -1.5557338547e+01    3.0000000000e+03    3.4596218500e-01    6.6892708333e-01
        94   -7.3686057043e+00    5.5031071348e+01   -1.3245084181e+01    5.8764784765e+00    2.4334554563e+00   -1.5678539637e+01    3.0000000000e+03    3.4535421000e-01    6.6657291667e-01
        95   -7.3755569426e+00    5.5184004365e+01   -1.3344922943e+01    5.9693660007e+00    2.4778441426e+00   -1.5822767086e+01    3.0000000000e+03    3.4551284400e-01    6.6722916667e-01
        96   -7.3562645624e+00    5.4897084635e+01   -1.3115369323e+01    5.7591047606e+00    2.4455078238e+00   -1.5560877147e+01    3.0000000000e+03    3.4504848100e-01    6.6540625000e-01
        97   -7.3836107620e+00    5.5318601372e+01   -1.3515587625e+01    6.1319768634e+00    2.4917105905e+00   -1.6007298216e+01    3.0000000000e+03    3.4546639400e-01    6.6553125000e-01
        98   -7.3754221299e+00    5.5188574674e+01   -1.3952796946e+01    6.5773748158e+00    2.4404823575e+00   -1.6393279303e+01    3.0000000000e+03    3.4529801300e-01    6.6659375000e-01
        99   -7.4028901384e+00    5.5675761994e+01   -1.3989717554e+01    6.5868274155e+00    2.4578463308e+00   -1.6447563885e+01    3.0000000000e+03    3.4631031500e-01    6.6597916667e-01
       100   -7.3316558227e+00    5.4529174051e+01   -1.3030271086e+01    5.6986152633e+00    2.4019459971e+00   -1.5432217083e+01    3.0000000000e+03    3.4685398500e-01    6.6987500000e-01
       101   -7.3771334320e+00    5.5242346437e+01   -1.3867748602e+01    6.4906151703e+00    2.4448275642e+00   -1.6312576166e+01    3.0000000000e+03    3.4652395500e-01    6.6876041667e-01
       102   -7.4451728234e+00    5.6271595120e+01   -1.3533028228e+01    6.0878554046e+00    2.4674612223e+00   -1.6000489450e+01    3.0000000000e+03    3.4656821000e-01    6.6535416667e-01
       103   -7.3890722278e+00    5.5377181123e+01   -1.3940311243e+01    6.5512390150e+00    2.4241662587e+00   -1.6364477502e+01    3.0000000000e+03    3.4843679600e-01    6.6518750000e-01
       104   -7.3261582873e+00    5.4412919079e+01   -1.3142027757e+01    5.8158694696e+00    2.4082271304e+00   -1.5550254887e+01    3.0000000000e+03    3.4693312100e-01    6.7122916667e-01
       105   -7.3479757010e+00    5.4697241952e+01   -1.2869554759e+01    5.5215790580e+00    2.4566737024e+00   -1.5326228461e+01    3.0000000000e+03    3.4558175200e-01    6.6757291667e-01
       106   -7.3988626906e+00    5.5539750972e+01   -1.3632641567e+01    6.2337788767e+00    2.4251259690e+00   -1.6057767536e+01    3.0000000000e+03    3.4510737700e-01    6.6692708333e-01
       107   -7.3808475872e+00    5.5279235232e+01   -1.3994467862e+01    6.6136202750e+00    2.4192769567e+00   -1.6413744819e+01    3.0000000000e+03    3.4603457000e-01    6.6952083333e-01
       108   -7.3539945579e+00    5.4868712234e+01   -1.3326431348e+01    5.9724367905e+00    2.4481528402e+00   -1.5774584189e+01    3.0000000000e+03    3.4935794400e-01    6.6656250000e-01
       109   -7.4039207371e+00    5.5623952770e+01   -1.3565645024e+01    6.1617242866e+00    2.4593931902e+00   -1.6025038214e+01    3.0000000000e+03    3.4766075000e-01    6.6694791667e-01
       110   -7.3930073641e+00    5.5465975259e+01   -1.3785334429e+01    6.3923270645e+00    2.4507970482e+00   -1.6236131477e+01    3.0000000000e+03    3.4967412900e-01    6.6609375000e-01
       111   -7.3423918514e+00    5.4647832203e+01   -1.2964009026e+01    5.6216171745e+00    2.4361493711e+00   -1.5400158397e+01    3.0000000000e+03    3.5061423000e-01    6.7094791667e-01
       112   -7.4255885467e+00    5.5990889396e+01   -1.3740902075e+01    6.3153135284e+00    2.4843077329e+00   -1.6225209808e+01    3.0000000000e+03    3.4750011400e-01    6.6582291667e-01
       113   -7.3560634792e+00    5.4870028579e+01   -1.3600307781e+01    6.2442443015e+00    2.4887533752e+00   -1.6089061156e+01    3.0000000000e+03    3.4646936200e-01    6.6837500000e-01
       114   -7.4300650145e+00    5.6069965794e+01   -1.5308828920e+01    7.8787639053e+00    2.4517989146e+00   -1.7760627834e+01    3.0000000000e+03    3.4816181200e-01    6.6762500000e-01
       115   -7.4246463576e+00    5.6024271924e+01   -1.4478187523e+01    7.0535411658e+00    2.4934215650e+00   -1.6971609088e+01    3.0000000000e+03    3.4619716800e-01    6.6682291667e-01
       116   -7.3365528094e+00    5.4533801031e+01   -1.3016986837e+01    5.6804340274e+00    2.3933791567e+00   -1.5410365994e+01    3.0000000000e+03    3.4534921200e-01    6.7001041667e-01
       117   -7.3576558551e+00    5.4901862745e+01   -1.2891750155e+01    5.5340943001e+00    2.4618557554e+00   -1.5353605911e+01    3.0000000000e+03    3.4504647300e-01    6.6670833333e-01
       118   -7.3605812683e+00    5.4997915776e+01   -1.3224918043e+01    5.8643367743e+00    2.4550181722e+00   -1.5679936215e+01    3.0000000000e+03    3.4651596700e-01    6.6863541667e-01
       119   -7.4026698888e+00    5.5625370212e+01   -1.3240747495e+01    5.8380776059e+00    2.4716062557e+00   -1.5712353750e+01    3.0000000000e+03    3.4493109400e-01    6.6745833333e-01
       120   -7.3595094672e+00    5.4952264269e+01   -1.3700526389e+01    6.3410169223e+00    2.3851898203e+00   -1.6085716210e+01    3.0000000000e+03    3.6321609900e-01    6.7145833333e-01
       121   -7.3908322205e+00    5.5400055461e+01   -1.4002615509e+01    6.6117832890e+00    2.4678169617e+00   -1.6470432471e+01    3.0000000000e+03    3.4557457300e-01    6.6621875000e-01
       122   -7.3878347411e+00    5.5349426818e+01   -1.3685517857e+01    6.2976831157e+00    2.4423280597e+00   -1.6127845917e+01    3.0000000000e+03    3.4546418600e-01    6.6727083333e-01
       123   -7.3945175322e+00    5.5537755130e+01   -1.4111881075e+01    6.7173635429e+00    2.4774163690e+00   -1.6589297444e+01    3.0000000000e+03    3.4535104400e-01    6.6630208333e-01
       124   -7.3642428238e+00    5.5038489928e+01   -1.3685398680e+01    6.3211558563e+00    2.4406546648e+00   -1.6126053345e+01    3.0000000000e+03    3.4577646900e-01    6.6812500000e-01
       125   -7.3608815277e+00    5.4950799524e+01   -1.3320261728e+01    5.9593802005e+00    2.4075528515e+00   -1.5727814580e+01    3.0000000000e+03    3.4634815800e-01    6.7069791667e-01
       126   -7.3571282591e+00    5.4915406969e+01   -1.3311744648e+01    5.9546163887e+00    2.4354538685e+00   -1.5747198516e+01    3.0000000000e+03    3.4648355400e-01    6.7227083333e-01
       127   -7.3604790529e+00    5.4943673997e+01   -1.3436871948e+01    6.0763928954e+00    2.4689601933e+00   -1.5905832142e+01    3.0000000000e+03    3.4553648100e-01    6.6675000000e-01
       128   -7.3975541481e+00    5.5544908292e+01   -1.4331066847e+01    6.9335126989e+00    2.4765474298e+00   -1.6807614277e+01    3.0000000000e+03    3.4534706100e-01    6.6612500000e-01
       129   -7.4130324554e+00    5.5758896332e+01   -1.3537807800e+01    6.1247753443e+00    2.4505806190e+00   -1.5988388419e+01    3.0000000000e+03    3.4553800300e-01    6.6617708333e-01
       130   -7.3699353353e+00    5.5098028468e+01   -1.3068207899e+01    5.6982725637e+00    2.5261497339e+00   -1.5594357633e+01    3.0000000000e+03    3.4598433600e-01    6.6667708333e-01
       131   -7.3585372894e+00    5.4963885205e+01   -1.3221573311e+01    5.8630360217e+00    2.4445432452e+00   -1.5666116556e+01    3.0000000000e+03    3.4613403200e-01    6.6953125000e-01
       132   -7.4017039159e+00    5.5631992071e+01   -1.3574196107e+01    6.1724921914e+00    2.4978157237e+00   -1.6072011831e+01    3.0000000000e+03    3.4568918900e-01    6.6666666667e-01
       133   -7.4132282415e+00    5.5815159229e+01   -1.3746951902e+01    6.3337236608e+00    2.5117143354e+00   -1.6258666238e+01    3.0000000000e+03    3.4562772600e-01    6.6756250000e-01
       134   -7.4012148421e+00    5.5590869491e+01   -1.4182466463e+01    6.7812516213e+00    2.5044801593e+00   -1.6686946623e+01    3.0000000000e+03    3.4637363900e-01    6.6689583333e-01
       135   -7.3775327357e+00    5.5213839174e+01   -1.3351313738e+01    5.9737810023e+00    2.5037056089e+00   -1.5855019347e+01    3.0000000000e+03    3.4700761700e-01    6.6830208333e-01
       136   -7.2920221103e+00    5.3889120083e+01   -1.2719063174e+01    5.4270410632e+00    2.3909694503e+00   -1.5110032624e+01    3.0000000000e+03    3.4704076200e-01    6.7207291667e-01
       137   -7.3706210249e+00    5.5097758867e+01   -1.3483867645e+01    6.1132466197e+00    2.4153881000e+00   -1.5899255745e+01    3.0000000000e+03    3.4499065800e-01    6.6670833333e-01
       138   -7.3443721715e+00    5.4713329500e+01   -1.3074312678e+01    5.7299405060e+00    2.4522926986e+00   -1.5526605376e+01    3.0000000000e+03    3.4556919900e-01    6.6805208333e-01
       139   -7.3609292517e+00    5.4990578354e+01   -1.3892245487e+01    6.5313162354e+00    2.4494642481e+00   -1.6341709735e+01    3.0000000000e+03    3.4691537400e-01    6.6921875000e-01
       140   -7.3823563530e+00    5.5297697458e+01   -1.3455631876e+01    6.0732755226e+00    2.4282455759e+00   -1.5883877452e+01    3.0000000000e+03    3.4417096500e-01    6.6786458333e-01
       141   -7.3400570416e+00    5.4667496614e+01   -1.3264594662e+01    5.9245376208e+00    2.4997266580e+00   -1.5764321320e+01    3.0000000000e+03    3.4457448900e-01    6.6770833333e-01
       142   -7.3593911919e+00    5.4957107081e+01   -1.2955355896e+01    5.5959647037e+00    2.4485881211e+00   -1.5403944017e+01    3.0000000000e+03    3.4563002800e-01    6.7019791667e-01
       143   -7.3338617126e+00    5.4531548792e+01   -1.3222917619e+01    5.8890559069e+00    2.4203028957e+00   -1.5643220515e+01    3.0000000000e+03    3.4513614000e-01    6.7153125000e-01
       144   -7.3137470767e+00    5.4237758448e+01   -1.3061620771e+01    5.7478736940e+00    2.4251354036e+00   -1.5486756174e+01    3.0000000000e+03    3.4539948500e-01    6.7023958333e-01
       145   -7.3947446235e+00    5.5521156977e+01   -1.3843808737e+01    6.4490641139e+00    2.4404738608e+00   -1.6284282598e+01    3.0000000000e+03    3.4493268500e-01    6.6740625000e-01
       146   -7.3544976405e+00    5.4864173977e+01   -1.3319526406e+01    5.9650287659e+00    2.4351528770e+00   -1.5754679283e+01    3.0000000000e+03    3.4549528900e-01    6.6547916667e-01
       147   -7.3943735271e+00    5.5465060106e+01   -1.3544923441e+01    6.1505499136e+00    2.4821434201e+00   -1.6027066861e+01    3.0000000000e+03    3.4978611300e-01    6.6673958333e-01
       148   -7.3942485009e+00    5.5433468600e+01   -1.3391534995e+01    5.9972864937e+00    2.4217565144e+00   -1.5813291509e+01    3.0000000000e+03    3.6410031400e-01    6.6860416667e-01
       149   -7.3669061811e+00    5.5049614385e+01   -1.3231697887e+01    5.8647917054e+00    2.4101928087e+00   -1.5641890695e+01    3.0000000000e+03    3.4538140800e-01    6.6855208333e-01
       150   -7.3862292352e+00    5.5413429096e+01   -1.3322090573e+01    5.9358613374e+00    2.4917591427e+00   -1.5813849715e+01    3.0000000000e+03    3.4572982300e-01    6.6945833333e-01
       151   -7.3672885699e+00    5.5088727932e+01   -1.3252053335e+01    5.8847647649e+00    2.4708277251e+00   -1.5722881060e+01    3.0000000000e+03    3.4635059600e-01    6.7092708333e-01
       152   -7.3957676617e+00    5.5542296314e+01   -1.3698686693e+01    6.3029190308e+00    2.4365453481e+00   -1.6135232041e+01    3.0000000000e+03    3.4510457200e-01    6.6825000000e-01
       153   -7.3570674889e+00    5.4889959420e+01   -1.3167206052e+01    5.8101385629e+00    2.4541044753e+00   -1.5621310527e+01    3.0000000000e+03    3.4456653700e-01    6.6444791667e-01
       154   -7.3944536036e+00    5.5480345480e+01   -1.3691566462e+01    6.2971128584e+00    2.4618705065e+00   -1.6153436969e+01    3.0000000000e+03    3.4520429800e-01    6.6776041667e-01
       155   -7.4104740163e+00    5.5725236076e+01   -1.3576425741e+01    6.1659517245e+00    2.4516466530e+00   -1.6028072394e+01    3.0000000000e+03    3.4440384400e-01    6.6505208333e-01
       156   -7.3064179790e+00    5.4113940780e+01   -1.2816119893e+01    5.5097019142e+00    2.4419547129e+00   -1.5258074606e+01    3.0000000000e+03    3.4532740200e-01    6.7237500000e-01
       157   -7.3905837846e+00    5.5414944499e+01   -1.3544539632e+01    6.1539558479e+00    2.4548278797e+00   -1.5999367512e+01    3.0000000000e+03    3.4851561100e-01    6.6580208333e-01
       158   -7.3533534306e+00    5.4854047698e+01   -1.3367831606e+01    6.0144781756e+00    2.4296755025e+00   -1.5797507109e+01    3.0000000000e+03    3.4520701100e-01    6.6912500000e-01
       159   -7.3627289153e+00    5.4987641010e+01   -1.3452583077e+01    6.0898541618e+00    2.4167468497e+00   -1.5869329927e+01    3.0000000000e+03    3.4943534800e-01    6.6661458333e-01
       160   -7.3782685381e+00    5.5244111859e+01   -1.3219648937e+01    5.8413803988e+00    2.4553892106e+00   -1.5675038148e+01    3.0000000000e+03    3.4510407100e-01    6.6727083333e-01
       161   -7.3739811238e+00    5.5188986064e+01   -1.4055154032e+01    6.6811729087e+00    2.4605463790e+00   -1.6515700411e+01    3.0000000000e+03    3.4611680400e-01    6.6844791667e-01
       162   -7.3696347781e+00    5.5100442062e+01   -1.3283760265e+01    5.9141254869e+00    2.4084969638e+00   -1.5692257229e+01    3.0000000000e+03    3.4494269200e-01    6.7060416667e-01
       163   -7.3945463081e+00    5.5489423923e+01   -1.3768349421e+01    6.3738031132e+00    2.5152238788e+00   -1.6283573300e+01    3.0000000000e+03    3.4457895400e-01    6.6443750000e-01
       164   -7.4037130144e+00    5.5624714053e+01   -1.4261612585e+01    6.8578995701e+00    2.4351126913e+00   -1.6696725276e+01    3.0000000000e+03    3.4437574600e-01    6.6685416667e-01
       165   -7.4101120726e+00    5.5765776945e+01   -1.3615131826e+01    6.2050197529e+00    2.4408716791e+00   -1.6056003505e+01    3.0000000000e+03    3.4538998900e-01    6.6903125000e-01
       166   -7.3777873052e+00    5.5239670061e+01   -1.3598326357e+01    6.2205390522e+00    2.4124081319e+00   -1.6010734489e+01    3.0000000000e+03    3.4423057400e-01    6.6610416667e-01
       167   -7.3964199885e+00    5.5521086058e+01   -1.3468581133e+01    6.0721611441e+00    2.4244341165e+00   -1.5893015249e+01    3.0000000000e+03    3.4599369300e-01    6.6864583333e-01
       168   -7.3805421485e+00    5.5297888270e+01   -1.3494836263e+01    6.1142941141e+00    2.4805328746e+00   -1.5975369137e+01    3.0000000000e+03    3.4500151600e-01    6.6590625000e-01
       169   -7.3721540238e+00    5.5156848845e+01   -1.3387498245e+01    6.0153442207e+00    2.4540793441e+00   -1.5841577589e+01    3.0000000000e+03    3.4592893700e-01    6.6939583333e-01
       170   -7.3944613882e+00    5.5538031376e+01   -1.3683137371e+01    6.2886759829e+00    2.4965408870e+00   -1.6179678258e+01    3.0000000000e+03    3.4516572500e-01    6.6718750000e-01
       171   -7.3432367740e+00    5.4681494201e+01   -1.3594225446e+01    6.2509886724e+00    2.4102116837e+00   -1.6004437130e+01    3.0000000000e+03    3.4604152700e-01    6.7267708333e-01
       172   -7.3435862314e+00    5.4732366295e+01   -1.3249767225e+01    5.9061809932e+00    2.4335709867e+00   -1.5683338211e+01    3.0000000000e+03    3.4569142300e-01    6.6848958333e-01
       173   -7.4030891328e+00    5.5612522547e+01   -1.3812259113e+01    6.4091699799e+00    2.4387355142e+00   -1.6250994627e+01    3.0000000000e+03    3.4529625000e-01    6.6817708333e-01
       174   -7.3701531055e+00    5.5095198227e+01   -1.3399580038e+01    6.0294269325e+00    2.4461830154e+00   -1.5845763053e+01    3.0000000000e+03    3.4513235700e-01    6.6757291667e-01
       175   -7.3451305772e+00    5.4751429083e+01   -1.3459460478e+01    6.1143299012e+00    2.4134713952e+00   -1.5872931874e+01    3.0000000000e+03    3.4499873000e-01    6.6955208333e-01
       176   -7.3359637942e+00    5.4551124483e+01   -1.3031585907e+01    5.6956221124e+00    2.4603301864e+00   -1.5491916093e+01    3.0000000000e+03    3.4540491900e-01    6.6815625000e-01
       177   -7.3537879707e+00    5.4846960550e+01   -1.3451653208e+01    6.0978652370e+00    2.4394850957e+00   -1.5891138303e+01    3.0000000000e+03    3.4562255400e-01    6.6945833333e-01
       178   -7.3844654290e+00    5.5366909267e+01   -1.3364085614e+01    5.9796201847e+00    2.4056523327e+00   -1.5769737946e+01    3.0000000000e+03    3.4843140900e-01    6.7152083333e-01
       179   -7.4205311424e+00    5.5913811192e+01   -1.3953458928e+01    6.5329277860e+00    2.4466473267e+00   -1.6400106255e+01    3.0000000000e+03    3.4410767400e-01    6.6565625000e-01
       180   -7.3773860602e+00    5.5255896885e+01   -1.3272887997e+01    5.8955019371e+00    2.4759926167e+00   -1.5748880614e+01    3.0000000000e+03    3.4691913600e-01    6.6809375000e-01
       181   -7.3569381886e+00    5.4905591886e+01   -1.2997300701e+01    5.6403625127e+00    2.4733893712e+00   -1.5470690073e+01    3.0000000000e+03    3.4698421300e-01    6.6886458333e-01
       182   -7.3135012658e+00    5.4236272815e+01   -1.3057843530e+01    5.7443422643e+00    2.4110710920e+00   -1.5468914622e+01    3.0000000000e+03    3.4745194200e-01    6.7161458333e-01
       183   -7.3760012448e+00    5.5231092707e+01   -1.3582693584e+01    6.2066923395e+00    2.4651397809e+00   -1.6047833365e+01    3.0000000000e+03    3.4688937500e-01    6.6750000000e-01
       184   -7.4302900106e+00    5.6048320294e+01   -1.3980845547e+01    6.5505555362e+00    2.4854714787e+00   -1.6466317025e+01    3.0000000000e+03    3.4841897300e-01    6.6662500000e-01
       185   -7.3784929364e+00    5.5254189160e+01   -1.3212148399e+01    5.8336554622e+00    2.4925203267e+00   -1.5704668725e+01    3.0000000000e+03    3.4518511700e-01    6.7002083333e-01
       186   -7.3848290794e+00    5.5398194971e+01   -1.4043405244e+01    6.6585761650e+00    2.4352159590e+00   -1.6478621203e+01    3.0000000000e+03    3.4505101700e-01    6.6845833333e-01
       187   -7.3462876598e+00    5.4706605763e+01   -1.3472309920e+01    6.1260222601e+00    2.4080278304e+00   -1.5880337750e+01    3.0000000000e+03    3.4803769600e-01    6.6789583333e-01
       188   -7.3541177130e+00    5.4839670684e+01   -1.3662745670e+01    6.3086279572e+00    2.4637874911e+00   -1.6126533161e+01    3.0000000000e+03    3.4643648900e-01    6.7112500000e-01
       189   -7.3357752235e+00    5.4565135258e+01   -1.3023604355e+01    5.6878291315e+00    2.4204283399e+00   -1.5444032695e+01    3.0000000000e+03    3.4602811400e-01    6.7193750000e-01
       190   -7.3253217776e+00    5.4424929457e+01   -1.3187362707e+01    5.8620409291e+00    2.4068144364e+00   -1.5594177143e+01    3.0000000000e+03    3.4698947700e-01    6.7083333333e-01
       191   -7.3960251698e+00    5.5564279860e+01   -1.4207797250e+01    6.8117720803e+00    2.4292080651e+00   -1.6637005315e+01    3.0000000000e+03    3.4563908400e-01    6.7110416667e-01
       192   -7.3766682053e+00    5.5206806523e+01   -1.3531214468e+01    6.1545462631e+00    2.4399142145e+00   -1.5971128683e+01    3.0000000000e+03    3.4604596500e-01    6.6626041667e-01
       193   -7.3872023397e+00    5.5375253600e+01   -1.3579664353e+01    6.1924620131e+00    2.4023784800e+00   -1.5982042833e+01    3.0000000000e+03    3.4689687100e-01    6.6982291667e-01
       194   -7.4130984924e+00    5.5734214412e+01   -1.3648412275e+01    6.2353137831e+00    2.4370519961e+00   -1.6085464272e+01    3.0000000000e+03    3.4511885800e-01    6.6642708333e-01
       195   -7.3532121454e+00    5.4847464624e+01   -1.3253515721e+01    5.9003035755e+00    2.4267685850e+00   -1.5680284306e+01    3.0000000000e+03    3.4630767800e-01    6.7002083333e-01
       196   -7.3516510542e+00    5.4829421518e+01   -1.3064035252e+01    5.7123841980e+00    2.4532162150e+00   -1.5517251467e+01    3.0000000000e+03    3.4692552800e-01    6.6931250000e-01
       197   -7.3961380767e+00    5.5496802134e+01   -1.3955513782e+01    6.5593757055e+00    2.4640725157e+00   -1.6419586298e+01    3.0000000000e+03    3.4552480700e-01    6.6484375000e-01
       198   -7.4228564453e+00    5.6018312061e+01   -1.3672047791e+01    6.2491913459e+00    2.4109497959e+00   -1.6082997587e+01    3.0000000000e+03    3.4577396300e-01    6.6844791667e-01
       199   -7.3550403576e+00    5.4892115424e+01   -1.3474999987e+01    6.1199596291e+00    2.4534988841e+00   -1.5928498871e+01    3.0000000000e+03    3.4768257800e-01    6.6808333333e-01
       200   -7.3735890969e+00    5.5216761291e+01   -1.3470452563e+01    6.0968634663e+00    2.4903907554e+00   -1.5960843319e+01    3.0000000000e+03    3.4782781200e-01    6.6647916667e-01
       201   -7.3361677430e+00    5.4553241150e+01   -1.3143357698e+01    5.8071899550e+00    2.4280371788e+00   -1.5571394877e+01    3.0000000000e+03    3.5789791800e-01    6.7121875000e-01
       202   -7.3622867090e+00    5.4981168737e+01   -1.3524406910e+01    6.1621202010e+00    2.4900272502e+00   -1.6014434160e+01    3.0000000000e+03    3.4680627300e-01    6.6629166667e-01
       203   -7.4042123632e+00    5.5644352372e+01   -1.3646845358e+01    6.2426329947e+00    2.4731070601e+00   -1.6119952418e+01    3.0000000000e+03    3.4514651900e-01    6.6853125000e-01
       204   -7.3651909276e+00    5.5058425942e+01   -1.3328925635e+01    5.9637347071e+00    2.4492869646e+00   -1.5778212599e+01    3.0000000000e+03    3.5133944500e-01    6.7000000000e-01
       205   -7.3566601560e+00    5.4903934081e+01   -1.3091926768e+01    5.7352666116e+00    2.4687467570e+00   -1.5560673524e+01    3.0000000000e+03    3.4768245900e-01    6.6960416667e-01
       206   -7.3376918511e+00    5.4622408331e+01   -1.3303338507e+01    5.9656466563e+00    2.4144900211e+00   -1.5717828529e+01    3.0000000000e+03    3.6406003800e-01    6.6707291667e-01
       207   -7.3607747923e+00    5.4949157195e+01   -1.3609827594e+01    6.2490528021e+00    2.4377431780e+00   -1.6047570772e+01    3.0000000000e+03    3.4532896900e-01    6.6638541667e-01
       208   -7.3321857111e+00    5.4518753795e+01   -1.3121673197e+01    5.7894874855e+00    2.4225115283e+00   -1.5544184725e+01    3.0000000000e+03    3.4467535100e-01    6.6967708333e-01
       209   -7.4038799576e+00    5.5665865429e+01   -1.3382857890e+01    5.9789779323e+00    2.4806086793e+00   -1.5863466569e+01    3.0000000000e+03    3.4532279200e-01    6.6586458333e-01
       210   -7.3700422663e+00    5.5077704348e+01   -1.3212892040e+01    5.8428497734e+00    2.4231350744e+00   -1.5636027114e+01    3.0000000000e+03    3.4670290500e-01    6.6771875000e-01
       211   -7.4130766191e+00    5.5782925439e+01   -1.4243779109e+01    6.8307024903e+00    2.4384020141e+00   -1.6682181124e+01    3.0000000000e+03    3.4574829300e-01    6.6876041667e-01
       212   -7.3506537392e+00    5.4803625833e+01   -1.3751714203e+01    6.4010604636e+00    2.4412273760e+00   -1.6192941579e+01    3.0000000000e+03    3.4573454200e-01    6.6736458333e-01
       213   -7.3621146611e+00    5.4983313386e+01   -1.3393371933e+01    6.0312572717e+00    2.4058449041e+00   -1.5799216837e+01    3.0000000000e+03    3.4648403900e-01    6.6710416667e-01
       214   -7.3787144875e+00    5.5217282963e+01   -1.3827007980e+01    6.4482934922e+00    2.4642588308e+00   -1.6291266810e+01    3.0000000000e+03    3.4464917500e-01    6.6551041667e-01
       215   -7.3725699890e+00    5.5119062474e+01   -1.4336327502e+01    6.9637575132e+00    2.4403387531e+00   -1.6776666255e+01    3.0000000000e+03    3.4606781600e-01    6.6829166667e-01
       216   -7.4019327830e+00    5.5583579810e+01   -1.3692152522e+01    6.2902197386e+00    2.4584318465e+00   -1.6150584368e+01    3.0000000000e+03    3.4742086500e-01    6.6788541667e-01
       217   -7.3443021456e+00    5.4654447788e+01   -1.2910856701e+01    5.5665545554e+00    2.4017965389e+00   -1.5312653240e+01    3.0000000000e+03    3.4594448800e-01    6.6905208333e-01
       218   -7.3686091021e+00    5.5147593435e+01   -1.3775343275e+01    6.4067341729e+00    2.4417614447e+00   -1.6217104720e+01    3.0000000000e+03    3.4601377300e-01    6.6925000000e-01
       219   -7.3885660757e+00    5.5407734629e+01   -1.3495026228e+01    6.1064601527e+00    2.4919281811e+00   -1.5986954410e+01    3.0000000000e+03    3.4678312000e-01    6.6786458333e-01
       220   -7.3702418716e+00    5.5076639709e+01   -1.3495973901e+01    6.1257320292e+00    2.4771575924e+00   -1.5973131493e+01    3.0000000000e+03    3.4575595000e-01    6.6746875000e-01
       221   -7.3802249633e+00    5.5244319767e+01   -1.3576726001e+01    6.1965010379e+00    2.4137403452e+00   -1.5990466346e+01    3.0000000000e+03    3.4725427300e-01    6.6703125000e-01
       222   -7.3755052759e+00    5.5173625456e+01   -1.3321518622e+01    5.9460133463e+00    2.4564061280e+00   -1.5777924750e+01    3.0000000000e+03    3.4554521000e-01    6.6571875000e-01
       223   -7.3989706369e+00    5.5545437689e+01   -1.3894702014e+01    6.4957313768e+00    2.4716107573e+00   -1.6366312771e+01    3.0000000000e+03    3.4434788800e-01    6.6613541667e-01
       224   -7.3832595294e+00    5.5348482125e+01   -1.3702844753e+01    6.3195852241e+00    2.4353253036e+00   -1.6138170057e+01    3.0000000000e+03    3.4540306400e-01    6.6804166667e-01
       225   -7.3560264126e+00    5.4922807283e+01   -1.2814663053e+01    5.4586366409e+00    2.4171222607e+00   -1.5231785314e+01    3.0000000000e+03    3.4601661900e-01    6.7209375000e-01
       226   -7.3847239620e+00    5.5301081219e+01   -1.3757393160e+01    6.3726691975e+00    2.4284651583e+00   -1.6185858318e+01    3.0000000000e+03    3.4345051500e-01    6.6675000000e-01
       227   -7.3704593523e+00    5.5108940729e+01   -1.3291497368e+01    5.9210380159e+00    2.4912830485e+00   -1.5782780417e+01    3.0000000000e+03    3.4488548800e-01    6.6895833333e-01
       228   -7.3880572309e+00    5.5409702639e+01   -1.3540564807e+01    6.1525075764e+00    2.4661323095e+00   -1.6006697117e+01    3.0000000000e+03    3.4442456400e-01    6.6726041667e-01
       229   -7.3894433368e+00    5.5381600029e+01   -1.3734041703e+01    6.3445983660e+00    2.4758491970e+00   -1.6209890900e+01    3.0000000000e+03    3.4391833700e-01    6.6541666667e-01
       230   -7.3695105015e+00    5.5091365525e+01   -1.3729901086e+01    6.3603905848e+00    2.4957408202e+00   -1.6225641907e+01    3.0000000000e+03    3.4503698400e-01    6.6857291667e-01
       231   -7.3564107836e+00    5.4906643320e+01   -1.3708993295e+01    6.3525825118e+00    2.4103804341e+00   -1.6119373730e+01    3.0000000000e+03    3.4414695600e-01    6.6940625000e-01
       232   -7.3572828281e+00    5.4852357473e+01   -1.3352811315e+01    5.9955284865e+00    2.4388047774e+00   -1.5791616092e+01    3.0000000000e+03    3.4475470200e-01    6.6818750000e-01
       233   -7.3785477530e+00    5.5227468742e+01   -1.3668092448e+01    6.2895446951e+00    2.4556500587e+00   -1.6123742507e+01    3.0000000000e+03    3.4466277200e-01    6.6812500000e-01
       234   -7.3750385398e+00    5.5213023255e+01   -1.3759679752e+01    6.3846412125e+00    2.4256140587e+00   -1.6185293811e+01    3.0000000000e+03    3.4402023500e-01    6.6769791667e-01
       235   -7.4014666407e+00    5.5595603951e+01   -1.3282194047e+01    5.8807274065e+00    2.4397906356e+00   -1.5721984683e+01    3.0000000000e+03    3.4475288100e-01    6.6855208333e-01
       236   -7.3807298510e+00    5.5313896426e+01   -1.3244532148e+01    5.8638022970e+00    2.4353662694e+00   -1.5679898417e+01    3.0000000000e+03    3.4456965200e-01    6.6748958333e-01
       237   -7.3911601577e+00    5.5471832881e+01   -1.3435089661e+01    6.0439295037e+00    2.4699175160e+00   -1.5905007177e+01    3.0000000000e+03    3.4421858300e-01    6.6653125000e-01
       238   -7.3845538382e+00    5.5363616376e+01   -1.3431220633e+01    6.0466667945e+00    2.4673474832e+00   -1.5898568116e+01    3.0000000000e+03    3.4417544100e-01    6.6579166667e-01
       239   -7.3368982612e+00    5.4559839495e+01   -1.2750848507e+01    5.4139502462e+00    2.4538332405e+00   -1.5204681748e+01    3.0000000000e+03    3.4522187200e-01    6.6891666667e-01
       240   -7.3886206309e+00    5.5433669160e+01   -1.3307647610e+01    5.9190269795e+00    2.4752817782e+00   -1.5782929389e+01    3.0000000000e+03    3.4417898800e-01    6.6789583333e-01
       241   -7.3415787961e+00    5.4666124153e+01   -1.2944541118e+01    5.6029623222e+00    2.4300017922e+00   -1.5374542910e+01    3.0000000000e+03    3.4536159900e-01    6.7226041667e-01
       242   -7.3181682070e+00    5.4272926777e+01   -1.3218236229e+01    5.9000680216e+00    2.4069625081e+00   -1.5625198737e+01    3.0000000000e+03    3.4533972200e-01    6.6990625000e-01
       243   -7.3857437954e+00    5.5385349577e+01   -1.3275520964e+01    5.8897771686e+00    2.4134112660e+00   -1.5688932230e+01    3.0000000000e+03    3.4605725500e-01    6.6903125000e-01
       244   -7.4065578487e+00    5.5663221910e+01   -1.3970202653e+01    6.5636448044e+00    2.4746462786e+00   -1.6444848932e+01    3.0000000000e+03    3.4592717900e-01    6.6702083333e-01
       245   -7.3958714226e+00    5.5534218086e+01   -1.4231522199e+01    6.8356507764e+00    2.4399789933e+00   -1.6671501192e+01    3.0000000000e+03    3.4552385300e-01    6.6584375000e-01
       246   -7.3926205592e+00    5.5465075743e+01   -1.3690835291e+01    6.2982147316e+00    2.4540660941e+00   -1.6144901385e+01    3.0000000000e+03    3.4621174700e-01    6.6782291667e-01
       247   -7.3767291905e+00    5.5197959425e+01   -1.4230341011e+01    6.8536118204e+00    2.4633924246e+00   -1.6693733435e+01    3.0000000000e+03    3.4638529600e-01    6.6795833333e-01
       248   -7.3642398637e+00    5.5043193668e+01   -1.3099298912e+01    5.7350590484e+00    2.4691288394e+00   -1.5568427752e+01    3.0000000000e+03    3.4521667900e-01    6.7033333333e-01
       249   -7.3250292774e+00    5.4421796362e+01   -1.3088985324e+01    5.7639560467e+00    2.4391745943e+00   -1.5528159918e+01    3.0000000000e+03    3.4465776200e-01    6.6973958333e-01
       250   -7.3449936142e+00    5.4710604888e+01   -1.3334465059e+01    5.9894714450e+00    2.4784818298e+00   -1.5812946889e+01    3.0000000000e+03    3.4522688500e-01    6.6607291667e-01
       251   -7.3510376526e+00    5.4785600846e+01   -1.3403164638e+01    6.0521269855e+00    2.4348692673e+00   -1.5838033905e+01    3.0000000000e+03    3.4503167400e-01    6.6870833333e-01
       252   -7.3613265155e+00    5.4937632586e+01   -1.2919382504e+01    5.5580559885e+00    2.4282559159e+00   -1.5347638420e+01    3.0000000000e+03    3.4487096500e-01    6.7091666667e-01
       253   -7.4302076338e+00    5.6061088219e+01   -1.3849061534e+01    6.4188539003e+00    2.5040247401e+00   -1.6353086274e+01    3.0000000000e+03    3.4490533800e-01    6.6422916667e-01
       254   -7.3642508987e+00    5.5011770227e+01   -1.3098205838e+01    5.7339549388e+00    2.4278181312e+00   -1.5526023969e+01    3.0000000000e+03    3.4480437500e-01    6.7025000000e-01
       255   -7.3687702401e+00    5.5129496688e+01   -1.3628608746e+01    6.2598385058e+00    2.5056941617e+00   -1.6134302908e+01    3.0000000000e+03    3.4459830100e-01    6.6752083333e-01
       256   -7.3640935609e+00    5.5062835860e+01   -1.3646622722e+01    6.2825291616e+00    2.4688851828e+00   -1.6115507905e+01    3.0000000000e+03    3.4417110700e-01    6.6966666667e-01
       257   -7.4080861382e+00    5.5747107995e+01   -1.3971698269e+01    6.5636121304e+00    2.4521528886e+00   -1.6423851157e+01    3.0000000000e+03    3.4438632000e-01    6.6538541667e-01
       258   -7.3242312132e+00    5.4376130973e+01   -1.3334515887e+01    6.0102846737e+00    2.4528422801e+00   -1.5787358167e+01    3.0000000000e+03    3.4819996000e-01    6.6887500000e-01
       259   -7.3860643356e+00    5.5382591957e+01   -1.3522268261e+01    6.1362039252e+00    2.4463729449e+00   -1.5968641206e+01    3.0000000000e+03    3.4504559200e-01    6.6848958333e-01
       260   -7.3755526970e+00    5.5210465841e+01   -1.4141584660e+01    6.7660319631e+00    2.4321902662e+00   -1.6573774926e+01    3.0000000000e+03    3.4400150400e-01    6.6740625000e-01
       261   -7.3626795855e+00    5.4977330940e+01   -1.3325133707e+01    5.9624541212e+00    2.4241149721e+00   -1.5749248679e+01    3.0000000000e+03    3.4481487500e-01    6.6841666667e-01
       262   -7.3927616172e+00    5.5446145620e+01   -1.3290691491e+01    5.8979298742e+00    2.4316931095e+00   -1.5722384601e+01    3.0000000000e+03    3.4400439600e-01    6.6764583333e-01
       263   -7.4077267740e+00    5.5711814680e+01   -1.3888286337e+01    6.4805595629e+00    2.4496564091e+00   -1.6337942746e+01    3.0000000000e+03    3.4563556000e-01    6.6710416667e-01
       264   -7.3343035780e+00    5.4570206443e+01   -1.2867934521e+01    5.5336309427e+00    2.4303020216e+00   -1.5298236542e+01    3.0000000000e+03    3.4725969700e-01    6.7022916667e-01
       265   -7.3876970993e+00    5.5382780670e+01   -1.3438942836e+01    6.0512457363e+00    2.4549177139e+00   -1.5893860550e+01    3.0000000000e+03    3.4592970400e-01    6.6728125000e-01
       266   -7.3135508455e+00    5.4208692355e+01   -1.2943626406e+01    5.6300755605e+00    2.4476740365e+00   -1.5391300442e+01    3.0000000000e+03    3.4618263200e-01    6.6963541667e-01
       267   -7.3721970275e+00    5.5150236795e+01   -1.3610778138e+01    6.2385811105e+00    2.4802503046e+00   -1.6091028443e+01    3.0000000000e+03    3.4594479500e-01    6.6772916667e-01
       268   -7.3524505236e+00    5.4844114306e+01   -1.3241281078e+01    5.8888305539e+00    2.4480525927e+00   -1.5689333670e+01    3.0000000000e+03    3.4623453800e-01    6.6913541667e-01
       269   -7.3787084884e+00    5.5290820836e+01   -1.3548730691e+01    6.1700222024e+00    2.5220098152e+00   -1.6070740506e+01    3.0000000000e+03    3.4542203600e-01    6.6885416667e-01
       270   -7.4128994198e+00    5.5769043684e+01   -1.3811970934e+01    6.3990715146e+00    2.4748374472e+00   -1.6286808382e+01    3.0000000000e+03    3.4553120300e-01    6.6944791667e-01
       271   -7.3722655295e+00    5.5158209152e+01   -1.3708755161e+01    6.3364896312e+00    2.4441331277e+00   -1.6152888288e+01    3.0000000000e+03    3.4283851300e-01    6.6845833333e-01
       272   -7.3725583364e+00    5.5171189495e+01   -1.3620027423e+01    6.2474690870e+00    2.4257152731e+00   -1.6045742696e+01    3.0000000000e+03    3.4363751100e-01    6.6896875000e-01
       273   -7.4020706302e+00    5.5636394837e+01   -1.3258688765e+01    5.8566181351e+00    2.4710191226e+00   -1.5729707888e+01    3.0000000000e+03    3.4521990700e-01    6.6810416667e-01
       274   -7.4014940935e+00    5.5606335202e+01   -1.3863460394e+01    6.4619663004e+00    2.4906458579e+00   -1.6354106252e+01    3.0000000000e+03    3.4210661900e-01    6.6525000000e-01
       275   -7.3412533472e+00    5.4675073557e+01   -1.3050563751e+01    5.7093104037e+00    2.3736906130e+00   -1.5424254364e+01    3.0000000000e+03    3.4447101800e-01    6.7195833333e-01
       276   -7.3598397327e+00    5.4927786378e+01   -1.3400093621e+01    6.0402538887e+00    2.4767731355e+00   -1.5876866757e+01    3.0000000000e+03    3.5064970200e-01    6.6631250000e-01
       277   -7.3806191008e+00    5.5260912094e+01   -1.3370980353e+01    5.9903612518e+00    2.4412608955e+00   -1.5812241248e+01    3.0000000000e+03    3.4540521700e-01    6.7168750000e-01
       278   -7.4250334964e+00    5.5983276661e+01   -1.4680573045e+01    7.2555395487e+00    2.4633076546e+00   -1.7143880700e+01    3.0000000000e+03    3.4705693600e-01    6.6669791667e-01
       279   -7.4450806337e+00    5.6269286504e+01   -1.3768782489e+01    6.3237018554e+00    2.4780857099e+00   -1.6246868199e+01    3.0000000000e+03    3.4958597200e-01    6.6170833333e-01
       280   -7.3803689693e+00    5.5231415966e+01   -1.3743664446e+01    6.3632954772e+00    2.4853842582e+00   -1.6229048705e+01    3.0000000000e+03    3.5073664400e-01    6.6627083333e-01
       281   -7.4309458249e+00    5.6065090454e+01   -1.3981935236e+01    6.5509894113e+00    2.4829298295e+00   -1.6464865066e+01    3.0000000000e+03    3.4687887000e-01    6.6393750000e-01
       282   -7.4307308501e+00    5.6102344536e+01   -1.3625779116e+01    6.1950482662e+00    2.5188070683e+00   -1.6144586185e+01    3.0000000000e+03    3.4418020500e-01    6.6514583333e-01
       283   -7.3140326515e+00    5.4261694782e+01   -1.4136505339e+01    6.8224726875e+00    2.4013274281e+00   -1.6537832767e+01    3.0000000000e+03    3.5128088100e-01    6.7079166667e-01
       284   -7.4328488506e+00    5.6133221799e+01   -1.3488741496e+01    6.0558926450e+00    2.4922338665e+00   -1.5980975362e+01    3.0000000000e+03    3.4808343000e-01    6.6494791667e-01
       285   -7.3196860690e+00    5.4281725167e+01   -1.3376835320e+01    6.0571492508e+00    2.4446809190e+00   -1.5821516239e+01    3.0000000000e+03    3.4650267100e-01    6.7026041667e-01
       286   -7.3809245975e+00    5.5280297533e+01   -1.3396916720e+01    6.0159921229e+00    2.4493466130e+00   -1.5846263333e+01    3.0000000000e+03    3.4646459900e-01    6.6795833333e-01
       287   -7.2836267644e+00    5.3733115888e+01   -1.2292038898e+01    5.0084121336e+00    2.4794657162e+00   -1.4771504614e+01    3.0000000000e+03    3.4712993700e-01    6.7098958333e-01
       288   -7.3632315986e+00    5.5003819338e+01   -1.3254595975e+01    5.8913643765e+00    2.4309178728e+00   -1.5685513848e+01    3.0000000000e+03    3.4319320700e-01    6.6962500000e-01
       289   -7.3683199843e+00    5.5055505867e+01   -1.3377495637e+01    6.0091756529e+00    2.4365759402e+00   -1.5814071577e+01    3.0000000000e+03    3.4381520000e-01    6.6881250000e-01
       290   -7.3641698491e+00    5.5030088214e+01   -1.3495806150e+01    6.1316363007e+00    2.4187193885e+00   -1.5914525538e+01    3.0000000000e+03    3.4503899200e-01    6.6904166667e-01
       291   -7.3585319625e+00    5.4911000500e+01   -1.3006965894e+01    5.6484339318e+00    2.4024240912e+00   -1.5409389986e+01    3.0000000000e+03    3.4506687100e-01    6.7086458333e-01
       292   -7.3649631015e+00    5.5045278479e+01   -1.3313962794e+01    5.9489996928e+00    2.4524722190e+00   -1.5766435013e+01    3.0000000000e+03    3.4643182800e-01    6.7058333333e-01
       293   -7.3591447008e+00    5.4899869702e+01   -1.3571556932e+01    6.2124122312e+00    2.4670427875e+00   -1.6038599719e+01    3.0000000000e+03    3.4658400700e-01    6.6433333333e-01
       294   -7.3175632427e+00    5.4290272524e+01   -1.2674872183e+01    5.3573089400e+00    2.4410298401e+00   -1.5115902023e+01    3.0000000000e+03    3.4811781000e-01    6.7132291667e-01
       295   -7.3844722490e+00    5.5328918511e+01   -1.4012698673e+01    6.6282264239e+00    2.4531093230e+00   -1.6465807996e+01    3.0000000000e+03    3.4678040100e-01    6.6536458333e-01
       296   -7.3894765149e+00    5.5440472863e+01   -1.2999615408e+01    5.6101388929e+00    2.4291591498e+00   -1.5428774558e+01    3.0000000000e+03    3.4531851800e-01    6.7011458333e-01
       297   -7.4037198041e+00    5.5633638062e+01   -1.3582466890e+01    6.1787470857e+00    2.4298710732e+00   -1.6012337963e+01    3.0000000000e+03    3.4467764400e-01    6.6592708333e-01
       298   -7.3821995750e+00    5.5298273001e+01   -1.3393520566e+01    6.0113209906e+00    2.4321630381e+00   -1.5825683604e+01    3.0000000000e+03    3.4465200700e-01    6.6697916667e-01
       299   -7.3754566809e+00    5.5224889466e+01   -1.3356986888e+01    5.9815302074e+00    2.4610101192e+00   -1.5817997008e+01    3.0000000000e+03    3.4670241600e-01    6.6639583333e-01
       300   -7.4048472988e+00    5.5663622619e+01   -1.3714335617e+01    6.3094883184e+00    2.4544812273e+00   -1.6168816845e+01    3.0000000000e+03    3.4743856100e-01    6.6657291667e-01
       301   -7.3719966941e+00    5.5096846777e+01   -1.3228272820e+01    5.8562761263e+00    2.4644995628e+00   -1.5692772383e+01    3.0000000000e+03    3.4541155200e-01    6.6333333333e-01
       302   -7.3918278940e+00    5.5465668551e+01   -1.3620871155e+01    6.2290432609e+00    2.4757487008e+00   -1.6096619856e+01    3.0000000000e+03    3.4600854800e-01    6.6373958333e-01
       303   -7.3659036134e+00    5.5013493307e+01   -1.3275261143e+01    5.9093575294e+00    2.4302938964e+00   -1.5705555039e+01    3.0000000000e+03    3.4585349400e-01    6.6894791667e-01
       304   -7.3734111020e+00    5.5218925382e+01   -1.3347493928e+01    5.9740828260e+00    2.4649395057e+00   -1.5812433434e+01    3.0000000000e+03    3.4616665300e-01    6.6629166667e-01
       305   -7.3986936465e+00    5.5567634476e+01   -1.3492578607e+01    6.0938849601e+00    2.4872006969e+00   -1.5979779303e+01    3.0000000000e+03    3.4465212200e-01    6.6678125000e-01
       306   -7.4037655556e+00    5.5628152353e+01   -1.3924926224e+01    6.5211606685e+00    2.4453393570e+00   -1.6370265581e+01    3.0000000000e+03    3.6224474100e-01    6.6597916667e-01
       307   -7.3206890448e+00    5.4337774340e+01   -1.3013692034e+01    5.6930029887e+00    2.3877787793e+00   -1.5401470813e+01    3.0000000000e+03    3.5024166300e-01    6.6993750000e-01
       308   -7.3859702056e+00    5.5318660443e+01   -1.3568884438e+01    6.1829142325e+00    2.4424878038e+00   -1.6011372242e+01    3.0000000000e+03    3.4700658300e-01    6.6475000000e-01
       309   -7.3878748258e+00    5.5435167139e+01   -1.3331488028e+01    5.9436132020e+00    2.4823127937e+00   -1.5813800821e+01    3.0000000000e+03    3.4558665800e-01    6.6827083333e-01
       310   -7.3982053399e+00    5.5579132645e+01   -1.4325347666e+01    6.9271423261e+00    2.4845236313e+00   -1.6809871297e+01    3.0000000000e+03    3.4521151800e-01    6.6773958333e-01
       311   -7.3990010735e+00    5.5591139501e+01   -1.4631295122e+01    7.2322940483e+00    2.4739598931e+00   -1.7105255015e+01    3.0000000000e+03    3.4514232300e-01    6.6738541667e-01
       312   -7.4259259014e+00    5.5987753228e+01   -1.3878748425e+01    6.4528225237e+00    2.5066192882e+00   -1.6385367713e+01    3.0000000000e+03    3.4490870400e-01    6.6684375000e-01
       313   -7.3369243421e+00    5.4610130722e+01   -1.3120988436e+01    5.7840640942e+00    2.4544489401e+00   -1.5575437376e+01    3.0000000000e+03    3.4557237200e-01    6.7013541667e-01
       314   -7.4146437665e+00    5.5846528643e+01   -1.4190473687e+01    6.7758299209e+00    2.4869540189e+00   -1.6677427706e+01    3.0000000000e+03    3.4556068500e-01    6.6816666667e-01
       315   -7.3840263950e+00    5.5368288708e+01   -1.3645673108e+01    6.2616467125e+00    2.4415681279e+00   -1.6087241235e+01    3.0000000000e+03    3.4521612300e-01    6.6647916667e-01
       316   -7.3802942610e+00    5.5304795779e+01   -1.3955907531e+01    6.5756132700e+00    2.4966215614e+00   -1.6452529092e+01    3.0000000000e+03    3.4561251300e-01    6.6888541667e-01
       317   -7.3722196098e+00    5.5155063261e+01   -1.3435414692e+01    6.0631950826e+00    2.4371946034e+00   -1.5872609296e+01    3.0000000000e+03    3.4553431000e-01    6.6555208333e-01
       318   -7.3752276034e+00    5.5176227688e+01   -1.3447439730e+01    6.0722121269e+00    2.4491869168e+00   -1.5896626647e+01    3.0000000000e+03    3.4621111200e-01    6.6670833333e-01
       319   -7.3214854384e+00    5.4310501217e+01   -1.2907911912e+01    5.5864264740e+00    2.3859725920e+00   -1.5293884504e+01    3.0000000000e+03    3.4535288800e-01    6.7020833333e-01
       320   -7.3919929527e+00    5.5450694748e+01   -1.4594077987e+01    7.2020850346e+00    2.4912653080e+00   -1.7085343295e+01    3.0000000000e+03    3.4480516100e-01    6.6675000000e-01
       321   -7.3754382062e+00    5.5215503103e+01   -1.3230671863e+01    5.8552336572e+00    2.4676158738e+00   -1.5698287737e+01    3.0000000000e+03    3.5088632800e-01    6.6693750000e-01
       322   -7.4315145714e+00    5.6095574925e+01   -1.3907890484e+01    6.4763759130e+00    2.4985758288e+00   -1.6406466313e+01    3.0000000000e+03    3.4479933300e-01    6.6416666667e-01
       323   -7.3761038166e+00    5.5216398396e+01   -1.3212420813e+01    5.8363169963e+00    2.4728795031e+00   -1.5685300316e+01    3.0000000000e+03    3.4603775200e-01    6.6883333333e-01
       324   -7.3451179349e+00    5.4704289800e+01   -1.4106708978e+01    6.7615910428e+00    2.4732972504e+00   -1.6580006228e+01    3.0000000000e+03    3.4543730100e-01    6.6897916667e-01
       325   -7.3743635096e+00    5.5194079536e+01   -1.3722489951e+01    6.3481264418e+00    2.4206931347e+00   -1.6143183086e+01    3.0000000000e+03    3.4431951300e-01    6.6472916667e-01
       326   -7.3503530718e+00    5.4817831695e+01   -1.4110247941e+01    6.7598948691e+00    2.4355790722e+00   -1.6545827013e+01    3.0000000000e+03    3.4665891900e-01    6.7105208333e-01
       327   -7.3682742652e+00    5.5083269552e+01   -1.3185843342e+01    5.8175690772e+00    2.4313242569e+00   -1.5617167599e+01    3.0000000000e+03    3.4550640700e-01    6.7006250000e-01
       328   -7.3889734839e+00    5.5405797757e+01   -1.3171611527e+01    5.7826380430e+00    2.4044600443e+00   -1.5576071571e+01    3.0000000000e+03    3.4605383700e-01    6.6737500000e-01
       329   -7.4080733326e+00    5.5713494861e+01   -1.4423247315e+01    7.0151739826e+00    2.5006001570e+00   -1.6923847472e+01    3.0000000000e+03    3.4522962700e-01    6.6509375000e-01
       330   -7.3388296745e+00    5.4644497096e+01   -1.2945113472e+01    5.6062837975e+00    2.4386238722e+00   -1.5383737344e+01    3.0000000000e+03    3.4521556100e-01    6.6915625000e-01
       331   -7.3237679439e+00    5.4356488793e+01   -1.2930630458e+01    5.6068625138e+00    2.3997680683e+00   -1.5330398526e+01    3.0000000000e+03    3.4582563900e-01    6.7118750000e-01
       332   -7.3813826978e+00    5.5286760046e+01   -1.3490110252e+01    6.1087275538e+00    2.4556149406e+00   -1.5945725192e+01    3.0000000000e+03    3.4487894000e-01    6.6633333333e-01
       333   -7.3661512387e+00    5.5087453961e+01   -1.3340763094e+01    5.9746118551e+00    2.4431150634e+00   -1.5783878157e+01    3.0000000000e+03    3.4539730200e-01    6.7012500000e-01
       334   -7.4102486159e+00    5.5709672444e+01   -1.3654761693e+01    6.2445130773e+00    2.4598258777e+00   -1.6114587571e+01    3.0000000000e+03    3.4519578800e-01    6.6832291667e-01
       335   -7.3893797664e+00    5.5409040458e+01   -1.4241656169e+01    6.8522764027e+00    2.4728694738e+00   -1.6714525643e+01    3.0000000000e+03    3.4719033600e-01    6.6533333333e-01
       336   -7.3578554561e+00    5.4923092984e+01   -1.3690198180e+01    6.3323427239e+00    2.4387894810e+00   -1.6128987661e+01    3.0000000000e+03    3.4713258700e-01    6.6684375000e-01
       337   -7.3573662404e+00    5.4892328778e+01   -1.3760360396e+01    6.4029941559e+00    2.4171540821e+00   -1.6177514478e+01    3.0000000000e+03    3.4697384400e-01    6.6984375000e-01
       338   -7.3658567723e+00    5.5045601676e+01   -1.3403256035e+01    6.0373992632e+00    2.4513587287e+00   -1.5854614764e+01    3.0000000000e+03    3.4556912100e-01    6.6776041667e-01
       339   -7.3836813586e+00    5.5290112586e+01   -1.3766441950e+01    6.3827605913e+00    2.4605963020e+00   -1.6227038252e+01    3.0000000000e+03    3.4519334800e-01    6.6920833333e-01
       340   -7.3888476779e+00    5.5400710087e+01   -1.3431347977e+01    6.0425002987e+00    2.4388890877e+00   -1.5870237064e+01    3.0000000000e+03    3.4443752900e-01    6.6754166667e-01
       341   -7.3712932615e+00    5.5102663266e+01   -1.3314699000e+01    5.9434057384e+00    2.4864825022e+00   -1.5801181502e+01    3.0000000000e+03    3.4553666700e-01    6.6956250000e-01
       342   -7.3643429099e+00    5.5000334970e+01   -1.3076689761e+01    5.7123468515e+00    2.4275806305e+00   -1.5504270392e+01    3.0000000000e+03    3.4550799700e-01    6.7088541667e-01
       343   -7.3598047258e+00    5.4965997807e+01   -1.3097366053e+01    5.7375613275e+00    2.4572511321e+00   -1.5554617185e+01    3.0000000000e+03    3.4610751000e-01    6.7228125000e-01
       344   -7.4104757775e+00    5.5742765823e+01   -1.3563835520e+01    6.1533597429e+00    2.4210876101e+00   -1.5984923131e+01    3.0000000000e+03    3.4454284000e-01    6.6852083333e-01
       345   -7.3643623940e+00    5.5015847412e+01   -1.3026486740e+01    5.6621243463e+00    2.4742250909e+00   -1.5500711831e+01    3.0000000000e+03    3.4517216100e-01    6.6865625000e-01
       346   -7.4019896234e+00    5.5595943270e+01   -1.3772327481e+01    6.3703378577e+00    2.4338157915e+00   -1.6206143273e+01    3.0000000000e+03    3.4519881900e-01    6.6779166667e-01
       347   -7.3619659789e+00    5.5004918449e+01   -1.3204451728e+01    5.8424857493e+00    2.4414190693e+00   -1.5645870798e+01    3.0000000000e+03    3.4489058100e-01    6.7007291667e-01
       348   -7.4103152850e+00    5.5755587504e+01   -1.4198595814e+01    6.7882805287e+00    2.5046119082e+00   -1.6703207722e+01    3.0000000000e+03    3.4475042300e-01    6.6535416667e-01
       349   -7.3529797871e+00    5.4815095887e+01   -1.3632592379e+01    6.2796125920e+00    2.3765221133e+00   -1.6009114492e+01    3.0000000000e+03    3.4487654800e-01    6.6913541667e-01
       350   -7.3830058372e+00    5.5267610768e+01   -1.3379665581e+01    5.9966597438e+00    2.4416735892e+00   -1.5821339170e+01    3.0000000000e+03    3.4445275700e-01    6.6673958333e-01
       351   -7.3378684410e+00    5.4613580391e+01   -1.3238450293e+01    5.9005818518e+00    2.3959107905e+00   -1.5634361083e+01    3.0000000000e+03    3.4554921400e-01    6.7116666667e-01
       352   -7.4148880010e+00    5.5805954068e+01   -1.3672711427e+01    6.2578234264e+00    2.4505497877e+00   -1.6123261215e+01    3.0000000000e+03    3.4464318400e-01    6.6613541667e-01
       353   -7.3418894068e+00    5.4652495041e+01   -1.3093418969e+01    5.7515295623e+00    2.4011945460e+00   -1.5494613515e+01    3.0000000000e+03    3.4421995500e-01    6.6833333333e-01
       354   -7.3471452249e+00    5.4768598010e+01   -1.3071970448e+01    5.7248252235e+00    2.4584137729e+00   -1.5530384221e+01    3.0000000000e+03    3.4544618800e-01    6.6914583333e-01
       355   -7.4011845728e+00    5.5642966383e+01   -1.3837094113e+01    6.4359095400e+00    2.4853227198e+00   -1.6322416833e+01    3.0000000000e+03    3.4461238000e-01    6.6715625000e-01
       356   -7.3710457563e+00    5.5103127537e+01   -1.3460410353e+01    6.0893645963e+00    2.4581914944e+00   -1.5918601847e+01    3.0000000000e+03    3.4563115900e-01    6.6907291667e-01
       357   -7.4286074233e+00    5.6064794496e+01   -1.4095950791e+01    6.6673433681e+00    2.4832999445e+00   -1.6579250736e+01    3.0000000000e+03    3.4482012400e-01    6.6581250000e-01
       358   -7.3768436667e+00    5.5257899730e+01   -1.3658432907e+01    6.2815892406e+00    2.4593244113e+00   -1.6117757319e+01    3.0000000000e+03    3.4551803300e-01    6.6746875000e-01
       359   -7.3839372693e+00    5.5290102158e+01   -1.3562453273e+01    6.1785160032e+00    2.4489745042e+00   -1.6011427777e+01    3.0000000000e+03    3.7032736000e-01    6.6528125000e-01
       360   -7.3600810528e+00    5.4929745835e+01   -1.3452037485e+01    6.0919564320e+00    2.4639647275e+00   -1.5916002212e+01    3.0000000000e+03    3.6347292400e-01    6.6748958333e-01
       361   -7.4142163805e+00    5.5785128748e+01   -1.3426231770e+01    6.0120153899e+00    2.4701855320e+00   -1.5896417302e+01    3.0000000000e+03    3.4826220300e-01    6.6678125000e-01
       362   -7.3775333113e+00    5.5251054878e+01   -1.3413204711e+01    6.0356713993e+00    2.4782508461e+00   -1.5891455557e+01    3.0000000000e+03    3.6090857000e-01    6.6905208333e-01
       363   -7.3979265013e+00    5.5582905045e+01   -1.3692760077e+01    6.2948335759e+00    2.4963986670e+00   -1.6189158744e+01    3.0000000000e+03    3.4491928600e-01    6.6713541667e-01
       364   -7.4182275236e+00    5.5825258252e+01   -1.4526792421e+01    7.1085648974e+00    2.4779442161e+00   -1.7004736637e+01    3.0000000000e+03    3.4961298500e-01    6.6590625000e-01
       365   -7.4202661526e+00    5.5892513744e+01   -1.3546576919e+01    6.1263107664e+00    2.4887021395e+00   -1.6035279059e+01    3.0000000000e+03    3.4812560600e-01    6.6386458333e-01
       366   -7.3730329496e+00    5.5168570659e+01   -1.3261097513e+01    5.8880645638e+00    2.4472020170e+00   -1.5708299530e+01    3.0000000000e+03    3.5060785200e-01    6.6969791667e-01
       367   -7.3944769379e+00    5.5508309934e+01   -1.3746446978e+01    6.3519700404e+00    2.4493571926e+00   -1.6195804171e+01    3.0000000000e+03    3.4725394400e-01    6.6898958333e-01
       368   -7.3175570613e+00    5.4275333911e+01   -1.2886822716e+01    5.5692656542e+00    2.3986872576e+00   -1.5285509973e+01    3.0000000000e+03    3.4636678200e-01    6.6839583333e-01
       369   -7.3515134924e+00    5.4788263235e+01   -1.3415985478e+01    6.0644719860e+00    2.4355196969e+00   -1.5851505175e+01    3.0000000000e+03    3.5014050000e-01    6.7089583333e-01
       370   -7.3883603897e+00    5.5406492369e+01   -1.3295412289e+01    5.9070518990e+00    2.4576671260e+00   -1.5753079415e+01    3.0000000000e+03    3.5112061800e-01    6.6757291667e-01
       371   -7.4196510136e+00    5.5890876746e+01   -1.4312289485e+01    6.8926384716e+00    2.4807979605e+00   -1.6793087446e+01    3.0000000000e+03    3.4633561300e-01    6.6541666667e-01
       372   -7.3915526063e+00    5.5466031312e+01   -1.3536724008e+01    6.1451714018e+00    2.4737488705e+00   -1.6010472879e+01    3.0000000000e+03    3.4643809400e-01    6.6652083333e-01
       373   -7.3561254134e+00    5.4866478267e+01   -1.3157787906e+01    5.8016624931e+00    2.4906186080e+00   -1.5648406514e+01    3.0000000000e+03    3.4938156800e-01    6.6748958333e-01
       374   -7.3822984699e+00    5.5277137071e+01   -1.3455360599e+01    6.0730621293e+00    2.4634760918e+00   -1.5918836691e+01    3.0000000000e+03    3.4992546000e-01    6.6907291667e-01
       375   -7.4016709164e+00    5.5591794446e+01   -1.3837407141e+01    6.4357362244e+00    2.4569881140e+00   -1.6294395255e+01    3.0000000000e+03    3.4943123900e-01    6.6820833333e-01
       376   -7.3576320778e+00    5.4903223042e+01   -1.3102942568e+01    5.7453104900e+00    2.4169170175e+00   -1.5519859585e+01    3.0000000000e+03    3.5351623500e-01    6.7167708333e-01
       377   -7.3840074711e+00    5.5360195028e+01   -1.3655331808e+01    6.2713243368e+00    2.4289236242e+00   -1.6084255432e+01    3.0000000000e+03    3.6214047600e-01    6.6866666667e-01
       378   -7.3895499234e+00    5.5444982090e+01   -1.3693192337e+01    6.3036424138e+00    2.4450202690e+00   -1.6138212606e+01    3.0000000000e+03    3.6130940000e-01    6.6755208333e-01
       379   -7.4091312936e+00    5.5751737550e+01   -1.4260852343e+01    6.8517210490e+00    2.4591368713e+00   -1.6719989214e+01    3.0000000000e+03    3.5783485800e-01    6.6558333333e-01
       380   -7.4004464644e+00    5.5579881816e+01   -1.4286450758e+01    6.8860042936e+00    2.4657058627e+00   -1.6752156621e+01    3.0000000000e+03    3.5076812400e-01    6.6620833333e-01
       381   -7.3761234829e+00    5.5238553279e+01   -1.3323288468e+01    5.9471649855e+00    2.4597052683e+00   -1.5782993737e+01    3.0000000000e+03    3.4967196700e-01    6.6681250000e-01
       382   -7.4105743689e+00    5.5739575616e+01   -1.4307203760e+01    6.8966293913e+00    2.4824455711e+00   -1.6789649331e+01    3.0000000000e+03    3.4752636200e-01    6.6632291667e-01
       383   -7.4130263436e+00    5.5735773959e+01   -1.3587683362e+01    6.1746570186e+00    2.4861864705e+00   -1.6073869833e+01    3.0000000000e+03    3.4625058700e-01    6.6428125000e-01
       384   -7.3092407060e+00    5.4132681136e+01   -1.2615745276e+01    5.3065045704e+00    2.4260650261e+00   -1.5041810303e+01    3.0000000000e+03    3.5900706400e-01    6.7041666667e-01
       385   -7.3466889392e+00    5.4748296210e+01   -1.3042526313e+01    5.6958373735e+00    2.4056706552e+00   -1.5448196968e+01    3.0000000000e+03    3.7863760200e-01    6.6785416667e-01
       386   -7.3587772322e+00    5.4896230761e+01   -1.3285235645e+01    5.9264584132e+00    2.4644206564e+00   -1.5749656302e+01    3.0000000000e+03    3.4968770000e-01    6.6802083333e-01
       387   -7.3662419961e+00    5.5049380448e+01   -1.3402658291e+01    6.0364162946e+00    2.4512026786e+00   -1.5853860969e+01    3.0000000000e+03    3.4725680300e-01    6.6663541667e-01
       388   -7.3304933967e+00    5.4498367932e+01   -1.2716087531e+01    5.3855941338e+00    2.4440092935e+00   -1.5160096824e+01    3.0000000000e+03    3.4776404700e-01    6.7039583333e-01
       389   -7.3653011808e+00    5.5067998085e+01   -1.3877914723e+01    6.5126135420e+00    2.4553081609e+00   -1.6333222884e+01    3.0000000000e+03    3.5480080600e-01    6.7034375000e-01
       390   -7.3704441367e+00    5.5137002766e+01   -1.3420351376e+01    6.0499072390e+00    2.4260016299e+00   -1.5846353006e+01    3.0000000000e+03    3.4619766800e-01    6.6617708333e-01
       391   -7.3588134353e+00    5.4904099522e+01   -1.3386748811e+01    6.0279353755e+00    2.4134773084e+00   -1.5800226119e+01    3.0000000000e+03    3.4803117900e-01    6.7084375000e-01
       392   -7.3963122615e+00    5.5520097838e+01   -1.4109370151e+01    6.7130578895e+00    2.5165083014e+00   -1.6625878452e+01    3.0000000000e+03    3.4710543700e-01    6.6453125000e-01
       393   -7.3444811271e+00    5.4684837002e+01   -1.3607877630e+01    6.2633965033e+00    2.4289866330e+00   -1.6036864263e+01    3.0000000000e+03    3.4889033800e-01    6.6969791667e-01
       394   -7.4099383765e+00    5.5712886757e+01   -1.4343360150e+01    6.9334217735e+00    2.4368970971e+00   -1.6780257247e+01    3.0000000000e+03    3.7520406800e-01    6.6742708333e-01
       395   -7.3819900251e+00    5.5312595381e+01   -1.3718496288e+01    6.3365062628e+00    2.4548424250e+00   -1.6173338713e+01    3.0000000000e+03    3.9400522800e-01    6.6754166667e-01
       396   -7.3919935009e+00    5.5440665251e+01   -1.3445924757e+01    6.0539312561e+00    2.4870819042e+00   -1.5933006661e+01    3.0000000000e+03    3.5614175200e-01    6.6370833333e-01
       397   -7.4000493412e+00    5.5600563116e+01   -1.3824608384e+01    6.4245590428e+00    2.5167929653e+00   -1.6341401349e+01    3.0000000000e+03    3.4991431100e-01    6.6719791667e-01
       398   -7.4163839252e+00    5.5855891359e+01   -1.4635551752e+01    7.2191678267e+00    2.4983075061e+00   -1.7133859258e+01    3.0000000000e+03    3.4763834800e-01    6.6808333333e-01
       399   -7.3612559647e+00    5.5010123527e+01   -1.3851287703e+01    6.4900317379e+00    2.4554550433e+00   -1.6306742746e+01    3.0000000000e+03    3.5072463200e-01    6.7092708333e-01
       400   -7.3520715107e+00    5.4822800366e+01   -1.3581678944e+01    6.2296074328e+00    2.4538003439e+00   -1.6035479287e+01    3.0000000000e+03    3.4996462500e-01    6.6566666667e-01
       401   -7.3714700644e+00    5.5157627059e+01   -1.3288887210e+01    5.9174171455e+00    2.4413081011e+00   -1.5730195311e+01    3.0000000000e+03    4.0652169500e-01    6.6968750000e-01
       402   -7.3767901407e+00    5.5208596663e+01   -1.3755301880e+01    6.3785117396e+00    2.4610501346e+00   -1.6216352015e+01    3.0000000000e+03    3.8112913900e-01    6.6733333333e-01
       403   -7.4113872630e+00    5.5780319875e+01   -1.3948776946e+01    6.5373896833e+00    2.4772421175e+00   -1.6426019064e+01    3.0000000000e+03    4.2622615600e-01    6.6729166667e-01
       404   -7.3639544626e+00    5.5003642926e+01   -1.3384113235e+01    6.0201587724e+00    2.4225355165e+00   -1.5806648751e+01    3.0000000000e+03    3.8453423500e-01    6.6830208333e-01
       405   -7.3465703868e+00    5.4776265367e+01   -1.3812206260e+01    6.4656358728e+00    2.4577236289e+00   -1.6269929889e+01    3.0000000000e+03    4.4598334900e-01    6.6847916667e-01
       406   -7.3659440857e+00    5.5058730841e+01   -1.3646431118e+01    6.2804870323e+00    2.4759147944e+00   -1.6122345912e+01    3.0000000000e+03    4.2295503500e-01    6.6957291667e-01
       407   -7.3693164899e+00    5.5099657165e+01   -1.3499354245e+01    6.1300377553e+00    2.4261777178e+00   -1.5925531963e+01    3.0000000000e+03    3.5168890100e-01    6.6763541667e-01
       408   -7.3793331033e+00    5.5261461109e+01   -1.3350989237e+01    5.9716561335e+00    2.4359726359e+00   -1.5786961873e+01    3.0000000000e+03    3.7764209200e-01    6.6652083333e-01
       409   -7.3367383939e+00    5.4575434493e+01   -1.3056938469e+01    5.7202000755e+00    2.4786269735e+00   -1.5535565443e+01    3.0000000000e+03    3.5695373000e-01    6.6911458333e-01
       410   -7.3179127124e+00    5.4310892820e+01   -1.2963544159e+01    5.6456314463e+00    2.4226822613e+00   -1.5386226420e+01    3.0000000000e+03    3.9754884200e-01    6.7146875000e-01
       411   -7.3524127704e+00    5.4833408393e+01   -1.2973839754e+01    5.6214269841e+00    2.4321614536e+00   -1.5406001208e+01    3.0000000000e+03    5.0784886800e-01    6.7208333333e-01
       412   -7.3631341503e+00    5.5020739770e+01   -1.6999965092e+01    9.6368309414e+00    2.4137106268e+00   -1.9413675718e+01    3.0000000000e+03    4.0959544300e-01    6.6736458333e-01
       413   -7.4379130591e+00    5.6129505949e+01   -1.3838997222e+01    6.4010841625e+00    2.4981254321e+00   -1.6337122654e+01    3.0000000000e+03    4.0950784700e-01    6.6745833333e-01
       414   -7.3772114617e+00    5.5163547361e+01   -1.3311459616e+01    5.9342481547e+00    2.4729711529e+00   -1.5784430769e+01    3.0000000000e+03    3.7155670600e-01    6.6672916667e-01
       415   -7.3428110389e+00    5.4654777073e+01   -1.3203127959e+01    5.8603169199e+00    2.4345411944e+00   -1.5637669153e+01    3.0000000000e+03    3.5342604700e-01    6.7039583333e-01
       416   -7.3977689809e+00    5.5548720920e+01   -1.3545287258e+01    6.1475182774e+00    2.4398749451e+00   -1.5985162203e+01    3.0000000000e+03    3.4760041000e-01    6.6775000000e-01
       417   -7.4097951809e+00    5.5712256869e+01   -1.3815047760e+01    6.4052525795e+00    2.4791565440e+00   -1.6294204304e+01    3.0000000000e+03    3.4711636700e-01    6.6569791667e-01
       418   -7.3325509424e+00    5.4498829734e+01   -1.4368906196e+01    7.0363552538e+00    2.4205200575e+00   -1.6789426254e+01    3.0000000000e+03    3.4711794300e-01    6.7037500000e-01
       419   -7.3748595569e+00    5.5185189915e+01   -1.3391211083e+01    6.0163515261e+00    2.4705598900e+00   -1.5861770973e+01    3.0000000000e+03    3.4786639200e-01    6.6703125000e-01
       420   -7.3908097041e+00    5.5386771754e+01   -1.3687071951e+01    6.2962622470e+00    2.4861566921e+00   -1.6173228643e+01    3.0000000000e+03    3.4875551200e-01    6.6489583333e-01
       421   -7.4087676282e+00    5.5736365293e+01   -1.3658336535e+01    6.2495689066e+00    2.4635794104e+00   -1.6121915945e+01    3.0000000000e+03    3.4982350900e-01    6.6586458333e-01
       422   -7.3699269826e+00    5.5089410539e+01   -1.3385383876e+01    6.0154568932e+00    2.4276600354e+00   -1.5813043911e+01    3.0000000000e+03    3.4636945600e-01    6.6822916667e-01
       423   -7.4069372284e+00    5.5650414805e+01   -1.3771512037e+01    6.3645748082e+00    2.4227716597e+00   -1.6194283696e+01    3.0000000000e+03    3.5349057000e-01    6.6903125000e-01
       424   -7.3854562823e+00    5.5374199662e+01   -1.3309722057e+01    5.9242657749e+00    2.4437915162e+00   -1.5753513573e+01    3.0000000000e+03    3.4771884500e-01    6.6893750000e-01
       425   -7.3710848089e+00    5.5122564133e+01   -1.3604548368e+01    6.2334635592e+00    2.4246700266e+00   -1.6029218395e+01    3.0000000000e+03    3.4694748800e-01    6.6737500000e-01
       426   -7.3676025037e+00    5.5114018026e+01   -1.3326119793e+01    5.9585172898e+00    2.4414487016e+00   -1.5767568495e+01    3.0000000000e+03    3.4495648600e-01    6.6766666667e-01
       427   -7.4060064408e+00    5.5691337074e+01   -1.3466873080e+01    6.0608666394e+00    2.4661299926e+00   -1.5933003073e+01    3.0000000000e+03    3.4456693700e-01    6.6562500000e-01
       428   -7.3430623872e+00    5.4667787852e+01   -1.3062377904e+01    5.7193155164e+00    2.3852059619e+00   -1.5447583866e+01    3.0000000000e+03    3.4844292000e-01    6.7036458333e-01
       429   -7.4100635784e+00    5.5751190951e+01   -1.3889936789e+01    6.4798732103e+00    2.4619759877e+00   -1.6351912776e+01    3.0000000000e+03    3.4729480300e-01    6.6714583333e-01
       430   -7.3371719255e+00    5.4586122719e+01   -1.2932262955e+01    5.5950910298e+00    2.4334682675e+00   -1.5365731223e+01    3.0000000000e+03    3.4767993400e-01    6.7342708333e-01
       431   -7.3893318460e+00    5.5384160137e+01   -1.4024293614e+01    6.6349617678e+00    2.4274077731e+00   -1.6451701387e+01    3.0000000000e+03    3.4746974200e-01    6.6779166667e-01
       432   -7.3716006125e+00    5.5156740390e+01   -1.3179464592e+01    5.8078639794e+00    2.4099777690e+00   -1.5589442361e+01    3.0000000000e+03    3.4696442000e-01    6.6839583333e-01
       433   -7.3673447601e+00    5.5074104765e+01   -1.3219875307e+01    5.8525305470e+00    2.4709425457e+00   -1.5690817853e+01    3.0000000000e+03    3.5156980400e-01    6.6964583333e-01
       434   -7.3377729046e+00    5.4588769461e+01   -1.3456029395e+01    6.1182564900e+00    2.4382131811e+00   -1.5894242576e+01    3.0000000000e+03    3.9258402500e-01    6.7209375000e-01
       435   -7.4103324041e+00    5.5763633567e+01   -1.4399035455e+01    6.9887030512e+00    2.4881907604e+00   -1.6887226216e+01    3.0000000000e+03    3.6004574700e-01    6.6894791667e-01
       436   -7.3575555778e+00    5.4904640610e+01   -1.3020482466e+01    5.6629268882e+00    2.4419642645e+00   -1.5462446731e+01    3.0000000000e+03    3.4880569300e-01    6.6787500000e-01
       437   -7.3703902150e+00    5.5115987445e+01   -1.3280913372e+01    5.9105231573e+00    2.4225352249e+00   -1.5703448597e+01    3.0000000000e+03    3.4793856200e-01    6.7057291667e-01
       438   -7.3436527278e+00    5.4680129194e+01   -1.3131898448e+01    5.7882457201e+00    2.5037711967e+00   -1.5635669645e+01    3.0000000000e+03    3.4830324200e-01    6.6947916667e-01
       439   -7.3730481889e+00    5.5128571297e+01   -1.3528848684e+01    6.1558004951e+00    2.4285642219e+00   -1.5957412906e+01    3.0000000000e+03    3.4628130000e-01    6.6935416667e-01
       440   -7.3708335093e+00    5.5084797227e+01   -1.3011248272e+01    5.6404147629e+00    2.4509529791e+00   -1.5462201251e+01    3.0000000000e+03    3.4364829000e-01    6.6767708333e-01
       441   -7.3820679857e+00    5.5318394851e+01   -1.3537232349e+01    6.1551643628e+00    2.4453803383e+00   -1.5982612687e+01    3.0000000000e+03    3.6026348400e-01    6.6706250000e-01
       442   -7.4033635423e+00    5.5637552398e+01   -1.3513740066e+01    6.1103765233e+00    2.4388991159e+00   -1.5952639181e+01    3.0000000000e+03    4.2252010300e-01    6.6475000000e-01
       443   -7.3567565880e+00    5.4899459287e+01   -1.3167018727e+01    5.8102621392e+00    2.4138716250e+00   -1.5580890352e+01    3.0000000000e+03    4.0313475000e-01    6.6963541667e-01
       444   -7.4025739764e+00    5.5587307918e+01   -1.3549560791e+01    6.1469868142e+00    2.4790531810e+00   -1.6028613972e+01    3.0000000000e+03    4.0705432600e-01    6.6461458333e-01
       445   -7.3746290059e+00    5.5201669672e+01   -1.3168327824e+01    5.7936988185e+00    2.4231662962e+00   -1.5591494121e+01    3.0000000000e+03    4.3750018900e-01    6.6744791667e-01
       446   -7.3850892335e+00    5.5333238710e+01   -1.4011349896e+01    6.6262606622e+00    2.4779371932e+00   -1.6489287089e+01    3.0000000000e+03    4.1322698200e-01    6.6445833333e-01
       447   -7.3510893171e+00    5.4799043713e+01   -1.3300395180e+01    5.9493058624e+00    2.4300978846e+00   -1.5730493064e+01    3.0000000000e+03    3.9994214100e-01    6.6753125000e-01
       448   -7.3679596179e+00    5.5075258680e+01   -1.3164092918e+01    5.7961333001e+00    2.4440717943e+00   -1.5608164712e+01    3.0000000000e+03    3.4999206600e-01    6.6840625000e-01
       449   -7.4238444573e+00    5.5979802310e+01   -1.4348795103e+01    6.9249506461e+00    2.4431286043e+00   -1.6791923708e+01    3.0000000000e+03    3.5678942000e-01    6.6500000000e-01
       450   -7.3368922491e+00    5.4577363879e+01   -1.3164089396e+01    5.8271971471e+00    2.3930516005e+00   -1.5557140997e+01    3.0000000000e+03    3.4829225600e-01    6.7054166667e-01
       451   -7.3688579728e+00    5.5099213956e+01   -1.2948474552e+01    5.5796165789e+00    2.4498993841e+00   -1.5398373936e+01    3.0000000000e+03    3.4586941600e-01    6.7044791667e-01
       452   -7.4080683900e+00    5.5674958971e+01   -1.4231696855e+01    6.8236284655e+00    2.4719174902e+00   -1.6703614346e+01    3.0000000000e+03    3.8094572300e-01    6.6372916667e-01
       453   -7.2845599120e+00    5.3744221619e+01   -1.3235847130e+01    5.9512872177e+00    2.3905578797e+00   -1.5626405009e+01    3.0000000000e+03    3.5562715500e-01    6.7064583333e-01
       454   -7.3819338790e+00    5.5311937433e+01   -1.3867770954e+01    6.4858370746e+00    2.4543777144e+00   -1.6322148668e+01    3.0000000000e+03    3.4415778000e-01    6.6790625000e-01
       455   -7.3619745417e+00    5.5006708798e+01   -1.3129559349e+01    5.7675848076e+00    2.4551336449e+00   -1.5584692994e+01    3.0000000000e+03    3.6042312900e-01    6.6851041667e-01
       456   -7.3975759080e+00    5.5532766491e+01   -1.3545830417e+01    6.1482545092e+00    2.4476227704e+00   -1.5993453188e+01    3.0000000000e+03    3.4679608700e-01    6.6656250000e-01
       457   -7.3213577007e+00    5.4339268092e+01   -1.2810400573e+01    5.4890428719e+00    2.4311046205e+00   -1.5241505193e+01    3.0000000000e+03    3.4811852700e-01    6.7214583333e-01
       458   -7.3724865639e+00    5.5153319373e+01   -1.3377862577e+01    6.0053760129e+00    2.4211223023e+00   -1.5798984879e+01    3.0000000000e+03    3.5260016800e-01    6.6745833333e-01
       459   -7.4404178836e+00    5.6178106313e+01   -1.4189922316e+01    6.7495044323e+00    2.4354094590e+00   -1.6625331775e+01    3.0000000000e+03    3.5964721500e-01    6.6531250000e-01
       460   -7.3816053753e+00    5.5263014147e+01   -1.3224633940e+01    5.8430285647e+00    2.4427494793e+00   -1.5667383419e+01    3.0000000000e+03    3.5031775400e-01    6.6802083333e-01
       461   -7.3988639510e+00    5.5555199335e+01   -1.3185067404e+01    5.7862034527e+00    2.5154645889e+00   -1.5700531993e+01    3.0000000000e+03    3.4980116400e-01    6.6537500000e-01
       462   -7.3684455089e+00    5.5063166196e+01   -1.3250455539e+01    5.8820100302e+00    2.4168875555e+00   -1.5667343095e+01    3.0000000000e+03    3.7771517700e-01    6.6723958333e-01
       463   -7.4055146358e+00    5.5716016665e+01   -1.3953818559e+01    6.5483039231e+00    2.4565258652e+00   -1.6410344424e+01    3.0000000000e+03    3.8393598500e-01    6.6593750000e-01
       464   -7.3563744501e+00    5.4937965537e+01   -1.3121500979e+01    5.7651265289e+00    2.4297742527e+00   -1.5551275232e+01    3.0000000000e+03    3.7118654900e-01    6.6925000000e-01
       465   -7.3471692727e+00    5.4771533644e+01   -1.3067188718e+01    5.7200194451e+00    2.4500078050e+00   -1.5517196523e+01    3.0000000000e+03    3.9946100400e-01    6.6708333333e-01
       466   -7.4088789358e+00    5.5726591970e+01   -1.3575042329e+01    6.1661633928e+00    2.4306815474e+00   -1.6005723876e+01    3.0000000000e+03    3.8131015700e-01    6.6554166667e-01
       467   -7.4178290687e+00    5.5860408866e+01   -1.3748137009e+01    6.3303079405e+00    2.4789842283e+00   -1.6227121238e+01    3.0000000000e+03    3.6719194400e-01    6.6637500000e-01
       468   -7.3961062007e+00    5.5488515535e+01   -1.4035909066e+01    6.6398028654e+00    2.4520821753e+00   -1.6487991241e+01    3.0000000000e+03    3.7674801600e-01    6.6523958333e-01
       469   -7.3979355161e+00    5.5547445790e+01   -1.3858132059e+01    6.4601965430e+00    2.4379417987e+00   -1.6296073858e+01    3.0000000000e+03    3.5120443900e-01    6.6962500000e-01
       470   -7.3688112616e+00    5.5074289466e+01   -1.2970607430e+01    5.6017961683e+00    2.4669846811e+00   -1.5437592111e+01    3.0000000000e+03    3.5956920700e-01    6.6753125000e-01
       471   -7.3752304574e+00    5.5164867412e+01   -1.3793674847e+01    6.4184443898e+00    2.4113572085e+00   -1.6205032056e+01    3.0000000000e+03    3.5575432500e-01    6.6603125000e-01
       472   -7.3527692836e+00    5.4805838708e+01   -1.3227025490e+01    5.8742562064e+00    2.4225730734e+00   -1.5649598563e+01    3.0000000000e+03    3.6921942900e-01    6.6908333333e-01
       473   -7.4034828524e+00    5.5635231019e+01   -1.4167059840e+01    6.7635769881e+00    2.4489167868e+00   -1.6615976627e+01    3.0000000000e+03    3.5771858800e-01    6.6460416667e-01
       474   -7.3702966488e+00    5.5153947184e+01   -1.3889496600e+01    6.5191999510e+00    2.4423430014e+00   -1.6331839601e+01    3.0000000000e+03    3.6217544100e-01    6.6800000000e-01
       475   -7.3909346347e+00    5.5453087472e+01   -1.4129967201e+01    6.7390325668e+00    2.5097560781e+00   -1.6639723280e+01    3.0000000000e+03    3.6588449300e-01    6.6587500000e-01
       476   -7.3603866964e+00    5.4912373248e+01   -1.3245135590e+01    5.8847488933e+00    2.4581082322e+00   -1.5703243822e+01    3.0000000000e+03    3.4911305700e-01    6.6633333333e-01
       477   -7.4007171167e+00    5.5574461956e+01   -1.3892199949e+01    6.4914828324e+00    2.4810206066e+00   -1.6373220556e+01    3.0000000000e+03    3.5328151900e-01    6.6351041667e-01
       478   -7.4145249296e+00    5.5793908335e+01   -1.3747410386e+01    6.3328854562e+00    2.4580441642e+00   -1.6205454550e+01    3.0000000000e+03    3.5883052700e-01    6.6680208333e-01
       479   -7.3347084330e+00    5.4532471730e+01   -1.3071648374e+01    5.7369399406e+00    2.4208865027e+00   -1.5492534876e+01    3.0000000000e+03    3.6177845300e-01    6.7062500000e-01
       480   -7.3612361598e+00    5.4963861224e+01   -1.3275274736e+01    5.9140385766e+00    2.4317289370e+00   -1.5707003673e+01    3.0000000000e+03    3.6739089500e-01    6.6969791667e-01
       481   -7.3390721324e+00    5.4603118225e+01   -1.2856701022e+01    5.5176288895e+00    2.4526511311e+00   -1.5309352153e+01    3.0000000000e+03    3.4714143500e-01    6.6721875000e-01
       482   -7.3777340145e+00    5.5252749471e+01   -1.3698435783e+01    6.3207017683e+00    2.4178073132e+00   -1.6116243096e+01    3.0000000000e+03    3.5365668600e-01    6.6959375000e-01
       483   -7.3706075534e+00    5.5142744346e+01   -1.3229865442e+01    5.8592578890e+00    2.4335184376e+00   -1.5663383880e+01    3.0000000000e+03    3.6203103500e-01    6.6844791667e-01
       484   -7.3838461107e+00    5.5334804709e+01   -1.3374249162e+01    5.9904030508e+00    2.4372143141e+00   -1.5811463476e+01    3.0000000000e+03    3.5333835900e-01    6.6890625000e-01
       485   -7.3593561679e+00    5.4902770170e+01   -1.3947182100e+01    6.5878259320e+00    2.4421327580e+00   -1.6389314858e+01    3.0000000000e+03    3.5565321600e-01    6.6839583333e-01
       486   -7.4051959560e+00    5.5633966567e+01   -1.3699396329e+01    6.2942003725e+00    2.4697528098e+00   -1.6169149138e+01    3.0000000000e+03    3.5757921000e-01    6.6651041667e-01
       487   -7.3810424539e+00    5.5286990475e+01   -1.3388085892e+01    6.0070434377e+00    2.4575128368e+00   -1.5845598728e+01    3.0000000000e+03    3.5068881300e-01    6.6926041667e-01
       488   -7.4120863703e+00    5.5795140425e+01   -1.4203054332e+01    6.7909679614e+00    2.4797208534e+00   -1.6682775185e+01    3.0000000000e+03    3.6791273700e-01    6.6642708333e-01
       489   -7.3577791868e+00    5.4878490707e+01   -1.3783006318e+01    6.4252271308e+00    2.4715908464e+00   -1.6254597164e+01    3.0000000000e+03    3.4731322500e-01    6.6626041667e-01
       490   -7.3884991508e+00    5.5390347821e+01   -1.4353315064e+01    6.9648159132e+00    2.4241370989e+00   -1.6777452163e+01    3.0000000000e+03    3.5070988100e-01    6.6882291667e-01
       491   -7.3753114302e+00    5.5183782663e+01   -1.3520096825e+01    6.1447853945e+00    2.4605267405e+00   -1.5980623565e+01    3.0000000000e+03    3.5074185700e-01    6.6828125000e-01
       492   -7.3721065917e+00    5.5107804470e+01   -1.3052660380e+01    5.6805537886e+00    2.4129574423e+00   -1.5465617823e+01    3.0000000000e+03    3.6630314100e-01    6.6815625000e-01
       493   -7.3358279214e+00    5.4571350089e+01   -1.3305070711e+01    5.9692427893e+00    2.4473879727e+00   -1.5752458683e+01    3.0000000000e+03    3.5731825200e-01    6.6806250000e-01
       494   -7.3744063586e+00    5.5192465655e+01   -1.3531363448e+01    6.1569570899e+00    2.4391685764e+00   -1.5970532025e+01    3.0000000000e+03    3.4814978800e-01    6.6847916667e-01
       495   -7.3887929382e+00    5.5395898785e+01   -1.4015456726e+01    6.6266637883e+00    2.4757546347e+00   -1.6491211361e+01    3.0000000000e+03    3.5057544300e-01    6.6418750000e-01
       496   -7.3936369860e+00    5.5450813755e+01   -1.3620134772e+01    6.2264977857e+00    2.4627178826e+00   -1.6082852654e+01    3.0000000000e+03    3.4434690500e-01    6.6768750000e-01
       497   -7.4394109047e+00    5.6263519869e+01   -1.4538252035e+01    7.0988411299e+00    2.4649788709e+00   -1.7003230906e+01    3.0000000000e+03    3.4749482700e-01    6.6578125000e-01
       498   -7.3419997909e+00    5.4675305189e+01   -1.3359243191e+01    6.0172434004e+00    2.4294514046e+00   -1.5788694596e+01    3.0000000000e+03    3.5503266500e-01    6.6684375000e-01
       499   -7.3336424222e+00    5.4529640537e+01   -1.3596110178e+01    6.2624677562e+00    2.4403723992e+00   -1.6036482578e+01    3.0000000000e+03    3.5207959500e-01    6.7289583333e-01
