#   index    LocalEnergy         LocalEnergy_sq      LocalPotential      Kinetic             ElecElec            IonElec             BlockWeight         BlockCPU            AcceptRatio         
         0   -7.4310807335e+00    5.5401171696e+01   -1.2217124294e+01    4.7860435609e+00    2.1121075418e+00   -1.4329231836e+01    1.2800000000e+02    1.3229766000e-02    6.4941406250e-01
         1   -7.5407794666e+00    5.7186255079e+01   -1.7220148386e+01    9.6793689194e+00    2.7743190626e+00   -1.9994467449e+01    1.2800000000e+02    1.0994880000e-02    6.1914062500e-01
         2   -7.4067515661e+00    5.5016025419e+01   -1.1839204229e+01    4.4324526628e+00    2.5184405220e+00   -1.4357644751e+01    1.2800000000e+02    1.2652954000e-02    6.6210937500e-01
         3   -7.5869516718e+00    5.7972602355e+01   -1.7242360581e+01    9.6554089092e+00    2.5163757133e+00   -1.9758736294e+01    1.2800000000e+02    7.8976219993e-03    6.4697265625e-01
         4   -7.4308555686e+00    5.5404101531e+01   -1.4220855736e+01    6.7900001672e+00    2.1718481743e+00   -1.6392703910e+01    1.2800000000e+02    8.0557629999e-03    6.4843750000e-01
         5   -7.4451189427e+00    5.5652655850e+01   -1.4411080811e+01    6.9659618685e+00    2.6907375559e+00   -1.7101818367e+01    1.2800000000e+02    1.1532963999e-02    6.3818359375e-01
         6   -7.4580063706e+00    5.5813910496e+01   -1.4092779111e+01    6.6347727409e+00    2.6456571850e+00   -1.6738436296e+01    1.2800000000e+02    9.5429349994e-03    6.4208984375e-01
         7   -7.4600209954e+00    5.5944509470e+01   -1.2595012154e+01    5.1349911584e+00    2.4202891552e+00   -1.5015301309e+01    1.2800000000e+02    8.5858929997e-03    6.5917968750e-01
         8   -7.4750181828e+00    5.6026271607e+01   -1.4458927404e+01    6.9839092211e+00    2.6373973374e+00   -1.7096324741e+01    1.2800000000e+02    1.0322900000e-02    6.5087890625e-01
         9   -7.4768784087e+00    5.6069014575e+01   -1.4656561409e+01    7.1796829999e+00    2.6765082175e+00   -1.7333069626e+01    1.2800000000e+02    1.3286809000e-02    6.4892578125e-01
        10   -7.5058815243e+00    5.6502236160e+01   -1.3830148646e+01    6.3242671219e+00    2.5835318573e+00   -1.6413680504e+01    1.2800000000e+02    1.4241692000e-02    6.2939453125e-01
        11   -7.3973393643e+00    5.4913501864e+01   -1.3101637409e+01    5.7042980448e+00    2.8135665725e+00   -1.5915203982e+01    1.2800000000e+02    9.4527379997e-03    6.3525390625e-01
        12   -7.4375033783e+00    5.5680382445e+01   -1.3849105524e+01    6.4116021454e+00    2.7185812056e+00   -1.6567686729e+01    1.2800000000e+02    7.7035530003e-03    6.2695312500e-01
        13   -7.4685097953e+00    5.6012739238e+01   -1.3410107842e+01    5.9415980471e+00    2.8042819202e+00   -1.6214389763e+01    1.2800000000e+02    7.8163849994e-03    6.3281250000e-01
        14   -7.4458277569e+00    5.5691997227e+01   -1.5276951059e+01    7.8311233018e+00    2.7015211877e+00   -1.7978472246e+01    1.2800000000e+02    7.8935919992e-03    6.3574218750e-01
        15   -7.3965295882e+00    5.5006224126e+01   -1.6616996740e+01    9.2204671521e+00    2.7099486993e+00   -1.9326945440e+01    1.2800000000e+02    1.2789413000e-02    6.2304687500e-01
        16   -7.4154960751e+00    5.5146573242e+01   -1.2852673008e+01    5.4371769333e+00    2.5148836140e+00   -1.5367556623e+01    1.2800000000e+02    9.6316950003e-03    6.5478515625e-01
        17   -7.3575039345e+00    5.4260989214e+01   -1.1053667175e+01    3.6961632406e+00    2.3819661471e+00   -1.3435633322e+01    1.2800000000e+02    8.3964799996e-03    6.5966796875e-01
        18   -7.3511188576e+00    5.4179420991e+01   -1.2368851385e+01    5.0177325269e+00    2.3913680779e+00   -1.4760219462e+01    1.2800000000e+02    7.8777230001e-03    6.4160156250e-01
        19   -7.4612076081e+00    5.5953028389e+01   -1.4630828046e+01    7.1696204377e+00    2.7040500860e+00   -1.7334878132e+01    1.2800000000e+02    7.7842519995e-03    6.2548828125e-01
        20   -7.3286757209e+00    5.3940843303e+01   -1.3813509490e+01    6.4848337695e+00    2.5615001871e+00   -1.6375009678e+01    1.2800000000e+02    7.6363930002e-03    6.2792968750e-01
        21   -7.3652381455e+00    5.4439996175e+01   -1.2199524496e+01    4.8342863504e+00    2.5326659108e+00   -1.4732190407e+01    1.2800000000e+02    1.1653842000e-02    6.3916015625e-01
        22   -7.5727677470e+00    5.7577809921e+01   -2.1356760946e+01    1.3783993199e+01    2.6711376857e+00   -2.4027898632e+01    1.2800000000e+02    8.3022919998e-03    6.2744140625e-01
        23   -7.4658714057e+00    5.5895205655e+01   -1.2654434114e+01    5.1885627078e+00    2.2215780147e+00   -1.4876012128e+01    1.2800000000e+02    7.9149630001e-03    6.6503906250e-01
        24   -7.4597762086e+00    5.5947152926e+01   -1.3404059922e+01    5.9442837132e+00    3.1811846484e+00   -1.6585244570e+01    1.2800000000e+02    8.3727820002e-03    6.4062500000e-01
        25   -7.3570404597e+00    5.4228407239e+01   -1.1337653180e+01    3.9806127207e+00    2.6581185984e+00   -1.3995771779e+01    1.2800000000e+02    8.2335979996e-03    6.3720703125e-01
        26   -7.4226995668e+00    5.5282578986e+01   -1.2941524378e+01    5.5188248115e+00    2.4464580136e+00   -1.5387982392e+01    1.2800000000e+02    8.5823170002e-03    6.4453125000e-01
        27   -7.3405105198e+00    5.4011964550e+01   -1.2945987326e+01    5.6054768061e+00    2.7338044361e+00   -1.5679791762e+01    1.2800000000e+02    8.6862200005e-03    6.1865234375e-01
        28   -7.3356205608e+00    5.3986054174e+01   -1.3133592347e+01    5.7979717858e+00    2.3902662737e+00   -1.5523858620e+01    1.2800000000e+02    1.0548265000e-02    6.5185546875e-01
        29   -7.5128009159e+00    5.6668846619e+01   -1.4304178853e+01    6.7913779366e+00    2.4704992800e+00   -1.6774678133e+01    1.2800000000e+02    9.8383240002e-03    6.4794921875e-01
        30   -7.4558392047e+00    5.5932803292e+01   -1.2405655685e+01    4.9498164801e+00    2.5328577890e+00   -1.4938513474e+01    1.2800000000e+02    8.2652609999e-03    6.4355468750e-01
        31   -7.3676193192e+00    5.4472138549e+01   -1.3000058886e+01    5.6324395663e+00    2.5218811063e+00   -1.5521939992e+01    1.2800000000e+02    8.4245159996e-03    6.4355468750e-01
        32   -7.4393333471e+00    5.5572200422e+01   -1.4522264567e+01    7.0829312198e+00    2.8202653553e+00   -1.7342529922e+01    1.2800000000e+02    8.3225600001e-03    6.5185546875e-01
        33   -7.5011101549e+00    5.6476504768e+01   -1.3834305398e+01    6.3331952434e+00    2.6503925940e+00   -1.6484697992e+01    1.2800000000e+02    8.0718879999e-03    6.2890625000e-01
        34   -7.3297070885e+00    5.3911392189e+01   -1.1397525550e+01    4.0678184611e+00    2.2280670406e+00   -1.3625592590e+01    1.2800000000e+02    1.1660279000e-02    6.4990234375e-01
        35   -7.4946641313e+00    5.6427855690e+01   -1.4357959182e+01    6.8632950507e+00    2.4416656539e+00   -1.6799624836e+01    1.2800000000e+02    1.2699221999e-02    6.2353515625e-01
        36   -7.4667764125e+00    5.5990198231e+01   -1.5642515162e+01    8.1757387490e+00    2.5686943981e+00   -1.8211209560e+01    1.2800000000e+02    1.2668344000e-02    6.3085937500e-01
        37   -7.3811173488e+00    5.4659020527e+01   -1.2543990826e+01    5.1628734768e+00    2.9643376628e+00   -1.5508328488e+01    1.2800000000e+02    1.2938113000e-02    6.4990234375e-01
        38   -7.6132879262e+00    5.8157265878e+01   -1.5653587792e+01    8.0402998659e+00    2.7430434945e+00   -1.8396631287e+01    1.2800000000e+02    1.2941253000e-02    6.1181640625e-01
        39   -7.6480887534e+00    5.8893725744e+01   -1.7055293712e+01    9.4072049587e+00    3.2643834992e+00   -2.0319677211e+01    1.2800000000e+02    1.3233731001e-02    6.2158203125e-01
        40   -7.7060138186e+00    5.9785452882e+01   -1.6460280904e+01    8.7542670859e+00    2.6326937434e+00   -1.9092974648e+01    1.2800000000e+02    1.1059818000e-02    6.2939453125e-01
        41   -7.3979038425e+00    5.4972430457e+01   -1.5666384408e+01    8.2684805653e+00    2.7878287539e+00   -1.8454213162e+01    1.2800000000e+02    8.7531449999e-03    6.3476562500e-01
        42   -7.4320501662e+00    5.5406898602e+01   -1.4711699242e+01    7.2796490758e+00    2.7027536455e+00   -1.7414452887e+01    1.2800000000e+02    8.3619679999e-03    6.2939453125e-01
        43   -7.3815442255e+00    5.4672484067e+01   -1.2014310859e+01    4.6327666334e+00    2.2076815802e+00   -1.4221992439e+01    1.2800000000e+02    8.1523599993e-03    6.5527343750e-01
        44   -7.3985904574e+00    5.4897295599e+01   -1.1319883622e+01    3.9212931643e+00    2.2615768483e+00   -1.3581460470e+01    1.2800000000e+02    9.3338039997e-03    6.6796875000e-01
        45   -7.5284209144e+00    5.6868335289e+01   -1.7269508778e+01    9.7410878639e+00    3.0774367414e+00   -2.0346945520e+01    1.2800000000e+02    8.1770190000e-03    6.3916015625e-01
        46   -7.4552995779e+00    5.5789601619e+01   -1.3383261639e+01    5.9279620608e+00    2.4366157865e+00   -1.5819877425e+01    1.2800000000e+02    8.3242150004e-03    6.6796875000e-01
        47   -7.5370863573e+00    5.7107738823e+01   -1.5308548958e+01    7.7714626005e+00    2.5056087597e+00   -1.7814157718e+01    1.2800000000e+02    9.7206670007e-03    6.4550781250e-01
        48   -7.3817074834e+00    5.4699484640e+01   -1.3002761815e+01    5.6210543313e+00    2.7230401231e+00   -1.5725801938e+01    1.2800000000e+02    1.7363360000e-02    6.3964843750e-01
        49   -7.3769884873e+00    5.4592710413e+01   -1.2808058150e+01    5.4310696624e+00    2.4124804721e+00   -1.5220538622e+01    1.2800000000e+02    1.6645665000e-02    6.5380859375e-01
        50   -7.5068202003e+00    5.6657906516e+01   -1.3210794283e+01    5.7039740829e+00    2.9684153096e+00   -1.6179209593e+01    1.2800000000e+02    1.6272268001e-02    6.3769531250e-01
        51   -7.4795956567e+00    5.6256964714e+01   -1.4596596027e+01    7.1170003700e+00    2.7591673061e+00   -1.7355763333e+01    1.2800000000e+02    1.6145718000e-02    6.2646484375e-01
        52   -7.5367585508e+00    5.7051344163e+01   -1.5783055680e+01    8.2462971295e+00    2.4978520447e+00   -1.8280907725e+01    1.2800000000e+02    1.4934391000e-02    6.3867187500e-01
        53   -7.4404369812e+00    5.5504012497e+01   -1.1458228879e+01    4.0177918976e+00    2.6314063841e+00   -1.4089635263e+01    1.2800000000e+02    1.6253466000e-02    6.5478515625e-01
        54   -7.3266500164e+00    5.3797207047e+01   -1.0235107952e+01    2.9084579352e+00    1.8580699527e+00   -1.2093177904e+01    1.2800000000e+02    1.5777054999e-02    6.8066406250e-01
        55   -7.3994378265e+00    5.4846334778e+01   -1.2450234070e+01    5.0507962439e+00    2.3750401094e+00   -1.4825274180e+01    1.2800000000e+02    1.6327306999e-02    6.5039062500e-01
        56   -7.3970769453e+00    5.4913712963e+01   -1.6860244136e+01    9.4631671909e+00    2.2953739356e+00   -1.9155618072e+01    1.2800000000e+02    1.6401128000e-02    6.4941406250e-01
        57   -7.5333244849e+00    5.7036940756e+01   -1.3481660647e+01    5.9483361617e+00    2.6459185050e+00   -1.6127579152e+01    1.2800000000e+02    1.6292780000e-02    6.3476562500e-01
        58   -7.5643763495e+00    5.7454740427e+01   -1.3922874265e+01    6.3584979154e+00    2.4759026554e+00   -1.6398776920e+01    1.2800000000e+02    1.6239375000e-02    6.3623046875e-01
        59   -7.5696429688e+00    5.7518886503e+01   -1.2855496243e+01    5.2858532739e+00    2.8616993544e+00   -1.5717195597e+01    1.2800000000e+02    1.6879703000e-02    6.4648437500e-01
        60   -7.3470051355e+00    5.4185255623e+01   -1.6398689725e+01    9.0516845891e+00    2.9652657707e+00   -1.9363955495e+01    1.2800000000e+02    1.6434907000e-02    6.1669921875e-01
        61   -7.4954701285e+00    5.6452818943e+01   -1.5337025778e+01    7.8415556496e+00    2.4718105139e+00   -1.7808836292e+01    1.2800000000e+02    1.6991170000e-02    6.3378906250e-01
        62   -7.7208752282e+00    5.9988067667e+01   -2.2910493802e+01    1.5189618574e+01    2.9360891699e+00   -2.5846582972e+01    1.2800000000e+02    1.6241265000e-02    6.2500000000e-01
        63   -7.5948255297e+00    5.7894749461e+01   -1.7061696274e+01    9.4668707445e+00    2.5272953598e+00   -1.9588991634e+01    1.2800000000e+02    1.2906936000e-02    6.4160156250e-01
        64   -7.3785960577e+00    5.4656590589e+01   -1.5915773792e+01    8.5371777344e+00    2.5316393963e+00   -1.8447413188e+01    1.2800000000e+02    9.1458359993e-03    6.3085937500e-01
        65   -7.4949108384e+00    5.6370658374e+01   -1.1021577816e+01    3.5266669773e+00    2.3754793621e+00   -1.3397057178e+01    1.2800000000e+02    8.0805810003e-03    6.7285156250e-01
        66   -7.4199620438e+00    5.5202033514e+01   -1.1844361726e+01    4.4243996817e+00    2.3641757191e+00   -1.4208537445e+01    1.2800000000e+02    8.0812630003e-03    6.5625000000e-01
        67   -7.2577861589e+00    5.2906426935e+01   -1.3211614769e+01    5.9538286103e+00    2.6316817814e+00   -1.5843296551e+01    1.2800000000e+02    8.5906099994e-03    6.3281250000e-01
        68   -7.4930290431e+00    5.6407954126e+01   -1.5865091724e+01    8.3720626805e+00    2.6488871825e+00   -1.8513978906e+01    1.2800000000e+02    7.6393970003e-03    6.1474609375e-01
        69   -7.3488031562e+00    5.4173609686e+01   -1.3843840928e+01    6.4950377715e+00    2.6095389916e+00   -1.6453379919e+01    1.2800000000e+02    9.1363149995e-03    6.2890625000e-01
        70   -7.4451455170e+00    5.5673275442e+01   -1.2017450025e+01    4.5723045085e+00    2.5267256566e+00   -1.4544175682e+01    1.2800000000e+02    1.4448826000e-02    6.4990234375e-01
        71   -7.6437893303e+00    5.8666297434e+01   -1.7697409376e+01    1.0053620046e+01    3.0054311141e+00   -2.0702840490e+01    1.2800000000e+02    9.7060409998e-03    6.3330078125e-01
        72   -7.4438766716e+00    5.5645179714e+01   -1.6928318361e+01    9.4844416898e+00    2.3602261434e+00   -1.9288544505e+01    1.2800000000e+02    8.0521110003e-03    6.5527343750e-01
        73   -7.4469064160e+00    5.5658590877e+01   -1.2477916843e+01    5.0310104266e+00    2.6654873384e+00   -1.5143404181e+01    1.2800000000e+02    1.1109200000e-02    6.3916015625e-01
        74   -7.6643234215e+00    5.9231350983e+01   -1.4341954649e+01    6.6776312275e+00    3.0465236840e+00   -1.7388478333e+01    1.2800000000e+02    8.8601870002e-03    6.2500000000e-01
        75   -7.3449839382e+00    5.4104522267e+01   -1.4850993133e+01    7.5060091947e+00    2.4434574801e+00   -1.7294450613e+01    1.2800000000e+02    9.4143329998e-03    6.4111328125e-01
        76   -7.6454293574e+00    5.8848238559e+01   -1.3914762792e+01    6.2693334342e+00    2.4528237522e+00   -1.6367586544e+01    1.2800000000e+02    7.7529300006e-03    6.6015625000e-01
        77   -7.5250017971e+00    5.6811679085e+01   -1.5857381529e+01    8.3323797318e+00    2.3720556564e+00   -1.8229437185e+01    1.2800000000e+02    8.4759379997e-03    6.7529296875e-01
        78   -7.4469679598e+00    5.5645491476e+01   -1.3990760420e+01    6.5437924605e+00    2.7773323052e+00   -1.6768092725e+01    1.2800000000e+02    7.7278919998e-03    6.3085937500e-01
        79   -7.4996963285e+00    5.6456020197e+01   -1.5121101038e+01    7.6214047091e+00    2.6434840709e+00   -1.7764585109e+01    1.2800000000e+02    7.9657180004e-03    6.4013671875e-01
        80   -7.5553551115e+00    5.7452295706e+01   -1.5157846183e+01    7.6024910718e+00    2.4562415244e+00   -1.7614087708e+01    1.2800000000e+02    7.6925280000e-03    6.3964843750e-01
        81   -7.4935733201e+00    5.6369445979e+01   -1.4920581003e+01    7.4270076825e+00    2.4811702411e+00   -1.7401751244e+01    1.2800000000e+02    7.7961300003e-03    6.2841796875e-01
        82   -7.5302917663e+00    5.6857258149e+01   -1.2480681250e+01    4.9503894839e+00    2.6841957942e+00   -1.5164877044e+01    1.2800000000e+02    7.8994489995e-03    6.5478515625e-01
        83   -7.3368505845e+00    5.4010590533e+01   -1.2685166926e+01    5.3483163415e+00    2.8271377947e+00   -1.5512304721e+01    1.2800000000e+02    8.0442680000e-03    6.4550781250e-01
        84   -7.5228289343e+00    5.6855047785e+01   -1.6737597023e+01    9.2147680885e+00    2.6864679292e+00   -1.9424064952e+01    1.2800000000e+02    7.7234809996e-03    6.3574218750e-01
        85   -7.5094006541e+00    5.6635355448e+01   -1.3659097795e+01    6.1496971414e+00    2.7988603731e+00   -1.6457958169e+01    1.2800000000e+02    7.8158470005e-03    6.3720703125e-01
        86   -7.6209118073e+00    5.8509105334e+01   -1.5570795276e+01    7.9498834691e+00    2.9491087575e+00   -1.8519904034e+01    1.2800000000e+02    7.7845110009e-03    6.1767578125e-01
        87   -7.6966262991e+00    5.9572411692e+01   -1.6275216337e+01    8.5785900380e+00    3.2530525717e+00   -1.9528268909e+01    1.2800000000e+02    7.6851399999e-03    6.2988281250e-01
        88   -7.5372533543e+00    5.6996873235e+01   -1.7209797610e+01    9.6725442559e+00    2.7596823053e+00   -1.9969479916e+01    1.2800000000e+02    7.8472550003e-03    6.3916015625e-01
        89   -7.4961221343e+00    5.6332779121e+01   -1.3719345086e+01    6.2232229519e+00    2.4167876550e+00   -1.6136132741e+01    1.2800000000e+02    7.9002940001e-03    6.5576171875e-01
        90   -7.4879439385e+00    5.6270251562e+01   -1.9061376909e+01    1.1573432971e+01    2.8320074573e+00   -2.1893384367e+01    1.2800000000e+02    8.1025170002e-03    6.4453125000e-01
        91   -7.3298149132e+00    5.3910325892e+01   -1.7623595489e+01    1.0293780576e+01    2.4577650381e+00   -2.0081360527e+01    1.2800000000e+02    7.8379140004e-03    6.2695312500e-01
        92   -7.5099817387e+00    5.6612664603e+01   -1.9785302275e+01    1.2275320536e+01    2.3070096272e+00   -2.2092311902e+01    1.2800000000e+02    7.8797080005e-03    6.6650390625e-01
        93   -7.5120094657e+00    5.6585704785e+01   -1.3768128256e+01    6.2561187902e+00    2.3854601567e+00   -1.6153588413e+01    1.2800000000e+02    7.7013499995e-03    6.3671875000e-01
        94   -7.3135345842e+00    5.3649922237e+01   -1.1785866983e+01    4.4723323992e+00    2.5352971294e+00   -1.4321164113e+01    1.2800000000e+02    7.8483389998e-03    6.5576171875e-01
        95   -7.4579840146e+00    5.5809144373e+01   -1.2645585535e+01    5.1876015205e+00    2.7489691465e+00   -1.5394554682e+01    1.2800000000e+02    7.7535410001e-03    6.5332031250e-01
        96   -7.3270492766e+00    5.3784858915e+01   -1.2430883936e+01    5.1038346593e+00    2.6659212993e+00   -1.5096805235e+01    1.2800000000e+02    7.8426589998e-03    6.5039062500e-01
        97   -7.4777611325e+00    5.6063752913e+01   -1.3192993780e+01    5.7152326470e+00    2.2704755257e+00   -1.5463469305e+01    1.2800000000e+02    7.8316620002e-03    6.6601562500e-01
        98   -7.4843943702e+00    5.6280548837e+01   -1.4645643906e+01    7.1612495353e+00    2.5883718214e+00   -1.7234015727e+01    1.2800000000e+02    7.7779020003e-03    6.2744140625e-01
        99   -7.4795684880e+00    5.6174712678e+01   -1.4831943851e+01    7.3523753631e+00    2.5255630554e+00   -1.7357506906e+01    1.2800000000e+02    7.6738660000e-03    6.2500000000e-01
       100   -7.4706285578e+00    5.6193679291e+01   -1.5433658303e+01    7.9630297454e+00    2.6282802922e+00   -1.8061938595e+01    1.2800000000e+02    7.8117430003e-03    6.3818359375e-01
       101   -7.4630220801e+00    5.5958484089e+01   -1.7358196901e+01    9.8951748208e+00    2.9055095691e+00   -2.0263706470e+01    1.2800000000e+02    7.6705609999e-03    6.3378906250e-01
       102   -7.5955984039e+00    5.7988970558e+01   -1.5178522773e+01    7.5829243696e+00    3.1697865190e+00   -1.8348309292e+01    1.2800000000e+02    8.1541460004e-03    6.4208984375e-01
       103   -7.3560062261e+00    5.4331796145e+01   -1.1302341452e+01    3.9463352256e+00    2.3501344904e+00   -1.3652475942e+01    1.2800000000e+02    8.2230849994e-03    6.5380859375e-01
       104   -7.5492921920e+00    5.7336352631e+01   -1.3225953576e+01    5.6766613845e+00    2.4052035101e+00   -1.5631157087e+01    1.2800000000e+02    8.1672599999e-03    6.7187500000e-01
       105   -7.4364878733e+00    5.5452560517e+01   -1.1962648960e+01    4.5261610867e+00    2.6155278274e+00   -1.4578176787e+01    1.2800000000e+02    7.8002030004e-03    6.4111328125e-01
       106   -7.4404576703e+00    5.5550907891e+01   -1.3395633614e+01    5.9551759441e+00    2.4349443896e+00   -1.5830578004e+01    1.2800000000e+02    8.6088230000e-03    6.6552734375e-01
       107   -7.5759125548e+00    5.7655045161e+01   -1.1888498273e+01    4.3125857178e+00    2.5861290114e+00   -1.4474627284e+01    1.2800000000e+02    9.6504849998e-03    6.6259765625e-01
       108   -7.4639469249e+00    5.5931323989e+01   -1.3163480929e+01    5.6995340046e+00    2.5085950483e+00   -1.5672075978e+01    1.2800000000e+02    9.0913399999e-03    6.4648437500e-01
       109   -7.6962605401e+00    5.9586927455e+01   -1.6437952363e+01    8.7416918232e+00    2.7116033164e+00   -1.9149555680e+01    1.2800000000e+02    7.6412680000e-03    6.1914062500e-01
       110   -7.5502928268e+00    5.7301528942e+01   -1.3820798231e+01    6.2705054044e+00    2.6961532539e+00   -1.6516951485e+01    1.2800000000e+02    7.7820269998e-03    6.3916015625e-01
       111   -7.3023209033e+00    5.3478871476e+01   -1.5414705606e+01    8.1123847022e+00    2.8808526832e+00   -1.8295558289e+01    1.2800000000e+02    8.0617479998e-03    6.1083984375e-01
       112   -7.3821247508e+00    5.4591181287e+01   -1.0935548984e+01    3.5534242329e+00    2.3311228429e+00   -1.3266671827e+01    1.2800000000e+02    8.9606349993e-03    6.6308593750e-01
       113   -7.4675250377e+00    5.5914706555e+01   -1.3269263062e+01    5.8017380239e+00    2.3147259555e+00   -1.5583989017e+01    1.2800000000e+02    8.9229559999e-03    6.3769531250e-01
       114   -7.5803099257e+00    5.7673261456e+01   -1.3327663742e+01    5.7473538165e+00    2.3595823010e+00   -1.5687246043e+01    1.2800000000e+02    8.4489880001e-03    6.5478515625e-01
       115   -7.5073102731e+00    5.6561192164e+01   -1.6837057003e+01    9.3297467299e+00    2.9526129743e+00   -1.9789669977e+01    1.2800000000e+02    8.1306570000e-03    6.1669921875e-01
       116   -7.4714539373e+00    5.6054351190e+01   -1.4425169562e+01    6.9537156244e+00    2.9355235817e+00   -1.7360693143e+01    1.2800000000e+02    8.3855849998e-03    6.2255859375e-01
       117   -7.5644118247e+00    5.7504608189e+01   -1.3871095610e+01    6.3066837849e+00    2.3450926818e+00   -1.6216188291e+01    1.2800000000e+02    7.7781079999e-03    6.5478515625e-01
       118   -7.4821426716e+00    5.6240053379e+01   -1.2764406581e+01    5.2822639094e+00    2.7526543547e+00   -1.5517060936e+01    1.2800000000e+02    8.0044429997e-03    6.4208984375e-01
       119   -7.6267577723e+00    5.8538409961e+01   -1.4985225073e+01    7.3584673003e+00    2.8161030922e+00   -1.7801328165e+01    1.2800000000e+02    7.9404219996e-03    6.3232421875e-01
       120   -7.4542674539e+00    5.5714390222e+01   -1.5053120316e+01    7.5988528618e+00    2.4890335630e+00   -1.7542153879e+01    1.2800000000e+02    8.0921480003e-03    6.3867187500e-01
       121   -7.5303977774e+00    5.7015599334e+01   -1.3179819730e+01    5.6494219526e+00    2.6118247704e+00   -1.5791644500e+01    1.2800000000e+02    7.8198359997e-03    6.3623046875e-01
       122   -7.6748253931e+00    5.9252003008e+01   -1.2982208323e+01    5.3073829304e+00    2.7137470060e+00   -1.5695955330e+01    1.2800000000e+02    8.1805330001e-03    6.5380859375e-01
       123   -7.3908637669e+00    5.4897595223e+01   -1.9669295327e+01    1.2278431561e+01    2.5419979125e+00   -2.2211293240e+01    1.2800000000e+02    8.8252879996e-03    6.3769531250e-01
       124   -7.6917810983e+00    5.9449316066e+01   -1.5377481947e+01    7.6857008491e+00    3.0506570481e+00   -1.8428138996e+01    1.2800000000e+02    7.9255800001e-03    6.3574218750e-01
       125   -7.4423491458e+00    5.5577686292e+01   -1.1586400500e+01    4.1440513539e+00    2.6047083084e+00   -1.4191108808e+01    1.2800000000e+02    8.0171569998e-03    6.5673828125e-01
       126   -7.3614853937e+00    5.4359767096e+01   -1.4326378966e+01    6.9648935726e+00    2.4481332378e+00   -1.6774512204e+01    1.2800000000e+02    8.0514769998e-03    6.3525390625e-01
       127   -7.5199507301e+00    5.6860607027e+01   -1.5254927542e+01    7.7349768114e+00    2.6064218423e+00   -1.7861349384e+01    1.2800000000e+02    8.9515979998e-03    6.2402343750e-01
       128   -7.4459304702e+00    5.5624086737e+01   -1.2918370685e+01    5.4724402144e+00    2.8427102626e+00   -1.5761080947e+01    1.2800000000e+02    8.0664240004e-03    6.2841796875e-01
       129   -7.5396812126e+00    5.7047413785e+01   -1.5340853624e+01    7.8011724112e+00    2.4085891603e+00   -1.7749442784e+01    1.2800000000e+02    8.0119750000e-03    6.3525390625e-01
       130   -7.4910856563e+00    5.6395387615e+01   -1.2934006992e+01    5.4429213361e+00    2.5987815516e+00   -1.5532788544e+01    1.2800000000e+02    7.8369510002e-03    6.3720703125e-01
       131   -7.4965516284e+00    5.6353243559e+01   -1.2861647420e+01    5.3650957917e+00    2.5577352657e+00   -1.5419382686e+01    1.2800000000e+02    8.1123800001e-03    6.6455078125e-01
       132   -7.5168627487e+00    5.6777870433e+01   -1.7046894458e+01    9.5300317095e+00    2.5567407753e+00   -1.9603635234e+01    1.2800000000e+02    7.9314100003e-03    6.4062500000e-01
       133   -7.5045311755e+00    5.6480607837e+01   -1.7167422443e+01    9.6628912673e+00    2.9003855304e+00   -2.0067807973e+01    1.2800000000e+02    8.0586200002e-03    6.1816406250e-01
       134   -7.4899385007e+00    5.6402371028e+01   -1.4067803283e+01    6.5778647822e+00    2.7541197084e+00   -1.6821922991e+01    1.2800000000e+02    7.7642150000e-03    6.2597656250e-01
       135   -7.6335169431e+00    5.8522388227e+01   -1.5118219374e+01    7.4847024310e+00    2.6041891659e+00   -1.7722408540e+01    1.2800000000e+02    8.1800379994e-03    6.4892578125e-01
       136   -7.4778841022e+00    5.6314889696e+01   -1.4249079905e+01    6.7711958024e+00    2.7425727314e+00   -1.6991652636e+01    1.2800000000e+02    8.3285829996e-03    6.4990234375e-01
       137   -7.3587644136e+00    5.4319439838e+01   -1.3556156773e+01    6.1973923592e+00    2.6084904827e+00   -1.6164647255e+01    1.2800000000e+02    8.5035359998e-03    6.4111328125e-01
       138   -7.5494026600e+00    5.7158866160e+01   -1.9712625217e+01    1.2163222557e+01    2.7415376747e+00   -2.2454162892e+01    1.2800000000e+02    7.5865700001e-03    6.3037109375e-01
       139   -7.4975926290e+00    5.6496794578e+01   -2.0005097958e+01    1.2507505328e+01    2.9275507970e+00   -2.2932648755e+01    1.2800000000e+02    8.3856629999e-03    6.3427734375e-01
       140   -7.2811747551e+00    5.3131955515e+01   -1.2285918109e+01    5.0047433535e+00    2.6745035792e+00   -1.4960421688e+01    1.2800000000e+02    8.1530580001e-03    6.5966796875e-01
       141   -7.6030303209e+00    5.8053986281e+01   -1.5322976520e+01    7.7199461991e+00    2.7412772364e+00   -1.8064253756e+01    1.2800000000e+02    8.0727309996e-03    6.2500000000e-01
       142   -7.6341091448e+00    5.8660343326e+01   -1.3871142081e+01    6.2370329364e+00    2.5737912473e+00   -1.6444933328e+01    1.2800000000e+02    7.9613079997e-03    6.3769531250e-01
       143   -7.4742022865e+00    5.6058003999e+01   -1.3707974610e+01    6.2337723237e+00    2.7821842541e+00   -1.6490158864e+01    1.2800000000e+02    7.9364819994e-03    6.2988281250e-01
       144   -7.5662578298e+00    5.7625808346e+01   -1.5332131522e+01    7.7658736918e+00    3.0383815465e+00   -1.8370513068e+01    1.2800000000e+02    7.7057729995e-03    6.3623046875e-01
       145   -7.4167480102e+00    5.5147203465e+01   -1.1057102243e+01    3.6403542326e+00    2.4548115566e+00   -1.3511913800e+01    1.2800000000e+02    8.2093800002e-03    6.6503906250e-01
       146   -7.6195602315e+00    5.8425461012e+01   -1.7235900034e+01    9.6163398022e+00    2.4098761137e+00   -1.9645776147e+01    1.2800000000e+02    8.2849430000e-03    6.4062500000e-01
       147   -7.4054628765e+00    5.4956871868e+01   -1.4676458882e+01    7.2709960051e+00    2.4850369621e+00   -1.7161495844e+01    1.2800000000e+02    8.7666170002e-03    6.3623046875e-01
       148   -7.5047923312e+00    5.6519751704e+01   -1.3019372451e+01    5.5145801194e+00    2.6541521332e+00   -1.5673524584e+01    1.2800000000e+02    7.8014589999e-03    6.5966796875e-01
       149   -7.3693390118e+00    5.4502649137e+01   -1.9384526993e+01    1.2015187981e+01    2.9408657697e+00   -2.2325392762e+01    1.2800000000e+02    8.0485760000e-03    6.3916015625e-01
       150   -7.4049252241e+00    5.4977889729e+01   -2.1406394879e+01    1.4001469655e+01    2.2082875862e+00   -2.3614682465e+01    1.2800000000e+02    7.6338300005e-03    6.3818359375e-01
       151   -7.4442719705e+00    5.5600032713e+01   -1.2412405555e+01    4.9681335849e+00    2.6361808120e+00   -1.5048586367e+01    1.2800000000e+02    8.1876679997e-03    6.5478515625e-01
       152   -7.3947152981e+00    5.4814284760e+01   -1.2292338905e+01    4.8976236074e+00    2.4225674851e+00   -1.4714906391e+01    1.2800000000e+02    7.8521979995e-03    6.4941406250e-01
       153   -7.3667149740e+00    5.4523815635e+01   -1.3923412910e+01    6.5566979363e+00    2.7694319616e+00   -1.6692844872e+01    1.2800000000e+02    8.3421279996e-03    6.4160156250e-01
       154   -7.8169233592e+00    6.1486881327e+01   -1.5196958882e+01    7.3800355226e+00    3.9305177427e+00   -1.9127476624e+01    1.2800000000e+02    7.6869989998e-03    6.2548828125e-01
       155   -7.4427688736e+00    5.5572292222e+01   -1.3431795894e+01    5.9890270207e+00    2.6453723020e+00   -1.6077168196e+01    1.2800000000e+02    8.1237069999e-03    6.3525390625e-01
       156   -7.3049170980e+00    5.3481231408e+01   -1.1991927639e+01    4.6870105412e+00    2.3654826813e+00   -1.4357410321e+01    1.2800000000e+02    7.7852679997e-03    6.3964843750e-01
       157   -7.4044181003e+00    5.5106712118e+01   -1.2072508904e+01    4.6680908037e+00    2.6314229574e+00   -1.4703931861e+01    1.2800000000e+02    8.1238200000e-03    6.5478515625e-01
       158   -7.5057186966e+00    5.6585054265e+01   -1.4250562347e+01    6.7448436509e+00    2.4646701363e+00   -1.6715232484e+01    1.2800000000e+02    7.7749380007e-03    6.3720703125e-01
       159   -7.4734386932e+00    5.6058282689e+01   -1.2579066295e+01    5.1056276015e+00    2.4064762466e+00   -1.4985542541e+01    1.2800000000e+02    8.1797000003e-03    6.5380859375e-01
       160   -7.4414499035e+00    5.5613813647e+01   -1.4549208839e+01    7.1077589360e+00    2.4616031263e+00   -1.7010811966e+01    1.2800000000e+02    7.8989479998e-03    6.4892578125e-01
       161   -7.3966221773e+00    5.4828241967e+01   -1.3105861993e+01    5.7092398160e+00    2.4414280995e+00   -1.5547290093e+01    1.2800000000e+02    7.9134970001e-03    6.3134765625e-01
       162   -7.4404793427e+00    5.5496610209e+01   -1.2279656493e+01    4.8391771499e+00    2.3914862499e+00   -1.4671142743e+01    1.2800000000e+02    7.9469940001e-03    6.4746093750e-01
       163   -7.5941705858e+00    5.7872070064e+01   -1.6497272933e+01    8.9031023470e+00    2.6165806842e+00   -1.9113853617e+01    1.2800000000e+02    8.0774640001e-03    6.3378906250e-01
       164   -7.4969027547e+00    5.6582152921e+01   -1.7825708793e+01    1.0328806039e+01    2.6967037177e+00   -2.0522412511e+01    1.2800000000e+02    8.5462659999e-03    6.3867187500e-01
       165   -7.4279656386e+00    5.5396164925e+01   -1.1476999084e+01    4.0490334450e+00    2.5538078560e+00   -1.4030806940e+01    1.2800000000e+02    8.4733660005e-03    6.6748046875e-01
       166   -7.5794341841e+00    5.7666719950e+01   -1.3402806764e+01    5.8233725797e+00    2.8927865970e+00   -1.6295593361e+01    1.2800000000e+02    8.6064879997e-03    6.5380859375e-01
       167   -7.3753941215e+00    5.4592331238e+01   -1.2539829608e+01    5.1644354869e+00    2.5219555602e+00   -1.5061785168e+01    1.2800000000e+02    9.6297720002e-03    6.6943359375e-01
       168   -7.7285936807e+00    6.0087041320e+01   -2.1062200955e+01    1.3333607275e+01    3.9418878114e+00   -2.5004088767e+01    1.2800000000e+02    8.1265419994e-03    6.2255859375e-01
       169   -7.7614937643e+00    6.0540607182e+01   -1.5985515532e+01    8.2240217678e+00    2.7386309715e+00   -1.8724146504e+01    1.2800000000e+02    8.2495360002e-03    6.1083984375e-01
       170   -7.3669962952e+00    5.4415976049e+01   -1.3869199651e+01    6.5022033561e+00    2.8161949561e+00   -1.6685394607e+01    1.2800000000e+02    8.9256419997e-03    6.4648437500e-01
       171   -7.3652009407e+00    5.4410236728e+01   -1.5080224402e+01    7.7150234611e+00    2.5435055167e+00   -1.7623729918e+01    1.2800000000e+02    8.4686210002e-03    6.3330078125e-01
       172   -7.4075556671e+00    5.5036927486e+01   -1.3362338919e+01    5.9547832515e+00    2.6014042545e+00   -1.5963743173e+01    1.2800000000e+02    7.8329989992e-03    6.4355468750e-01
       173   -7.4147626274e+00    5.5110537548e+01   -1.2426369529e+01    5.0116069013e+00    2.3702491373e+00   -1.4796618666e+01    1.2800000000e+02    1.2846967000e-02    6.5136718750e-01
       174   -7.4098014027e+00    5.5123173722e+01   -1.4078200299e+01    6.6683988961e+00    2.5168594207e+00   -1.6595059719e+01    1.2800000000e+02    8.9387540002e-03    6.3037109375e-01
       175   -7.7028265928e+00    5.9684302640e+01   -1.7156399451e+01    9.4535728587e+00    2.6378401943e+00   -1.9794239646e+01    1.2800000000e+02    9.7139979998e-03    6.3378906250e-01
       176   -7.4130392295e+00    5.5137762776e+01   -1.3562767873e+01    6.1497286438e+00    2.5621225309e+00   -1.6124890404e+01    1.2800000000e+02    8.9512610002e-03    6.4257812500e-01
       177   -7.4509685327e+00    5.5698088528e+01   -1.2358332786e+01    4.9073642538e+00    2.2731170253e+00   -1.4631449812e+01    1.2800000000e+02    8.2305440001e-03    6.4257812500e-01
       178   -7.4054441623e+00    5.5113054527e+01   -1.6121797713e+01    8.7163535508e+00    2.8229817439e+00   -1.8944779457e+01    1.2800000000e+02    7.9698029995e-03    6.2695312500e-01
       179   -7.4585481863e+00    5.5783867044e+01   -1.3151873246e+01    5.6933250601e+00    2.1090040802e+00   -1.5260877327e+01    1.2800000000e+02    7.7318909998e-03    6.4746093750e-01
       180   -7.7141709121e+00    5.9954829715e+01   -1.5814186931e+01    8.1000160189e+00    2.7103509592e+00   -1.8524537890e+01    1.2800000000e+02    7.7097029998e-03    6.3134765625e-01
       181   -7.3573773656e+00    5.4265206571e+01   -1.2634605654e+01    5.2772282881e+00    2.4678135107e+00   -1.5102419164e+01    1.2800000000e+02    7.8300109999e-03    6.3916015625e-01
       182   -7.3842482830e+00    5.4695563747e+01   -1.0896684207e+01    3.5124359239e+00    2.5122437649e+00   -1.3408927972e+01    1.2800000000e+02    8.5772679995e-03    6.5185546875e-01
       183   -7.3758493027e+00    5.4541635342e+01   -1.2825944044e+01    5.4500947410e+00    2.4096956014e+00   -1.5235639645e+01    1.2800000000e+02    7.9784260006e-03    6.6015625000e-01
       184   -7.5322442404e+00    5.6984919655e+01   -3.2334364868e+01    2.4802120628e+01    2.7708016444e+00   -3.5105166513e+01    1.2800000000e+02    7.9078970002e-03    6.2646484375e-01
       185   -7.6924271151e+00    5.9546232352e+01   -1.8642704176e+01    1.0950277061e+01    3.0177296889e+00   -2.1660433865e+01    1.2800000000e+02    8.2469959998e-03    6.2744140625e-01
       186   -7.4875527535e+00    5.6244426598e+01   -1.4375042111e+01    6.8874893571e+00    2.4816912261e+00   -1.6856733337e+01    1.2800000000e+02    7.9229829998e-03    6.6503906250e-01
       187   -7.4362063604e+00    5.5452271066e+01   -1.4583760398e+01    7.1475540373e+00    2.5715814232e+00   -1.7155341821e+01    1.2800000000e+02    8.0837269998e-03    6.3574218750e-01
       188   -7.6980711095e+00    5.9574663841e+01   -1.5213940110e+01    7.5158690004e+00    2.9472723478e+00   -1.8161212458e+01    1.2800000000e+02    7.9116400002e-03    6.1572265625e-01
       189   -7.6138021606e+00    5.8299449179e+01   -1.4964853021e+01    7.3510508608e+00    2.7174336361e+00   -1.7682286658e+01    1.2800000000e+02    8.1017119992e-03    6.4160156250e-01
       190   -7.3571777974e+00    5.4300434711e+01   -1.9479921761e+01    1.2122743964e+01    2.6510068144e+00   -2.2130928575e+01    1.2800000000e+02    7.7995900001e-03    6.3427734375e-01
       191   -7.4711652400e+00    5.6027464640e+01   -1.2364980674e+01    4.8938154342e+00    2.4361720590e+00   -1.4801152733e+01    1.2800000000e+02    8.0433989997e-03    6.3623046875e-01
       192   -7.3841219831e+00    5.4764485838e+01   -1.4174934808e+01    6.7908128250e+00    3.2185696533e+00   -1.7393504461e+01    1.2800000000e+02    7.7425250001e-03    6.1621093750e-01
       193   -7.3788228127e+00    5.4583787710e+01   -1.1920669510e+01    4.5418466971e+00    2.5523117651e+00   -1.4472981275e+01    1.2800000000e+02    8.0796630000e-03    6.5136718750e-01
       194   -7.3991399304e+00    5.4873381243e+01   -1.1065297814e+01    3.6661578832e+00    2.4326264212e+00   -1.3497924235e+01    1.2800000000e+02    8.0999180000e-03    6.5527343750e-01
       195   -7.3374979376e+00    5.3977860940e+01   -1.2376021099e+01    5.0385231610e+00    2.6705261519e+00   -1.5046547251e+01    1.2800000000e+02    8.9117050002e-03    6.5576171875e-01
       196   -7.4598143217e+00    5.5786431461e+01   -1.5643490687e+01    8.1836763651e+00    2.6937850787e+00   -1.8337275766e+01    1.2800000000e+02    7.8544700000e-03    6.4404296875e-01
       197   -7.4642575582e+00    5.5929711863e+01   -1.5335887208e+01    7.8716296501e+00    2.8603296193e+00   -1.8196216828e+01    1.2800000000e+02    8.0217709992e-03    6.2841796875e-01
       198   -7.5643667342e+00    5.7492158477e+01   -2.8108116921e+01    2.0543750186e+01    2.7108560471e+00   -3.0818972968e+01    1.2800000000e+02    7.7635890002e-03    6.1718750000e-01
       199   -7.5906162687e+00    5.7874638674e+01   -1.3395061601e+01    5.8044453321e+00    2.6308170495e+00   -1.6025878650e+01    1.2800000000e+02    8.6684970001e-03    6.4111328125e-01
       200   -7.6086106855e+00    5.8199670600e+01   -1.4070074638e+01    6.4614639520e+00    2.7655561919e+00   -1.6835630829e+01    1.2800000000e+02    7.7912759998e-03    6.3476562500e-01
       201   -7.3471531616e+00    5.4240330352e+01   -1.1691715907e+01    4.3445627451e+00    2.5307005404e+00   -1.4222416447e+01    1.2800000000e+02    8.3495830004e-03    6.6992187500e-01
       202   -7.4676839370e+00    5.5969862496e+01   -1.4640417732e+01    7.1727337949e+00    2.5473435518e+00   -1.7187761284e+01    1.2800000000e+02    7.7215809997e-03    6.2548828125e-01
       203   -7.5801527384e+00    5.7817804192e+01   -1.5879727202e+01    8.2995744632e+00    2.6321471306e+00   -1.8511874332e+01    1.2800000000e+02    8.2040249999e-03    6.3330078125e-01
       204   -7.4144941686e+00    5.5241088852e+01   -1.3223776428e+01    5.8092822591e+00    2.6495088029e+00   -1.5873285231e+01    1.2800000000e+02    1.0483823000e-02    6.4160156250e-01
       205   -7.4458586772e+00    5.5673115856e+01   -1.9397161162e+01    1.1951302484e+01    2.3183823163e+00   -2.1715543478e+01    1.2800000000e+02    9.1147310004e-03    6.3818359375e-01
       206   -7.4254991576e+00    5.5300721385e+01   -1.7720894395e+01    1.0295395237e+01    3.1784662940e+00   -2.0899360689e+01    1.2800000000e+02    7.6459080001e-03    6.2158203125e-01
       207   -7.3525375133e+00    5.4203257895e+01   -1.1927904694e+01    4.5753671808e+00    2.1082439242e+00   -1.4036148618e+01    1.2800000000e+02    7.9379099998e-03    6.5087890625e-01
       208   -7.4335669023e+00    5.5508108514e+01   -1.2261354252e+01    4.8277873500e+00    2.1064175896e+00   -1.4367771842e+01    1.2800000000e+02    7.6496489992e-03    6.5185546875e-01
       209   -7.4876172792e+00    5.6271165219e+01   -1.4110898378e+01    6.6232810988e+00    2.3413422144e+00   -1.6452240592e+01    1.2800000000e+02    8.3452709996e-03    6.3818359375e-01
       210   -7.3416354810e+00    5.4027559732e+01   -1.1130730147e+01    3.7890946662e+00    2.5470920244e+00   -1.3677822172e+01    1.2800000000e+02    7.9436890001e-03    6.5429687500e-01
       211   -7.4679742572e+00    5.6027492675e+01   -1.3739503545e+01    6.2715292874e+00    2.7333072667e+00   -1.6472810811e+01    1.2800000000e+02    8.7213500001e-03    6.3476562500e-01
       212   -7.4479526379e+00    5.5677363916e+01   -1.2349012048e+01    4.9010594102e+00    2.8027232548e+00   -1.5151735303e+01    1.2800000000e+02    7.8674060005e-03    6.5234375000e-01
       213   -7.5457924561e+00    5.7099909222e+01   -1.4484119676e+01    6.9383272201e+00    2.4675182230e+00   -1.6951637899e+01    1.2800000000e+02    8.3237879999e-03    6.4404296875e-01
       214   -7.5754652894e+00    5.7593276549e+01   -1.4916969425e+01    7.3415041361e+00    3.0301377465e+00   -1.7947107172e+01    1.2800000000e+02    7.7774749998e-03    6.3525390625e-01
       215   -7.4648224939e+00    5.5895246176e+01   -1.2843003133e+01    5.3781806395e+00    2.2459749536e+00   -1.5088978087e+01    1.2800000000e+02    8.4291869998e-03    6.6406250000e-01
       216   -7.5311110152e+00    5.6899538947e+01   -1.5239937951e+01    7.7088269360e+00    2.5440414050e+00   -1.7783979356e+01    1.2800000000e+02    7.7315059998e-03    6.4941406250e-01
       217   -7.5885649459e+00    5.7858222592e+01   -2.5075431798e+01    1.7486866852e+01    2.6414642132e+00   -2.7716896011e+01    1.2800000000e+02    8.2860160001e-03    6.4550781250e-01
       218   -7.4792489892e+00    5.6208538199e+01   -1.5392736437e+01    7.9134874476e+00    2.6108850510e+00   -1.8003621488e+01    1.2800000000e+02    7.7048640005e-03    6.2597656250e-01
       219   -7.4833961812e+00    5.6247128299e+01   -1.1659629526e+01    4.1762333443e+00    2.5292686610e+00   -1.4188898187e+01    1.2800000000e+02    8.3742690003e-03    6.5869140625e-01
       220   -7.3948594247e+00    5.4992142527e+01   -2.6921889468e+01    1.9527030043e+01    2.6713296533e+00   -2.9593219121e+01    1.2800000000e+02    7.5451240000e-03    6.0791015625e-01
       221   -7.4634631801e+00    5.5845900811e+01   -1.9959058459e+01    1.2495595279e+01    2.9158053292e+00   -2.2874863788e+01    1.2800000000e+02    8.2063259997e-03    6.4501953125e-01
       222   -7.5314003844e+00    5.7035692906e+01   -1.7129163690e+01    9.5977633060e+00    3.0429418455e+00   -2.0172105536e+01    1.2800000000e+02    7.6534810005e-03    6.2011718750e-01
       223   -7.6111901666e+00    5.8283717123e+01   -1.6563383656e+01    8.9521934895e+00    2.9370471973e+00   -1.9500430853e+01    1.2800000000e+02    8.3475219999e-03    6.1962890625e-01
       224   -7.5227324516e+00    5.6908432891e+01   -2.4787929712e+01    1.7265197260e+01    3.0198853275e+00   -2.7807815040e+01    1.2800000000e+02    7.5869170005e-03    6.0986328125e-01
       225   -7.6111203560e+00    5.8365432145e+01   -1.4744172228e+01    7.1330518718e+00    2.8180968985e+00   -1.7562269126e+01    1.2800000000e+02    8.3093270005e-03    6.4404296875e-01
       226   -7.3094824738e+00    5.3652201230e+01   -1.5119051868e+01    7.8095693941e+00    3.4145280909e+00   -1.8533579959e+01    1.2800000000e+02    7.5803130003e-03    5.9814453125e-01
       227   -7.3893660644e+00    5.4792750058e+01   -1.2410086226e+01    5.0207201611e+00    2.6247285925e+00   -1.5034814818e+01    1.2800000000e+02    8.2915929997e-03    6.5820312500e-01
       228   -7.3764120693e+00    5.4577180762e+01   -1.2254915610e+01    4.8785035410e+00    2.6862042193e+00   -1.4941119830e+01    1.2800000000e+02    7.8258120002e-03    6.5087890625e-01
       229   -7.5690635619e+00    5.7599978723e+01   -1.8882087015e+01    1.1313023454e+01    2.6227604164e+00   -2.1504847432e+01    1.2800000000e+02    7.8952379999e-03    6.1621093750e-01
       230   -7.3275194284e+00    5.3791656697e+01   -1.0378947129e+01    3.0514277006e+00    2.2645751180e+00   -1.2643522247e+01    1.2800000000e+02    7.7638639996e-03    6.5185546875e-01
       231   -7.4473715667e+00    5.5624447046e+01   -1.4050972924e+01    6.6036013570e+00    2.5887394287e+00   -1.6639712352e+01    1.2800000000e+02    7.9944939998e-03    6.4843750000e-01
       232   -7.4554589413e+00    5.5730026164e+01   -1.1415618120e+01    3.9601591784e+00    2.3795625468e+00   -1.3795180667e+01    1.2800000000e+02    8.5115940001e-03    6.6796875000e-01
       233   -7.3733984087e+00    5.4569529496e+01   -1.6568022627e+01    9.1946242184e+00    2.8958018805e+00   -1.9463824508e+01    1.2800000000e+02    7.6669379996e-03    6.2597656250e-01
       234   -7.4075414598e+00    5.5041633299e+01   -1.5437058630e+01    8.0295171699e+00    2.7126832414e+00   -1.8149741871e+01    1.2800000000e+02    8.3280690005e-03    6.2060546875e-01
       235   -7.5028420995e+00    5.6507934902e+01   -1.3860673233e+01    6.3578311338e+00    2.3472948158e+00   -1.6207968049e+01    1.2800000000e+02    7.6473869995e-03    6.3818359375e-01
       236   -7.5792573367e+00    5.7840481282e+01   -1.8474861168e+01    1.0895603832e+01    2.7849836065e+00   -2.1259844775e+01    1.2800000000e+02    8.8110840006e-03    6.4160156250e-01
       237   -7.4519843078e+00    5.5743131621e+01   -1.6652512097e+01    9.2005277896e+00    2.5351716334e+00   -1.9187683731e+01    1.2800000000e+02    1.4043303000e-02    6.2890625000e-01
       238   -7.6042611832e+00    5.8048741509e+01   -2.6921416453e+01    1.9317155269e+01    2.9030654201e+00   -2.9824481873e+01    1.2800000000e+02    7.8195530004e-03    6.0888671875e-01
       239   -7.4789440827e+00    5.6163884871e+01   -1.4344011368e+01    6.8650672855e+00    2.4869581797e+00   -1.6830969548e+01    1.2800000000e+02    9.1699140003e-03    6.4208984375e-01
       240   -7.4330713772e+00    5.5403610470e+01   -1.2310635567e+01    4.8775641903e+00    2.4414037878e+00   -1.4752039355e+01    1.2800000000e+02    8.5318359997e-03    6.4355468750e-01
       241   -7.4220999933e+00    5.5227583563e+01   -1.2615350575e+01    5.1932505813e+00    2.4513943036e+00   -1.5066744878e+01    1.2800000000e+02    9.3855019995e-03    6.6064453125e-01
       242   -7.4863317851e+00    5.6287796961e+01   -1.8096474576e+01    1.0610142791e+01    2.3191343797e+00   -2.0415608956e+01    1.2800000000e+02    7.5749990001e-03    6.1865234375e-01
       243   -7.3981333027e+00    5.4887527842e+01   -1.2471448359e+01    5.0733150563e+00    2.5922746043e+00   -1.5063722963e+01    1.2800000000e+02    1.2785181000e-02    6.2646484375e-01
       244   -7.4818973321e+00    5.6330016769e+01   -1.5182197029e+01    7.7002996973e+00    2.7477129976e+00   -1.7929910027e+01    1.2800000000e+02    9.1776720001e-03    6.3183593750e-01
       245   -7.5377444026e+00    5.7076181359e+01   -1.6969730384e+01    9.4319859816e+00    3.0366546968e+00   -2.0006385081e+01    1.2800000000e+02    7.7788310000e-03    6.2158203125e-01
       246   -7.5335229933e+00    5.7050683190e+01   -1.4089648639e+01    6.5561256462e+00    2.7650898473e+00   -1.6854738487e+01    1.2800000000e+02    8.4179599999e-03    6.4550781250e-01
       247   -7.5352147466e+00    5.6972050732e+01   -1.2212339889e+01    4.6771251421e+00    2.4952844856e+00   -1.4707624374e+01    1.2800000000e+02    7.7371879997e-03    6.5039062500e-01
       248   -7.3882852723e+00    5.4716904370e+01   -1.3259132898e+01    5.8708476256e+00    2.6829176070e+00   -1.5942050505e+01    1.2800000000e+02    1.0149732000e-02    6.4160156250e-01
       249   -7.6395906972e+00    5.8694592176e+01   -1.5831128485e+01    8.1915377882e+00    2.7408794855e+00   -1.8572007971e+01    1.2800000000e+02    9.7506840002e-03    6.2939453125e-01
       250   -7.4071326569e+00    5.5057124177e+01   -1.2972320186e+01    5.5651875288e+00    2.4779289098e+00   -1.5450249095e+01    1.2800000000e+02    8.3670949998e-03    6.6113281250e-01
       251   -7.6026152180e+00    5.8093740791e+01   -1.7152977228e+01    9.5503620099e+00    2.6721165463e+00   -1.9825093774e+01    1.2800000000e+02    7.8882899998e-03    6.4306640625e-01
       252   -7.5656708733e+00    5.7529376438e+01   -1.9787805673e+01    1.2222134799e+01    2.8658263817e+00   -2.2653632054e+01    1.2800000000e+02    8.3691509999e-03    6.1230468750e-01
       253   -7.5051348463e+00    5.6532077816e+01   -1.2844085702e+01    5.3389508558e+00    2.4763403583e+00   -1.5320426060e+01    1.2800000000e+02    8.1536380003e-03    6.4843750000e-01
       254   -7.3445504972e+00    5.4091279871e+01   -1.3542969674e+01    6.1984191767e+00    2.6221665087e+00   -1.6165136183e+01    1.2800000000e+02    9.3851479996e-03    6.2695312500e-01
       255   -7.5209846252e+00    5.6752419311e+01   -1.7764101083e+01    1.0243116458e+01    2.4664241268e+00   -2.0230525210e+01    1.2800000000e+02    8.2704059996e-03    6.5136718750e-01
       256   -7.6400754233e+00    5.8675799536e+01   -1.3286125665e+01    5.6460502416e+00    2.5918439299e+00   -1.5877969595e+01    1.2800000000e+02    9.1688700004e-03    6.4990234375e-01
       257   -7.4209069405e+00    5.5199798782e+01   -1.3046127990e+01    5.6252210496e+00    2.3796137284e+00   -1.5425741719e+01    1.2800000000e+02    7.7407300005e-03    6.4892578125e-01
       258   -7.3762864627e+00    5.4601278081e+01   -1.3437527555e+01    6.0612410922e+00    2.4531794589e+00   -1.5890707014e+01    1.2800000000e+02    9.0047009999e-03    6.2353515625e-01
       259   -7.3813568812e+00    5.4607510305e+01   -1.1867047370e+01    4.4856904891e+00    2.5338975821e+00   -1.4400944952e+01    1.2800000000e+02    8.8496540002e-03    6.5185546875e-01
       260   -7.3499683095e+00    5.4278107648e+01   -1.7725213066e+01    1.0375244756e+01    3.0290093482e+00   -2.0754222414e+01    1.2800000000e+02    9.0447470002e-03    6.1767578125e-01
       261   -7.4495884944e+00    5.5658532029e+01   -1.1654595030e+01    4.2050065353e+00    3.0984751727e+00   -1.4753070202e+01    1.2800000000e+02    8.2898700002e-03    6.4746093750e-01
       262   -7.5996442729e+00    5.8108279376e+01   -1.6801987879e+01    9.2023436059e+00    3.0068967200e+00   -1.9808884599e+01    1.2800000000e+02    8.4692069995e-03    6.1572265625e-01
       263   -7.3398536941e+00    5.4013985039e+01   -1.1540431321e+01    4.2005776271e+00    2.5514576939e+00   -1.4091889015e+01    1.2800000000e+02    8.2313799994e-03    6.4208984375e-01
       264   -7.4246146520e+00    5.5314211298e+01   -1.3867548523e+01    6.4429338710e+00    2.4483553254e+00   -1.6315903848e+01    1.2800000000e+02    8.4555670001e-03    6.4453125000e-01
       265   -7.5130257532e+00    5.6714223836e+01   -2.3642323040e+01    1.6129297287e+01    2.7538565456e+00   -2.6396179586e+01    1.2800000000e+02    8.0988170002e-03    6.4990234375e-01
       266   -7.4811234058e+00    5.6231931894e+01   -1.3538857397e+01    6.0577339916e+00    2.4666689404e+00   -1.6005526338e+01    1.2800000000e+02    9.4873700000e-03    6.4355468750e-01
       267   -7.4683256120e+00    5.6049815605e+01   -1.2844188104e+01    5.3758624923e+00    2.7834908711e+00   -1.5627678975e+01    1.2800000000e+02    8.9189939999e-03    6.4404296875e-01
       268   -7.3262952823e+00    5.3898438460e+01   -1.4719822162e+01    7.3935268798e+00    2.5498511863e+00   -1.7269673348e+01    1.2800000000e+02    9.2687740007e-03    6.3378906250e-01
       269   -7.5972626807e+00    5.8071483363e+01   -1.3916878557e+01    6.3196158758e+00    2.4494002742e+00   -1.6366278831e+01    1.2800000000e+02    8.7900119997e-03    6.4697265625e-01
       270   -7.3531342027e+00    5.4230008937e+01   -1.3001464759e+01    5.6483305565e+00    2.4217565763e+00   -1.5423221335e+01    1.2800000000e+02    7.9619930002e-03    6.4746093750e-01
       271   -7.5753040030e+00    5.7677281202e+01   -1.5674213165e+01    8.0989091621e+00    3.2283721643e+00   -1.8902585329e+01    1.2800000000e+02    9.6463050004e-03    6.3671875000e-01
       272   -7.4489702168e+00    5.5636848533e+01   -1.2734402921e+01    5.2854327044e+00    2.2891636478e+00   -1.5023566569e+01    1.2800000000e+02    9.4728149998e-03    6.5234375000e-01
       273   -7.6208567376e+00    5.8369416203e+01   -2.3717307124e+01    1.6096450386e+01    2.6016829154e+00   -2.6318990039e+01    1.2800000000e+02    9.3261800002e-03    6.1962890625e-01
       274   -7.4015922223e+00    5.4942665437e+01   -1.2427864555e+01    5.0262723329e+00    3.4245625619e+00   -1.5852427117e+01    1.2800000000e+02    9.0719519994e-03    6.4599609375e-01
       275   -7.3941560070e+00    5.4948724453e+01   -1.2492399653e+01    5.0982436458e+00    2.5381096775e+00   -1.5030509330e+01    1.2800000000e+02    8.6484189997e-03    6.5380859375e-01
       276   -7.4202477603e+00    5.5314633061e+01   -1.6534383103e+01    9.1141353428e+00    2.6651782557e+00   -1.9199561359e+01    1.2800000000e+02    8.8785540001e-03    6.3281250000e-01
       277   -7.4799352947e+00    5.6101568681e+01   -1.4325178598e+01    6.8452433028e+00    2.5713082797e+00   -1.6896486877e+01    1.2800000000e+02    1.2701893000e-02    6.3671875000e-01
       278   -7.3829894060e+00    5.4648452949e+01   -1.4976362181e+01    7.5933727755e+00    2.5233179830e+00   -1.7499680165e+01    1.2800000000e+02    9.0273970000e-03    6.3769531250e-01
       279   -7.4492937255e+00    5.5654003574e+01   -1.4274667671e+01    6.8253739457e+00    2.9198778779e+00   -1.7194545549e+01    1.2800000000e+02    7.7829219999e-03    6.3818359375e-01
       280   -7.5461787944e+00    5.7191395348e+01   -1.6273193375e+01    8.7270145805e+00    2.7547976110e+00   -1.9027990986e+01    1.2800000000e+02    9.8045889999e-03    6.1425781250e-01
       281   -7.6262992694e+00    5.8452749124e+01   -1.5363418222e+01    7.7371189529e+00    2.8467382855e+00   -1.8210156508e+01    1.2800000000e+02    1.0123457000e-02    6.2207031250e-01
       282   -7.3878974290e+00    5.4797494047e+01   -1.6898672955e+01    9.5107755261e+00    2.8805812743e+00   -1.9779254229e+01    1.2800000000e+02    8.2672620001e-03    6.3232421875e-01
       283   -7.4051929081e+00    5.5015952386e+01   -1.1761074244e+01    4.3558813354e+00    2.5992851371e+00   -1.4360359381e+01    1.2800000000e+02    8.0134340005e-03    6.5332031250e-01
       284   -7.4748550136e+00    5.6080160803e+01   -1.5316155110e+01    7.8413000960e+00    2.5148433991e+00   -1.7830998509e+01    1.2800000000e+02    8.5101949999e-03    6.5234375000e-01
       285   -7.4105141136e+00    5.5096346314e+01   -1.2054600192e+01    4.6440860784e+00    2.1952562669e+00   -1.4249856459e+01    1.2800000000e+02    8.4084970003e-03    6.5869140625e-01
       286   -7.6643360312e+00    5.9083293906e+01   -1.6283205776e+01    8.6188697447e+00    2.5885500186e+00   -1.8871755794e+01    1.2800000000e+02    9.5903230003e-03    6.4697265625e-01
       287   -7.4434042461e+00    5.5555180654e+01   -1.3657176858e+01    6.2137726123e+00    2.5532085413e+00   -1.6210385400e+01    1.2800000000e+02    1.0092860000e-02    6.5087890625e-01
       288   -7.4838097795e+00    5.6202320928e+01   -1.8521214336e+01    1.1037404556e+01    3.1122445122e+00   -2.1633458848e+01    1.2800000000e+02    8.3170180005e-03    6.0400390625e-01
       289   -7.4817512296e+00    5.6285961168e+01   -1.5474299265e+01    7.9925480352e+00    2.9553403152e+00   -1.8429639580e+01    1.2800000000e+02    9.2161189996e-03    6.4355468750e-01
       290   -7.3257056970e+00    5.3845294960e+01   -1.3172382322e+01    5.8466766249e+00    2.7374956694e+00   -1.5909877991e+01    1.2800000000e+02    1.1907850000e-02    6.2255859375e-01
       291   -7.4816499289e+00    5.6158598888e+01   -1.5916905916e+01    8.4352559875e+00    2.6676693237e+00   -1.8584575240e+01    1.2800000000e+02    9.2916660005e-03    6.4404296875e-01
       292   -7.3971397427e+00    5.4839130649e+01   -1.1818349370e+01    4.4212096277e+00    2.6070896386e+00   -1.4425439009e+01    1.2800000000e+02    7.8549580003e-03    6.3867187500e-01
       293   -7.5097222831e+00    5.6541431782e+01   -1.3453428358e+01    5.9437060746e+00    2.4472680452e+00   -1.5900696403e+01    1.2800000000e+02    9.0577840001e-03    6.5332031250e-01
       294   -7.7593094017e+00    6.0602771194e+01   -1.6106959732e+01    8.3476503304e+00    2.9233104076e+00   -1.9030270140e+01    1.2800000000e+02    8.2864679998e-03    6.3623046875e-01
       295   -7.6106670812e+00    5.8332221218e+01   -1.4470491686e+01    6.8598246047e+00    2.5883782363e+00   -1.7058869922e+01    1.2800000000e+02    7.6966339993e-03    6.1816406250e-01
       296   -7.3776649551e+00    5.4635792489e+01   -1.2028000861e+01    4.6503359056e+00    2.4048849122e+00   -1.4432885773e+01    1.2800000000e+02    9.1713849997e-03    6.5527343750e-01
       297   -7.5440514347e+00    5.7201426318e+01   -1.3568224742e+01    6.0241733073e+00    2.6793314453e+00   -1.6247556187e+01    1.2800000000e+02    1.0637373000e-02    6.5527343750e-01
       298   -7.3899136590e+00    5.4761206357e+01   -1.4120400523e+01    6.7304868643e+00    2.5940558646e+00   -1.6714456388e+01    1.2800000000e+02    8.9464810007e-03    6.4990234375e-01
       299   -7.3234221518e+00    5.3795933735e+01   -1.2570011883e+01    5.2465897309e+00    2.2277864378e+00   -1.4797798321e+01    1.2800000000e+02    9.3014009999e-03    6.4941406250e-01
       300   -7.2743645699e+00    5.3045300939e+01   -1.3700795675e+01    6.4264311053e+00    2.6277180808e+00   -1.6328513756e+01    1.2800000000e+02    1.4270690001e-02    6.1328125000e-01
       301   -7.5083845940e+00    5.6718372490e+01   -1.4293853429e+01    6.7854688351e+00    2.6001658659e+00   -1.6894019295e+01    1.2800000000e+02    1.4140450000e-02    6.4599609375e-01
       302   -7.5383518008e+00    5.7065096480e+01   -1.3247970996e+01    5.7096191956e+00    2.4628828576e+00   -1.5710853854e+01    1.2800000000e+02    8.9059940001e-03    6.5625000000e-01
       303   -7.3707978302e+00    5.4478111939e+01   -1.3319766216e+01    5.9489683855e+00    2.7015440202e+00   -1.6021310236e+01    1.2800000000e+02    1.1375925999e-02    6.2011718750e-01
       304   -7.4241866509e+00    5.5283820320e+01   -1.2946669943e+01    5.5224832916e+00    2.4010006114e+00   -1.5347670554e+01    1.2800000000e+02    1.1141746000e-02    6.4746093750e-01
       305   -8.0203995957e+00    6.4889895064e+01   -1.8818629348e+01    1.0798229752e+01    2.7589939395e+00   -2.1577623288e+01    1.2800000000e+02    7.6126519998e-03    6.2500000000e-01
       306   -7.5041714638e+00    5.6466269565e+01   -1.5637310293e+01    8.1331388291e+00    2.6645299701e+00   -1.8301840263e+01    1.2800000000e+02    7.7061689999e-03    6.3085937500e-01
       307   -7.5530197874e+00    5.7223618958e+01   -2.0230028827e+01    1.2677009039e+01    2.4672762474e+00   -2.2697305074e+01    1.2800000000e+02    1.1556385000e-02    6.3720703125e-01
       308   -7.5237527643e+00    5.6797239451e+01   -1.6036968249e+01    8.5132154851e+00    2.6374516444e+00   -1.8674419894e+01    1.2800000000e+02    1.3472504000e-02    6.1865234375e-01
       309   -7.6011678363e+00    5.8125064658e+01   -1.5538654011e+01    7.9374861742e+00    2.4983455520e+00   -1.8036999562e+01    1.2800000000e+02    8.2604240006e-03    6.3720703125e-01
       310   -7.5862424272e+00    5.7877831703e+01   -1.2151726648e+01    4.5654842213e+00    2.3960966992e+00   -1.4547823348e+01    1.2800000000e+02    9.8125959994e-03    6.6406250000e-01
       311   -7.2771443826e+00    5.3255848096e+01   -1.4830061480e+01    7.5529170979e+00    2.8307776102e+00   -1.7660839091e+01    1.2800000000e+02    8.7968219996e-03    6.1767578125e-01
       312   -7.4454622803e+00    5.5705388919e+01   -1.3437898484e+01    5.9924362038e+00    2.4153293725e+00   -1.5853227857e+01    1.2800000000e+02    8.5498980006e-03    6.3769531250e-01
       313   -7.4221121278e+00    5.5283006019e+01   -1.2474868571e+01    5.0527564428e+00    2.5186393468e+00   -1.4993507917e+01    1.2800000000e+02    8.6046309998e-03    6.4208984375e-01
       314   -7.7855116460e+00    6.1027476321e+01   -2.9538246551e+01    2.1752734905e+01    3.0885636766e+00   -3.2626810227e+01    1.2800000000e+02    8.6774130004e-03    6.2939453125e-01
       315   -7.3384167952e+00    5.4008843529e+01   -1.2093378154e+01    4.7549613589e+00    2.2777316924e+00   -1.4371109847e+01    1.2800000000e+02    7.9794439998e-03    6.5673828125e-01
       316   -7.4509112119e+00    5.5715521337e+01   -1.3550345330e+01    6.0994341185e+00    2.5120891572e+00   -1.6062434488e+01    1.2800000000e+02    8.2856749996e-03    6.3671875000e-01
       317   -7.5706410009e+00    5.7504005328e+01   -1.6970490205e+01    9.3998492043e+00    2.8387854378e+00   -1.9809275643e+01    1.2800000000e+02    7.9090370000e-03    6.3378906250e-01
       318   -7.4690318655e+00    5.5999537932e+01   -1.2694636665e+01    5.2256047999e+00    2.8054225920e+00   -1.5500059257e+01    1.2800000000e+02    8.8935630001e-03    6.4990234375e-01
       319   -7.4328473513e+00    5.5536864196e+01   -1.4797142133e+01    7.3642947821e+00    2.6980808716e+00   -1.7495223005e+01    1.2800000000e+02    9.6464830003e-03    6.1572265625e-01
       320   -7.4136943190e+00    5.5087970391e+01   -1.2579884984e+01    5.1661906645e+00    2.5804365124e+00   -1.5160321496e+01    1.2800000000e+02    1.1821928000e-02    6.5917968750e-01
       321   -7.5179088625e+00    5.6846701064e+01   -1.5222832601e+01    7.7049237383e+00    2.7665363533e+00   -1.7989368954e+01    1.2800000000e+02    1.5921099000e-02    6.5283203125e-01
       322   -7.5545793879e+00    5.7385868659e+01   -1.5209712256e+01    7.6551328678e+00    2.4400477694e+00   -1.7649760025e+01    1.2800000000e+02    1.4144658000e-02    6.2890625000e-01
       323   -7.5654618278e+00    5.7494687316e+01   -1.5648462054e+01    8.0830002263e+00    3.1890688692e+00   -1.8837530923e+01    1.2800000000e+02    1.3812636000e-02    6.4160156250e-01
       324   -7.4931210797e+00    5.6342776010e+01   -1.1907811891e+01    4.4146908117e+00    2.5128666337e+00   -1.4420678525e+01    1.2800000000e+02    1.3312705000e-02    6.7480468750e-01
       325   -7.4906025935e+00    5.6274297412e+01   -1.1768728221e+01    4.2781256279e+00    2.2927693055e+00   -1.4061497527e+01    1.2800000000e+02    1.3626120000e-02    6.7285156250e-01
       326   -7.4905532546e+00    5.6401855461e+01   -1.2549747346e+01    5.0591940919e+00    2.5074904565e+00   -1.5057237803e+01    1.2800000000e+02    1.1168288000e-02    6.4599609375e-01
       327   -7.3916794086e+00    5.4830646609e+01   -1.4429615467e+01    7.0379360580e+00    2.7738986013e+00   -1.7203514068e+01    1.2800000000e+02    1.2125938000e-02    6.4941406250e-01
       328   -7.6494634681e+00    5.8877265495e+01   -1.2640742675e+01    4.9912792068e+00    2.3565981808e+00   -1.4997340856e+01    1.2800000000e+02    1.3353190000e-02    6.4599609375e-01
       329   -7.2714462843e+00    5.3022350339e+01   -1.3220373182e+01    5.9489268973e+00    2.3541572285e+00   -1.5574530410e+01    1.2800000000e+02    1.1903653000e-02    6.2744140625e-01
       330   -7.4019050234e+00    5.4980580037e+01   -1.2661267090e+01    5.2593620663e+00    2.6069133655e+00   -1.5268180455e+01    1.2800000000e+02    9.3062540000e-03    6.4355468750e-01
       331   -7.5882360219e+00    5.7954371232e+01   -2.8115496919e+01    2.0527260897e+01    2.7781951729e+00   -3.0893692092e+01    1.2800000000e+02    7.7126249998e-03    6.2451171875e-01
       332   -7.4004959489e+00    5.4952557154e+01   -1.5200417215e+01    7.7999212664e+00    2.4654695237e+00   -1.7665886739e+01    1.2800000000e+02    7.9177890002e-03    6.1816406250e-01
       333   -7.4988868091e+00    5.6493973767e+01   -1.2847979483e+01    5.3490926738e+00    2.4500762342e+00   -1.5298055717e+01    1.2800000000e+02    7.7483109999e-03    6.3769531250e-01
       334   -7.2332246729e+00    5.2459700523e+01   -1.2694631127e+01    5.4614064537e+00    2.4924802057e+00   -1.5187111332e+01    1.2800000000e+02    8.3680440002e-03    6.2548828125e-01
       335   -7.4654226222e+00    5.5997685402e+01   -1.3155279904e+01    5.6898572814e+00    2.5376359824e+00   -1.5692915886e+01    1.2800000000e+02    8.4742500003e-03    6.4794921875e-01
       336   -7.4877078759e+00    5.6316170981e+01   -1.3316476321e+01    5.8287684449e+00    2.2562112898e+00   -1.5572687611e+01    1.2800000000e+02    9.1156989993e-03    6.5380859375e-01
       337   -7.6140208854e+00    5.8160158374e+01   -1.8395848407e+01    1.0781827522e+01    2.9048033146e+00   -2.1300651722e+01    1.2800000000e+02    9.1726720002e-03    6.1279296875e-01
       338   -7.5923482091e+00    5.8057590434e+01   -1.8660860345e+01    1.1068512136e+01    3.0275334151e+00   -2.1688393760e+01    1.2800000000e+02    8.9806710002e-03    6.0693359375e-01
       339   -7.4414420672e+00    5.5529460045e+01   -1.5859551896e+01    8.4181098288e+00    2.6630171106e+00   -1.8522569007e+01    1.2800000000e+02    7.8727789996e-03    6.2792968750e-01
       340   -7.4500287104e+00    5.5700011823e+01   -1.7332047815e+01    9.8820191049e+00    2.5603241233e+00   -1.9892371939e+01    1.2800000000e+02    7.9951149992e-03    6.4355468750e-01
       341   -7.4034059729e+00    5.5014983929e+01   -1.2918831359e+01    5.5154253860e+00    2.4238328051e+00   -1.5342664164e+01    1.2800000000e+02    7.9610809998e-03    6.5917968750e-01
       342   -7.4939098833e+00    5.6442308120e+01   -1.6675030261e+01    9.1811203773e+00    2.9807691649e+00   -1.9655799426e+01    1.2800000000e+02    8.0802970006e-03    6.3183593750e-01
       343   -7.6042966511e+00    5.8144355803e+01   -1.5380623041e+01    7.7763263900e+00    2.7138316265e+00   -1.8094454668e+01    1.2800000000e+02    7.8109480000e-03    6.1767578125e-01
       344   -7.6794749030e+00    5.9325275568e+01   -1.4701737758e+01    7.0222628550e+00    2.4325551085e+00   -1.7134292867e+01    1.2800000000e+02    8.1105050003e-03    6.4404296875e-01
       345   -7.5523137574e+00    5.7253314107e+01   -1.8137758351e+01    1.0585444593e+01    2.8162173781e+00   -2.0953975729e+01    1.2800000000e+02    7.7108580008e-03    6.0986328125e-01
       346   -7.4927322577e+00    5.6331969088e+01   -1.5654154983e+01    8.1614227248e+00    2.4978232495e+00   -1.8151978232e+01    1.2800000000e+02    8.0075559999e-03    6.3232421875e-01
       347   -7.3367539629e+00    5.3968442758e+01   -1.4124532795e+01    6.7877788324e+00    2.6846540343e+00   -1.6809186830e+01    1.2800000000e+02    7.8321519995e-03    6.2500000000e-01
       348   -7.4138428772e+00    5.5109483887e+01   -1.5469603565e+01    8.0557606879e+00    3.0329544736e+00   -1.8502558039e+01    1.2800000000e+02    8.0184039998e-03    6.0986328125e-01
       349   -7.3225412728e+00    5.3787035077e+01   -1.1979149286e+01    4.6566080130e+00    2.4091418585e+00   -1.4388291144e+01    1.2800000000e+02    8.4436969992e-03    6.6210937500e-01
       350   -7.5291630342e+00    5.7062479026e+01   -1.5929963502e+01    8.4008004678e+00    2.6981293816e+00   -1.8628092884e+01    1.2800000000e+02    7.9435149992e-03    6.3867187500e-01
       351   -7.4522766249e+00    5.5745557000e+01   -1.2340097910e+01    4.8878212856e+00    2.5646789617e+00   -1.4904776872e+01    1.2800000000e+02    7.8856560003e-03    6.5722656250e-01
       352   -7.4754283713e+00    5.6182896991e+01   -1.6979386726e+01    9.5039583550e+00    2.6824590179e+00   -1.9661845744e+01    1.2800000000e+02    7.9327950007e-03    6.4648437500e-01
       353   -7.5905022565e+00    5.7893565172e+01   -1.4047930427e+01    6.4574281707e+00    2.9238381192e+00   -1.6971768546e+01    1.2800000000e+02    7.7679960004e-03    6.2646484375e-01
       354   -7.3430528164e+00    5.4110519716e+01   -1.5319172098e+01    7.9761192812e+00    2.5529727055e+00   -1.7872144803e+01    1.2800000000e+02    7.8034009994e-03    6.4550781250e-01
       355   -7.4369034261e+00    5.5505199114e+01   -1.5163009244e+01    7.7261058184e+00    2.4148356403e+00   -1.7577844885e+01    1.2800000000e+02    7.8373480001e-03    6.3964843750e-01
       356   -7.5022224528e+00    5.6437411128e+01   -1.4440120023e+01    6.9378975697e+00    2.6761469933e+00   -1.7116267016e+01    1.2800000000e+02    8.0376110000e-03    6.4794921875e-01
       357   -7.5039074930e+00    5.6564044564e+01   -1.5194618165e+01    7.6907106725e+00    2.4316332985e+00   -1.7626251464e+01    1.2800000000e+02    7.8731499998e-03    6.4355468750e-01
       358   -7.5507675884e+00    5.7276058679e+01   -1.2017198031e+01    4.4664304426e+00    2.1276577805e+00   -1.4144855811e+01    1.2800000000e+02    7.6689649995e-03    6.6210937500e-01
       359   -7.5459768928e+00    5.7098116914e+01   -2.0268490342e+01    1.2722513449e+01    2.1848577225e+00   -2.2453348064e+01    1.2800000000e+02    7.8854280000e-03    6.4404296875e-01
       360   -7.4836528260e+00    5.6189276543e+01   -3.2655870735e+01    2.5172217909e+01    2.2829118853e+00   -3.4938782620e+01    1.2800000000e+02    7.6882670000e-03    6.4892578125e-01
       361   -7.4931554098e+00    5.6267458256e+01   -1.3728038265e+01    6.2348828556e+00    2.5915330556e+00   -1.6319571321e+01    1.2800000000e+02    8.0885620000e-03    6.3720703125e-01
       362   -7.5182812638e+00    5.6782542541e+01   -1.6005763361e+01    8.4874820969e+00    2.8439701768e+00   -1.8849733537e+01    1.2800000000e+02    7.7121799995e-03    6.2158203125e-01
       363   -7.4941711051e+00    5.6351935638e+01   -1.4676270509e+01    7.1820994041e+00    2.6507443025e+00   -1.7327014812e+01    1.2800000000e+02    8.1120539999e-03    6.2353515625e-01
       364   -7.4116373238e+00    5.5124107494e+01   -1.5170361684e+01    7.7587243599e+00    2.5607945113e+00   -1.7731156195e+01    1.2800000000e+02    7.7219790001e-03    6.3671875000e-01
       365   -7.4968175216e+00    5.6370560887e+01   -1.4395069274e+01    6.8982517522e+00    2.4343426045e+00   -1.6829411878e+01    1.2800000000e+02    7.9557680001e-03    6.5185546875e-01
       366   -7.4390574286e+00    5.5490230299e+01   -1.2114327781e+01    4.6752703521e+00    2.2997352184e+00   -1.4414062999e+01    1.2800000000e+02    7.7317760006e-03    6.5234375000e-01
       367   -7.4744586438e+00    5.6263103459e+01   -1.4383154294e+01    6.9086956500e+00    2.7141549469e+00   -1.7097309241e+01    1.2800000000e+02    7.8639379999e-03    6.2011718750e-01
       368   -7.4635161206e+00    5.5983653435e+01   -1.4143490682e+01    6.6799745618e+00    2.5263738418e+00   -1.6669864524e+01    1.2800000000e+02    8.1492050003e-03    6.2695312500e-01
       369   -7.4695148558e+00    5.5985024177e+01   -1.2713219986e+01    5.2437051305e+00    2.4948080451e+00   -1.5208028031e+01    1.2800000000e+02    7.9396570000e-03    6.3134765625e-01
       370   -7.4919670670e+00    5.6328749277e+01   -1.7358658600e+01    9.8666915335e+00    2.5022238893e+00   -1.9860882490e+01    1.2800000000e+02    7.8168219998e-03    6.4599609375e-01
       371   -7.5191339444e+00    5.6800591181e+01   -1.3394580205e+01    5.8754462607e+00    2.4923981359e+00   -1.5886978341e+01    1.2800000000e+02    7.7164969998e-03    6.3867187500e-01
       372   -7.4349170068e+00    5.5451730731e+01   -1.2861888532e+01    5.4269715257e+00    2.2532799026e+00   -1.5115168435e+01    1.2800000000e+02    7.8290299998e-03    6.5087890625e-01
       373   -7.3809205959e+00    5.4636548621e+01   -1.3279057773e+01    5.8981371770e+00    2.9022764393e+00   -1.6181334212e+01    1.2800000000e+02    7.7883710001e-03    6.4355468750e-01
       374   -7.4905488932e+00    5.6345555257e+01   -1.6793015899e+01    9.3024670055e+00    2.4434720970e+00   -1.9236487996e+01    1.2800000000e+02    8.3364980001e-03    6.5087890625e-01
       375   -7.4337984436e+00    5.5503448710e+01   -1.5033446752e+01    7.5996483082e+00    2.8329417223e+00   -1.7866388474e+01    1.2800000000e+02    7.6848780000e-03    6.3085937500e-01
       376   -7.5030054468e+00    5.6491582274e+01   -1.6074841638e+01    8.5718361911e+00    2.8193784621e+00   -1.8894220100e+01    1.2800000000e+02    8.1887390006e-03    6.3769531250e-01
       377   -7.5485807642e+00    5.7171834079e+01   -1.7978614789e+01    1.0430034025e+01    3.4184322266e+00   -2.1397047015e+01    1.2800000000e+02    7.6012219997e-03    6.3134765625e-01
       378   -7.4634687611e+00    5.5901455018e+01   -1.3992188519e+01    6.5287197576e+00    2.3599656408e+00   -1.6352154160e+01    1.2800000000e+02    8.2410989999e-03    6.3427734375e-01
       379   -7.3115042040e+00    5.3643190196e+01   -1.2927453064e+01    5.6159488603e+00    2.8770567539e+00   -1.5804509818e+01    1.2800000000e+02    7.8851290000e-03    6.2744140625e-01
       380   -7.4519626595e+00    5.5698250915e+01   -1.4861220089e+01    7.4092574294e+00    2.3623932674e+00   -1.7223613356e+01    1.2800000000e+02    8.3385300004e-03    6.5332031250e-01
       381   -7.6147506070e+00    5.8270854298e+01   -1.6273471155e+01    8.6587205479e+00    2.6393080763e+00   -1.8912779231e+01    1.2800000000e+02    7.7811339997e-03    6.5625000000e-01
       382   -7.2888496905e+00    5.3309138757e+01   -1.7154124335e+01    9.8652746444e+00    2.7672445717e+00   -1.9921368907e+01    1.2800000000e+02    8.3555370002e-03    6.3574218750e-01
       383   -7.3913839572e+00    5.4821546804e+01   -1.4686487187e+01    7.2951032301e+00    2.7113790481e+00   -1.7397866235e+01    1.2800000000e+02    7.8167080001e-03    6.3037109375e-01
       384   -7.3806213068e+00    5.4599589628e+01   -1.2736258368e+01    5.3556370610e+00    2.5645759361e+00   -1.5300834304e+01    1.2800000000e+02    8.4438470003e-03    6.3964843750e-01
       385   -7.4122256483e+00    5.5160508244e+01   -1.8125534371e+01    1.0713308723e+01    2.9120887249e+00   -2.1037623096e+01    1.2800000000e+02    7.8296520005e-03    6.2841796875e-01
       386   -7.4632809261e+00    5.5835415231e+01   -1.1759944528e+01    4.2966636016e+00    2.4619927468e+00   -1.4221937275e+01    1.2800000000e+02    8.8622359999e-03    6.6210937500e-01
       387   -7.4558691891e+00    5.5780568007e+01   -1.6446387528e+01    8.9905183391e+00    2.6645025710e+00   -1.9110890099e+01    1.2800000000e+02    7.8473460007e-03    6.2353515625e-01
       388   -7.6571685191e+00    5.8971650243e+01   -1.7165374094e+01    9.5082055751e+00    2.9953583348e+00   -2.0160732429e+01    1.2800000000e+02    8.6119999996e-03    6.2060546875e-01
       389   -7.3912541921e+00    5.4868258123e+01   -1.7235660534e+01    9.8444063419e+00    2.6627706246e+00   -1.9898431159e+01    1.2800000000e+02    7.6666280002e-03    6.1523437500e-01
       390   -7.4652319372e+00    5.5898845213e+01   -1.3818216396e+01    6.3529844591e+00    2.4139167602e+00   -1.6232133157e+01    1.2800000000e+02    8.7386589994e-03    6.4013671875e-01
       391   -7.5503541309e+00    5.7244447006e+01   -1.4345851451e+01    6.7954973201e+00    2.4456568453e+00   -1.6791508296e+01    1.2800000000e+02    7.8497650002e-03    6.4404296875e-01
       392   -7.5645496627e+00    5.7587444016e+01   -1.5321302075e+01    7.7567524120e+00    2.6877985782e+00   -1.8009100653e+01    1.2800000000e+02    8.5487239994e-03    6.3476562500e-01
       393   -7.3800491426e+00    5.4683288884e+01   -1.6739134593e+01    9.3590854506e+00    2.9045580605e+00   -1.9643692654e+01    1.2800000000e+02    7.7217460002e-03    6.2695312500e-01
       394   -7.4114504234e+00    5.5138438617e+01   -1.4210059711e+01    6.7986092881e+00    2.8603328597e+00   -1.7070392571e+01    1.2800000000e+02    8.5834169995e-03    6.3281250000e-01
       395   -7.4946429112e+00    5.6335131724e+01   -1.2868935343e+01    5.3742924316e+00    2.7777289985e+00   -1.5646664341e+01    1.2800000000e+02    7.8237119997e-03    6.5039062500e-01
       396   -7.3787151500e+00    5.4694413190e+01   -1.7043338565e+01    9.6646234154e+00    2.4591002546e+00   -1.9502438820e+01    1.2800000000e+02    1.1347738000e-02    6.3525390625e-01
       397   -7.4800735584e+00    5.6093106374e+01   -1.3006639615e+01    5.5265660561e+00    2.4658251723e+00   -1.5472464787e+01    1.2800000000e+02    7.9337930001e-03    6.4355468750e-01
       398   -7.3457273749e+00    5.4106766245e+01   -1.2323158485e+01    4.9774311103e+00    2.3427140872e+00   -1.4665872572e+01    1.2800000000e+02    8.3475760002e-03    6.5039062500e-01
       399   -7.4449727618e+00    5.5579050733e+01   -1.7228498124e+01    9.7835253618e+00    2.7013547368e+00   -1.9929852860e+01    1.2800000000e+02    7.7001390000e-03    6.2988281250e-01
       400   -7.3752272200e+00    5.4593591714e+01   -1.2121732012e+01    4.7465047915e+00    2.5712672647e+00   -1.4692999276e+01    1.2800000000e+02    7.8946250005e-03    6.4062500000e-01
       401   -7.4576086951e+00    5.5845448155e+01   -1.1975279414e+01    4.5176707189e+00    2.3400007702e+00   -1.4315280184e+01    1.2800000000e+02    8.6447730000e-03    6.5234375000e-01
       402   -7.3518572020e+00    5.4272341633e+01   -1.3799366402e+01    6.4475092003e+00    2.6878054110e+00   -1.6487171813e+01    1.2800000000e+02    8.0871460004e-03    6.4550781250e-01
       403   -7.4270376646e+00    5.5308584529e+01   -1.2016840904e+01    4.5898032389e+00    2.6070476141e+00   -1.4623888518e+01    1.2800000000e+02    7.8135430003e-03    6.4648437500e-01
       404   -7.5419559739e+00    5.7129220359e+01   -1.4447681986e+01    6.9057260125e+00    3.0368761774e+00   -1.7484558164e+01    1.2800000000e+02    7.8902440000e-03    6.1425781250e-01
       405   -7.4991460807e+00    5.6451453488e+01   -1.4224856055e+01    6.7257099745e+00    2.5840074122e+00   -1.6808863467e+01    1.2800000000e+02    7.6554910002e-03    6.2255859375e-01
       406   -7.4075942449e+00    5.5048572346e+01   -1.3283053841e+01    5.8754595963e+00    2.3187785210e+00   -1.5601832362e+01    1.2800000000e+02    8.6562530005e-03    6.5185546875e-01
       407   -7.4775427875e+00    5.6233125560e+01   -1.2806209156e+01    5.3286663689e+00    2.5681852658e+00   -1.5374394422e+01    1.2800000000e+02    7.7040950000e-03    6.4257812500e-01
       408   -7.5513814181e+00    5.7336079127e+01   -1.6306956323e+01    8.7555749053e+00    2.9199405363e+00   -1.9226896860e+01    1.2800000000e+02    8.1410869998e-03    6.3330078125e-01
       409   -7.3711539714e+00    5.4473139346e+01   -1.1764163391e+01    4.3930094191e+00    2.5115332127e+00   -1.4275696603e+01    1.2800000000e+02    7.7014119997e-03    6.5478515625e-01
       410   -7.5286024268e+00    5.6914170294e+01   -1.6895448282e+01    9.3668458552e+00    2.6491885843e+00   -1.9544636866e+01    1.2800000000e+02    8.4509310000e-03    6.3769531250e-01
       411   -7.3813681154e+00    5.4726558211e+01   -1.4225911636e+01    6.8445435207e+00    2.5190635307e+00   -1.6744975167e+01    1.2800000000e+02    7.7634569998e-03    6.5332031250e-01
       412   -7.4530832761e+00    5.5850545229e+01   -1.4344322354e+01    6.8912390779e+00    2.8043319363e+00   -1.7148654290e+01    1.2800000000e+02    8.1091930006e-03    6.3330078125e-01
       413   -7.4897243929e+00    5.6284817460e+01   -1.5841596508e+01    8.3518721148e+00    2.4183483954e+00   -1.8259944903e+01    1.2800000000e+02    7.7587810001e-03    6.5234375000e-01
       414   -7.4294806443e+00    5.5439796219e+01   -1.3109068849e+01    5.6795882045e+00    2.9361685346e+00   -1.6045237384e+01    1.2800000000e+02    8.1938750000e-03    6.2792968750e-01
       415   -7.4611130803e+00    5.5877792582e+01   -1.2637535476e+01    5.1764223958e+00    2.8391653106e+00   -1.5476700787e+01    1.2800000000e+02    7.7886330000e-03    6.3964843750e-01
       416   -7.3480623587e+00    5.4118952291e+01   -1.4746563330e+01    7.3985009717e+00    1.9372421004e+00   -1.6683805431e+01    1.2800000000e+02    8.0896589998e-03    6.6601562500e-01
       417   -7.4120133997e+00    5.5068958387e+01   -1.2689036635e+01    5.2770232350e+00    2.8990457831e+00   -1.5588082418e+01    1.2800000000e+02    7.7646030004e-03    6.4990234375e-01
       418   -7.5671206234e+00    5.7511503832e+01   -2.3963944375e+01    1.6396823752e+01    2.8112931946e+00   -2.6775237570e+01    1.2800000000e+02    8.0731770004e-03    6.2841796875e-01
       419   -7.5490417117e+00    5.7239843494e+01   -1.3983892359e+01    6.4348506470e+00    2.5402320944e+00   -1.6524124453e+01    1.2800000000e+02    7.7699419999e-03    6.3476562500e-01
       420   -7.3751224494e+00    5.4607627291e+01   -1.2720632531e+01    5.3455100813e+00    2.5741884964e+00   -1.5294821027e+01    1.2800000000e+02    7.9271889999e-03    6.5185546875e-01
       421   -7.3941790566e+00    5.4818249330e+01   -1.1468210708e+01    4.0740316515e+00    2.5191032499e+00   -1.3987313958e+01    1.2800000000e+02    7.8945659998e-03    6.4843750000e-01
       422   -7.5347087890e+00    5.6992089024e+01   -1.1909183500e+01    4.3744747108e+00    2.6222724811e+00   -1.4531455981e+01    1.2800000000e+02    7.9451399997e-03    6.6650390625e-01
       423   -7.6005463879e+00    5.8118403454e+01   -1.5181960431e+01    7.5814140428e+00    2.7099861529e+00   -1.7891946584e+01    1.2800000000e+02    8.2303910003e-03    6.4257812500e-01
       424   -7.4789924553e+00    5.6087635891e+01   -1.5851623368e+01    8.3726309126e+00    2.8670760951e+00   -1.8718699463e+01    1.2800000000e+02    7.8271490001e-03    6.3671875000e-01
       425   -7.4323615306e+00    5.5392132560e+01   -1.2733838663e+01    5.3014771324e+00    2.5867727945e+00   -1.5320611457e+01    1.2800000000e+02    8.1898239996e-03    6.5283203125e-01
       426   -7.7907500527e+00    6.1118036828e+01   -1.7642485003e+01    9.8517349503e+00    3.0616755706e+00   -2.0704160574e+01    1.2800000000e+02    7.8097440000e-03    6.1083984375e-01
       427   -7.3774920413e+00    5.4553751363e+01   -1.3058907955e+01    5.6814159133e+00    2.6069770815e+00   -1.5665885036e+01    1.2800000000e+02    8.2626650001e-03    6.4697265625e-01
       428   -7.4177992428e+00    5.5225181375e+01   -1.5524638426e+01    8.1068391837e+00    2.5750349633e+00   -1.8099673390e+01    1.2800000000e+02    7.6875039995e-03    6.3183593750e-01
       429   -7.4570293198e+00    5.5782592938e+01   -1.6512598505e+01    9.0555691851e+00    2.4490546844e+00   -1.8961653189e+01    1.2800000000e+02    8.1194220002e-03    6.4550781250e-01
       430   -7.4585711099e+00    5.5900553821e+01   -1.6567397375e+01    9.1088262649e+00    2.4902364289e+00   -1.9057633804e+01    1.2800000000e+02    7.7636930000e-03    6.5625000000e-01
       431   -7.4951446402e+00    5.6474169231e+01   -1.7670171940e+01    1.0175027300e+01    2.6518155083e+00   -2.0321987448e+01    1.2800000000e+02    8.1464839996e-03    6.3085937500e-01
       432   -7.4112614929e+00    5.5084125009e+01   -1.3670180832e+01    6.2589193390e+00    2.7214771785e+00   -1.6391658010e+01    1.2800000000e+02    7.8059770003e-03    6.4355468750e-01
       433   -7.4001459617e+00    5.4999205569e+01   -1.2135672601e+01    4.7355266397e+00    2.3350036536e+00   -1.4470676255e+01    1.2800000000e+02    8.5274769999e-03    6.5429687500e-01
       434   -7.5512911393e+00    5.7212736057e+01   -1.9071566099e+01    1.1520274960e+01    2.6861170307e+00   -2.1757683130e+01    1.2800000000e+02    7.8065899997e-03    6.4941406250e-01
       435   -7.4379365716e+00    5.5548748331e+01   -1.5033750231e+01    7.5958136590e+00    2.6519315000e+00   -1.7685681731e+01    1.2800000000e+02    8.2962619999e-03    6.2939453125e-01
       436   -7.3958123208e+00    5.4842992267e+01   -1.2441460091e+01    5.0456477703e+00    2.5504270024e+00   -1.4991887093e+01    1.2800000000e+02    8.1437710005e-03    6.4404296875e-01
       437   -7.3716719918e+00    5.4513296250e+01   -1.2125490242e+01    4.7538182497e+00    2.7077670153e+00   -1.4833257257e+01    1.2800000000e+02    8.3348380003e-03    6.5185546875e-01
       438   -7.5124206421e+00    5.6669440424e+01   -1.7852709594e+01    1.0340288952e+01    2.4273490527e+00   -2.0280058647e+01    1.2800000000e+02    7.7611379993e-03    6.4990234375e-01
       439   -7.5048794124e+00    5.6562593833e+01   -1.3209080398e+01    5.7042009856e+00    2.4768666509e+00   -1.5685947049e+01    1.2800000000e+02    8.1527709999e-03    6.5722656250e-01
       440   -7.4611905905e+00    5.6059922539e+01   -1.5773196398e+01    8.3120058077e+00    2.4834375581e+00   -1.8256633956e+01    1.2800000000e+02    7.7141700003e-03    6.3769531250e-01
       441   -7.6622711163e+00    5.9001836614e+01   -2.0327095333e+01    1.2664824217e+01    2.7222306071e+00   -2.3049325940e+01    1.2800000000e+02    8.1564889997e-03    6.3671875000e-01
       442   -7.3997461751e+00    5.5035094266e+01   -1.4925367505e+01    7.5256213304e+00    2.5400483010e+00   -1.7465415806e+01    1.2800000000e+02    7.7103539998e-03    6.2207031250e-01
       443   -7.5687819840e+00    5.7590174764e+01   -1.5715481880e+01    8.1466998962e+00    2.7544176321e+00   -1.8469899512e+01    1.2800000000e+02    7.9736650005e-03    6.3378906250e-01
       444   -7.4646536766e+00    5.5957345307e+01   -1.9387547630e+01    1.1922893953e+01    3.0784902477e+00   -2.2466037878e+01    1.2800000000e+02    7.7033979996e-03    6.1767578125e-01
       445   -7.4477320010e+00    5.5605218163e+01   -1.3892984773e+01    6.4452527718e+00    2.4209226198e+00   -1.6313907393e+01    1.2800000000e+02    7.9239469997e-03    6.4355468750e-01
       446   -7.3754734785e+00    5.4588240075e+01   -1.2655747174e+01    5.2802736953e+00    2.4467428675e+00   -1.5102490041e+01    1.2800000000e+02    7.7547159999e-03    6.5136718750e-01
       447   -7.4996473449e+00    5.6459422658e+01   -1.7138040130e+01    9.6383927851e+00    2.8007872014e+00   -1.9938827331e+01    1.2800000000e+02    7.8817869999e-03    6.2695312500e-01
       448   -7.5897878101e+00    5.7939267668e+01   -1.6196221996e+01    8.6064341857e+00    2.5913555062e+00   -1.8787577502e+01    1.2800000000e+02    7.8707409994e-03    6.6259765625e-01
       449   -7.4555369842e+00    5.5827554513e+01   -1.3729839283e+01    6.2743022987e+00    2.3240231286e+00   -1.6053862411e+01    1.2800000000e+02    8.0066210003e-03    6.6015625000e-01
       450   -7.6827911118e+00    5.9405508814e+01   -1.3919155651e+01    6.2363645394e+00    2.6365123532e+00   -1.6555668004e+01    1.2800000000e+02    7.8783700001e-03    6.4013671875e-01
       451   -7.4379682073e+00    5.5487470822e+01   -1.2498614456e+01    5.0606462486e+00    2.7140832564e+00   -1.5212697712e+01    1.2800000000e+02    9.9207040003e-03    6.4746093750e-01
       452   -7.2793939291e+00    5.3143072846e+01   -1.1639346287e+01    4.3599523576e+00    2.4915064836e+00   -1.4130852770e+01    1.2800000000e+02    7.9997809999e-03    6.5673828125e-01
       453   -7.4013814744e+00    5.4952785915e+01   -1.1609097908e+01    4.2077164335e+00    2.4919189965e+00   -1.4101016904e+01    1.2800000000e+02    7.7937199994e-03    6.5283203125e-01
       454   -7.5135287307e+00    5.6686512695e+01   -1.3187953725e+01    5.6744249947e+00    2.5291491202e+00   -1.5717102846e+01    1.2800000000e+02    7.7359079996e-03    6.3427734375e-01
       455   -7.4074003952e+00    5.5133269725e+01   -1.4744899691e+01    7.3374992954e+00    2.7001575083e+00   -1.7445057199e+01    1.2800000000e+02    7.6750560002e-03    6.3330078125e-01
       456   -7.4266047463e+00    5.5380433708e+01   -1.2106841879e+01    4.6802371332e+00    2.6337027825e+00   -1.4740544662e+01    1.2800000000e+02    7.7135559995e-03    6.4453125000e-01
       457   -7.6092799603e+00    5.8145745473e+01   -3.7442211273e+01    2.9832931313e+01    2.8897828757e+00   -4.0331994149e+01    1.2800000000e+02    7.6787409998e-03    6.2939453125e-01
       458   -7.5707939286e+00    5.7594387291e+01   -1.8400658308e+01    1.0829864380e+01    2.6866326278e+00   -2.1087290936e+01    1.2800000000e+02    7.7762179999e-03    6.4013671875e-01
       459   -7.7110815393e+00    5.9871383288e+01   -1.5258526038e+01    7.5474444985e+00    2.5854001306e+00   -1.7843926169e+01    1.2800000000e+02    8.7487150004e-03    6.3085937500e-01
       460   -7.3419019093e+00    5.4096608055e+01   -1.3657147841e+01    6.3152459322e+00    2.6835400074e+00   -1.6340687849e+01    1.2800000000e+02    1.2735313000e-02    6.2646484375e-01
       461   -7.5340681691e+00    5.6985044297e+01   -1.4567915811e+01    7.0338476420e+00    2.5879499129e+00   -1.7155865724e+01    1.2800000000e+02    1.1708639000e-02    6.4355468750e-01
       462   -7.5058683932e+00    5.6493899107e+01   -1.6029210544e+01    8.5233421504e+00    2.7167995030e+00   -1.8746010047e+01    1.2800000000e+02    7.7481469998e-03    6.4892578125e-01
       463   -7.4737948797e+00    5.6138071262e+01   -1.7007326979e+01    9.5335320998e+00    3.0722049821e+00   -2.0079531962e+01    1.2800000000e+02    7.7973090001e-03    6.1376953125e-01
       464   -7.3857556528e+00    5.4833511321e+01   -1.3671668140e+01    6.2859124869e+00    2.8478148162e+00   -1.6519482956e+01    1.2800000000e+02    7.8791659998e-03    6.5576171875e-01
       465   -7.3658447073e+00    5.4381201656e+01   -1.2671927224e+01    5.3060825171e+00    2.6188076152e+00   -1.5290734840e+01    1.2800000000e+02    7.8576360002e-03    6.3037109375e-01
       466   -7.4362895165e+00    5.5493143183e+01   -1.4802296872e+01    7.3660073559e+00    2.5859250874e+00   -1.7388221960e+01    1.2800000000e+02    7.6875779996e-03    6.4355468750e-01
       467   -7.6193639640e+00    5.8346011168e+01   -1.5188197372e+01    7.5688334081e+00    2.7824753958e+00   -1.7970672768e+01    1.2800000000e+02    7.8229199999e-03    6.2060546875e-01
       468   -7.5364546982e+00    5.7078003171e+01   -1.7229814553e+01    9.6933598548e+00    2.5449739354e+00   -1.9774788488e+01    1.2800000000e+02    7.6322260002e-03    6.5136718750e-01
       469   -7.3635041458e+00    5.4409679440e+01   -1.3361296585e+01    5.9977924388e+00    3.1534946472e+00   -1.6514791232e+01    1.2800000000e+02    7.8154399998e-03    6.3427734375e-01
       470   -7.3389854368e+00    5.4042606510e+01   -1.4305796945e+01    6.9668115086e+00    2.5393993869e+00   -1.6845196332e+01    1.2800000000e+02    7.6740710001e-03    6.4941406250e-01
       471   -7.3882605428e+00    5.4952419698e+01   -1.4857047198e+01    7.4687866552e+00    2.7719193196e+00   -1.7628966518e+01    1.2800000000e+02    7.7120810001e-03    6.1865234375e-01
       472   -7.5283252252e+00    5.6947603186e+01   -1.5446694708e+01    7.9183694826e+00    2.3671154470e+00   -1.7813810155e+01    1.2800000000e+02    7.5691550001e-03    6.2255859375e-01
       473   -7.5158108264e+00    5.6746273822e+01   -1.3746123679e+01    6.2303128528e+00    2.3845695833e+00   -1.6130693262e+01    1.2800000000e+02    7.7480320006e-03    6.4990234375e-01
       474   -7.4953540505e+00    5.6380199312e+01   -1.4261060512e+01    6.7657064617e+00    2.7160559585e+00   -1.6977116471e+01    1.2800000000e+02    7.7217790003e-03    6.2158203125e-01
       475   -7.4814695247e+00    5.6234463638e+01   -1.4915010755e+01    7.4335412299e+00    3.0092708839e+00   -1.7924281638e+01    1.2800000000e+02    7.6039460000e-03    6.1376953125e-01
       476   -7.4175477063e+00    5.5216074965e+01   -1.1949162629e+01    4.5316149231e+00    2.3964384604e+00   -1.4345601090e+01    1.2800000000e+02    7.8810760006e-03    6.5673828125e-01
       477   -7.4227508425e+00    5.5237825729e+01   -1.1462213562e+01    4.0394627196e+00    2.1651722347e+00   -1.3627385797e+01    1.2800000000e+02    7.7872550000e-03    6.6503906250e-01
       478   -7.4218156850e+00    5.5238682472e+01   -1.3703866417e+01    6.2820507315e+00    2.8774801164e+00   -1.6581346533e+01    1.2800000000e+02    7.7389200005e-03    6.2060546875e-01
       479   -7.6728162131e+00    5.9142309668e+01   -1.7634141337e+01    9.9613251238e+00    2.5693793748e+00   -2.0203520712e+01    1.2800000000e+02    7.6523730004e-03    6.2988281250e-01
       480   -7.4709162616e+00    5.6035049544e+01   -1.3703388284e+01    6.2324720222e+00    2.5605343609e+00   -1.6263922645e+01    1.2800000000e+02    7.8015550007e-03    6.3476562500e-01
       481   -7.4598209764e+00    5.5817149493e+01   -1.0373756919e+01    2.9139359426e+00    2.5560520225e+00   -1.2929808942e+01    1.2800000000e+02    7.8207870001e-03    6.6943359375e-01
       482   -7.3210823265e+00    5.3822671951e+01   -1.2920984266e+01    5.5999019393e+00    2.4694481389e+00   -1.5390432405e+01    1.2800000000e+02    7.7623259995e-03    6.1962890625e-01
       483   -7.4076848699e+00    5.5080491307e+01   -1.2852812667e+01    5.4451277967e+00    2.4019389836e+00   -1.5254751650e+01    1.2800000000e+02    7.6342540005e-03    6.3574218750e-01
       484   -7.4736390134e+00    5.6025808268e+01   -1.7967877033e+01    1.0494238019e+01    2.4447256081e+00   -2.0412602641e+01    1.2800000000e+02    7.7931390006e-03    6.3623046875e-01
       485   -7.4253992598e+00    5.5288517961e+01   -1.4119974733e+01    6.6945754736e+00    2.4090642818e+00   -1.6529039015e+01    1.2800000000e+02    7.9877959997e-03    6.4404296875e-01
       486   -7.6481036128e+00    5.8943599167e+01   -1.4622031264e+01    6.9739276511e+00    2.3805851308e+00   -1.7002616395e+01    1.2800000000e+02    7.9493410003e-03    6.2451171875e-01
       487   -7.4244684542e+00    5.5278834038e+01   -1.5566216558e+01    8.1417481037e+00    2.6235283984e+00   -1.8189744956e+01    1.2800000000e+02    7.6998740005e-03    6.3427734375e-01
       488   -7.5832087880e+00    5.7732527312e+01   -2.4294918842e+01    1.6711710054e+01    2.8819679261e+00   -2.7176886768e+01    1.2800000000e+02    7.6720469997e-03    6.2353515625e-01
       489   -7.3826786460e+00    5.4675000299e+01   -1.5330173370e+01    7.9474947236e+00    2.6429347119e+00   -1.7973108081e+01    1.2800000000e+02    7.6871900001e-03    6.2548828125e-01
       490   -7.4409336534e+00    5.5538371010e+01   -1.2927563167e+01    5.4866295140e+00    2.8442935524e+00   -1.5771856720e+01    1.2800000000e+02    7.7423909997e-03    6.3818359375e-01
       491   -7.3990354152e+00    5.4964054547e+01   -1.6776971937e+01    9.3779365219e+00    2.4580001979e+00   -1.9234972135e+01    1.2800000000e+02    7.7929829995e-03    6.3085937500e-01
       492   -7.5165476139e+00    5.6727897034e+01   -1.4023985364e+01    6.5074377504e+00    2.5848869318e+00   -1.6608872296e+01    1.2800000000e+02    7.6692190005e-03    6.2548828125e-01
       493   -7.4937915617e+00    5.6476080834e+01   -1.5641601766e+01    8.1478102041e+00    2.6996601404e+00   -1.8341261906e+01    1.2800000000e+02    7.7429540006e-03    6.1279296875e-01
       494   -7.5737891598e+00    5.7653022420e+01   -1.7195751644e+01    9.6219624844e+00    2.8001312711e+00   -1.9995882915e+01    1.2800000000e+02    7.7361960002e-03    6.4062500000e-01
       495   -7.6693130008e+00    5.9230150572e+01   -1.7705779646e+01    1.0036466645e+01    2.7344641375e+00   -2.0440243783e+01    1.2800000000e+02    8.2418719994e-03    6.2841796875e-01
       496   -7.5918538793e+00    5.8046416714e+01   -1.3809444056e+01    6.2175901767e+00    2.7185939823e+00   -1.6528038038e+01    1.2800000000e+02    7.7388030004e-03    6.3916015625e-01
       497   -7.4666261590e+00    5.5942590845e+01   -1.4051906981e+01    6.5852808221e+00    2.7290157335e+00   -1.6780922715e+01    1.2800000000e+02    9.2321720003e-03    6.3427734375e-01
       498   -7.5208611930e+00    5.6785744232e+01   -1.3755911559e+01    6.2350503660e+00    2.3961874050e+00   -1.6152098964e+01    1.2800000000e+02    1.4032153999e-02    6.3623046875e-01
       499   -7.6374565999e+00    5.8697202147e+01   -1.2625663682e+01    4.9882070822e+00    2.9805423968e+00   -1.5606206079e+01    1.2800000000e+02    1.2035736000e-02    6.5625000000e-01
