#   index    LocalEnergy         LocalEnergy_sq      LocalPotential      Kinetic             ElecElec            IonElec             BlockWeight         BlockCPU            AcceptRatio         
         0   -7.5255066328e+00    5.6846119397e+01   -1.2149075171e+01    4.6235685385e+00    2.8210357153e+00   -1.4970110887e+01    3.2000000000e+01    2.0334010005e-03    6.4453125000e-01
         1   -7.3944777459e+00    5.5004408061e+01   -3.5418737136e+01    2.8024259390e+01    3.5918342759e+00   -3.9010571412e+01    3.2000000000e+01    1.9171539998e-03    6.0546875000e-01
         2   -7.7304419045e+00    6.0365930469e+01   -1.5468349300e+01    7.7379073957e+00    2.4812914407e+00   -1.7949640741e+01    3.2000000000e+01    2.0313109999e-03    6.3085937500e-01
         3   -7.2516398627e+00    5.2726156492e+01   -1.2563299842e+01    5.3116599796e+00    2.9836158711e+00   -1.5546915713e+01    3.2000000000e+01    2.8589210006e-03    6.3476562500e-01
         4   -7.2780374425e+00    5.3095490432e+01   -1.0654888304e+01    3.3768508618e+00    2.3669096530e+00   -1.3021797957e+01    3.2000000000e+01    1.9848840002e-03    6.8164062500e-01
         5   -7.5254869529e+00    5.6894280404e+01   -1.8798354157e+01    1.1272867204e+01    2.4818323227e+00   -2.1280186480e+01    3.2000000000e+01    2.0188609997e-03    6.2109375000e-01
         6   -7.5958411183e+00    5.7973381088e+01   -2.2860632622e+01    1.5264791504e+01    2.9573048650e+00   -2.5817937487e+01    3.2000000000e+01    1.9254040008e-03    6.0156250000e-01
         7   -7.2989551446e+00    5.3535707153e+01   -1.1288880623e+01    3.9899254789e+00    2.3428576229e+00   -1.3631738246e+01    3.2000000000e+01    1.9486109995e-03    6.4257812500e-01
         8   -7.4264401372e+00    5.5328665803e+01   -1.2846294981e+01    5.4198548439e+00    1.9320034555e+00   -1.4778298437e+01    3.2000000000e+01    1.9732150004e-03    6.9335937500e-01
         9   -8.1505089786e+00    6.6988985089e+01   -1.7009692428e+01    8.8591834494e+00    1.9535142024e+00   -1.8963206630e+01    3.2000000000e+01    1.9252020002e-03    6.6210937500e-01
        10   -7.4073796310e+00    5.5023536845e+01   -1.2939007779e+01    5.5316281480e+00    2.0960142020e+00   -1.5035021981e+01    3.2000000000e+01    1.9129530001e-03    6.6601562500e-01
        11   -7.3390670869e+00    5.4022846407e+01   -1.1100477085e+01    3.7614099981e+00    2.1061709289e+00   -1.3206648014e+01    3.2000000000e+01    1.9440010001e-03    6.6210937500e-01
        12   -7.3429859444e+00    5.4377358713e+01   -1.1719836850e+01    4.3768509060e+00    2.4796458528e+00   -1.4199482703e+01    3.2000000000e+01    1.9620339999e-03    6.6406250000e-01
        13   -7.4785355682e+00    5.6085754116e+01   -1.0183566452e+01    2.7050308839e+00    4.4433198893e+00   -1.4626886341e+01    3.2000000000e+01    2.1233699999e-03    6.6406250000e-01
        14   -7.1546667193e+00    5.1221953453e+01   -8.9277773903e+00    1.7731106710e+00    2.2160799836e+00   -1.1143857374e+01    3.2000000000e+01    1.9975409996e-03    7.3632812500e-01
        15   -7.4455623862e+00    5.5710828481e+01   -1.0091572819e+01    2.6460104324e+00    1.8274548662e+00   -1.1919027685e+01    3.2000000000e+01    2.0079810001e-03    7.2070312500e-01
        16   -7.4175370694e+00    5.5152217940e+01   -1.2029429024e+01    4.6118919541e+00    2.2118398040e+00   -1.4241268828e+01    3.2000000000e+01    1.9756820002e-03    6.6210937500e-01
        17   -7.2028934479e+00    5.2131257000e+01   -1.2902465033e+01    5.6995715850e+00    2.6597632194e+00   -1.5562228252e+01    3.2000000000e+01    1.9630990000e-03    6.6992187500e-01
        18   -7.1443068596e+00    5.1195998064e+01   -9.3796796579e+00    2.2353727983e+00    2.1865880480e+00   -1.1566267706e+01    3.2000000000e+01    2.0373810003e-03    7.4804687500e-01
        19   -7.3282464550e+00    5.3806505799e+01   -1.3209076711e+01    5.8808302560e+00    2.7543090747e+00   -1.5963385786e+01    3.2000000000e+01    1.9250289997e-03    6.2109375000e-01
        20   -7.3539384083e+00    5.4212908614e+01   -1.1352640785e+01    3.9987023762e+00    2.9803200302e+00   -1.4332960815e+01    3.2000000000e+01    2.0339430002e-03    6.4453125000e-01
        21   -7.6336859293e+00    5.8730973358e+01   -1.8598720812e+01    1.0965034883e+01    3.3029462125e+00   -2.1901667025e+01    3.2000000000e+01    2.1183760000e-03    6.1523437500e-01
        22   -7.6371300468e+00    5.8696905380e+01   -1.2925736273e+01    5.2886062263e+00    2.4407126304e+00   -1.5366448903e+01    3.2000000000e+01    1.9440900005e-03    6.4257812500e-01
        23   -7.3909917522e+00    5.4892361644e+01   -1.0370501378e+01    2.9795096262e+00    2.3296754223e+00   -1.2700176801e+01    3.2000000000e+01    1.9789030002e-03    6.7578125000e-01
        24   -7.4797220669e+00    5.6182181398e+01   -1.3392439443e+01    5.9127173764e+00    2.8150326061e+00   -1.6207472049e+01    3.2000000000e+01    1.9343869999e-03    6.3281250000e-01
        25   -7.6683084952e+00    5.9042749250e+01   -1.3630199117e+01    5.9618906217e+00    2.3719876134e+00   -1.6002186730e+01    3.2000000000e+01    1.9579280006e-03    6.5429687500e-01
        26   -7.2424294102e+00    5.2553793684e+01   -1.2613367051e+01    5.3709376408e+00    2.3357344665e+00   -1.4949101517e+01    3.2000000000e+01    1.8994610000e-03    6.3281250000e-01
        27   -8.0333823797e+00    6.4852721620e+01   -1.7976058342e+01    9.9426759623e+00    2.1782292240e+00   -2.0154287566e+01    3.2000000000e+01    1.8764719998e-03    6.1914062500e-01
        28   -7.4463758111e+00    5.5597129561e+01   -1.0120105335e+01    2.6737295234e+00    2.1765706271e+00   -1.2296675962e+01    3.2000000000e+01    1.9228410001e-03    6.4648437500e-01
        29   -7.4801140750e+00    5.6135531159e+01   -1.6423009592e+01    8.9428955167e+00    2.8185418059e+00   -1.9241551398e+01    3.2000000000e+01    1.9272019999e-03    6.2109375000e-01
        30   -7.4637392104e+00    5.5843283630e+01   -1.1425242344e+01    3.9615031334e+00    2.4577346238e+00   -1.3882976968e+01    3.2000000000e+01    2.0188389999e-03    6.6015625000e-01
        31   -7.8418436336e+00    6.1824308253e+01   -2.5402744146e+01    1.7560900512e+01    2.9438347406e+00   -2.8346578886e+01    3.2000000000e+01    1.9170639998e-03    6.0546875000e-01
        32   -7.1500721971e+00    5.1241027059e+01   -1.1009352576e+01    3.8592803786e+00    2.2936940589e+00   -1.3303046635e+01    3.2000000000e+01    1.9548510008e-03    6.6601562500e-01
        33   -7.8901967130e+00    6.2724967962e+01   -1.8581020292e+01    1.0690823579e+01    3.2026932817e+00   -2.1783713574e+01    3.2000000000e+01    1.8987630001e-03    6.1328125000e-01
        34   -7.6026973777e+00    5.8152413386e+01   -1.7398182668e+01    9.7954852900e+00    4.2035392088e+00   -2.1601721876e+01    3.2000000000e+01    1.9205879998e-03    6.2109375000e-01
        35   -7.4246525717e+00    5.5263215758e+01   -1.0726297973e+01    3.3016454012e+00    2.1583668112e+00   -1.2884664784e+01    3.2000000000e+01    1.9725349994e-03    6.6796875000e-01
        36   -7.5146319293e+00    5.6580195087e+01   -1.3200455902e+01    5.6858239724e+00    3.2216376441e+00   -1.6422093546e+01    3.2000000000e+01    1.8963670000e-03    5.8593750000e-01
        37   -7.1703165441e+00    5.1588412608e+01   -1.3661042859e+01    6.4907263150e+00    2.6860058237e+00   -1.6347048683e+01    3.2000000000e+01    1.9425319997e-03    6.2695312500e-01
        38   -7.7438267554e+00    6.0142158299e+01   -2.1401110491e+01    1.3657283736e+01    3.1741853470e+00   -2.4575295838e+01    3.2000000000e+01    1.9658359997e-03    5.9570312500e-01
        39   -7.2826379441e+00    5.3288483435e+01   -1.6095193445e+01    8.8125555007e+00    2.3756151463e+00   -1.8470808591e+01    3.2000000000e+01    1.9348489996e-03    6.3476562500e-01
        40   -7.4916594235e+00    5.6387364272e+01   -1.9198387426e+01    1.1706728003e+01    2.3745790593e+00   -2.1572966486e+01    3.2000000000e+01    1.9804510002e-03    6.7578125000e-01
        41   -7.4328048846e+00    5.5341604994e+01   -1.1453068464e+01    4.0202635795e+00    2.2370387333e+00   -1.3690107197e+01    3.2000000000e+01    1.9666950002e-03    6.6796875000e-01
        42   -7.5646429636e+00    5.7462071332e+01   -1.6331679633e+01    8.7670366690e+00    2.8323656222e+00   -1.9164045255e+01    3.2000000000e+01    1.9184830007e-03    6.0156250000e-01
        43   -7.2834882386e+00    5.3157632596e+01   -1.4302384157e+01    7.0188959187e+00    2.5996008670e+00   -1.6901985024e+01    3.2000000000e+01    1.9342099995e-03    6.1718750000e-01
        44   -7.2713639275e+00    5.2975786474e+01   -1.1289605507e+01    4.0182415798e+00    2.5254904711e+00   -1.3815095978e+01    3.2000000000e+01    1.9527659997e-03    6.5234375000e-01
        45   -7.9402547219e+00    6.3622975082e+01   -1.6380731794e+01    8.4404770725e+00    2.8846689014e+00   -1.9265400696e+01    3.2000000000e+01    1.9362969997e-03    6.2109375000e-01
        46   -7.4933511596e+00    5.6538284281e+01   -9.7150795288e+00    2.2217283692e+00    2.3560199466e+00   -1.2071099475e+01    3.2000000000e+01    1.9933630001e-03    6.7382812500e-01
        47   -7.6002596779e+00    5.8109635396e+01   -1.4405080525e+01    6.8048208474e+00    2.8896803765e+00   -1.7294760902e+01    3.2000000000e+01    2.3846659997e-03    6.5234375000e-01
        48   -7.5391545378e+00    5.7305120174e+01   -1.2523603636e+01    4.9844490977e+00    2.6326226693e+00   -1.5156226305e+01    3.2000000000e+01    1.9705969999e-03    6.5039062500e-01
        49   -7.2300447104e+00    5.2404243087e+01   -1.0573357537e+01    3.3433128263e+00    2.1445553319e+00   -1.2717912869e+01    3.2000000000e+01    1.9583550002e-03    6.3867187500e-01
        50   -7.2260640636e+00    5.2323976416e+01   -1.2620444561e+01    5.3943804977e+00    2.8050425741e+00   -1.5425487135e+01    3.2000000000e+01    1.9746539992e-03    6.6015625000e-01
        51   -7.6199038104e+00    5.8297235914e+01   -1.4158255826e+01    6.5383520159e+00    2.9137573017e+00   -1.7072013128e+01    3.2000000000e+01    1.9225629994e-03    6.1718750000e-01
        52   -7.2338190494e+00    5.2425029925e+01   -1.3863194074e+01    6.6293750245e+00    2.6933551938e+00   -1.6556549268e+01    3.2000000000e+01    1.9287720006e-03    6.1523437500e-01
        53   -7.1058821390e+00    5.0634327254e+01   -1.2512155749e+01    5.4062736099e+00    2.4123242481e+00   -1.4924479997e+01    3.2000000000e+01    1.9563879996e-03    6.3867187500e-01
        54   -7.3797907837e+00    5.4552943474e+01   -1.1964365248e+01    4.5845744647e+00    2.5564587980e+00   -1.4520824046e+01    3.2000000000e+01    1.9339640003e-03    6.4257812500e-01
        55   -7.4014362322e+00    5.4843727606e+01   -1.0240877288e+01    2.8394410560e+00    3.2594692808e+00   -1.3500346569e+01    3.2000000000e+01    2.0253029998e-03    6.6406250000e-01
        56   -7.5812691452e+00    5.7738093279e+01   -1.4711542746e+01    7.1302736009e+00    2.7719072320e+00   -1.7483449978e+01    3.2000000000e+01    1.9620459998e-03    6.6210937500e-01
        57   -7.6554669868e+00    5.8815244365e+01   -3.0964407340e+01    2.3308940353e+01    3.6435071963e+00   -3.4607914536e+01    3.2000000000e+01    1.8998340001e-03    5.7812500000e-01
        58   -7.6521529392e+00    5.8767804504e+01   -2.0044022104e+01    1.2391869165e+01    2.7360138585e+00   -2.2780035962e+01    3.2000000000e+01    1.9604340005e-03    6.3281250000e-01
        59   -7.7332542428e+00    6.0072515936e+01   -1.6852414749e+01    9.1191605063e+00    2.7680038494e+00   -1.9620418598e+01    3.2000000000e+01    1.9174550007e-03    6.0937500000e-01
        60   -7.4481167466e+00    5.5634092247e+01   -1.2094663845e+01    4.6465470980e+00    2.6406168248e+00   -1.4735280669e+01    3.2000000000e+01    1.9782529998e-03    6.7773437500e-01
        61   -7.2773105332e+00    5.3135302263e+01   -1.3187196782e+01    5.9098862484e+00    2.5149511630e+00   -1.5702147945e+01    3.2000000000e+01    1.9172430002e-03    6.1132812500e-01
        62   -7.3606251433e+00    5.4270214873e+01   -1.1203390342e+01    3.8427651987e+00    2.4063927252e+00   -1.3609783067e+01    3.2000000000e+01    1.9714530008e-03    6.6601562500e-01
        63   -7.7526607889e+00    6.0490284261e+01   -1.4733833541e+01    6.9811727525e+00    2.2796005236e+00   -1.7013434065e+01    3.2000000000e+01    2.0183960005e-03    6.6015625000e-01
        64   -7.5696235465e+00    5.7470941035e+01   -1.3592551771e+01    6.0229282244e+00    2.5434966574e+00   -1.6136048428e+01    3.2000000000e+01    1.9975640007e-03    6.5429687500e-01
        65   -7.4514478558e+00    5.5735542259e+01   -1.3158470494e+01    5.7070226384e+00    2.7981149336e+00   -1.5956585428e+01    3.2000000000e+01    1.9629989993e-03    6.6406250000e-01
        66   -7.5502941466e+00    5.7143016653e+01   -1.5292498734e+01    7.7422045870e+00    2.8567858822e+00   -1.8149284616e+01    3.2000000000e+01    1.9403790002e-03    6.3476562500e-01
        67   -7.2259553475e+00    5.2341044445e+01   -1.5652679582e+01    8.4267242349e+00    3.0331401632e+00   -1.8685819746e+01    3.2000000000e+01    1.9461099992e-03    6.3476562500e-01
        68   -7.5229627153e+00    5.6967416406e+01   -1.4239287185e+01    6.7163244700e+00    3.0074528861e+00   -1.7246740071e+01    3.2000000000e+01    1.9440730002e-03    6.3281250000e-01
        69   -7.4309524575e+00    5.5301862751e+01   -1.2456212370e+01    5.0252599123e+00    2.9358013905e+00   -1.5392013760e+01    3.2000000000e+01    1.9285099997e-03    6.2695312500e-01
        70   -7.3742752920e+00    5.4452423529e+01   -1.0599576516e+01    3.2253012242e+00    2.5113951418e+00   -1.3110971658e+01    3.2000000000e+01    1.9422219993e-03    6.3085937500e-01
        71   -7.5021388584e+00    5.6508468854e+01   -1.7830588652e+01    1.0328449794e+01    2.1498490298e+00   -1.9980437682e+01    3.2000000000e+01    1.8995570008e-03    6.4453125000e-01
        72   -7.6009611007e+00    5.7996296024e+01   -1.3541559876e+01    5.9405987754e+00    2.8436847879e+00   -1.6385244664e+01    3.2000000000e+01    2.0023649995e-03    6.5039062500e-01
        73   -7.4536140879e+00    5.5702243018e+01   -1.9826720146e+01    1.2373106058e+01    2.5802456810e+00   -2.2406965827e+01    3.2000000000e+01    1.9633410002e-03    6.6406250000e-01
        74   -7.1573529101e+00    5.1462696143e+01   -1.4685760166e+01    7.5284072564e+00    2.7573748331e+00   -1.7443135000e+01    3.2000000000e+01    1.9425850005e-03    6.4062500000e-01
        75   -7.3346435559e+00    5.4029284512e+01   -1.3887737766e+01    6.5530942100e+00    2.2844152329e+00   -1.6172152999e+01    3.2000000000e+01    1.9175299994e-03    6.2500000000e-01
        76   -7.5779766368e+00    5.7729271370e+01   -1.7588216652e+01    1.0010240016e+01    2.6276410791e+00   -2.0215857731e+01    3.2000000000e+01    1.9341620000e-03    6.4453125000e-01
        77   -7.9082633231e+00    6.3346028318e+01   -1.3548768071e+01    5.6405047480e+00    2.6990290345e+00   -1.6247797106e+01    3.2000000000e+01    1.9638180001e-03    6.6210937500e-01
        78   -7.2674632447e+00    5.2925319787e+01   -1.1134826518e+01    3.8673632733e+00    2.5213031294e+00   -1.3656129647e+01    3.2000000000e+01    1.9667870001e-03    6.6406250000e-01
        79   -7.4930710461e+00    5.6283277821e+01   -1.1660331994e+01    4.1672609480e+00    3.2796251217e+00   -1.4939957116e+01    3.2000000000e+01    1.9649490005e-03    6.5429687500e-01
        80   -7.4271884337e+00    5.5459047295e+01   -1.1353861919e+01    3.9266734851e+00    2.4412230313e+00   -1.3795084950e+01    3.2000000000e+01    2.0159590003e-03    6.9531250000e-01
        81   -7.6769224708e+00    5.9107438916e+01   -1.7182484333e+01    9.5055618622e+00    2.4453948851e+00   -1.9627879218e+01    3.2000000000e+01    1.9506740000e-03    6.4257812500e-01
        82   -7.4104857796e+00    5.5010262905e+01   -1.5464533032e+01    8.0540472526e+00    2.6461736144e+00   -1.8110706647e+01    3.2000000000e+01    1.9530279997e-03    6.3671875000e-01
        83   -7.3869515340e+00    5.4637187732e+01   -1.3088394302e+01    5.7014427684e+00    2.7625282338e+00   -1.5850922536e+01    3.2000000000e+01    1.9626430003e-03    6.5625000000e-01
        84   -7.3240835192e+00    5.3769499038e+01   -1.4771273551e+01    7.4471900315e+00    2.9124112682e+00   -1.7683684819e+01    3.2000000000e+01    1.9505639993e-03    6.3671875000e-01
        85   -7.4358140134e+00    5.5503985765e+01   -1.3666907196e+01    6.2310931831e+00    2.5528146150e+00   -1.6219721811e+01    3.2000000000e+01    1.9607659997e-03    6.5820312500e-01
        86   -7.4582788412e+00    5.5843360760e+01   -1.5314243607e+01    7.8559647663e+00    2.6486517343e+00   -1.7962895342e+01    3.2000000000e+01    1.9134910008e-03    6.0351562500e-01
        87   -7.3717335823e+00    5.4506550516e+01   -1.3445239134e+01    6.0735055518e+00    2.0870991538e+00   -1.5532338288e+01    3.2000000000e+01    1.9679150000e-03    6.5234375000e-01
        88   -7.5876937392e+00    5.7831179881e+01   -1.8252542640e+01    1.0664848901e+01    2.4927488221e+00   -2.0745291463e+01    3.2000000000e+01    1.9588360001e-03    6.5625000000e-01
        89   -7.6363205350e+00    5.8679017789e+01   -1.6107871564e+01    8.4715510290e+00    2.5450135183e+00   -1.8652885082e+01    3.2000000000e+01    1.9857289999e-03    6.2109375000e-01
        90   -7.5624585939e+00    5.7430166189e+01   -1.7830675877e+01    1.0268217283e+01    2.1882429323e+00   -2.0018918809e+01    3.2000000000e+01    1.9806760001e-03    6.6406250000e-01
        91   -7.4398882915e+00    5.5650886098e+01   -1.3011070927e+01    5.5711826355e+00    2.6649096543e+00   -1.5675980581e+01    3.2000000000e+01    1.9698970000e-03    6.7382812500e-01
        92   -7.8620536721e+00    6.2063380953e+01   -2.7686365210e+01    1.9824311538e+01    2.3676994371e+00   -3.0054064647e+01    3.2000000000e+01    1.9575750002e-03    6.5234375000e-01
        93   -7.3759011652e+00    5.4516394417e+01   -9.3222805620e+00    1.9463793968e+00    2.5115119826e+00   -1.1833792545e+01    3.2000000000e+01    1.9787940000e-03    6.7773437500e-01
        94   -7.1891788540e+00    5.1939600306e+01   -8.9303154156e+00    1.7411365616e+00    2.1464495747e+00   -1.1076764990e+01    3.2000000000e+01    2.0158830002e-03    7.1875000000e-01
        95   -7.3742251323e+00    5.4560753230e+01   -1.8608442802e+01    1.1234217670e+01    3.1731552814e+00   -2.1781598084e+01    3.2000000000e+01    1.9416450004e-03    6.2304687500e-01
        96   -7.2120146480e+00    5.2137244528e+01   -9.8800097007e+00    2.6679950526e+00    2.6880095945e+00   -1.2568019295e+01    3.2000000000e+01    1.9696050003e-03    6.6601562500e-01
        97   -7.5426734646e+00    5.7041533203e+01   -1.5533065774e+01    7.9903923092e+00    2.7898023563e+00   -1.8322868130e+01    3.2000000000e+01    1.9611549997e-03    5.9765625000e-01
        98   -7.3462167900e+00    5.4112880223e+01   -1.5094328687e+01    7.7481118970e+00    2.8837503552e+00   -1.7978079042e+01    3.2000000000e+01    1.9506979997e-03    6.5625000000e-01
        99   -7.5193728203e+00    5.6804074586e+01   -1.3785820725e+01    6.2664479048e+00    2.5946340928e+00   -1.6380454818e+01    3.2000000000e+01    1.9432490008e-03    6.3867187500e-01
       100   -7.3959305923e+00    5.4808590394e+01   -1.0549027510e+01    3.1530969178e+00    2.2524272600e+00   -1.2801454770e+01    3.2000000000e+01    1.9685019997e-03    6.6601562500e-01
       101   -7.4045295347e+00    5.4914792229e+01   -1.1410200355e+01    4.0056708208e+00    2.5335230840e+00   -1.3943723439e+01    3.2000000000e+01    1.9821470005e-03    6.8750000000e-01
       102   -7.2691636893e+00    5.2917542013e+01   -1.0617765445e+01    3.3486017560e+00    2.3595514459e+00   -1.2977316891e+01    3.2000000000e+01    1.9976109998e-03    6.6992187500e-01
       103   -7.3537750197e+00    5.4246579965e+01   -1.1985431567e+01    4.6316565476e+00    2.7464396929e+00   -1.4731871260e+01    3.2000000000e+01    1.9680599999e-03    6.6210937500e-01
       104   -7.4078075313e+00    5.5149837390e+01   -1.4172770260e+01    6.7649627283e+00    2.1960209651e+00   -1.6368791225e+01    3.2000000000e+01    1.9480159999e-03    6.4648437500e-01
       105   -7.9260386556e+00    6.3250637231e+01   -1.9807292896e+01    1.1881254241e+01    2.8854430968e+00   -2.2692735993e+01    3.2000000000e+01    1.9391209999e-03    6.2109375000e-01
       106   -7.3944646068e+00    5.4823678967e+01   -1.5655463795e+01    8.2609991881e+00    2.2920015950e+00   -1.7947465390e+01    3.2000000000e+01    2.0000459999e-03    6.5429687500e-01
       107   -8.2218422346e+00    6.7967126481e+01   -2.1084404581e+01    1.2862562346e+01    2.7567017121e+00   -2.3841106293e+01    3.2000000000e+01    1.9375310003e-03    6.1328125000e-01
       108   -7.4845482834e+00    5.6335483614e+01   -1.9749867203e+01    1.2265318920e+01    2.8982601586e+00   -2.2648127362e+01    3.2000000000e+01    1.9653910003e-03    6.6601562500e-01
       109   -7.2770399462e+00    5.3049608474e+01   -1.1513101598e+01    4.2360616521e+00    2.1012181190e+00   -1.3614319717e+01    3.2000000000e+01    1.9579669997e-03    6.5429687500e-01
       110   -7.0418716981e+00    4.9741822654e+01   -1.1395238311e+01    4.3533666129e+00    2.2673747972e+00   -1.3662613108e+01    3.2000000000e+01    2.0008390002e-03    7.0507812500e-01
       111   -7.2242208056e+00    5.2347187913e+01   -1.3679392795e+01    6.4551719890e+00    2.6242511876e+00   -1.6303643982e+01    3.2000000000e+01    2.0609710000e-03    6.2500000000e-01
       112   -7.3069027622e+00    5.3516128080e+01   -1.1211829945e+01    3.9049271831e+00    2.5888780971e+00   -1.3800708042e+01    3.2000000000e+01    1.9495369997e-03    6.3867187500e-01
       113   -7.8487920882e+00    6.1995257335e+01   -1.7280627217e+01    9.4318351284e+00    2.8582697632e+00   -2.0138896980e+01    3.2000000000e+01    1.9414389999e-03    6.3671875000e-01
       114   -7.3433550473e+00    5.4049003630e+01   -1.1184852986e+01    3.8414979387e+00    2.7858110010e+00   -1.3970663987e+01    3.2000000000e+01    1.9926440009e-03    6.2500000000e-01
       115   -7.2616076474e+00    5.3014631200e+01   -1.2424215661e+01    5.1626080138e+00    2.5051394907e+00   -1.4929355152e+01    3.2000000000e+01    1.9866419998e-03    6.8359375000e-01
       116   -7.4856153331e+00    5.6131516182e+01   -1.0710308888e+01    3.2246935549e+00    2.0343137501e+00   -1.2744622638e+01    3.2000000000e+01    1.9361949999e-03    6.5820312500e-01
       117   -7.4072707263e+00    5.5121458443e+01   -1.3079987740e+01    5.6727170134e+00    2.6104836924e+00   -1.5690471432e+01    3.2000000000e+01    1.9816109998e-03    6.6992187500e-01
       118   -7.3915209134e+00    5.4938788259e+01   -1.3648922230e+01    6.2574013171e+00    2.7139148945e+00   -1.6362837125e+01    3.2000000000e+01    1.9127520000e-03    6.0156250000e-01
       119   -7.2562882210e+00    5.2784854145e+01   -1.5428697736e+01    8.1724095151e+00    2.5677926989e+00   -1.7996490435e+01    3.2000000000e+01    2.0886789998e-03    6.6796875000e-01
       120   -7.2786772705e+00    5.3187736620e+01   -1.1543292795e+01    4.2646155249e+00    2.5109109293e+00   -1.4054203725e+01    3.2000000000e+01    2.0027460005e-03    6.9921875000e-01
       121   -7.2649547632e+00    5.2850930836e+01   -1.0069958164e+01    2.8050034009e+00    1.9664947002e+00   -1.2036452864e+01    3.2000000000e+01    1.9513019997e-03    6.7773437500e-01
       122   -7.6698898570e+00    5.9064817815e+01   -1.8481741163e+01    1.0811851306e+01    2.4012193756e+00   -2.0882960539e+01    3.2000000000e+01    1.9689279998e-03    6.3867187500e-01
       123   -7.4769897166e+00    5.6094051317e+01   -1.3749514987e+01    6.2725252704e+00    2.4955785148e+00   -1.6245093502e+01    3.2000000000e+01    1.9503140002e-03    6.7187500000e-01
       124   -7.4065966443e+00    5.4997135169e+01   -1.1482789249e+01    4.0761926046e+00    2.5076279152e+00   -1.3990417164e+01    3.2000000000e+01    1.9528960001e-03    6.4257812500e-01
       125   -7.3783840860e+00    5.4720779514e+01   -1.2412228544e+01    5.0338444583e+00    2.6509752099e+00   -1.5063203754e+01    3.2000000000e+01    1.9772469996e-03    6.6601562500e-01
       126   -7.4177473874e+00    5.5188505916e+01   -1.2909666368e+01    5.4919189806e+00    2.6003350510e+00   -1.5510001419e+01    3.2000000000e+01    1.9466050007e-03    6.4257812500e-01
       127   -7.3332786643e+00    5.3897204001e+01   -1.0461307480e+01    3.1280288155e+00    1.6428088007e+00   -1.2104116280e+01    3.2000000000e+01    2.0882930003e-03    7.0507812500e-01
       128   -7.6157563695e+00    5.8185161454e+01   -1.5951522490e+01    8.3357661205e+00    4.4809527767e+00   -2.0432475267e+01    3.2000000000e+01    1.8692909998e-03    5.7421875000e-01
       129   -7.5746736737e+00    5.7504653549e+01   -1.2721310676e+01    5.1466370027e+00    2.0559828014e+00   -1.4777293478e+01    3.2000000000e+01    1.9752759999e-03    6.6406250000e-01
       130   -7.4128501783e+00    5.5127039668e+01   -1.2016940622e+01    4.6040904441e+00    2.7986829095e+00   -1.4815623532e+01    3.2000000000e+01    1.9381220000e-03    6.4648437500e-01
       131   -7.4322564208e+00    5.5622203884e+01   -1.1759714290e+01    4.3274578694e+00    1.8376038323e+00   -1.3597318122e+01    3.2000000000e+01    2.4325370005e-03    6.7773437500e-01
       132   -7.5401072591e+00    5.7049058901e+01   -1.8805005279e+01    1.1264898020e+01    2.5350019072e+00   -2.1340007187e+01    3.2000000000e+01    1.9472360000e-03    6.2695312500e-01
       133   -7.5359395858e+00    5.6937034557e+01   -1.4016789696e+01    6.4808501107e+00    2.6290222818e+00   -1.6645811978e+01    3.2000000000e+01    1.9336020005e-03    6.3476562500e-01
       134   -7.2317509470e+00    5.2373614537e+01   -1.1695134926e+01    4.4633839786e+00    2.5889553881e+00   -1.4284090314e+01    3.2000000000e+01    1.9407320005e-03    6.2500000000e-01
       135   -7.3948913888e+00    5.4756212735e+01   -1.1563937907e+01    4.1690465177e+00    2.3650921711e+00   -1.3929030078e+01    3.2000000000e+01    2.0646079993e-03    6.6601562500e-01
       136   -7.4218461138e+00    5.5163559280e+01   -1.0120014242e+01    2.6981681286e+00    2.0889271605e+00   -1.2208941403e+01    3.2000000000e+01    2.0910769999e-03    6.8554687500e-01
       137   -7.2656315875e+00    5.2856972592e+01   -9.5911052008e+00    2.3254736133e+00    2.1084506894e+00   -1.1699555890e+01    3.2000000000e+01    1.9699700006e-03    6.8554687500e-01
       138   -7.3190166999e+00    5.3739635605e+01   -3.2573561958e+01    2.5254545258e+01    3.3622071200e+00   -3.5935769078e+01    3.2000000000e+01    1.9156330000e-03    6.0546875000e-01
       139   -7.4298039991e+00    5.5436938608e+01   -2.2354316576e+01    1.4924512577e+01    2.0747899918e+00   -2.4429106568e+01    3.2000000000e+01    2.3842300006e-03    6.6015625000e-01
       140   -7.3072180701e+00    5.3628569995e+01   -1.3402572396e+01    6.0953543264e+00    2.3076472201e+00   -1.5710219617e+01    3.2000000000e+01    1.9289160000e-03    6.5039062500e-01
       141   -7.4123077588e+00    5.5225784127e+01   -1.3290868563e+01    5.8785608039e+00    2.1292611132e+00   -1.5420129676e+01    3.2000000000e+01    1.9340730005e-03    6.3281250000e-01
       142   -7.5333217080e+00    5.7314877051e+01   -1.5755265324e+01    8.2219436158e+00    2.5209615754e+00   -1.8276226899e+01    3.2000000000e+01    2.0806729999e-03    6.2695312500e-01
       143   -7.5214441155e+00    5.6988464576e+01   -1.7630925233e+01    1.0109481118e+01    2.9319547316e+00   -2.0562879965e+01    3.2000000000e+01    2.2559050003e-03    6.4648437500e-01
       144   -7.5113336573e+00    5.6697350952e+01   -1.4535360141e+01    7.0240264838e+00    2.7853349171e+00   -1.7320695058e+01    3.2000000000e+01    2.0945999995e-03    6.2304687500e-01
       145   -7.6319138519e+00    5.8724117130e+01   -1.2007512466e+01    4.3755986143e+00    2.7092103996e+00   -1.4716722866e+01    3.2000000000e+01    1.9979180006e-03    6.8359375000e-01
       146   -7.2682529506e+00    5.2934686112e+01   -1.1267283493e+01    3.9990305427e+00    2.3675674193e+00   -1.3634850913e+01    3.2000000000e+01    2.3680020004e-03    6.3671875000e-01
       147   -7.4206114875e+00    5.5272759610e+01   -1.2478776920e+01    5.0581654322e+00    2.6719955090e+00   -1.5150772429e+01    3.2000000000e+01    2.0131940000e-03    6.6406250000e-01
       148   -7.2509728497e+00    5.2673567474e+01   -1.0529856667e+01    3.2788838175e+00    2.2723672141e+00   -1.2802223881e+01    3.2000000000e+01    1.9520030000e-03    6.3476562500e-01
       149   -7.2805363454e+00    5.3158850529e+01   -1.0358427364e+01    3.0778910186e+00    2.5041852116e+00   -1.2862612576e+01    3.2000000000e+01    1.9807459994e-03    6.7578125000e-01
       150   -7.8320471297e+00    6.1673720884e+01   -1.5313328049e+01    7.4812809189e+00    2.0675503373e+00   -1.7380878386e+01    3.2000000000e+01    2.3623939996e-03    6.4843750000e-01
       151   -7.2837758172e+00    5.3261974481e+01   -1.2841315877e+01    5.5575400598e+00    2.4457049730e+00   -1.5287020850e+01    3.2000000000e+01    2.0826919999e-03    6.3867187500e-01
       152   -7.2905221944e+00    5.3238422276e+01   -1.1256886634e+01    3.9663644399e+00    2.4846328499e+00   -1.3741519484e+01    3.2000000000e+01    1.9620699995e-03    6.5234375000e-01
       153   -7.3354820524e+00    5.3904598744e+01   -1.1509634127e+01    4.1741520742e+00    2.6508056254e+00   -1.4160439752e+01    3.2000000000e+01    1.9666130001e-03    6.4648437500e-01
       154   -7.3290021181e+00    5.3822039592e+01   -1.2026768489e+01    4.6977663704e+00    2.1488018708e+00   -1.4175570359e+01    3.2000000000e+01    2.3378260003e-03    6.4062500000e-01
       155   -7.1248102148e+00    5.0842758092e+01   -1.3961193897e+01    6.8363836826e+00    2.4003760061e+00   -1.6361569903e+01    3.2000000000e+01    1.9124490000e-03    6.1132812500e-01
       156   -7.3790314994e+00    5.4537868683e+01   -1.2149369621e+01    4.7703381218e+00    2.9629663918e+00   -1.5112336013e+01    3.2000000000e+01    1.9512050003e-03    6.4257812500e-01
       157   -7.8039368220e+00    6.1302348903e+01   -1.3376781043e+01    5.5728442207e+00    2.9248566462e+00   -1.6301637689e+01    3.2000000000e+01    1.9586680000e-03    6.6015625000e-01
       158   -7.9881495690e+00    6.4278653835e+01   -1.7006674823e+01    9.0185252542e+00    2.5893979659e+00   -1.9596072789e+01    3.2000000000e+01    1.9673380002e-03    6.3476562500e-01
       159   -8.0366024485e+00    6.5356352136e+01   -1.6517777597e+01    8.4811751485e+00    3.6293752492e+00   -2.0147152846e+01    3.2000000000e+01    1.9374060003e-03    6.1914062500e-01
       160   -7.4158355333e+00    5.5379682781e+01   -1.4509445579e+01    7.0936100457e+00    3.3249078094e+00   -1.7834353388e+01    3.2000000000e+01    2.0677070006e-03    6.2304687500e-01
       161   -7.6827341747e+00    5.9410368950e+01   -1.5327328499e+01    7.6445943243e+00    2.4978152257e+00   -1.7825143725e+01    3.2000000000e+01    1.9314679994e-03    6.3085937500e-01
       162   -7.4726400146e+00    5.6011814985e+01   -1.4609426174e+01    7.1367861595e+00    2.6321860000e+00   -1.7241612174e+01    3.2000000000e+01    1.9812439996e-03    6.5625000000e-01
       163   -7.7452475382e+00    6.0343548883e+01   -1.8716884648e+01    1.0971637110e+01    2.4676107240e+00   -2.1184495372e+01    3.2000000000e+01    2.0171070000e-03    6.5625000000e-01
       164   -7.2878663177e+00    5.3191060632e+01   -1.5658945046e+01    8.3710787280e+00    2.3309322841e+00   -1.7989877330e+01    3.2000000000e+01    1.9497670000e-03    6.4843750000e-01
       165   -7.3025453504e+00    5.3420418718e+01   -1.0426239126e+01    3.1236937756e+00    2.4838882200e+00   -1.2910127346e+01    3.2000000000e+01    1.9763729997e-03    6.7382812500e-01
       166   -7.2927094422e+00    5.3456321320e+01   -1.8471751062e+01    1.1179041620e+01    2.5480861778e+00   -2.1019837240e+01    3.2000000000e+01    2.0101760001e-03    6.2695312500e-01
       167   -7.3315935079e+00    5.4035813019e+01   -1.2011777628e+01    4.6801841203e+00    2.8880580294e+00   -1.4899835658e+01    3.2000000000e+01    1.9383480003e-03    6.4257812500e-01
       168   -7.6223759016e+00    5.8502555907e+01   -2.0376189826e+01    1.2753813925e+01    2.4419815525e+00   -2.2818171379e+01    3.2000000000e+01    2.0769820003e-03    6.4062500000e-01
       169   -7.5427914330e+00    5.7435607928e+01   -1.1770128142e+01    4.2273367087e+00    2.1373886896e+00   -1.3907516831e+01    3.2000000000e+01    1.9852460000e-03    6.9140625000e-01
       170   -7.3440991096e+00    5.4106239342e+01   -1.0749835358e+01    3.4057362479e+00    2.4327297783e+00   -1.3182565136e+01    3.2000000000e+01    2.0451040000e-03    6.7578125000e-01
       171   -7.5056098066e+00    5.6709140817e+01   -1.2015566263e+01    4.5099564564e+00    2.3952938321e+00   -1.4410860095e+01    3.2000000000e+01    2.0232929992e-03    6.6796875000e-01
       172   -8.0642806404e+00    6.5907960441e+01   -1.7139967038e+01    9.0756863978e+00    5.5141979879e+00   -2.2654165026e+01    3.2000000000e+01    1.9709059998e-03    6.2304687500e-01
       173   -7.8547632282e+00    6.1988880107e+01   -2.4844045627e+01    1.6989282399e+01    4.0061475529e+00   -2.8850193180e+01    3.2000000000e+01    1.8715710003e-03    5.5078125000e-01
       174   -7.5421654181e+00    5.7185561549e+01   -1.7029673164e+01    9.4875077457e+00    2.7202711798e+00   -1.9749944344e+01    3.2000000000e+01    1.9712859994e-03    6.2109375000e-01
       175   -7.6164905461e+00    5.8304506963e+01   -1.6329675130e+01    8.7131845843e+00    2.6475572019e+00   -1.8977232332e+01    3.2000000000e+01    1.9599529996e-03    6.5234375000e-01
       176   -7.5911322207e+00    5.7706915996e+01   -1.3192347080e+01    5.6012148591e+00    2.1700671000e+00   -1.5362414180e+01    3.2000000000e+01    2.1142349997e-03    6.4648437500e-01
       177   -7.1754040610e+00    5.1617943854e+01   -1.2953353776e+01    5.7779497148e+00    2.4921532735e+00   -1.5445507049e+01    3.2000000000e+01    1.9442060002e-03    6.4062500000e-01
       178   -8.0031936934e+00    6.4601751343e+01   -1.9355697820e+01    1.1352504127e+01    2.8747064229e+00   -2.2230404243e+01    3.2000000000e+01    1.9919469996e-03    6.0937500000e-01
       179   -7.9582347753e+00    6.3580863406e+01   -1.8889525980e+01    1.0931291205e+01    2.1845667751e+00   -2.1074092755e+01    3.2000000000e+01    2.0146960005e-03    6.2695312500e-01
       180   -7.3025672834e+00    5.3610384982e+01   -1.6128059868e+01    8.8254925842e+00    2.4590803415e+00   -1.8587140209e+01    3.2000000000e+01    1.9434040005e-03    6.4257812500e-01
       181   -7.3483551300e+00    5.4084207986e+01   -1.1794068722e+01    4.4457135916e+00    2.4796608992e+00   -1.4273729621e+01    3.2000000000e+01    1.9631380001e-03    6.5234375000e-01
       182   -7.6199588147e+00    5.8307908410e+01   -2.8689855627e+01    2.1069896813e+01    3.8512356983e+00   -3.2541091326e+01    3.2000000000e+01    1.8770859997e-03    5.6640625000e-01
       183   -7.5078268135e+00    5.6542817425e+01   -1.0867427426e+01    3.3596006128e+00    2.2889892728e+00   -1.3156416699e+01    3.2000000000e+01    1.9666189992e-03    6.9140625000e-01
       184   -7.6063391509e+00    5.8077142573e+01   -2.2327070926e+01    1.4720731775e+01    2.8056695114e+00   -2.5132740437e+01    3.2000000000e+01    1.9610669997e-03    6.0546875000e-01
       185   -7.3742504822e+00    5.4549428377e+01   -1.4115460104e+01    6.7412096223e+00    2.8382096028e+00   -1.6953669707e+01    3.2000000000e+01    2.0390609998e-03    6.5429687500e-01
       186   -7.6173737410e+00    5.8527628925e+01   -1.4022550212e+01    6.4051764709e+00    2.5898325949e+00   -1.6612382807e+01    3.2000000000e+01    1.9666779999e-03    6.6796875000e-01
       187   -7.4112715172e+00    5.5294382725e+01   -2.1334268127e+01    1.3922996609e+01    3.1386147066e+00   -2.4472882833e+01    3.2000000000e+01    1.9372110000e-03    6.2890625000e-01
       188   -7.6460268355e+00    5.8659216501e+01   -2.6644505186e+01    1.8998478351e+01    3.0601456926e+00   -2.9704650879e+01    3.2000000000e+01    1.9718690000e-03    5.9570312500e-01
       189   -7.2406784833e+00    5.2534820070e+01   -1.1529890176e+01    4.2892116931e+00    2.5437038503e+00   -1.4073594027e+01    3.2000000000e+01    1.9562030002e-03    6.4843750000e-01
       190   -7.5908480391e+00    5.7791320564e+01   -1.3885251945e+01    6.2944039063e+00    2.8277972849e+00   -1.6713049230e+01    3.2000000000e+01    1.9560259998e-03    6.4648437500e-01
       191   -7.4989720651e+00    5.6373553774e+01   -1.2197455696e+01    4.6984836313e+00    2.6063713195e+00   -1.4803827016e+01    3.2000000000e+01    1.9691069992e-03    6.6796875000e-01
       192   -7.3451909815e+00    5.4080495675e+01   -1.5799163957e+01    8.4539729756e+00    3.0405371884e+00   -1.8839701145e+01    3.2000000000e+01    1.9466879994e-03    6.4062500000e-01
       193   -7.3972793892e+00    5.4894054397e+01   -1.7702076510e+01    1.0304797121e+01    2.4499650071e+00   -2.0152041517e+01    3.2000000000e+01    2.0514789994e-03    6.3085937500e-01
       194   -7.4861094106e+00    5.6492019984e+01   -1.2273213339e+01    4.7871039279e+00    2.2589641504e+00   -1.4532177489e+01    3.2000000000e+01    1.9395800000e-03    6.4453125000e-01
       195   -7.2143572215e+00    5.2214034514e+01   -1.4285509069e+01    7.0711518470e+00    2.3706195733e+00   -1.6656128642e+01    3.2000000000e+01    1.9440020005e-03    6.3671875000e-01
       196   -7.4447558774e+00    5.5668673344e+01   -1.1931481835e+01    4.4867259580e+00    2.5560124329e+00   -1.4487494268e+01    3.2000000000e+01    2.0498360000e-03    6.8359375000e-01
       197   -7.4113355869e+00    5.5293845660e+01   -1.1323649882e+01    3.9123142946e+00    2.0931228918e+00   -1.3416772773e+01    3.2000000000e+01    1.9797450004e-03    6.8359375000e-01
       198   -7.5023387122e+00    5.6574895374e+01   -1.1866523954e+01    4.3641852415e+00    2.5601446969e+00   -1.4426668651e+01    3.2000000000e+01    1.9579210002e-03    6.4062500000e-01
       199   -7.6400981839e+00    5.8612371068e+01   -1.2517699703e+01    4.8776015190e+00    2.3273779899e+00   -1.4845077693e+01    3.2000000000e+01    1.9870860006e-03    6.8164062500e-01
       200   -7.3450312170e+00    5.4094924660e+01   -1.6008280475e+01    8.6632492581e+00    2.9223153506e+00   -1.8930595826e+01    3.2000000000e+01    1.9401230002e-03    6.3085937500e-01
       201   -7.3345530045e+00    5.3994267100e+01   -1.5606939567e+01    8.2723865628e+00    2.6963707433e+00   -1.8303310311e+01    3.2000000000e+01    2.0902500000e-03    6.5234375000e-01
       202   -7.4836101014e+00    5.6174054652e+01   -1.7939570442e+01    1.0455960340e+01    2.7659568353e+00   -2.0705527277e+01    3.2000000000e+01    1.9574770004e-03    6.6015625000e-01
       203   -7.4445444619e+00    5.5503164445e+01   -1.4811404939e+01    7.3668604776e+00    3.0673423591e+00   -1.7878747299e+01    3.2000000000e+01    1.9195720006e-03    5.9960937500e-01
       204   -7.3171872796e+00    5.3652467486e+01   -1.0214042162e+01    2.8968548828e+00    2.0220794420e+00   -1.2236121605e+01    3.2000000000e+01    2.0138460004e-03    6.5625000000e-01
       205   -7.2299826886e+00    5.2404703162e+01   -1.1868847432e+01    4.6388647434e+00    1.8806547712e+00   -1.3749502203e+01    3.2000000000e+01    1.9026239997e-03    6.5234375000e-01
       206   -7.4654378898e+00    5.5910868790e+01   -2.4927549472e+01    1.7462111582e+01    4.0060719566e+00   -2.8933621429e+01    3.2000000000e+01    1.8910490007e-03    6.0156250000e-01
       207   -7.9579679572e+00    6.3572222411e+01   -2.1374320212e+01    1.3416352255e+01    3.1312471655e+00   -2.4505567377e+01    3.2000000000e+01    1.9017400000e-03    5.8789062500e-01
       208   -7.4549878027e+00    5.6117157926e+01   -1.6510641147e+01    9.0556533445e+00    2.7074776215e+00   -1.9218118769e+01    3.2000000000e+01    1.9702460004e-03    6.6210937500e-01
       209   -7.2511568493e+00    5.2655716475e+01   -1.2002533654e+01    4.7513768043e+00    2.6912255304e+00   -1.4693759184e+01    3.2000000000e+01    1.9492920001e-03    6.3476562500e-01
       210   -7.4426464760e+00    5.5654187023e+01   -1.4682682183e+01    7.2400357072e+00    2.3864645104e+00   -1.7069146694e+01    3.2000000000e+01    2.1030420003e-03    6.7773437500e-01
       211   -7.4879540601e+00    5.6286661023e+01   -1.6064871914e+01    8.5769178543e+00    2.9808222113e+00   -1.9045694126e+01    3.2000000000e+01    1.9453390005e-03    6.2500000000e-01
       212   -7.2908142862e+00    5.3382984004e+01   -1.2852184510e+01    5.5613702241e+00    2.8708383730e+00   -1.5723022883e+01    3.2000000000e+01    1.9546320000e-03    6.5429687500e-01
       213   -7.6247448911e+00    5.8697047016e+01   -1.5754949955e+01    8.1302050639e+00    2.8568440818e+00   -1.8611794037e+01    3.2000000000e+01    2.0150150003e-03    6.4453125000e-01
       214   -7.2419263043e+00    5.2556278544e+01   -1.4936135500e+01    7.6942091961e+00    2.1641498380e+00   -1.7100285338e+01    3.2000000000e+01    1.9711280002e-03    6.5820312500e-01
       215   -7.3806777402e+00    5.4614009169e+01   -9.9089110131e+00    2.5282332729e+00    2.3652357486e+00   -1.2274146762e+01    3.2000000000e+01    1.9945730000e-03    7.0117187500e-01
       216   -7.6182392355e+00    5.8182330537e+01   -2.2328657355e+01    1.4710418120e+01    2.8104961339e+00   -2.5139153489e+01    3.2000000000e+01    1.8909090004e-03    5.9375000000e-01
       217   -7.3326979038e+00    5.3892937600e+01   -1.6991845422e+01    9.6591475181e+00    2.9272474868e+00   -1.9919092909e+01    3.2000000000e+01    1.8668479997e-03    5.9765625000e-01
       218   -7.7396176988e+00    6.0153580738e+01   -2.2693946143e+01    1.4954328444e+01    2.8016431308e+00   -2.5495589274e+01    3.2000000000e+01    2.0448960004e-03    5.9960937500e-01
       219   -7.6208158546e+00    5.8267306814e+01   -3.7499376096e+01    2.9878560242e+01    3.3371250978e+00   -4.0836501194e+01    3.2000000000e+01    1.9136120000e-03    6.1132812500e-01
       220   -7.3053812109e+00    5.3463866376e+01   -1.2210895044e+01    4.9055138329e+00    2.4020985490e+00   -1.4612993593e+01    3.2000000000e+01    1.9419910004e-03    6.3867187500e-01
       221   -7.6360445910e+00    5.8646661019e+01   -1.2086436943e+01    4.4503923523e+00    2.2058521445e+00   -1.4292289088e+01    3.2000000000e+01    2.0800319999e-03    6.8945312500e-01
       222   -7.4513000766e+00    5.5734081077e+01   -1.4013981875e+01    6.5626817984e+00    2.5719203958e+00   -1.6585902271e+01    3.2000000000e+01    1.9215319999e-03    6.3671875000e-01
       223   -7.5220263619e+00    5.6922600559e+01   -1.3815840477e+01    6.2938141155e+00    3.0100238207e+00   -1.6825864298e+01    3.2000000000e+01    1.9176830001e-03    6.0937500000e-01
       224   -7.3214506459e+00    5.3763241910e+01   -1.1811337988e+01    4.4898873422e+00    2.8078223694e+00   -1.4619160357e+01    3.2000000000e+01    1.9710809993e-03    6.5625000000e-01
       225   -7.4806564979e+00    5.6126000953e+01   -9.0023450983e+00    1.5216886003e+00    2.9901270700e+00   -1.1992472168e+01    3.2000000000e+01    1.9867289993e-03    6.8750000000e-01
       226   -7.3607541684e+00    5.4248901553e+01   -1.2738947433e+01    5.3781932647e+00    2.6051483763e+00   -1.5344095809e+01    3.2000000000e+01    2.0686130001e-03    6.2695312500e-01
       227   -7.5498125036e+00    5.7306220182e+01   -1.7458186082e+01    9.9083735784e+00    2.8986936048e+00   -2.0356879687e+01    3.2000000000e+01    1.9071560000e-03    6.0351562500e-01
       228   -7.8447934847e+00    6.2148842801e+01   -1.8107366735e+01    1.0262573251e+01    2.9564223999e+00   -2.1063789135e+01    3.2000000000e+01    1.9435349996e-03    6.3476562500e-01
       229   -7.4574679444e+00    5.5949484747e+01   -1.1910030202e+01    4.4525622575e+00    2.2108929780e+00   -1.4120923180e+01    3.2000000000e+01    1.9657200000e-03    6.6406250000e-01
       230   -7.2134465326e+00    5.2281829977e+01   -1.1636970408e+01    4.4235238749e+00    2.3165598797e+00   -1.3953530287e+01    3.2000000000e+01    2.0356269997e-03    6.8359375000e-01
       231   -7.4160518002e+00    5.5229460643e+01   -1.7207477088e+01    9.7914252874e+00    2.2325023528e+00   -1.9439979440e+01    3.2000000000e+01    1.9495760007e-03    6.5625000000e-01
       232   -7.3495100120e+00    5.4298532084e+01   -1.5500143929e+01    8.1506339166e+00    2.4476194025e+00   -1.7947763331e+01    3.2000000000e+01    1.8918269998e-03    6.4062500000e-01
       233   -7.2360949887e+00    5.2491097966e+01   -1.0370129178e+01    3.1340341891e+00    2.7084498060e+00   -1.3078578984e+01    3.2000000000e+01    1.9581760007e-03    6.5429687500e-01
       234   -7.9186223619e+00    6.3408539701e+01   -1.7383397039e+01    9.4647746769e+00    2.8759123852e+00   -2.0259309424e+01    3.2000000000e+01    1.9728020006e-03    6.6601562500e-01
       235   -7.6906057174e+00    5.9566261048e+01   -2.1514366762e+01    1.3823761045e+01    2.9257722218e+00   -2.4440138984e+01    3.2000000000e+01    2.0528690002e-03    6.3476562500e-01
       236   -7.2917789291e+00    5.3289202391e+01   -8.9699132551e+00    1.6781343260e+00    2.2778078841e+00   -1.1247721139e+01    3.2000000000e+01    1.9972230002e-03    6.9921875000e-01
       237   -7.2568255977e+00    5.2807569328e+01   -1.3110531599e+01    5.8537060013e+00    2.7182744648e+00   -1.5828806064e+01    3.2000000000e+01    1.8968720005e-03    6.1718750000e-01
       238   -7.3238477298e+00    5.3834817689e+01   -1.1842445925e+01    4.5185981952e+00    2.3984778160e+00   -1.4240923741e+01    3.2000000000e+01    2.0333749999e-03    6.6992187500e-01
       239   -7.2947002647e+00    5.3397475930e+01   -1.5467731260e+01    8.1730309954e+00    2.9515981756e+00   -1.8419329436e+01    3.2000000000e+01    1.9396160005e-03    6.3281250000e-01
       240   -7.7661941477e+00    6.0817605331e+01   -2.5585991067e+01    1.7819796919e+01    3.6907654876e+00   -2.9276756555e+01    3.2000000000e+01    1.9139249998e-03    6.0351562500e-01
       241   -7.5458666999e+00    5.7073558555e+01   -1.3900891137e+01    6.3550244372e+00    2.6791927583e+00   -1.6580083895e+01    3.2000000000e+01    1.9509120002e-03    6.4062500000e-01
       242   -7.4977109149e+00    5.6454800759e+01   -1.7726535189e+01    1.0228824274e+01    2.9729528966e+00   -2.0699488086e+01    3.2000000000e+01    1.9360439992e-03    6.3476562500e-01
       243   -7.3079087484e+00    5.3480425675e+01   -1.1453470775e+01    4.1455620270e+00    2.1370207881e+00   -1.3590491564e+01    3.2000000000e+01    2.0760769994e-03    6.6015625000e-01
       244   -7.2619993569e+00    5.2924892364e+01   -1.2089502041e+01    4.8275026842e+00    2.5697458179e+00   -1.4659247859e+01    3.2000000000e+01    1.9785679997e-03    6.7382812500e-01
       245   -7.3848019631e+00    5.4783023205e+01   -1.5816138344e+01    8.4313363809e+00    2.9167259302e+00   -1.8732864274e+01    3.2000000000e+01    1.9675650001e-03    6.6992187500e-01
       246   -7.5976809753e+00    5.8148585248e+01   -1.5922522365e+01    8.3248413899e+00    2.5621666396e+00   -1.8484689005e+01    3.2000000000e+01    1.9942239996e-03    6.2695312500e-01
       247   -8.0521525031e+00    6.5274234720e+01   -1.6597893266e+01    8.5457407625e+00    2.8139712749e+00   -1.9411864540e+01    3.2000000000e+01    1.9166550001e-03    6.2500000000e-01
       248   -7.5511443948e+00    5.7166519832e+01   -1.6407612747e+01    8.8564683526e+00    3.1187583908e+00   -1.9526371138e+01    3.2000000000e+01    1.8697980004e-03    5.8398437500e-01
       249   -7.5789915671e+00    5.7650616449e+01   -2.7355479052e+01    1.9776487485e+01    3.9208051021e+00   -3.1276284154e+01    3.2000000000e+01    1.9222120000e-03    6.3085937500e-01
       250   -7.4497107420e+00    5.5810573243e+01   -1.8013896676e+01    1.0564185934e+01    2.7979274784e+00   -2.0811824155e+01    3.2000000000e+01    1.9178010007e-03    6.0156250000e-01
       251   -7.5699904861e+00    5.7495400810e+01   -2.2440792398e+01    1.4870801912e+01    3.1949074394e+00   -2.5635699837e+01    3.2000000000e+01    1.9153559997e-03    5.9765625000e-01
       252   -7.4244054433e+00    5.5277875765e+01   -1.3617315934e+01    6.1929104903e+00    3.0748621627e+00   -1.6692178096e+01    3.2000000000e+01    2.0849990005e-03    6.6210937500e-01
       253   -7.4555541851e+00    5.5679543707e+01   -9.5215180393e+00    2.0659638542e+00    2.0103246714e+00   -1.1531842711e+01    3.2000000000e+01    1.9464369998e-03    6.7382812500e-01
       254   -7.6422164916e+00    5.8735606204e+01   -1.6302128500e+01    8.6599120087e+00    2.1112272489e+00   -1.8413355749e+01    3.2000000000e+01    2.0040119998e-03    6.6992187500e-01
       255   -7.5769060331e+00    5.7690493584e+01   -2.9039443705e+01    2.1462537672e+01    3.1610188639e+00   -3.2200462569e+01    3.2000000000e+01    1.9396729995e-03    6.1718750000e-01
       256   -7.4027992300e+00    5.4971572480e+01   -1.6593134189e+01    9.1903349585e+00    2.9265216806e+00   -1.9519655869e+01    3.2000000000e+01    1.9505800001e-03    6.3867187500e-01
       257   -8.0349298570e+00    6.5168759493e+01   -1.5510936098e+01    7.4760062413e+00    2.6071086215e+00   -1.8118044720e+01    3.2000000000e+01    1.9484830000e-03    6.3671875000e-01
       258   -7.4965825975e+00    5.6467041909e+01   -1.0981988471e+01    3.4854058736e+00    2.0208234585e+00   -1.3002811930e+01    3.2000000000e+01    1.9962520000e-03    6.7968750000e-01
       259   -7.2206022462e+00    5.2218722367e+01   -8.1349082172e+00    9.1430597094e-01    2.4979088426e+00   -1.0632817060e+01    3.2000000000e+01    1.9950730002e-03    7.1093750000e-01
       260   -7.4498964937e+00    5.5984067665e+01   -1.4497862792e+01    7.0479662985e+00    2.7202986726e+00   -1.7218161465e+01    3.2000000000e+01    2.0558780006e-03    6.1132812500e-01
       261   -7.4340589943e+00    5.5641101539e+01   -1.1769844575e+01    4.3357855809e+00    2.6337415609e+00   -1.4403586136e+01    3.2000000000e+01    1.9812460005e-03    6.8164062500e-01
       262   -7.3231252641e+00    5.3765892997e+01   -1.0672319580e+01    3.3491943154e+00    4.5650743980e+00   -1.5237393978e+01    3.2000000000e+01    1.9318340001e-03    6.2304687500e-01
       263   -7.7075741688e+00    5.9925688506e+01   -2.0233992166e+01    1.2526417998e+01    3.1403593871e+00   -2.3374351554e+01    3.2000000000e+01    1.9812889996e-03    6.0742187500e-01
       264   -7.3828121079e+00    5.4592666848e+01   -9.9195516394e+00    2.5367395315e+00    2.2595714036e+00   -1.2179123043e+01    3.2000000000e+01    1.9602230004e-03    6.5625000000e-01
       265   -7.3690426255e+00    5.4537393753e+01   -1.1622432050e+01    4.2533894245e+00    2.6772503781e+00   -1.4299682428e+01    3.2000000000e+01    1.9700530002e-03    6.6796875000e-01
       266   -7.7109663391e+00    6.0062240670e+01   -1.3534385716e+01    5.8234193769e+00    2.2416761777e+00   -1.5776061894e+01    3.2000000000e+01    1.9580380003e-03    6.4453125000e-01
       267   -7.8027451270e+00    6.1394904728e+01   -1.2871153584e+01    5.0684084565e+00    1.9997103657e+00   -1.4870863949e+01    3.2000000000e+01    1.9372620000e-03    6.6015625000e-01
       268   -7.3020326651e+00    5.3475182412e+01   -1.2956893047e+01    5.6548603815e+00    2.6185837050e+00   -1.5575476752e+01    3.2000000000e+01    2.0753279996e-03    6.4257812500e-01
       269   -7.4151706628e+00    5.5243267748e+01   -1.6114737942e+01    8.6995672795e+00    2.8061041374e+00   -1.8920842080e+01    3.2000000000e+01    1.9080410002e-03    5.9960937500e-01
       270   -7.3158035461e+00    5.3632344578e+01   -1.2804302270e+01    5.4884987242e+00    2.5668634686e+00   -1.5371165739e+01    3.2000000000e+01    1.9495159995e-03    6.3671875000e-01
       271   -7.3956789985e+00    5.4903477750e+01   -1.7392466719e+01    9.9967877206e+00    2.1182795753e+00   -1.9510746294e+01    3.2000000000e+01    1.9589599997e-03    6.4257812500e-01
       272   -7.3308024872e+00    5.3868042898e+01   -1.1140107925e+01    3.8093054382e+00    2.4324753767e+00   -1.3572583302e+01    3.2000000000e+01    2.0373220004e-03    6.8359375000e-01
       273   -7.3112973094e+00    5.3534563720e+01   -9.8703735479e+00    2.5590762385e+00    2.4723763492e+00   -1.2342749897e+01    3.2000000000e+01    1.9825810004e-03    6.7578125000e-01
       274   -7.7069785323e+00    5.9789090683e+01   -2.0790295132e+01    1.3083316600e+01    2.5710478349e+00   -2.3361342967e+01    3.2000000000e+01    1.9552920003e-03    6.5429687500e-01
       275   -7.5899147388e+00    5.7830785742e+01   -1.3130014381e+01    5.5400996427e+00    2.6586468083e+00   -1.5788661190e+01    3.2000000000e+01    2.0867180001e-03    6.5625000000e-01
       276   -7.5683079636e+00    5.7479847074e+01   -1.1190536224e+01    3.6222282604e+00    2.6001146607e+00   -1.3790650885e+01    3.2000000000e+01    2.0407789998e-03    6.7382812500e-01
       277   -7.5821394049e+00    5.7703389652e+01   -1.2152810143e+01    4.5706707377e+00    2.8194199486e+00   -1.4972230091e+01    3.2000000000e+01    1.9965570000e-03    6.5429687500e-01
       278   -7.7600923152e+00    6.0484362569e+01   -1.3918987112e+01    6.1588947968e+00    2.6849516570e+00   -1.6603938769e+01    3.2000000000e+01    1.9593990000e-03    6.4257812500e-01
       279   -7.3409597254e+00    5.4179671706e+01   -1.4158130947e+01    6.8171712213e+00    2.7067936604e+00   -1.6864924607e+01    3.2000000000e+01    1.9532520000e-03    6.1914062500e-01
       280   -7.5899706741e+00    5.7904466275e+01   -1.3821385945e+01    6.2314152710e+00    3.1138708018e+00   -1.6935256747e+01    3.2000000000e+01    1.9437129995e-03    6.2695312500e-01
       281   -7.4626065727e+00    5.5929245263e+01   -1.1370435564e+01    3.9078289910e+00    2.3133429244e+00   -1.3683778488e+01    3.2000000000e+01    1.9709949993e-03    6.5429687500e-01
       282   -7.1685619980e+00    5.1492979978e+01   -1.3498390170e+01    6.3298281719e+00    3.1236768618e+00   -1.6622067032e+01    3.2000000000e+01    1.9329380002e-03    6.1328125000e-01
       283   -7.5581855917e+00    5.7354521388e+01   -1.1758913958e+01    4.2007283658e+00    2.7166452879e+00   -1.4475559245e+01    3.2000000000e+01    1.9631590003e-03    6.4453125000e-01
       284   -8.0232870779e+00    6.4984592567e+01   -1.6642054110e+01    8.6187670318e+00    2.6404557114e+00   -1.9282509821e+01    3.2000000000e+01    1.9418960001e-03    6.3085937500e-01
       285   -7.4737812086e+00    5.6059992833e+01   -1.1029462426e+01    3.5556812173e+00    2.5930792816e+00   -1.3622541707e+01    3.2000000000e+01    2.0753030003e-03    6.4453125000e-01
       286   -7.3110445062e+00    5.3553605397e+01   -2.1593680094e+01    1.4282635588e+01    2.9586186009e+00   -2.4552298695e+01    3.2000000000e+01    1.9573060008e-03    6.5039062500e-01
       287   -7.3351681481e+00    5.3906987699e+01   -2.6717599679e+01    1.9382431531e+01    2.3535837963e+00   -2.9071183475e+01    3.2000000000e+01    1.9483209999e-03    6.5625000000e-01
       288   -7.2973860094e+00    5.3366190253e+01   -1.4194866428e+01    6.8974804182e+00    2.1565844895e+00   -1.6351450917e+01    3.2000000000e+01    2.0057889997e-03    6.6601562500e-01
       289   -7.2474709227e+00    5.2605458938e+01   -9.9215429496e+00    2.6740720269e+00    2.6278180058e+00   -1.2549360955e+01    3.2000000000e+01    1.9591909995e-03    6.5429687500e-01
       290   -7.3440211496e+00    5.3977290704e+01   -8.5569282645e+00    1.2129071149e+00    2.4753965303e+00   -1.1032324795e+01    3.2000000000e+01    1.9901730002e-03    6.7968750000e-01
       291   -7.3814050877e+00    5.4758200494e+01   -1.1447158102e+01    4.0657530147e+00    2.5846472294e+00   -1.4031805332e+01    3.2000000000e+01    1.9778939995e-03    6.7382812500e-01
       292   -7.8692558914e+00    6.2500717235e+01   -1.4001339467e+01    6.1320835755e+00    2.5226173531e+00   -1.6523956820e+01    3.2000000000e+01    1.9492660003e-03    6.4062500000e-01
       293   -7.5102005575e+00    5.6551132439e+01   -1.3534504548e+01    6.0243039910e+00    2.6662645897e+00   -1.6200769138e+01    3.2000000000e+01    2.0601429997e-03    6.2695312500e-01
       294   -7.3737908624e+00    5.4653912268e+01   -1.4142618419e+01    6.7688275569e+00    2.6335224346e+00   -1.6776140854e+01    3.2000000000e+01    1.9140869999e-03    6.1328125000e-01
       295   -7.4325786820e+00    5.5430090517e+01   -2.5443813487e+01    1.8011234805e+01    2.6717299626e+00   -2.8115543450e+01    3.2000000000e+01    1.9575900005e-03    6.5234375000e-01
       296   -7.5733071880e+00    5.7525152483e+01   -1.3659944416e+01    6.0866372278e+00    2.3062154973e+00   -1.5966159913e+01    3.2000000000e+01    2.0004320004e-03    6.6796875000e-01
       297   -7.4459313313e+00    5.5560630725e+01   -1.2576312546e+01    5.1303812143e+00    2.3488435510e+00   -1.4925156097e+01    3.2000000000e+01    1.9223640002e-03    6.4648437500e-01
       298   -7.2445399165e+00    5.2628397641e+01   -1.0623545651e+01    3.3790057348e+00    2.0995666473e+00   -1.2723112299e+01    3.2000000000e+01    1.9720000000e-03    6.6210937500e-01
       299   -7.4069980876e+00    5.5043848324e+01   -1.4872207857e+01    7.4652097692e+00    2.3535581349e+00   -1.7225765992e+01    3.2000000000e+01    1.9328810004e-03    6.5429687500e-01
       300   -7.3317361113e+00    5.3893765388e+01   -1.1649970849e+01    4.3182347373e+00    2.0982177384e+00   -1.3748188587e+01    3.2000000000e+01    1.9897440006e-03    6.9531250000e-01
       301   -7.4017506186e+00    5.5050867154e+01   -1.3494229117e+01    6.0924784984e+00    2.4298749347e+00   -1.5924104052e+01    3.2000000000e+01    1.9613909999e-03    6.6015625000e-01
       302   -7.3644433324e+00    5.4414499735e+01   -1.6957550211e+01    9.5931068782e+00    2.4876873943e+00   -1.9445237605e+01    3.2000000000e+01    2.0743830000e-03    6.7382812500e-01
       303   -7.6670149814e+00    5.8975591733e+01   -1.5424005949e+01    7.7569909677e+00    2.5517451777e+00   -1.7975751127e+01    3.2000000000e+01    1.9403910001e-03    6.4648437500e-01
       304   -7.2918789644e+00    5.3271283904e+01   -1.0796462519e+01    3.5045835541e+00    2.4715263844e+00   -1.3267988903e+01    3.2000000000e+01    1.9291350000e-03    6.4257812500e-01
       305   -7.3318207670e+00    5.3908738306e+01   -9.5649443859e+00    2.2331236189e+00    2.2799550041e+00   -1.1844899390e+01    3.2000000000e+01    2.0258830000e-03    7.0312500000e-01
       306   -7.4743413314e+00    5.6042954612e+01   -1.1141862650e+01    3.6675213185e+00    2.4061620401e+00   -1.3548024690e+01    3.2000000000e+01    1.9758030003e-03    6.7187500000e-01
       307   -7.3885588544e+00    5.4734308115e+01   -1.2194475894e+01    4.8059170400e+00    2.8864703801e+00   -1.5080946275e+01    3.2000000000e+01    1.9327880000e-03    6.2695312500e-01
       308   -7.1490964950e+00    5.1237255730e+01   -9.0836170406e+00    1.9345205456e+00    2.5443876762e+00   -1.1628004717e+01    3.2000000000e+01    1.9769979999e-03    6.6992187500e-01
       309   -7.3097564873e+00    5.3587509835e+01   -9.5452578383e+00    2.2355013510e+00    2.4640859177e+00   -1.2009343756e+01    3.2000000000e+01    1.9967159997e-03    7.0507812500e-01
       310   -7.4148220686e+00    5.5097056203e+01   -1.3588326463e+01    6.1735043939e+00    2.5762526565e+00   -1.6164579119e+01    3.2000000000e+01    2.0994019997e-03    6.7382812500e-01
       311   -7.2986478725e+00    5.3387919709e+01   -1.3133967337e+01    5.8353194644e+00    3.5037814476e+00   -1.6637748784e+01    3.2000000000e+01    1.9380239992e-03    6.2304687500e-01
       312   -7.6755291925e+00    5.9503556498e+01   -2.1863077369e+01    1.4187548176e+01    2.6244479537e+00   -2.4487525322e+01    3.2000000000e+01    1.9472360000e-03    6.4648437500e-01
       313   -8.0176383845e+00    6.4680017303e+01   -6.0083782883e+01    5.2066144498e+01    3.4744313462e+00   -6.3558214229e+01    3.2000000000e+01    1.9408210001e-03    5.9375000000e-01
       314   -7.3297891410e+00    5.3829629473e+01   -1.0528946664e+01    3.1991575229e+00    2.3894343598e+00   -1.2918381024e+01    3.2000000000e+01    1.9535930005e-03    6.5625000000e-01
       315   -7.4435382580e+00    5.5670727161e+01   -1.8915259210e+01    1.1471720952e+01    3.6868604483e+00   -2.2602119658e+01    3.2000000000e+01    1.9298670004e-03    6.0742187500e-01
       316   -7.4528240150e+00    5.5726111158e+01   -1.2656490139e+01    5.2036661241e+00    2.6737774017e+00   -1.5330267541e+01    3.2000000000e+01    1.9352400004e-03    6.1132812500e-01
       317   -7.4190952605e+00    5.5176493632e+01   -9.5312351834e+00    2.1121399229e+00    2.8351278072e+00   -1.2366362991e+01    3.2000000000e+01    1.9719050006e-03    6.6406250000e-01
       318   -7.2974424656e+00    5.3319455244e+01   -1.1084030718e+01    3.7865882525e+00    2.4481166107e+00   -1.3532147329e+01    3.2000000000e+01    2.0564679999e-03    6.2304687500e-01
       319   -7.4999033794e+00    5.6349196333e+01   -1.1541836926e+01    4.0419335470e+00    2.5038292055e+00   -1.4045666132e+01    3.2000000000e+01    1.9711679997e-03    6.7382812500e-01
       320   -7.4485289107e+00    5.5561024621e+01   -1.1366411059e+01    3.9178821481e+00    2.5951293173e+00   -1.3961540376e+01    3.2000000000e+01    1.9521109998e-03    6.4062500000e-01
       321   -7.5008637104e+00    5.6354979315e+01   -2.7873247687e+01    2.0372383977e+01    4.0422086916e+00   -3.1915456379e+01    3.2000000000e+01    1.9473050006e-03    5.9375000000e-01
       322   -7.2585084184e+00    5.2889406552e+01   -1.0981362421e+01    3.7228540024e+00    2.5479843977e+00   -1.3529346819e+01    3.2000000000e+01    1.9610190002e-03    6.6796875000e-01
       323   -7.6067900668e+00    5.8035375603e+01   -1.9085893277e+01    1.1479103210e+01    2.8855775744e+00   -2.1971470851e+01    3.2000000000e+01    1.9411530002e-03    6.1328125000e-01
       324   -7.4533586475e+00    5.5731087860e+01   -1.7835214186e+01    1.0381855539e+01    2.6556783228e+00   -2.0490892509e+01    3.2000000000e+01    1.9348039996e-03    6.2890625000e-01
       325   -7.3381571260e+00    5.4040463762e+01   -1.1430375533e+01    4.0922184075e+00    2.3068744974e+00   -1.3737250031e+01    3.2000000000e+01    1.9614839994e-03    6.6015625000e-01
       326   -7.5434625361e+00    5.6964094561e+01   -1.4832172779e+01    7.2887102424e+00    2.2050323491e+00   -1.7037205128e+01    3.2000000000e+01    1.9392189997e-03    6.4843750000e-01
       327   -7.8006749387e+00    6.1572842627e+01   -1.7899736311e+01    1.0099061373e+01    2.2064645799e+00   -2.0106200891e+01    3.2000000000e+01    2.3084749992e-03    6.3281250000e-01
       328   -7.1330078344e+00    5.0972353111e+01   -9.5719034972e+00    2.4388956629e+00    2.1532275115e+00   -1.1725131009e+01    3.2000000000e+01    3.4170560002e-03    6.6015625000e-01
       329   -7.5435504958e+00    5.7282899042e+01   -1.3620882841e+01    6.0773323455e+00    2.4549543156e+00   -1.6075837157e+01    3.2000000000e+01    2.0020659995e-03    6.5625000000e-01
       330   -7.4163097581e+00    5.5164827285e+01   -1.2107763255e+01    4.6914534968e+00    2.5103643869e+00   -1.4618127642e+01    3.2000000000e+01    1.9395899999e-03    6.4648437500e-01
       331   -7.4670444790e+00    5.5928751109e+01   -1.2630066483e+01    5.1630220044e+00    2.5312516988e+00   -1.5161318182e+01    3.2000000000e+01    1.9589009999e-03    6.6015625000e-01
       332   -7.4138649871e+00    5.5061884402e+01   -1.1681880100e+01    4.2680151125e+00    2.6155540081e+00   -1.4297434108e+01    3.2000000000e+01    2.0429679998e-03    6.4453125000e-01
       333   -7.2848914349e+00    5.3188041953e+01   -1.3420820818e+01    6.1359293827e+00    2.1018396674e+00   -1.5522660485e+01    3.2000000000e+01    1.8963010007e-03    6.4648437500e-01
       334   -7.2608980000e+00    5.2861018696e+01   -1.4430056565e+01    7.1691585646e+00    2.5950020739e+00   -1.7025058639e+01    3.2000000000e+01    1.9490559998e-03    6.3476562500e-01
       335   -7.6022880042e+00    5.8287404836e+01   -1.5517480019e+01    7.9151920145e+00    2.6924008809e+00   -1.8209880900e+01    3.2000000000e+01    1.9362800003e-03    6.2695312500e-01
       336   -8.2060206861e+00    6.7942804720e+01   -1.8256355150e+01    1.0050334463e+01    2.6711230823e+00   -2.0927478232e+01    3.2000000000e+01    1.9327509999e-03    6.1132812500e-01
       337   -7.3887862340e+00    5.4728098727e+01   -9.8153655600e+00    2.4265793260e+00    2.5204426373e+00   -1.2335808197e+01    3.2000000000e+01    2.0385759999e-03    7.0312500000e-01
       338   -7.3156230263e+00    5.3701032102e+01   -1.2890577451e+01    5.5749544243e+00    2.9031768026e+00   -1.5793754253e+01    3.2000000000e+01    1.9205790004e-03    6.0937500000e-01
       339   -7.7538205679e+00    6.0386363611e+01   -1.7484890038e+01    9.7310694705e+00    3.0716440367e+00   -2.0556534075e+01    3.2000000000e+01    2.0283560007e-03    6.3671875000e-01
       340   -7.4670377453e+00    5.6076071800e+01   -1.3379192372e+01    5.9121546269e+00    2.8125564269e+00   -1.6191748799e+01    3.2000000000e+01    1.9507309999e-03    6.4453125000e-01
       341   -7.8265446443e+00    6.1929887366e+01   -1.7535462598e+01    9.7089179539e+00    2.4220108508e+00   -1.9957473449e+01    3.2000000000e+01    1.9710430006e-03    6.6601562500e-01
       342   -7.4119209120e+00    5.5154991605e+01   -1.8377417767e+01    1.0965496855e+01    3.4152915726e+00   -2.1792709340e+01    3.2000000000e+01    1.9266890004e-03    6.2890625000e-01
       343   -7.3048543874e+00    5.3419306052e+01   -1.1131552926e+01    3.8266985387e+00    2.4120912719e+00   -1.3543644198e+01    3.2000000000e+01    1.9748389996e-03    6.8359375000e-01
       344   -7.3712869413e+00    5.4430243066e+01   -1.2407244713e+01    5.0359577722e+00    2.5094908522e+00   -1.4916735566e+01    3.2000000000e+01    1.9400069996e-03    6.1328125000e-01
       345   -7.2178221508e+00    5.2186135024e+01   -9.0489535007e+00    1.8311313499e+00    1.8438088709e+00   -1.0892762372e+01    3.2000000000e+01    1.9947390001e-03    7.0507812500e-01
       346   -8.0083973181e+00    6.4719935359e+01   -2.0519704533e+01    1.2511307215e+01    2.7211159311e+00   -2.3240820464e+01    3.2000000000e+01    1.9570899995e-03    6.1328125000e-01
       347   -7.4928577088e+00    5.6588268351e+01   -1.1457829567e+01    3.9649718581e+00    2.2806281551e+00   -1.3738457722e+01    3.2000000000e+01    2.0016890003e-03    6.9921875000e-01
       348   -7.5897252815e+00    5.7812020581e+01   -1.4921402879e+01    7.3316775973e+00    2.8372435950e+00   -1.7758646474e+01    3.2000000000e+01    1.9364579994e-03    6.2695312500e-01
       349   -7.2794269768e+00    5.3165111332e+01   -1.2055358596e+01    4.7759316193e+00    2.7896902376e+00   -1.4845048834e+01    3.2000000000e+01    1.9407810005e-03    6.2695312500e-01
       350   -7.3765244939e+00    5.4549787979e+01   -1.6445790285e+01    9.0692657912e+00    2.8798160909e+00   -1.9325606376e+01    3.2000000000e+01    1.9207500000e-03    6.1328125000e-01
       351   -7.4634162776e+00    5.5809050077e+01   -1.0236538663e+01    2.7731223852e+00    2.3927851641e+00   -1.2629323827e+01    3.2000000000e+01    1.9908600007e-03    6.8945312500e-01
       352   -7.3761883577e+00    5.4621079928e+01   -1.3648040517e+01    6.2718521589e+00    2.5322870102e+00   -1.6180327527e+01    3.2000000000e+01    1.9595659996e-03    6.5429687500e-01
       353   -7.4850317299e+00    5.6108772249e+01   -1.2541701302e+01    5.0566695722e+00    2.6450581342e+00   -1.5186759436e+01    3.2000000000e+01    1.9308279998e-03    6.2890625000e-01
       354   -7.4889420879e+00    5.6240577092e+01   -1.3550397092e+01    6.0614550043e+00    2.3424561489e+00   -1.5892853241e+01    3.2000000000e+01    1.9673240004e-03    6.4257812500e-01
       355   -7.4757752162e+00    5.6063307997e+01   -1.1761909052e+01    4.2861338354e+00    2.9807043610e+00   -1.4742613413e+01    3.2000000000e+01    1.9550529996e-03    6.4648437500e-01
       356   -7.4285150618e+00    5.5401889031e+01   -1.0977494038e+01    3.5489789758e+00    1.9256216468e+00   -1.2903115684e+01    3.2000000000e+01    1.9746240005e-03    6.7578125000e-01
       357   -7.2334206491e+00    5.2415379717e+01   -1.1232033684e+01    3.9986130352e+00    2.5038321711e+00   -1.3735865855e+01    3.2000000000e+01    1.9826940006e-03    6.7968750000e-01
       358   -7.1365820360e+00    5.1045553277e+01   -1.0602473125e+01    3.4658910886e+00    1.7700247224e+00   -1.2372497847e+01    3.2000000000e+01    1.9310349999e-03    6.5234375000e-01
       359   -7.5749857306e+00    5.7545864038e+01   -2.3169312918e+01    1.5594327187e+01    2.6379653392e+00   -2.5807278257e+01    3.2000000000e+01    1.8581180002e-03    5.8593750000e-01
       360   -7.3288197654e+00    5.3822299376e+01   -1.6431630808e+01    9.1028110426e+00    2.5204506796e+00   -1.8952081488e+01    3.2000000000e+01    1.9437569999e-03    6.4453125000e-01
       361   -7.4344200397e+00    5.5545989957e+01   -1.3624371225e+01    6.1899511853e+00    2.6238243138e+00   -1.6248195539e+01    3.2000000000e+01    1.9361900004e-03    6.4453125000e-01
       362   -7.2644649080e+00    5.2873202543e+01   -1.1968148282e+01    4.7036833738e+00    2.3661771794e+00   -1.4334325461e+01    3.2000000000e+01    1.9221599996e-03    6.1914062500e-01
       363   -7.2825374659e+00    5.3174291425e+01   -1.6969504192e+01    9.6869667259e+00    3.2117843761e+00   -2.0181288568e+01    3.2000000000e+01    1.9748539999e-03    6.4453125000e-01
       364   -7.0418963065e+00    4.9673090404e+01   -1.6163253431e+01    9.1213571248e+00    3.3451754725e+00   -1.9508428904e+01    3.2000000000e+01    1.9174689996e-03    5.9765625000e-01
       365   -7.4613308202e+00    5.5878660697e+01   -1.7139621615e+01    9.6782907953e+00    2.6939722733e+00   -1.9833593889e+01    3.2000000000e+01    1.9199580001e-03    6.4062500000e-01
       366   -7.2406059906e+00    5.2608699747e+01   -1.7171883041e+01    9.9312770505e+00    2.5243476828e+00   -1.9696230724e+01    3.2000000000e+01    1.9049090006e-03    6.1132812500e-01
       367   -7.2915321189e+00    5.3320843606e+01   -1.3691887090e+01    6.4003549708e+00    2.5812289308e+00   -1.6273116021e+01    3.2000000000e+01    1.8766249996e-03    6.2109375000e-01
       368   -7.4589847403e+00    5.5875251721e+01   -1.2298571041e+01    4.8395863006e+00    2.3517267206e+00   -1.4650297762e+01    3.2000000000e+01    1.9536310001e-03    6.6015625000e-01
       369   -7.6587663401e+00    5.8804068329e+01   -1.3056953955e+01    5.3981876152e+00    2.1819562142e+00   -1.5238910169e+01    3.2000000000e+01    1.9804160002e-03    6.9140625000e-01
       370   -7.8528639515e+00    6.2204079279e+01   -2.3030699409e+01    1.5177835457e+01    3.2735177864e+00   -2.6304217195e+01    3.2000000000e+01    1.9408160006e-03    6.4062500000e-01
       371   -7.7259309586e+00    6.0124417112e+01   -1.4521060306e+01    6.7951293470e+00    2.6745594688e+00   -1.7195619774e+01    3.2000000000e+01    1.9711420000e-03    6.2890625000e-01
       372   -8.0401494921e+00    6.5161507594e+01   -2.0937814093e+01    1.2897664601e+01    2.6809708879e+00   -2.3618784981e+01    3.2000000000e+01    1.9258490001e-03    6.1718750000e-01
       373   -7.9095735657e+00    6.3022010066e+01   -2.1857389035e+01    1.3947815469e+01    2.5819855817e+00   -2.4439374616e+01    3.2000000000e+01    1.9361909999e-03    6.2695312500e-01
       374   -7.1646930648e+00    5.1409321519e+01   -9.8527248402e+00    2.6880317754e+00    2.5880689462e+00   -1.2440793786e+01    3.2000000000e+01    1.9594360001e-03    6.6210937500e-01
       375   -7.5281116827e+00    5.6885851153e+01   -1.6212411358e+01    8.6842996749e+00    2.9194641173e+00   -1.9131875475e+01    3.2000000000e+01    1.9335770003e-03    6.3867187500e-01
       376   -7.5104018680e+00    5.6690926869e+01   -1.9577851396e+01    1.2067449528e+01    3.2728345618e+00   -2.2850685958e+01    3.2000000000e+01    1.9131200006e-03    5.9960937500e-01
       377   -7.4221535798e+00    5.5143450195e+01   -1.1756190272e+01    4.3340366926e+00    2.2013899193e+00   -1.3957580192e+01    3.2000000000e+01    1.9396669995e-03    6.5039062500e-01
       378   -7.3620441514e+00    5.4337377993e+01   -1.0885624718e+01    3.5235805670e+00    2.7151308066e+00   -1.3600755525e+01    3.2000000000e+01    1.9487480004e-03    6.3476562500e-01
       379   -7.8520471805e+00    6.2155354599e+01   -2.4912754506e+01    1.7060707325e+01    3.2492525090e+00   -2.8162007015e+01    3.2000000000e+01    1.9266820000e-03    6.2304687500e-01
       380   -7.4300762388e+00    5.5315095633e+01   -1.2395784207e+01    4.9657079679e+00    2.5002193074e+00   -1.4896003514e+01    3.2000000000e+01    1.9698369997e-03    6.6015625000e-01
       381   -7.2907814540e+00    5.3234599223e+01   -1.0987046018e+01    3.6962645644e+00    2.3143598467e+00   -1.3301405865e+01    3.2000000000e+01    1.9445759999e-03    6.4257812500e-01
       382   -7.4422555274e+00    5.5501801570e+01   -1.0733813714e+01    3.2915581869e+00    2.3511707669e+00   -1.3084984481e+01    3.2000000000e+01    1.9466119993e-03    6.7382812500e-01
       383   -7.5679150203e+00    5.7504270379e+01   -1.2424234321e+01    4.8563193010e+00    1.8379688919e+00   -1.4262203213e+01    3.2000000000e+01    1.9245580006e-03    6.6406250000e-01
       384   -7.2658115356e+00    5.2866559452e+01   -8.5308843665e+00    1.2650728308e+00    2.0172307763e+00   -1.0548115143e+01    3.2000000000e+01    1.9263229997e-03    6.7773437500e-01
       385   -7.4227310228e+00    5.5214120891e+01   -1.2092302866e+01    4.6695718430e+00    2.2822579335e+00   -1.4374560799e+01    3.2000000000e+01    1.9652190003e-03    6.5429687500e-01
       386   -7.3967830815e+00    5.4853703604e+01   -1.0636462221e+01    3.2396791393e+00    2.0575778138e+00   -1.2694040035e+01    3.2000000000e+01    1.9461900001e-03    6.4062500000e-01
       387   -7.6510463774e+00    5.8777529737e+01   -1.1696423239e+01    4.0453768612e+00    2.9998739957e+00   -1.4696297234e+01    3.2000000000e+01    1.9296920000e-03    6.2695312500e-01
       388   -7.6861294461e+00    5.9487906233e+01   -1.9265923581e+01    1.1579794135e+01    2.7762517045e+00   -2.2042175285e+01    3.2000000000e+01    1.9362670000e-03    5.9570312500e-01
       389   -7.5314965111e+00    5.6980022168e+01   -1.4889253006e+01    7.3577564949e+00    2.8598492197e+00   -1.7749102226e+01    3.2000000000e+01    1.9232499999e-03    6.1523437500e-01
       390   -7.8628659444e+00    6.2304428414e+01   -1.9402773860e+01    1.1539907915e+01    3.9817109514e+00   -2.3384484811e+01    3.2000000000e+01    1.9162410008e-03    5.9570312500e-01
       391   -7.4711901303e+00    5.6225184709e+01   -1.6802089232e+01    9.3308991015e+00    2.6697637933e+00   -1.9471853025e+01    3.2000000000e+01    1.9238420000e-03    6.1523437500e-01
       392   -7.6043483134e+00    5.8376916800e+01   -1.3162169879e+01    5.5578215661e+00    2.3639340555e+00   -1.5526103935e+01    3.2000000000e+01    1.9753759998e-03    6.7578125000e-01
       393   -7.4425395250e+00    5.5541797384e+01   -1.1411152266e+01    3.9686127411e+00    2.3144484327e+00   -1.3725600699e+01    3.2000000000e+01    1.9788170002e-03    6.7773437500e-01
       394   -7.5886544182e+00    5.7934999116e+01   -1.7838938147e+01    1.0250283729e+01    3.1050596650e+00   -2.0943997812e+01    3.2000000000e+01    1.9124419996e-03    6.1523437500e-01
       395   -7.6355997976e+00    5.8464624936e+01   -1.6461368550e+01    8.8257687524e+00    2.2027493863e+00   -1.8664117936e+01    3.2000000000e+01    1.9356069997e-03    6.5039062500e-01
       396   -7.5271761475e+00    5.6906355195e+01   -1.3863633015e+01    6.3364568673e+00    2.5533726512e+00   -1.6417005666e+01    3.2000000000e+01    1.9476589996e-03    6.4453125000e-01
       397   -7.2865012872e+00    5.3234850130e+01   -1.3570154213e+01    6.2836529260e+00    2.9557116177e+00   -1.6525865831e+01    3.2000000000e+01    1.9346629997e-03    6.2890625000e-01
       398   -7.5694573332e+00    5.7535105273e+01   -1.5016810849e+01    7.4473535159e+00    2.7543790460e+00   -1.7771189895e+01    3.2000000000e+01    1.9248180006e-03    6.2109375000e-01
       399   -7.4160424435e+00    5.5230554959e+01   -1.3998080573e+01    6.5820381300e+00    2.3284977632e+00   -1.6326578337e+01    3.2000000000e+01    1.9183360000e-03    6.2304687500e-01
       400   -7.4366983455e+00    5.5578983390e+01   -1.3332114595e+01    5.8954162494e+00    2.4572837156e+00   -1.5789398311e+01    3.2000000000e+01    1.9328110002e-03    6.5820312500e-01
       401   -7.1926740760e+00    5.1851161774e+01   -1.0110927161e+01    2.9182530853e+00    2.3517078496e+00   -1.2462635011e+01    3.2000000000e+01    1.9598879999e-03    6.6406250000e-01
       402   -7.6880904989e+00    5.9423114117e+01   -1.3716674421e+01    6.0285839221e+00    3.3980195276e+00   -1.7114693949e+01    3.2000000000e+01    1.9558630001e-03    6.4257812500e-01
       403   -7.7308549540e+00    6.0375663086e+01   -1.6979703224e+01    9.2488482696e+00    3.7980013150e+00   -2.0777704539e+01    3.2000000000e+01    1.9201989999e-03    5.8789062500e-01
       404   -7.5435842411e+00    5.7069634666e+01   -1.1982219391e+01    4.4386351495e+00    2.7459133642e+00   -1.4728132755e+01    3.2000000000e+01    1.9683129995e-03    6.6992187500e-01
       405   -7.5567543584e+00    5.7438944681e+01   -2.2964973890e+01    1.5408219532e+01    2.5002136163e+00   -2.5465187506e+01    3.2000000000e+01    1.9573250001e-03    6.2109375000e-01
       406   -7.6687436788e+00    5.9155955300e+01   -3.8022172775e+01    3.0353429096e+01    2.9462849976e+00   -4.0968457772e+01    3.2000000000e+01    1.8698460008e-03    5.7812500000e-01
       407   -7.3936041298e+00    5.4752351320e+01   -9.8432241868e+00    2.4496200569e+00    2.5609718179e+00   -1.2404196005e+01    3.2000000000e+01    1.9688600005e-03    6.6406250000e-01
       408   -7.3708999433e+00    5.4629341889e+01   -1.3364644670e+01    5.9937447268e+00    2.7257135010e+00   -1.6090358171e+01    3.2000000000e+01    1.9230460002e-03    6.1523437500e-01
       409   -7.3315833387e+00    5.3926345614e+01   -1.4487287523e+01    7.1557041847e+00    2.4433460759e+00   -1.6930633599e+01    3.2000000000e+01    1.9304569996e-03    6.4062500000e-01
       410   -7.2838408519e+00    5.3224867077e+01   -1.0925934212e+01    3.6420933601e+00    2.2974418322e+00   -1.3223376044e+01    3.2000000000e+01    1.9894279994e-03    6.8945312500e-01
       411   -7.4360962724e+00    5.5547099865e+01   -1.3321817142e+01    5.8857208697e+00    3.1258435955e+00   -1.6447660738e+01    3.2000000000e+01    1.9300929998e-03    6.0742187500e-01
       412   -7.4846140306e+00    5.6336182844e+01   -1.5752500679e+01    8.2678866483e+00    3.0549963101e+00   -1.8807496989e+01    3.2000000000e+01    1.9183200002e-03    6.0351562500e-01
       413   -7.4371776549e+00    5.5688228355e+01   -1.8377849545e+01    1.0940671890e+01    2.2788007784e+00   -2.0656650323e+01    3.2000000000e+01    1.9514850001e-03    6.2695312500e-01
       414   -7.2742576268e+00    5.2989646721e+01   -1.3843565041e+01    6.5693074142e+00    2.4343832994e+00   -1.6277948340e+01    3.2000000000e+01    1.9452829993e-03    6.4062500000e-01
       415   -7.3459901582e+00    5.4065853259e+01   -1.2668750188e+01    5.3227600295e+00    2.8420482845e+00   -1.5510798472e+01    3.2000000000e+01    1.9913060005e-03    6.7968750000e-01
       416   -7.8201733801e+00    6.1621559958e+01   -1.6863854366e+01    9.0436809863e+00    3.2703841130e+00   -2.0134238479e+01    3.2000000000e+01    1.9156970002e-03    6.0546875000e-01
       417   -7.4625892633e+00    5.6154857907e+01   -1.1882027635e+01    4.4194383715e+00    2.5387921084e+00   -1.4420819743e+01    3.2000000000e+01    1.9778490005e-03    6.6796875000e-01
       418   -7.9410046860e+00    6.3649768544e+01   -1.7711018843e+01    9.7700141573e+00    2.7637172346e+00   -2.0474736078e+01    3.2000000000e+01    1.9407849995e-03    6.4453125000e-01
       419   -7.6147804085e+00    5.8391840953e+01   -1.6947014344e+01    9.3322339351e+00    2.2554340616e+00   -1.9202448405e+01    3.2000000000e+01    1.9854689999e-03    6.5429687500e-01
       420   -7.6332960193e+00    5.8649288538e+01   -1.9682666233e+01    1.2049370213e+01    2.8692778318e+00   -2.2551944065e+01    3.2000000000e+01    1.9359770004e-03    6.1914062500e-01
       421   -7.3209022892e+00    5.3855527373e+01   -1.4154371568e+01    6.8334692784e+00    3.3156662638e+00   -1.7470037831e+01    3.2000000000e+01    1.9361130007e-03    6.2695312500e-01
       422   -7.2496274502e+00    5.2687762775e+01   -1.0582752955e+01    3.3331255043e+00    2.1828138496e+00   -1.2765566804e+01    3.2000000000e+01    2.0332600006e-03    6.9921875000e-01
       423   -7.5877839788e+00    5.7867266825e+01   -4.1120134606e+01    3.3532350627e+01    4.1735037396e+00   -4.5293638345e+01    3.2000000000e+01    1.9050760002e-03    5.7226562500e-01
       424   -7.3295799571e+00    5.3981870554e+01   -1.4939908825e+01    7.6103288683e+00    2.7632523722e+00   -1.7703161198e+01    3.2000000000e+01    1.9457749995e-03    6.2109375000e-01
       425   -7.4650586124e+00    5.5828341663e+01   -1.3650461223e+01    6.1854026102e+00    2.0952846459e+00   -1.5745745868e+01    3.2000000000e+01    1.9607909999e-03    6.7187500000e-01
       426   -7.8766713190e+00    6.2558400473e+01   -1.5137711595e+01    7.2610402764e+00    2.6920038228e+00   -1.7829715418e+01    3.2000000000e+01    1.9365429998e-03    6.2500000000e-01
       427   -7.2062731682e+00    5.2051671602e+01   -1.1267461502e+01    4.0611883336e+00    2.3874989279e+00   -1.3654960430e+01    3.2000000000e+01    1.9908049999e-03    6.6601562500e-01
       428   -7.3366677347e+00    5.4038696603e+01   -1.3333283992e+01    5.9966162576e+00    2.5085288950e+00   -1.5841812887e+01    3.2000000000e+01    1.8944920002e-03    5.9375000000e-01
       429   -7.4286181910e+00    5.5384757288e+01   -1.3739610126e+01    6.3109919354e+00    2.5346938379e+00   -1.6274303964e+01    3.2000000000e+01    1.9461120000e-03    6.3281250000e-01
       430   -7.1636176270e+00    5.1435342380e+01   -1.0097296374e+01    2.9336787471e+00    2.2558034377e+00   -1.2353099812e+01    3.2000000000e+01    1.9968320003e-03    6.9726562500e-01
       431   -7.7793637103e+00    6.1070561773e+01   -1.4026020485e+01    6.2466567744e+00    3.1256856187e+00   -1.7151706103e+01    3.2000000000e+01    2.0714370003e-03    6.4453125000e-01
       432   -7.7493077476e+00    6.0638228209e+01   -1.4594565287e+01    6.8452575398e+00    2.8986153207e+00   -1.7493180608e+01    3.2000000000e+01    1.9735800006e-03    6.5820312500e-01
       433   -7.8797194477e+00    6.2591629599e+01   -1.5021219918e+01    7.1415004704e+00    4.1268205808e+00   -1.9148040499e+01    3.2000000000e+01    1.9440039996e-03    6.3671875000e-01
       434   -7.5050420369e+00    5.6411050404e+01   -1.8670667683e+01    1.1165625646e+01    2.7040249298e+00   -2.1374692613e+01    3.2000000000e+01    1.9411909998e-03    6.2304687500e-01
       435   -7.3531515556e+00    5.4216915376e+01   -1.3665935519e+01    6.3127839634e+00    2.5569966136e+00   -1.6222932133e+01    3.2000000000e+01    2.0235819993e-03    6.3281250000e-01
       436   -7.2356178887e+00    5.2492509941e+01   -9.2380885611e+00    2.0024706725e+00    1.9218250999e+00   -1.1159913661e+01    3.2000000000e+01    1.9549360004e-03    6.8359375000e-01
       437   -7.4748647701e+00    5.6064056364e+01   -1.3502111444e+01    6.0272466743e+00    2.7132983938e+00   -1.6215409838e+01    3.2000000000e+01    1.9483670003e-03    6.4257812500e-01
       438   -7.5217848517e+00    5.6752227309e+01   -1.4808298167e+01    7.2865133153e+00    2.5749517153e+00   -1.7383249882e+01    3.2000000000e+01    1.9333870005e-03    6.2500000000e-01
       439   -7.5585532452e+00    5.7422739692e+01   -2.0713662625e+01    1.3155109380e+01    2.9440403903e+00   -2.3657703015e+01    3.2000000000e+01    1.9964150006e-03    6.0351562500e-01
       440   -7.5837461754e+00    5.7776721302e+01   -1.4864413789e+01    7.2806676132e+00    3.0532470419e+00   -1.7917660831e+01    3.2000000000e+01    1.9821219994e-03    6.3867187500e-01
       441   -7.6788443412e+00    5.9234607051e+01   -1.4618845277e+01    6.9400009356e+00    1.8972736483e+00   -1.6516118925e+01    3.2000000000e+01    1.8916390000e-03    6.2890625000e-01
       442   -7.4710664117e+00    5.5942195366e+01   -1.2957749736e+01    5.4866833247e+00    2.9272847458e+00   -1.5885034482e+01    3.2000000000e+01    1.9531509997e-03    6.3281250000e-01
       443   -7.3923685877e+00    5.4845107591e+01   -2.1757744123e+01    1.4365375536e+01    3.3095956189e+00   -2.5067339742e+01    3.2000000000e+01    1.9575300003e-03    6.4843750000e-01
       444   -7.3671392315e+00    5.4605128826e+01   -1.1926374163e+01    4.5592349317e+00    2.4621834407e+00   -1.4388557604e+01    3.2000000000e+01    1.9758549997e-03    6.7382812500e-01
       445   -7.2882674361e+00    5.3288330780e+01   -1.0299373111e+01    3.0111056750e+00    2.3869263263e+00   -1.2686299437e+01    3.2000000000e+01    1.9487800000e-03    6.8164062500e-01
       446   -7.4214959011e+00    5.5290095336e+01   -1.6663273994e+01    9.2417780928e+00    2.2681382516e+00   -1.8931412246e+01    3.2000000000e+01    1.8696130001e-03    6.1132812500e-01
       447   -7.5412546016e+00    5.7146173611e+01   -1.5493872144e+01    7.9526175421e+00    2.9678139853e+00   -1.8461686129e+01    3.2000000000e+01    2.0197809999e-03    6.2695312500e-01
       448   -7.5978389365e+00    5.8071337409e+01   -1.5588517377e+01    7.9906784409e+00    2.7422721704e+00   -1.8330789548e+01    3.2000000000e+01    1.9358449999e-03    6.2695312500e-01
       449   -7.3181351565e+00    5.3728462612e+01   -1.3118324855e+01    5.8001896984e+00    2.5934543745e+00   -1.5711779229e+01    3.2000000000e+01    1.9684239996e-03    6.6015625000e-01
       450   -7.6215313316e+00    5.8798028476e+01   -1.3412714307e+01    5.7911829753e+00    2.3499203258e+00   -1.5762634633e+01    3.2000000000e+01    1.9602129996e-03    6.5820312500e-01
       451   -7.5183763605e+00    5.7078779648e+01   -1.5258006713e+01    7.7396303526e+00    2.8594995766e+00   -1.8117506290e+01    3.2000000000e+01    1.9616740001e-03    6.4843750000e-01
       452   -7.2504838240e+00    5.2674365526e+01   -9.5371126500e+00    2.2866288260e+00    2.3186334196e+00   -1.1855746070e+01    3.2000000000e+01    1.9709759999e-03    6.6601562500e-01
       453   -7.4037963161e+00    5.4995147569e+01   -1.0934243680e+01    3.5304473641e+00    2.5123402719e+00   -1.3446583952e+01    3.2000000000e+01    1.9815690002e-03    6.7968750000e-01
       454   -7.3157614069e+00    5.3725640293e+01   -1.1911064468e+01    4.5953030614e+00    2.4663540238e+00   -1.4377418492e+01    3.2000000000e+01    1.9891379998e-03    6.8750000000e-01
       455   -7.4707022715e+00    5.6118378591e+01   -1.5133128646e+01    7.6624263742e+00    2.6291997593e+00   -1.7762328405e+01    3.2000000000e+01    2.0113410001e-03    6.4453125000e-01
       456   -7.9796553275e+00    6.4250535597e+01   -1.6866294484e+01    8.8866391569e+00    2.4995931978e+00   -1.9365887682e+01    3.2000000000e+01    1.9365649996e-03    6.2695312500e-01
       457   -7.6453883428e+00    5.8731716073e+01   -1.5734431649e+01    8.0890433062e+00    2.7120710215e+00   -1.8446502670e+01    3.2000000000e+01    1.9503879994e-03    6.2890625000e-01
       458   -7.4643849132e+00    5.5898206804e+01   -1.3746585666e+01    6.2822007526e+00    2.6180291339e+00   -1.6364614800e+01    3.2000000000e+01    1.9477169999e-03    6.3867187500e-01
       459   -7.6209464131e+00    5.8437295522e+01   -2.2370305251e+01    1.4749358838e+01    3.4502231891e+00   -2.5820528440e+01    3.2000000000e+01    1.9648520001e-03    6.3671875000e-01
       460   -7.4084661305e+00    5.5100895086e+01   -1.8425049597e+01    1.1016583467e+01    2.8793725512e+00   -2.1304422148e+01    3.2000000000e+01    1.9392019994e-03    6.3085937500e-01
       461   -7.4649013771e+00    5.5901090229e+01   -1.4697977847e+01    7.2330764702e+00    2.7600597135e+00   -1.7458037561e+01    3.2000000000e+01    1.9372379993e-03    6.2304687500e-01
       462   -7.5604473597e+00    5.7313451130e+01   -1.3836407348e+01    6.2759599880e+00    2.3371144975e+00   -1.6173521845e+01    3.2000000000e+01    1.9300250005e-03    6.3085937500e-01
       463   -7.5121210074e+00    5.7039958186e+01   -3.9119914970e+01    3.1607793962e+01    3.0963275798e+00   -4.2216242550e+01    3.2000000000e+01    1.9361320001e-03    6.3476562500e-01
       464   -7.5078078771e+00    5.6679995021e+01   -1.5278086666e+01    7.7702787888e+00    2.3436395843e+00   -1.7621726250e+01    3.2000000000e+01    2.0626559999e-03    7.0703125000e-01
       465   -7.4668589577e+00    5.5948245867e+01   -3.1193464447e+01    2.3726605489e+01    2.8322453756e+00   -3.4025709823e+01    3.2000000000e+01    1.9331160001e-03    6.3085937500e-01
       466   -7.4026400808e+00    5.4973094320e+01   -1.3429245979e+01    6.0266058979e+00    2.6055235155e+00   -1.6034769494e+01    3.2000000000e+01    1.9541319998e-03    6.5039062500e-01
       467   -7.2619878161e+00    5.2839177953e+01   -9.5603097448e+00    2.2983219287e+00    2.2461821485e+00   -1.1806491893e+01    3.2000000000e+01    1.9757820000e-03    6.6992187500e-01
       468   -7.7813942041e+00    6.0958224313e+01   -1.6413147531e+01    8.6317533274e+00    3.2261756063e+00   -1.9639323138e+01    3.2000000000e+01    1.9283000001e-03    6.2500000000e-01
       469   -7.7133976415e+00    5.9809019363e+01   -1.5985795238e+01    8.2723975966e+00    3.0001877425e+00   -1.8985982981e+01    3.2000000000e+01    1.9194050001e-03    6.0351562500e-01
       470   -7.3443197265e+00    5.4053353157e+01   -1.0853328618e+01    3.5090088914e+00    2.4837816427e+00   -1.3337110261e+01    3.2000000000e+01    1.9453069999e-03    6.4843750000e-01
       471   -7.5924065154e+00    5.7899437299e+01   -1.1751510992e+01    4.1591044762e+00    2.2079909399e+00   -1.3959501932e+01    3.2000000000e+01    1.9707900001e-03    6.6992187500e-01
       472   -7.4512000837e+00    5.5893294865e+01   -1.6022951126e+01    8.5717510428e+00    2.4370942889e+00   -1.8460045415e+01    3.2000000000e+01    1.9368320000e-03    6.2890625000e-01
       473   -7.6976877462e+00    5.9685471605e+01   -1.3440346713e+01    5.7426589669e+00    2.6280040451e+00   -1.6068350758e+01    3.2000000000e+01    2.0197820004e-03    6.6601562500e-01
       474   -7.5428592744e+00    5.7460490813e+01   -1.3569408990e+01    6.0265497159e+00    3.0368982690e+00   -1.6606307259e+01    3.2000000000e+01    1.9713390002e-03    6.6015625000e-01
       475   -7.6981617242e+00    5.9528082490e+01   -2.6686600567e+01    1.8988438843e+01    2.6857777502e+00   -2.9372378317e+01    3.2000000000e+01    1.9353340003e-03    6.2695312500e-01
       476   -7.7784676418e+00    6.1017919570e+01   -1.7139574735e+01    9.3611070933e+00    3.2933955073e+00   -2.0432970242e+01    3.2000000000e+01    1.9584840002e-03    6.5234375000e-01
       477   -7.8649164227e+00    6.2138831165e+01   -2.5623762837e+01    1.7758846414e+01    3.2641586687e+00   -2.8887921506e+01    3.2000000000e+01    1.9292130000e-03    6.1132812500e-01
       478   -7.3665144859e+00    5.4423207818e+01   -1.3530156086e+01    6.1636416005e+00    2.8154731867e+00   -1.6345629273e+01    3.2000000000e+01    1.9916050005e-03    6.1718750000e-01
       479   -7.6635809308e+00    5.9030629445e+01   -3.5296564442e+01    2.7632983511e+01    2.5092111853e+00   -3.7805775627e+01    3.2000000000e+01    2.0212030004e-03    6.7187500000e-01
       480   -7.6055913233e+00    5.8227409818e+01   -1.7822588214e+01    1.0216996891e+01    2.5153722184e+00   -2.0337960433e+01    3.2000000000e+01    2.0705630004e-03    6.6210937500e-01
       481   -7.7251774478e+00    6.0147781106e+01   -1.6134639786e+01    8.4094623378e+00    2.8431634357e+00   -1.8977803221e+01    3.2000000000e+01    1.9983200000e-03    6.2890625000e-01
       482   -7.2442568248e+00    5.2783512437e+01   -1.0056185366e+01    2.8119285409e+00    1.9814795200e+00   -1.2037664886e+01    3.2000000000e+01    1.9748959994e-03    6.7968750000e-01
       483   -7.4320855518e+00    5.5521222734e+01   -1.3677417437e+01    6.2453318848e+00    2.5517069775e+00   -1.6229124414e+01    3.2000000000e+01    1.9368580006e-03    6.4453125000e-01
       484   -7.4810908255e+00    5.6104565639e+01   -1.3182545617e+01    5.7014547914e+00    2.0459396778e+00   -1.5228485295e+01    3.2000000000e+01    1.9492809997e-03    6.3867187500e-01
       485   -7.3417462989e+00    5.4123831946e+01   -1.2926438585e+01    5.5846922858e+00    2.3557437483e+00   -1.5282182333e+01    3.2000000000e+01    1.9490620007e-03    6.5234375000e-01
       486   -7.6204261395e+00    5.8264156667e+01   -1.1847549062e+01    4.2271229226e+00    2.2483589426e+00   -1.4095908005e+01    3.2000000000e+01    1.9713619995e-03    6.7578125000e-01
       487   -7.4938706506e+00    5.6407198065e+01   -1.6066709631e+01    8.5728389806e+00    2.5772576588e+00   -1.8643967290e+01    3.2000000000e+01    2.0277189997e-03    6.1718750000e-01
       488   -7.3799819855e+00    5.4567072146e+01   -1.0863361664e+01    3.4833796786e+00    2.4932936356e+00   -1.3356655300e+01    3.2000000000e+01    2.0415610006e-03    6.7382812500e-01
       489   -7.3331633262e+00    5.4054265570e+01   -1.8883335001e+01    1.1550171674e+01    2.5309560878e+00   -2.1414291088e+01    3.2000000000e+01    2.0121059997e-03    6.4843750000e-01
       490   -7.3372724342e+00    5.3897780416e+01   -1.0427307401e+01    3.0900349664e+00    2.2873273932e+00   -1.2714634794e+01    3.2000000000e+01    2.0127779999e-03    6.9726562500e-01
       491   -7.6451864363e+00    5.9469581522e+01   -1.8514880425e+01    1.0869693989e+01    3.1657540002e+00   -2.1680634425e+01    3.2000000000e+01    1.9212640000e-03    5.9570312500e-01
       492   -7.3505192462e+00    5.4228736301e+01   -1.6567774732e+01    9.2172554853e+00    2.8869372425e+00   -1.9454711974e+01    3.2000000000e+01    1.9380069998e-03    6.3085937500e-01
       493   -7.3469130579e+00    5.4088873314e+01   -1.0795029703e+01    3.4481166447e+00    2.5506993720e+00   -1.3345729075e+01    3.2000000000e+01    1.9612939996e-03    6.6210937500e-01
       494   -7.2964585402e+00    5.3367219387e+01   -1.3273401357e+01    5.9769428166e+00    2.6750687899e+00   -1.5948470147e+01    3.2000000000e+01    1.9257610002e-03    6.0351562500e-01
       495   -7.3164350419e+00    5.3665861999e+01   -1.2732348248e+01    5.4159132064e+00    2.3874570362e+00   -1.5119805285e+01    3.2000000000e+01    1.9583469993e-03    6.6015625000e-01
       496   -7.3423779783e+00    5.4052625659e+01   -1.2703169074e+01    5.3607910961e+00    2.5221862642e+00   -1.5225355339e+01    3.2000000000e+01    1.9591060000e-03    6.4062500000e-01
       497   -7.5330640768e+00    5.7024941221e+01   -1.2389711191e+01    4.8566471140e+00    2.1259700020e+00   -1.4515681193e+01    3.2000000000e+01    2.0393479999e-03    6.4257812500e-01
       498   -7.4786048777e+00    5.6104314405e+01   -1.6374095161e+01    8.8954902835e+00    2.5946162926e+00   -1.8968711454e+01    3.2000000000e+01    1.9419370001e-03    6.6406250000e-01
       499   -7.3413237775e+00    5.3954308802e+01   -9.6451238794e+00    2.3038001019e+00    2.4275971675e+00   -1.2072721047e+01    3.2000000000e+01    1.9669399999e-03    6.3671875000e-01
