#   index    LocalEnergy         LocalEnergy_sq      LocalPotential      Kinetic             ElecElec            IonElec             BlockWeight         BlockCPU            AcceptRatio         
         0   -7.6183272182e+00    5.8283200961e+01   -2.3694383180e+01    1.6076055961e+01    2.6799138295e+00   -2.6374297009e+01    1.2800000000e+02    7.8112490000e-03    6.3183593750e-01
         1   -7.6585868596e+00    5.8872756887e+01   -1.9266351232e+01    1.1607764372e+01    2.6749104809e+00   -2.1941261713e+01    1.2800000000e+02    7.7448969996e-03    6.2011718750e-01
         2   -7.4943540615e+00    5.6405053953e+01   -1.4001960046e+01    6.5076059846e+00    2.5933249791e+00   -1.6595285025e+01    1.2800000000e+02    7.7722750002e-03    6.4404296875e-01
         3   -7.3771260812e+00    5.4542504898e+01   -1.1039328412e+01    3.6622023313e+00    2.4265787326e+00   -1.3465907145e+01    1.2800000000e+02    7.9123469995e-03    6.6943359375e-01
         4   -7.5907482026e+00    5.8004335195e+01   -1.5034154515e+01    7.4434063125e+00    2.4621741515e+00   -1.7496328667e+01    1.2800000000e+02    7.8007040001e-03    6.4941406250e-01
         5   -7.5649672578e+00    5.7449447440e+01   -2.4718403964e+01    1.7153436707e+01    2.5444864710e+00   -2.7262890435e+01    1.2800000000e+02    7.7691190008e-03    6.3476562500e-01
         6   -7.4272552984e+00    5.5331941856e+01   -1.1888494535e+01    4.4612392368e+00    2.3023341854e+00   -1.4190828721e+01    1.2800000000e+02    7.7066949998e-03    6.4746093750e-01
         7   -7.5120246957e+00    5.6706633626e+01   -1.6143092609e+01    8.6310679134e+00    2.6051427390e+00   -1.8748235348e+01    1.2800000000e+02    7.7607059993e-03    6.2988281250e-01
         8   -7.3872944532e+00    5.4686872033e+01   -1.0888486758e+01    3.5011923052e+00    2.6272526360e+00   -1.3515739394e+01    1.2800000000e+02    7.8552949999e-03    6.6650390625e-01
         9   -7.4385603387e+00    5.5481455997e+01   -1.4295551576e+01    6.8569912376e+00    2.6520441284e+00   -1.6947595705e+01    1.2800000000e+02    7.7747969999e-03    6.4208984375e-01
        10   -7.4526003341e+00    5.5692098291e+01   -1.2274035170e+01    4.8214348363e+00    2.5774734593e+00   -1.4851508630e+01    1.2800000000e+02    7.8948000000e-03    6.8164062500e-01
        11   -7.5261110301e+00    5.6825977165e+01   -1.5231553775e+01    7.7054427446e+00    2.7039303889e+00   -1.7935484164e+01    1.2800000000e+02    7.7388650006e-03    6.2695312500e-01
        12   -7.5417196694e+00    5.7208877319e+01   -1.4891252837e+01    7.3495331672e+00    2.7932609017e+00   -1.7684513738e+01    1.2800000000e+02    7.6908149995e-03    6.3525390625e-01
        13   -7.5008820785e+00    5.6474206002e+01   -1.6569660135e+01    9.0687780560e+00    2.9520657422e+00   -1.9521725877e+01    1.2800000000e+02    7.7254480002e-03    6.2841796875e-01
        14   -7.5738943481e+00    5.7714993695e+01   -1.4668236340e+01    7.0943419923e+00    2.6419944201e+00   -1.7310230760e+01    1.2800000000e+02    7.7617210000e-03    6.3671875000e-01
        15   -7.6536450739e+00    5.8986401168e+01   -2.2798273163e+01    1.5144628089e+01    3.3919060499e+00   -2.6190179213e+01    1.2800000000e+02    7.5541740007e-03    5.9667968750e-01
        16   -7.5108930010e+00    5.6683746883e+01   -2.0934983670e+01    1.3424090669e+01    2.5002863452e+00   -2.3435270016e+01    1.2800000000e+02    7.7672010002e-03    6.4648437500e-01
        17   -7.4518980672e+00    5.5683172232e+01   -1.2537926339e+01    5.0860282717e+00    2.7373389868e+00   -1.5275265326e+01    1.2800000000e+02    7.7957419999e-03    6.4208984375e-01
        18   -7.6416702329e+00    5.8784964243e+01   -1.5957836020e+01    8.3161657869e+00    3.2096996071e+00   -1.9167535627e+01    1.2800000000e+02    7.7139019995e-03    6.2158203125e-01
        19   -7.4054708700e+00    5.4967745251e+01   -1.4067058225e+01    6.6615873555e+00    2.7209883537e+00   -1.6788046579e+01    1.2800000000e+02    7.8605220006e-03    6.6406250000e-01
        20   -7.3292509012e+00    5.3824409630e+01   -1.1852297582e+01    4.5230466810e+00    2.6274374078e+00   -1.4479734990e+01    1.2800000000e+02    7.8166400008e-03    6.4892578125e-01
        21   -7.4204308872e+00    5.5237290726e+01   -1.2738032854e+01    5.3176019669e+00    2.4980483862e+00   -1.5236081240e+01    1.2800000000e+02    7.8072050001e-03    6.4550781250e-01
        22   -7.4391182538e+00    5.5574607194e+01   -1.4451741801e+01    7.0126235468e+00    2.8029989949e+00   -1.7254740795e+01    1.2800000000e+02    7.7154569999e-03    6.2011718750e-01
        23   -7.5956386557e+00    5.7944974267e+01   -2.0205657379e+01    1.2610018724e+01    2.8229807556e+00   -2.3028638135e+01    1.2800000000e+02    7.8004140005e-03    6.4306640625e-01
        24   -7.5478036732e+00    5.7218430104e+01   -1.4586474987e+01    7.0386713135e+00    2.5471282503e+00   -1.7133603237e+01    1.2800000000e+02    7.7687209996e-03    6.3720703125e-01
        25   -7.5483253470e+00    5.7197907470e+01   -1.4269013596e+01    6.7206882494e+00    2.6580323381e+00   -1.6927045934e+01    1.2800000000e+02    7.7963249996e-03    6.4599609375e-01
        26   -7.5949202434e+00    5.8064615360e+01   -1.6550411835e+01    8.9554915913e+00    2.8812637737e+00   -1.9431675608e+01    1.2800000000e+02    7.7523640002e-03    6.1816406250e-01
        27   -7.4274222474e+00    5.5382211898e+01   -1.3285685763e+01    5.8582635153e+00    2.4178593270e+00   -1.5703545090e+01    1.2800000000e+02    7.7581409996e-03    6.5136718750e-01
        28   -7.4191904100e+00    5.5241228757e+01   -1.9085027094e+01    1.1665836684e+01    2.9605084650e+00   -2.2045535559e+01    1.2800000000e+02    7.7461139999e-03    6.2744140625e-01
        29   -7.4651536048e+00    5.5961625508e+01   -1.2326668132e+01    4.8615145272e+00    2.6289427705e+00   -1.4955610903e+01    1.2800000000e+02    8.1654010000e-03    6.4892578125e-01
        30   -7.3973026473e+00    5.4906938597e+01   -1.6222088166e+01    8.8247855188e+00    2.7637974987e+00   -1.8985885665e+01    1.2800000000e+02    8.2481419995e-03    6.5478515625e-01
        31   -7.6226847875e+00    5.8469890669e+01   -1.5733143828e+01    8.1104590402e+00    2.8049716093e+00   -1.8538115437e+01    1.2800000000e+02    7.9398050002e-03    6.3330078125e-01
        32   -7.3575707567e+00    5.4343682716e+01   -1.4140570451e+01    6.7829996939e+00    2.4533385038e+00   -1.6593908954e+01    1.2800000000e+02    7.7614070005e-03    6.3281250000e-01
        33   -7.4761001417e+00    5.6092505596e+01   -1.9013219111e+01    1.1537118969e+01    3.2320701508e+00   -2.2245289262e+01    1.2800000000e+02    8.6032669997e-03    6.3574218750e-01
        34   -7.5182066486e+00    5.6842800662e+01   -1.4948042868e+01    7.4298362194e+00    2.9852673927e+00   -1.7933310261e+01    1.2800000000e+02    7.7739290000e-03    6.1767578125e-01
        35   -7.3932075918e+00    5.4751102328e+01   -1.2874999285e+01    5.4817916935e+00    2.6420632761e+00   -1.5517062561e+01    1.2800000000e+02    1.0035863999e-02    6.3085937500e-01
        36   -7.4230522481e+00    5.5374364603e+01   -1.3097087997e+01    5.6740357491e+00    2.5271307227e+00   -1.5624218720e+01    1.2800000000e+02    7.8537760000e-03    6.4550781250e-01
        37   -7.4602186783e+00    5.5868232794e+01   -1.2103961700e+01    4.6437430218e+00    2.4219585438e+00   -1.4525920244e+01    1.2800000000e+02    9.3863290003e-03    6.6406250000e-01
        38   -7.4202186712e+00    5.5204480093e+01   -1.5052348831e+01    7.6321301597e+00    2.7451541435e+00   -1.7797502974e+01    1.2800000000e+02    8.3991639995e-03    6.4746093750e-01
        39   -7.5752624925e+00    5.7621263240e+01   -1.6627445116e+01    9.0521826237e+00    2.6592755105e+00   -1.9286720627e+01    1.2800000000e+02    8.9264690005e-03    6.5429687500e-01
        40   -7.4103046673e+00    5.5139592544e+01   -1.6407080681e+01    8.9967760134e+00    2.8009056025e+00   -1.9207986283e+01    1.2800000000e+02    7.8397529996e-03    6.3671875000e-01
        41   -7.5267044362e+00    5.6910634019e+01   -1.2635492132e+01    5.1087876955e+00    2.4525421333e+00   -1.5088034265e+01    1.2800000000e+02    7.8749169998e-03    6.6162109375e-01
        42   -7.6543615888e+00    5.8988110267e+01   -1.5554368263e+01    7.9000066738e+00    2.5921440759e+00   -1.8146512339e+01    1.2800000000e+02    7.8423560008e-03    6.3427734375e-01
        43   -7.5017236163e+00    5.6546385259e+01   -1.4520001795e+01    7.0182781788e+00    2.4960896087e+00   -1.7016091404e+01    1.2800000000e+02    9.4679220001e-03    6.2744140625e-01
        44   -7.6046623929e+00    5.8152019874e+01   -1.4747525983e+01    7.1428635899e+00    2.6889022124e+00   -1.7436428195e+01    1.2800000000e+02    8.1033189999e-03    6.4208984375e-01
        45   -7.5449084246e+00    5.7144992637e+01   -1.5208519046e+01    7.6636106211e+00    2.6602219425e+00   -1.7868740988e+01    1.2800000000e+02    7.7556329998e-03    6.4892578125e-01
        46   -7.6496007671e+00    5.8729522943e+01   -1.6799830095e+01    9.1502293278e+00    2.4863793948e+00   -1.9286209490e+01    1.2800000000e+02    7.8637140005e-03    6.3720703125e-01
        47   -7.3416794176e+00    5.4032975507e+01   -1.0927373868e+01    3.5856944504e+00    2.4068282292e+00   -1.3334202097e+01    1.2800000000e+02    7.8867570001e-03    6.6308593750e-01
        48   -7.3946496105e+00    5.4825872434e+01   -1.2637875971e+01    5.2432263605e+00    2.6069224699e+00   -1.5244798441e+01    1.2800000000e+02    7.9800379999e-03    6.6113281250e-01
        49   -7.4535167507e+00    5.5705159915e+01   -1.2856364383e+01    5.4028476323e+00    2.5723782156e+00   -1.5428742599e+01    1.2800000000e+02    9.5841919992e-03    6.5429687500e-01
        50   -7.5689263275e+00    5.7586528140e+01   -1.6677737958e+01    9.1088116305e+00    2.8280245540e+00   -1.9505762512e+01    1.2800000000e+02    7.9770550001e-03    6.3720703125e-01
        51   -7.3619417678e+00    5.4360355998e+01   -1.1702886550e+01    4.3409447827e+00    2.5811184852e+00   -1.4284005036e+01    1.2800000000e+02    8.0390359999e-03    6.5820312500e-01
        52   -7.5389398683e+00    5.7231235491e+01   -1.7305151232e+01    9.7662113640e+00    3.2817626262e+00   -2.0586913858e+01    1.2800000000e+02    7.6701570006e-03    5.9765625000e-01
        53   -7.5009369699e+00    5.6483282082e+01   -1.2786166419e+01    5.2852294494e+00    2.1866700762e+00   -1.4972836495e+01    1.2800000000e+02    8.2485870007e-03    6.5625000000e-01
        54   -7.3486980702e+00    5.4122629182e+01   -1.1622151141e+01    4.2734530703e+00    2.3267647303e+00   -1.3948915871e+01    1.2800000000e+02    7.7850210000e-03    6.6503906250e-01
        55   -7.5079405195e+00    5.6602575819e+01   -1.3179851369e+01    5.6719108497e+00    2.4641835981e+00   -1.5644034967e+01    1.2800000000e+02    7.8719910007e-03    6.4941406250e-01
        56   -7.5589615558e+00    5.7323923700e+01   -2.0003086842e+01    1.2444125287e+01    2.8896413584e+00   -2.2892728201e+01    1.2800000000e+02    7.7357179998e-03    6.3037109375e-01
        57   -7.4760596444e+00    5.6113287654e+01   -1.1830043948e+01    4.3539843035e+00    2.4362346970e+00   -1.4266278645e+01    1.2800000000e+02    7.9181900001e-03    6.6503906250e-01
        58   -7.3701247701e+00    5.4486384117e+01   -1.1442300856e+01    4.0721760862e+00    2.2459894606e+00   -1.3688290317e+01    1.2800000000e+02    7.8087659995e-03    6.4648437500e-01
        59   -7.4163207806e+00    5.5173167391e+01   -1.3181612326e+01    5.7652915456e+00    2.7733734219e+00   -1.5954985748e+01    1.2800000000e+02    1.0169628000e-02    6.2597656250e-01
        60   -7.5023985493e+00    5.6481227504e+01   -1.5248036892e+01    7.7456383426e+00    2.2629363806e+00   -1.7510973272e+01    1.2800000000e+02    8.0274110005e-03    6.4160156250e-01
        61   -7.3390286473e+00    5.3996937966e+01   -1.2708628950e+01    5.3696003029e+00    2.5474064318e+00   -1.5256035382e+01    1.2800000000e+02    7.9208790003e-03    6.3671875000e-01
        62   -7.4154890093e+00    5.5133718137e+01   -1.6040010076e+01    8.6245210663e+00    2.8856779598e+00   -1.8925688035e+01    1.2800000000e+02    7.8754229999e-03    6.3671875000e-01
        63   -7.5049129061e+00    5.6510836980e+01   -1.6012170651e+01    8.5072577444e+00    2.7698391091e+00   -1.8782009760e+01    1.2800000000e+02    7.7490000003e-03    6.1230468750e-01
        64   -7.4537328135e+00    5.5786158379e+01   -1.5944256193e+01    8.4905233796e+00    2.9255627070e+00   -1.8869818900e+01    1.2800000000e+02    7.6922589997e-03    6.1523437500e-01
        65   -7.5108865463e+00    5.6633418803e+01   -1.5959278399e+01    8.4483918529e+00    2.7915681871e+00   -1.8750846586e+01    1.2800000000e+02    7.7905459993e-03    6.2255859375e-01
        66   -7.5485004762e+00    5.7198080603e+01   -1.3959999485e+01    6.4114990086e+00    2.7147394766e+00   -1.6674738961e+01    1.2800000000e+02    7.7081660002e-03    6.3232421875e-01
        67   -7.4694723572e+00    5.5988132967e+01   -1.4751271756e+01    7.2817993984e+00    2.2835330558e+00   -1.7034804811e+01    1.2800000000e+02    7.8049750000e-03    6.5283203125e-01
        68   -7.4576658242e+00    5.5737417724e+01   -1.3152944815e+01    5.6952789905e+00    2.3050643466e+00   -1.5458009161e+01    1.2800000000e+02    7.7477240002e-03    6.4941406250e-01
        69   -7.4077568742e+00    5.5172307195e+01   -1.2759299925e+01    5.3515430513e+00    2.6875865146e+00   -1.5446886440e+01    1.2800000000e+02    7.8845489998e-03    6.5820312500e-01
        70   -7.4603942128e+00    5.5861450107e+01   -1.4774553090e+01    7.3141588769e+00    2.5307453486e+00   -1.7305298438e+01    1.2800000000e+02    7.7431110003e-03    6.2646484375e-01
        71   -7.4014081903e+00    5.4947772847e+01   -1.7214819630e+01    9.8134114398e+00    2.9818554408e+00   -2.0196675071e+01    1.2800000000e+02    7.8066300002e-03    6.3525390625e-01
        72   -7.4187343277e+00    5.5166446627e+01   -1.1530916518e+01    4.1121821907e+00    2.4603441196e+00   -1.3991260638e+01    1.2800000000e+02    7.7772750001e-03    6.5234375000e-01
        73   -7.5638737669e+00    5.7485579208e+01   -1.4591955199e+01    7.0280814325e+00    2.4266578402e+00   -1.7018613040e+01    1.2800000000e+02    8.3704849994e-03    6.6162109375e-01
        74   -7.5035652911e+00    5.6547610166e+01   -2.0607406272e+01    1.3103840981e+01    2.4900250894e+00   -2.3097431362e+01    1.2800000000e+02    7.7510410001e-03    6.4257812500e-01
        75   -7.4838613215e+00    5.6189655103e+01   -1.4066518320e+01    6.5826569985e+00    2.5052745130e+00   -1.6571792833e+01    1.2800000000e+02    7.7678589996e-03    6.4794921875e-01
        76   -7.4647687357e+00    5.6050824384e+01   -1.4855641378e+01    7.3908726424e+00    2.6046922179e+00   -1.7460333596e+01    1.2800000000e+02    7.7926310005e-03    6.3525390625e-01
        77   -7.6123058799e+00    5.8244688514e+01   -1.5179002118e+01    7.5666962383e+00    2.8334722840e+00   -1.8012474402e+01    1.2800000000e+02    7.6692619996e-03    6.2500000000e-01
        78   -7.5933180907e+00    5.7929366477e+01   -1.4123277361e+01    6.5299592700e+00    2.7385344757e+00   -1.6861811836e+01    1.2800000000e+02    8.3070080000e-03    6.4257812500e-01
        79   -7.4581229740e+00    5.5862799710e+01   -1.3552461366e+01    6.0943383917e+00    2.5344152995e+00   -1.6086876665e+01    1.2800000000e+02    7.8267830004e-03    6.5136718750e-01
        80   -7.5403411280e+00    5.7114269112e+01   -1.2997107498e+01    5.4567663705e+00    2.2948314538e+00   -1.5291938952e+01    1.2800000000e+02    8.2666069993e-03    6.4746093750e-01
        81   -7.3475922844e+00    5.4150709874e+01   -1.4045344998e+01    6.6977527134e+00    2.8981741590e+00   -1.6943519157e+01    1.2800000000e+02    7.7685140004e-03    6.2207031250e-01
        82   -7.4653654471e+00    5.5833978199e+01   -1.1458545917e+01    3.9931804698e+00    2.7714651921e+00   -1.4230011109e+01    1.2800000000e+02    8.3559889999e-03    6.5039062500e-01
        83   -7.4064573633e+00    5.5055282863e+01   -1.6936404815e+01    9.5299474521e+00    2.4241367003e+00   -1.9360541516e+01    1.2800000000e+02    8.1791559996e-03    6.4306640625e-01
        84   -7.4736743193e+00    5.6117575955e+01   -2.0208704819e+01    1.2735030499e+01    2.8919293563e+00   -2.3100634175e+01    1.2800000000e+02    8.2062000001e-03    6.3134765625e-01
        85   -7.4510833711e+00    5.5781037109e+01   -1.3196219635e+01    5.7451362640e+00    2.6630171467e+00   -1.5859236782e+01    1.2800000000e+02    8.2395600002e-03    6.4941406250e-01
        86   -7.4909050486e+00    5.6264826216e+01   -1.2546195970e+01    5.0552909215e+00    2.2918341086e+00   -1.4838030079e+01    1.2800000000e+02    8.3991190004e-03    6.7529296875e-01
        87   -7.5849384077e+00    5.7747566073e+01   -1.7565945583e+01    9.9810071755e+00    2.3593431913e+00   -1.9925288774e+01    1.2800000000e+02    8.2035079995e-03    6.5820312500e-01
        88   -7.3768720827e+00    5.4528579411e+01   -1.2462522368e+01    5.0856502856e+00    2.5821479160e+00   -1.5044670284e+01    1.2800000000e+02    8.4975370000e-03    6.3232421875e-01
        89   -7.3979752521e+00    5.4872463547e+01   -1.3102591443e+01    5.7046161906e+00    2.5978559535e+00   -1.5700447396e+01    1.2800000000e+02    7.8010259995e-03    6.3476562500e-01
        90   -7.5115440214e+00    5.6676218811e+01   -1.6591190416e+01    9.0796463942e+00    2.9193000892e+00   -1.9510490505e+01    1.2800000000e+02    7.7457349998e-03    6.2304687500e-01
        91   -7.5061274279e+00    5.6460249562e+01   -1.2139951057e+01    4.6338236289e+00    2.4752860901e+00   -1.4615237147e+01    1.2800000000e+02    7.7864100003e-03    6.4257812500e-01
        92   -7.4821607820e+00    5.6191789164e+01   -1.4000642846e+01    6.5184820644e+00    2.5792064378e+00   -1.6579849284e+01    1.2800000000e+02    7.7389049993e-03    6.3574218750e-01
        93   -7.4775816518e+00    5.6161358507e+01   -1.9869167376e+01    1.2391585724e+01    2.7573536569e+00   -2.2626521033e+01    1.2800000000e+02    7.7027210000e-03    6.2744140625e-01
        94   -7.5335426173e+00    5.7065519211e+01   -1.3503200418e+01    5.9696578004e+00    2.6376222918e+00   -1.6140822710e+01    1.2800000000e+02    7.7967900006e-03    6.4550781250e-01
        95   -7.6702194381e+00    5.9181082966e+01   -1.3589022169e+01    5.9188027308e+00    2.6407039734e+00   -1.6229726142e+01    1.2800000000e+02    7.8910679995e-03    6.6064453125e-01
        96   -7.4491778008e+00    5.5746696208e+01   -1.4297172343e+01    6.8479945426e+00    2.9412845435e+00   -1.7238456887e+01    1.2800000000e+02    7.7208409994e-03    6.3183593750e-01
        97   -7.4919815617e+00    5.6274386559e+01   -1.3016358773e+01    5.5243772110e+00    2.7917352683e+00   -1.5808094041e+01    1.2800000000e+02    7.7832229999e-03    6.3671875000e-01
        98   -7.4424220182e+00    5.5643679319e+01   -1.2585291284e+01    5.1428692654e+00    2.8630676398e+00   -1.5448358923e+01    1.2800000000e+02    7.8124700003e-03    6.5087890625e-01
        99   -7.4703581940e+00    5.6036783985e+01   -1.3809680990e+01    6.3393227960e+00    2.1816717036e+00   -1.5991352694e+01    1.2800000000e+02    7.6654639997e-03    6.4257812500e-01
       100   -7.4180276616e+00    5.5183553942e+01   -1.4199522199e+01    6.7814945376e+00    2.7496841459e+00   -1.6949206345e+01    1.2800000000e+02    7.6745810002e-03    6.2402343750e-01
       101   -7.6191413277e+00    5.8329585360e+01   -1.8974419490e+01    1.1355278162e+01    2.5405645538e+00   -2.1514984043e+01    1.2800000000e+02    7.8923139999e-03    6.3525390625e-01
       102   -7.4523359918e+00    5.5731113095e+01   -1.2400093208e+01    4.9477572159e+00    2.4117250375e+00   -1.4811818245e+01    1.2800000000e+02    7.8027150003e-03    6.3671875000e-01
       103   -7.4247849319e+00    5.5313270082e+01   -1.4530558291e+01    7.1057733588e+00    2.6718452611e+00   -1.7202403552e+01    1.2800000000e+02    7.7847049997e-03    6.2695312500e-01
       104   -7.4434129005e+00    5.5612173252e+01   -2.2837246019e+01    1.5393833119e+01    2.8345777326e+00   -2.5671823752e+01    1.2800000000e+02    7.8180929995e-03    6.2207031250e-01
       105   -7.5640316793e+00    5.7410900583e+01   -2.0366883151e+01    1.2802851472e+01    2.8307324085e+00   -2.3197615560e+01    1.2800000000e+02    7.7866890006e-03    6.1181640625e-01
       106   -7.4899270338e+00    5.6301468872e+01   -1.4010222035e+01    6.5202950012e+00    2.5803455006e+00   -1.6590567536e+01    1.2800000000e+02    7.8280649996e-03    6.4257812500e-01
       107   -7.4069999549e+00    5.5064351673e+01   -1.3579528352e+01    6.1725283973e+00    2.6779807128e+00   -1.6257509065e+01    1.2800000000e+02    7.9489370000e-03    6.5771484375e-01
       108   -7.4254634026e+00    5.5303925185e+01   -1.1733653798e+01    4.3081903956e+00    2.5502512025e+00   -1.4283905001e+01    1.2800000000e+02    7.8354620000e-03    6.5380859375e-01
       109   -7.7057627821e+00    5.9770317753e+01   -1.5021208613e+01    7.3154458307e+00    2.9392711067e+00   -1.7960479720e+01    1.2800000000e+02    7.8367540000e-03    6.4111328125e-01
       110   -7.4107339409e+00    5.5200596898e+01   -1.4697045647e+01    7.2863117062e+00    2.7413936536e+00   -1.7438439301e+01    1.2800000000e+02    7.7793360006e-03    6.3769531250e-01
       111   -7.4112187187e+00    5.5047840484e+01   -1.1017276945e+01    3.6060582263e+00    2.4794622445e+00   -1.3496739190e+01    1.2800000000e+02    7.9036110001e-03    6.5869140625e-01
       112   -7.4771833154e+00    5.6153373742e+01   -1.5659960718e+01    8.1827774026e+00    2.3830393543e+00   -1.8043000072e+01    1.2800000000e+02    7.8733099999e-03    6.4550781250e-01
       113   -7.5649043401e+00    5.7534705302e+01   -1.4295753935e+01    6.7308495950e+00    2.4312851426e+00   -1.6727039078e+01    1.2800000000e+02    7.8063310002e-03    6.4648437500e-01
       114   -7.4807110740e+00    5.6127449792e+01   -1.1766825364e+01    4.2861142896e+00    2.5126766287e+00   -1.4279501992e+01    1.2800000000e+02    7.8943970002e-03    6.5332031250e-01
       115   -7.3859139884e+00    5.4705469339e+01   -1.2288204042e+01    4.9022900532e+00    2.3396570681e+00   -1.4627861110e+01    1.2800000000e+02    7.8815289999e-03    6.6015625000e-01
       116   -7.7136106062e+00    5.9821348224e+01   -1.4740702152e+01    7.0270915453e+00    2.4251823375e+00   -1.7165884489e+01    1.2800000000e+02    7.8348210000e-03    6.5039062500e-01
       117   -7.5579568223e+00    5.7378848969e+01   -1.5969286371e+01    8.4113295486e+00    2.5728877386e+00   -1.8542174109e+01    1.2800000000e+02    7.6898150000e-03    6.1132812500e-01
       118   -7.3902052471e+00    5.4735906968e+01   -1.3168505583e+01    5.7783003357e+00    2.4862920930e+00   -1.5654797676e+01    1.2800000000e+02    7.8460619998e-03    6.3623046875e-01
       119   -7.3492894672e+00    5.4268928001e+01   -1.4396798837e+01    7.0475093696e+00    3.0277111835e+00   -1.7424510020e+01    1.2800000000e+02    7.7328409998e-03    6.1425781250e-01
       120   -7.4558654218e+00    5.5825268378e+01   -1.2913104814e+01    5.4572393923e+00    2.6081815205e+00   -1.5521286335e+01    1.2800000000e+02    7.8004219995e-03    6.3574218750e-01
       121   -7.3504329835e+00    5.4184472008e+01   -1.3229867715e+01    5.8794347316e+00    2.6028751444e+00   -1.5832742859e+01    1.2800000000e+02    7.8626409995e-03    6.5625000000e-01
       122   -7.4125674650e+00    5.5159128934e+01   -1.3266414760e+01    5.8538472952e+00    2.4943306090e+00   -1.5760745369e+01    1.2800000000e+02    7.8892419997e-03    6.5820312500e-01
       123   -7.5704299070e+00    5.7527600714e+01   -1.6468468487e+01    8.8980385800e+00    2.9739178163e+00   -1.9442386303e+01    1.2800000000e+02    7.7841600005e-03    6.1669921875e-01
       124   -7.4525832409e+00    5.5821232042e+01   -1.3728620938e+01    6.2760376974e+00    2.5691880500e+00   -1.6297808988e+01    1.2800000000e+02    7.9278879994e-03    6.4355468750e-01
       125   -7.3444216890e+00    5.4111874235e+01   -1.2485988004e+01    5.1415663147e+00    2.6575464628e+00   -1.5143534467e+01    1.2800000000e+02    7.8787930006e-03    6.4257812500e-01
       126   -7.4856203475e+00    5.6250210307e+01   -1.3173378213e+01    5.6877578654e+00    2.4527410997e+00   -1.5626119313e+01    1.2800000000e+02    7.8505339998e-03    6.5429687500e-01
       127   -7.6995973143e+00    5.9715914014e+01   -1.8451580231e+01    1.0751982917e+01    2.7725290663e+00   -2.1224109297e+01    1.2800000000e+02    7.6746680006e-03    6.2207031250e-01
       128   -7.6944665478e+00    5.9538823313e+01   -1.5387287605e+01    7.6928210572e+00    2.6698084690e+00   -1.8057096074e+01    1.2800000000e+02    7.8167909996e-03    6.2060546875e-01
       129   -7.5033992144e+00    5.6543962405e+01   -1.2421834246e+01    4.9184350312e+00    2.7705565046e+00   -1.5192390750e+01    1.2800000000e+02    7.9590510004e-03    6.6113281250e-01
       130   -7.5697354371e+00    5.7491469871e+01   -1.4529925258e+01    6.9601898209e+00    2.8187082656e+00   -1.7348633524e+01    1.2800000000e+02    7.8366139996e-03    6.3085937500e-01
       131   -7.3249236226e+00    5.3801608848e+01   -1.2486291988e+01    5.1613683653e+00    2.6499510940e+00   -1.5136243082e+01    1.2800000000e+02    7.8684050004e-03    6.4306640625e-01
       132   -7.6481196846e+00    5.8884426104e+01   -2.1595575877e+01    1.3947456192e+01    2.9908226407e+00   -2.4586398518e+01    1.2800000000e+02    7.8687610003e-03    6.2597656250e-01
       133   -7.5100867152e+00    5.6574860003e+01   -1.6120422699e+01    8.6103359843e+00    2.2583235448e+00   -1.8378746244e+01    1.2800000000e+02    7.8158780007e-03    6.4013671875e-01
       134   -7.4252175345e+00    5.5268704149e+01   -1.5093372415e+01    7.6681548807e+00    2.4690393046e+00   -1.7562411720e+01    1.2800000000e+02    7.8150350000e-03    6.4306640625e-01
       135   -7.4803400000e+00    5.6137141300e+01   -1.9752648978e+01    1.2272308978e+01    3.0261202119e+00   -2.2778769190e+01    1.2800000000e+02    9.6104910008e-03    6.2402343750e-01
       136   -7.4954656749e+00    5.6402747577e+01   -1.5206339499e+01    7.7108738240e+00    2.5425563627e+00   -1.7748895862e+01    1.2800000000e+02    8.8295619998e-03    6.2841796875e-01
       137   -7.5807826293e+00    5.7647115288e+01   -1.5987748667e+01    8.4069660377e+00    2.7302758395e+00   -1.8718024506e+01    1.2800000000e+02    8.0664469997e-03    6.3378906250e-01
       138   -7.6209304388e+00    5.8394730507e+01   -1.5119585323e+01    7.4986548845e+00    2.2766437242e+00   -1.7396229048e+01    1.2800000000e+02    8.7136070006e-03    6.4306640625e-01
       139   -7.5066772336e+00    5.6583080310e+01   -1.3363478021e+01    5.8568007871e+00    2.6982633173e+00   -1.6061741338e+01    1.2800000000e+02    8.2172709999e-03    6.3476562500e-01
       140   -7.6237825569e+00    5.8568156400e+01   -1.6172572265e+01    8.5487897082e+00    2.4780001986e+00   -1.8650572464e+01    1.2800000000e+02    8.7114620001e-03    6.3183593750e-01
       141   -7.5492202689e+00    5.7267494973e+01   -1.7703466644e+01    1.0154246375e+01    2.7799714331e+00   -2.0483438077e+01    1.2800000000e+02    7.7318100002e-03    6.1328125000e-01
       142   -7.4730159050e+00    5.6195996818e+01   -1.3744096618e+01    6.2710807130e+00    2.5001427419e+00   -1.6244239360e+01    1.2800000000e+02    8.7058869995e-03    6.3525390625e-01
       143   -7.5070464391e+00    5.6629669385e+01   -1.8309517834e+01    1.0802471395e+01    2.7256383597e+00   -2.1035156194e+01    1.2800000000e+02    7.6912969998e-03    6.2500000000e-01
       144   -7.2932075591e+00    5.3395321920e+01   -1.7653960955e+01    1.0360753395e+01    2.7868004485e+00   -2.0440761403e+01    1.2800000000e+02    8.4832909997e-03    6.2402343750e-01
       145   -7.3556058920e+00    5.4318525019e+01   -1.5522402805e+01    8.1667969127e+00    2.5648627741e+00   -1.8087265579e+01    1.2800000000e+02    7.7980249998e-03    6.1718750000e-01
       146   -7.3467634333e+00    5.4110108080e+01   -1.2193370573e+01    4.8466071394e+00    2.4785227048e+00   -1.4671893278e+01    1.2800000000e+02    9.1088689996e-03    6.3476562500e-01
       147   -7.4009932334e+00    5.5018840721e+01   -1.5494869180e+01    8.0938759465e+00    2.5160625694e+00   -1.8010931749e+01    1.2800000000e+02    7.7888620008e-03    6.4208984375e-01
       148   -7.5553888246e+00    5.7451230494e+01   -1.4988071995e+01    7.4326831702e+00    2.6424819325e+00   -1.7630553927e+01    1.2800000000e+02    9.2376270004e-03    6.4550781250e-01
       149   -7.3792854091e+00    5.4619205319e+01   -1.1120386909e+01    3.7411015002e+00    2.4593227608e+00   -1.3579709670e+01    1.2800000000e+02    8.3701229996e-03    6.8017578125e-01
       150   -7.5150276493e+00    5.6908493212e+01   -1.5289200109e+01    7.7741724601e+00    2.4753483873e+00   -1.7764548497e+01    1.2800000000e+02    8.8905990006e-03    6.4648437500e-01
       151   -7.3813216362e+00    5.4657207189e+01   -1.1872956635e+01    4.4916349987e+00    2.5223822021e+00   -1.4395338837e+01    1.2800000000e+02    8.1942679999e-03    6.6210937500e-01
       152   -7.4893434395e+00    5.6537706342e+01   -1.5489291933e+01    7.9999484939e+00    2.7043760176e+00   -1.8193667951e+01    1.2800000000e+02    8.8094389994e-03    6.3671875000e-01
       153   -7.5887777660e+00    5.7820951985e+01   -1.6506940977e+01    8.9181632109e+00    3.0254776999e+00   -1.9532418677e+01    1.2800000000e+02    7.7347030001e-03    6.1083984375e-01
       154   -7.4345789186e+00    5.5424583149e+01   -1.3726696078e+01    6.2921171590e+00    2.7470320147e+00   -1.6473728092e+01    1.2800000000e+02    9.0441209995e-03    6.3476562500e-01
       155   -7.4239468376e+00    5.5265323766e+01   -1.1366027382e+01    3.9420805441e+00    2.4520255282e+00   -1.3818052910e+01    1.2800000000e+02    7.8952780004e-03    6.5673828125e-01
       156   -7.6338607572e+00    5.8597700243e+01   -1.6086890700e+01    8.4530299430e+00    2.6686290096e+00   -1.8755519710e+01    1.2800000000e+02    8.6576590002e-03    6.1962890625e-01
       157   -7.3667328665e+00    5.4478876411e+01   -1.7700412544e+01    1.0333679678e+01    2.8721464351e+00   -2.0572558980e+01    1.2800000000e+02    7.7459060003e-03    6.1962890625e-01
       158   -7.4299506942e+00    5.5380303097e+01   -1.3330748603e+01    5.9007979093e+00    2.6623008388e+00   -1.5993049442e+01    1.2800000000e+02    8.8900199999e-03    6.5673828125e-01
       159   -7.4684460264e+00    5.6006767037e+01   -1.6053874350e+01    8.5854283236e+00    2.7228299911e+00   -1.8776704341e+01    1.2800000000e+02    8.1866459996e-03    6.4697265625e-01
       160   -7.4800820772e+00    5.6196994507e+01   -1.2496297686e+01    5.0162156090e+00    2.5529322023e+00   -1.5049229889e+01    1.2800000000e+02    7.9449519999e-03    6.4648437500e-01
       161   -7.3516924355e+00    5.4231622137e+01   -1.5720725944e+01    8.3690335088e+00    2.4467459548e+00   -1.8167471899e+01    1.2800000000e+02    7.7054040003e-03    6.3183593750e-01
       162   -7.5286879605e+00    5.6851755652e+01   -1.9903278594e+01    1.2374590634e+01    2.8628999733e+00   -2.2766178568e+01    1.2800000000e+02    7.7847220000e-03    6.1474609375e-01
       163   -7.4986497262e+00    5.6386395919e+01   -1.4026452441e+01    6.5278027148e+00    2.7569542611e+00   -1.6783406702e+01    1.2800000000e+02    8.2376679993e-03    6.3232421875e-01
       164   -7.3760886716e+00    5.4888703409e+01   -1.6527892207e+01    9.1518035351e+00    2.9571759277e+00   -1.9485068134e+01    1.2800000000e+02    7.6982490000e-03    6.0937500000e-01
       165   -7.5346588627e+00    5.7040840378e+01   -1.5573901029e+01    8.0392421663e+00    2.7043446667e+00   -1.8278245696e+01    1.2800000000e+02    7.6987920002e-03    6.1474609375e-01
       166   -7.4373452639e+00    5.5568299605e+01   -1.6874785126e+01    9.4374398617e+00    2.9292046001e+00   -1.9803989726e+01    1.2800000000e+02    7.9169790006e-03    6.3720703125e-01
       167   -7.4348974927e+00    5.5379679946e+01   -1.1728225141e+01    4.2933276483e+00    2.3612460188e+00   -1.4089471160e+01    1.2800000000e+02    8.2757889995e-03    6.6308593750e-01
       168   -7.4501858668e+00    5.5660899864e+01   -1.6435821035e+01    8.9856351678e+00    2.8335692240e+00   -1.9269390259e+01    1.2800000000e+02    8.1718069996e-03    6.2304687500e-01
       169   -7.4802989872e+00    5.6227234650e+01   -1.4196137183e+01    6.7158381958e+00    2.7214872546e+00   -1.6917624438e+01    1.2800000000e+02    7.8425510001e-03    6.3720703125e-01
       170   -7.3874426245e+00    5.4720348704e+01   -1.1987503517e+01    4.6000608921e+00    2.7104711854e+00   -1.4697974702e+01    1.2800000000e+02    7.8356690001e-03    6.4013671875e-01
       171   -7.5922194651e+00    5.7986255063e+01   -1.2556284613e+01    4.9640651480e+00    2.5442735976e+00   -1.5100558211e+01    1.2800000000e+02    7.9971140003e-03    6.5820312500e-01
       172   -7.6378453295e+00    5.8504500458e+01   -1.5216262061e+01    7.5784167317e+00    2.4607866886e+00   -1.7677048750e+01    1.2800000000e+02    7.8345469992e-03    6.4843750000e-01
       173   -7.3483438450e+00    5.4088664722e+01   -1.1349486770e+01    4.0011429252e+00    2.5399956581e+00   -1.3889482428e+01    1.2800000000e+02    7.8016950001e-03    6.3330078125e-01
       174   -7.4219046005e+00    5.5214865620e+01   -1.2909034169e+01    5.4871295681e+00    2.6109196065e+00   -1.5519953775e+01    1.2800000000e+02    8.2506230001e-03    6.4453125000e-01
       175   -7.3500947479e+00    5.4142356866e+01   -1.2848443080e+01    5.4983483318e+00    2.4995508030e+00   -1.5347993883e+01    1.2800000000e+02    7.8044390002e-03    6.4794921875e-01
       176   -7.3934552066e+00    5.4855207641e+01   -1.6788677105e+01    9.3952218985e+00    2.8702275165e+00   -1.9658904622e+01    1.2800000000e+02    7.7432839998e-03    6.2695312500e-01
       177   -7.5202325555e+00    5.6800601405e+01   -2.0323335769e+01    1.2803103214e+01    2.4065151194e+00   -2.2729850889e+01    1.2800000000e+02    7.9060319995e-03    6.6406250000e-01
       178   -7.5799891345e+00    5.7796980947e+01   -1.5269519261e+01    7.6895301264e+00    2.4853000061e+00   -1.7754819267e+01    1.2800000000e+02    7.7137700000e-03    6.1914062500e-01
       179   -7.3994263473e+00    5.4877898692e+01   -1.4024285758e+01    6.6248594112e+00    2.8008233116e+00   -1.6825109070e+01    1.2800000000e+02    7.8929320007e-03    6.3916015625e-01
       180   -7.4196520332e+00    5.5305515845e+01   -1.5836480901e+01    8.4168288675e+00    2.8849022467e+00   -1.8721383147e+01    1.2800000000e+02    7.7241740000e-03    6.2841796875e-01
       181   -7.3691028461e+00    5.4443709956e+01   -1.5430000382e+01    8.0608975363e+00    2.8820294551e+00   -1.8312029838e+01    1.2800000000e+02    7.7502009999e-03    6.1376953125e-01
       182   -7.4174323196e+00    5.5170784166e+01   -1.3458221498e+01    6.0407891786e+00    2.3979331157e+00   -1.5856154614e+01    1.2800000000e+02    7.7766009999e-03    6.4208984375e-01
       183   -7.4392701884e+00    5.5526009354e+01   -1.3308179418e+01    5.8689092298e+00    2.7191278196e+00   -1.6027307238e+01    1.2800000000e+02    7.8959510001e-03    6.6015625000e-01
       184   -7.5382225014e+00    5.7087088274e+01   -1.2369505537e+01    4.8312830353e+00    2.3575543924e+00   -1.4727059929e+01    1.2800000000e+02    7.8321060000e-03    6.7919921875e-01
       185   -7.5646609389e+00    5.7513180728e+01   -1.8355587652e+01    1.0790926713e+01    2.7155214144e+00   -2.1071109067e+01    1.2800000000e+02    7.8493490000e-03    6.3720703125e-01
       186   -7.5876887028e+00    5.7848809888e+01   -2.0517615481e+01    1.2929926778e+01    2.7160106308e+00   -2.3233626112e+01    1.2800000000e+02    7.7169169999e-03    6.2353515625e-01
       187   -7.6041941964e+00    5.8172737324e+01   -1.4123222423e+01    6.5190282267e+00    2.5243103957e+00   -1.6647532819e+01    1.2800000000e+02    8.7023920005e-03    6.4697265625e-01
       188   -7.4982834070e+00    5.6598959074e+01   -1.5330010810e+01    7.8317274034e+00    2.6704211999e+00   -1.8000432010e+01    1.2800000000e+02    8.2505239998e-03    6.2646484375e-01
       189   -7.4018281374e+00    5.4950525882e+01   -1.6073175403e+01    8.6713472657e+00    2.7633149001e+00   -1.8836490303e+01    1.2800000000e+02    8.4218590000e-03    6.3769531250e-01
       190   -7.5961238686e+00    5.8033019488e+01   -1.6107543397e+01    8.5114195287e+00    2.3845671050e+00   -1.8492110502e+01    1.2800000000e+02    7.7256329996e-03    6.5966796875e-01
       191   -7.4941752943e+00    5.6489101946e+01   -1.9257746195e+01    1.1763570901e+01    2.5144511982e+00   -2.1772197394e+01    1.2800000000e+02    7.7496640006e-03    6.4013671875e-01
       192   -7.5226044049e+00    5.6921299691e+01   -1.4129389440e+01    6.6067850351e+00    2.6287455550e+00   -1.6758134995e+01    1.2800000000e+02    7.8624349999e-03    6.3525390625e-01
       193   -7.3243253042e+00    5.3863002178e+01   -1.2964982793e+01    5.6406574886e+00    3.0061697176e+00   -1.5971152510e+01    1.2800000000e+02    7.7505780000e-03    6.4062500000e-01
       194   -7.3413888431e+00    5.4066802396e+01   -1.4936489998e+01    7.5951011549e+00    2.3392139036e+00   -1.7275703902e+01    1.2800000000e+02    7.7547339997e-03    6.3867187500e-01
       195   -7.4795543317e+00    5.6149887272e+01   -1.3381557419e+01    5.9020030872e+00    2.6165556351e+00   -1.5998113054e+01    1.2800000000e+02    7.8683090005e-03    6.5869140625e-01
       196   -7.4232131250e+00    5.5298021653e+01   -1.2755276799e+01    5.3320636739e+00    2.5630907990e+00   -1.5318367598e+01    1.2800000000e+02    7.8521910000e-03    6.4355468750e-01
       197   -7.5539424657e+00    5.7303409744e+01   -1.5103880038e+01    7.5499375728e+00    2.8497445278e+00   -1.7953624566e+01    1.2800000000e+02    7.7142270002e-03    6.2792968750e-01
       198   -7.4365759328e+00    5.5565934650e+01   -1.7495450195e+01    1.0058874262e+01    2.7316748315e+00   -2.0227125026e+01    1.2800000000e+02    7.7749809998e-03    6.2158203125e-01
       199   -7.6328449148e+00    5.8452297764e+01   -1.4941456115e+01    7.3086111998e+00    2.6471208447e+00   -1.7588576959e+01    1.2800000000e+02    7.8068150005e-03    6.3964843750e-01
       200   -7.4358278748e+00    5.5454016725e+01   -1.2835178783e+01    5.3993509087e+00    2.7269521356e+00   -1.5562130919e+01    1.2800000000e+02    7.8127699999e-03    6.3281250000e-01
       201   -7.5971225347e+00    5.8200676038e+01   -1.7946912259e+01    1.0349789724e+01    2.9421170182e+00   -2.0889029277e+01    1.2800000000e+02    7.7973930001e-03    6.3574218750e-01
       202   -7.4261068766e+00    5.5316278929e+01   -1.3365552932e+01    5.9394460558e+00    2.6711238164e+00   -1.6036676749e+01    1.2800000000e+02    7.8680340002e-03    6.5039062500e-01
       203   -7.4270069150e+00    5.5311370022e+01   -1.3114790571e+01    5.6877836561e+00    2.5076245924e+00   -1.5622415163e+01    1.2800000000e+02    7.8384319995e-03    6.4208984375e-01
       204   -7.4862081524e+00    5.6191412579e+01   -1.4388145532e+01    6.9019373801e+00    2.9566467157e+00   -1.7344792248e+01    1.2800000000e+02    7.8180290002e-03    6.3085937500e-01
       205   -7.4883304021e+00    5.6301333478e+01   -1.7337316705e+01    9.8489863024e+00    2.7829719064e+00   -2.0120288611e+01    1.2800000000e+02    7.7377879998e-03    6.2304687500e-01
       206   -7.4262967596e+00    5.5289734964e+01   -1.6540269025e+01    9.1139722650e+00    2.3464474173e+00   -1.8886716442e+01    1.2800000000e+02    7.8196810000e-03    6.3916015625e-01
       207   -7.3827626114e+00    5.4613737902e+01   -1.1743221739e+01    4.3604591271e+00    2.5847605038e+00   -1.4327982242e+01    1.2800000000e+02    8.0324040000e-03    6.4453125000e-01
       208   -7.4873437599e+00    5.6344130185e+01   -1.4941442377e+01    7.4540986170e+00    2.8005247927e+00   -1.7741967170e+01    1.2800000000e+02    7.7407809995e-03    6.3525390625e-01
       209   -7.3800879322e+00    5.4590997973e+01   -1.4089075154e+01    6.7089872218e+00    2.7904360779e+00   -1.6879511232e+01    1.2800000000e+02    7.7846710001e-03    6.2451171875e-01
       210   -7.3038375253e+00    5.3494384553e+01   -1.3415655162e+01    6.1118176366e+00    2.5786364519e+00   -1.5994291614e+01    1.2800000000e+02    7.7247250001e-03    6.3525390625e-01
       211   -7.4625866351e+00    5.5909026446e+01   -1.4183316081e+01    6.7207294459e+00    2.8497884230e+00   -1.7033104504e+01    1.2800000000e+02    7.7429090006e-03    6.3134765625e-01
       212   -7.5140309036e+00    5.6697255565e+01   -1.3749919754e+01    6.2358888504e+00    2.6736381907e+00   -1.6423557945e+01    1.2800000000e+02    7.7716290007e-03    6.5039062500e-01
       213   -7.4250385785e+00    5.5295499383e+01   -1.2900759999e+01    5.4757214206e+00    2.5738777314e+00   -1.5474637730e+01    1.2800000000e+02    7.8866659996e-03    6.5966796875e-01
       214   -7.3681210298e+00    5.4411489798e+01   -1.3628949881e+01    6.2608288515e+00    2.3836926454e+00   -1.6012642527e+01    1.2800000000e+02    7.7600200002e-03    6.5966796875e-01
       215   -7.4355839379e+00    5.5404456797e+01   -1.1596031360e+01    4.1604474216e+00    2.8135146242e+00   -1.4409545984e+01    1.2800000000e+02    7.9192349995e-03    6.5576171875e-01
       216   -7.6601375126e+00    5.9083745649e+01   -1.5600298170e+01    7.9401606575e+00    2.8846821031e+00   -1.8484980273e+01    1.2800000000e+02    7.7038390000e-03    6.2646484375e-01
       217   -7.2499220747e+00    5.2665259870e+01   -1.2531491373e+01    5.2815692982e+00    2.5436362155e+00   -1.5075127588e+01    1.2800000000e+02    7.8976579998e-03    6.2792968750e-01
       218   -7.3126711347e+00    5.3645162658e+01   -1.4380193471e+01    7.0675223361e+00    2.4997441341e+00   -1.6879937605e+01    1.2800000000e+02    7.7788589997e-03    6.4208984375e-01
       219   -7.3726964822e+00    5.4530899407e+01   -1.2851333222e+01    5.4786367397e+00    2.6389659067e+00   -1.5490299129e+01    1.2800000000e+02    8.2023400000e-03    6.4453125000e-01
       220   -7.4158643643e+00    5.5198830315e+01   -1.3965635900e+01    6.5497715356e+00    2.6970197919e+00   -1.6662655692e+01    1.2800000000e+02    7.7356659995e-03    6.3867187500e-01
       221   -7.3883715943e+00    5.4761257162e+01   -1.5113970695e+01    7.7255991009e+00    2.4943118930e+00   -1.7608282588e+01    1.2800000000e+02    7.9060150001e-03    6.7041015625e-01
       222   -7.4299401325e+00    5.5454334052e+01   -1.2400385851e+01    4.9704457181e+00    2.5442891547e+00   -1.4944675005e+01    1.2800000000e+02    7.7474499994e-03    6.4111328125e-01
       223   -7.4674787451e+00    5.5872620268e+01   -1.3166157936e+01    5.6986791906e+00    2.4766564605e+00   -1.5642814396e+01    1.2800000000e+02    7.7432669996e-03    6.3964843750e-01
       224   -7.5581093147e+00    5.7445143024e+01   -1.6355484894e+01    8.7973755790e+00    2.7119659003e+00   -1.9067450794e+01    1.2800000000e+02    7.6994649999e-03    6.2939453125e-01
       225   -7.6264187512e+00    5.8574873827e+01   -1.9190156283e+01    1.1563737532e+01    3.0265575780e+00   -2.2216713861e+01    1.2800000000e+02    7.6289650005e-03    6.1425781250e-01
       226   -7.6929017747e+00    5.9539400697e+01   -1.4635197443e+01    6.9422956678e+00    2.7188001555e+00   -1.7353997598e+01    1.2800000000e+02    7.7748210006e-03    6.3574218750e-01
       227   -7.3492637843e+00    5.4200512393e+01   -1.5732411519e+01    8.3831477348e+00    3.1623583178e+00   -1.8894769837e+01    1.2800000000e+02    7.7004240002e-03    6.1767578125e-01
       228   -7.3851319298e+00    5.4654602668e+01   -1.3114352587e+01    5.7292206569e+00    2.4256109346e+00   -1.5539963521e+01    1.2800000000e+02    7.9172959995e-03    6.8212890625e-01
       229   -7.3438660212e+00    5.4065638037e+01   -1.0968463101e+01    3.6245970801e+00    2.3864390926e+00   -1.3354902194e+01    1.2800000000e+02    7.8661809994e-03    6.6748046875e-01
       230   -7.5761100329e+00    5.7651890809e+01   -1.3933941840e+01    6.3578318072e+00    2.8601909919e+00   -1.6794132832e+01    1.2800000000e+02    7.9452649998e-03    6.3671875000e-01
       231   -7.6230854596e+00    5.8403630638e+01   -2.3767362269e+01    1.6144276810e+01    2.6528852022e+00   -2.6420247471e+01    1.2800000000e+02    7.9220110001e-03    6.1230468750e-01
       232   -7.4047231096e+00    5.5059137694e+01   -2.4630402451e+01    1.7225679341e+01    3.3213705403e+00   -2.7951772991e+01    1.2800000000e+02    9.3535650003e-03    6.0546875000e-01
       233   -7.5327971831e+00    5.7022998098e+01   -1.3917835884e+01    6.3850387014e+00    2.5323299404e+00   -1.6450165825e+01    1.2800000000e+02    7.7973309999e-03    6.3769531250e-01
       234   -7.4357272583e+00    5.5423809077e+01   -1.1728769146e+01    4.2930418872e+00    2.5881709953e+00   -1.4316940141e+01    1.2800000000e+02    7.9946409996e-03    6.5185546875e-01
       235   -7.6544153178e+00    5.8824583059e+01   -2.1483701679e+01    1.3829286362e+01    2.7510387826e+00   -2.4234740462e+01    1.2800000000e+02    7.7273870002e-03    6.1621093750e-01
       236   -7.4356651352e+00    5.5478444295e+01   -1.2164412406e+01    4.7287472710e+00    2.2789885585e+00   -1.4443400965e+01    1.2800000000e+02    7.9068260002e-03    6.7236328125e-01
       237   -7.5640563363e+00    5.7463007551e+01   -1.4595063123e+01    7.0310067863e+00    2.3623838738e+00   -1.6957446996e+01    1.2800000000e+02    7.6947100006e-03    6.3232421875e-01
       238   -7.5294242184e+00    5.6966727866e+01   -1.2617597327e+01    5.0881731086e+00    2.4274462243e+00   -1.5045043551e+01    1.2800000000e+02    7.8546140003e-03    6.5527343750e-01
       239   -7.4300374036e+00    5.5387105788e+01   -1.5220479711e+01    7.7904423076e+00    2.5246500935e+00   -1.7745129805e+01    1.2800000000e+02    7.7244610002e-03    6.2841796875e-01
       240   -7.4788890586e+00    5.6198906078e+01   -2.0140054301e+01    1.2661165243e+01    2.9025134210e+00   -2.3042567722e+01    1.2800000000e+02    7.7407589997e-03    6.1718750000e-01
       241   -7.6029574176e+00    5.8182183125e+01   -1.4384940601e+01    6.7819831837e+00    2.7259118735e+00   -1.7110852475e+01    1.2800000000e+02    7.7808090000e-03    6.4062500000e-01
       242   -7.4894680281e+00    5.6325981121e+01   -1.2749983073e+01    5.2605150452e+00    2.8772323788e+00   -1.5627215452e+01    1.2800000000e+02    7.8473009999e-03    6.4208984375e-01
       243   -7.3957937362e+00    5.4892167094e+01   -1.8314087636e+01    1.0918293899e+01    2.9019901004e+00   -2.1216077736e+01    1.2800000000e+02    7.6728790000e-03    6.2207031250e-01
       244   -7.3994075536e+00    5.5027070154e+01   -1.1723245541e+01    4.3238379872e+00    2.2101460022e+00   -1.3933391543e+01    1.2800000000e+02    7.7820369997e-03    6.5820312500e-01
       245   -7.4787522853e+00    5.6279733623e+01   -1.5518864102e+01    8.0401118172e+00    2.4464853601e+00   -1.7965349463e+01    1.2800000000e+02    7.7833730002e-03    6.3867187500e-01
       246   -7.3721561172e+00    5.4506833523e+01   -1.2398008245e+01    5.0258521275e+00    2.5561737871e+00   -1.4954182032e+01    1.2800000000e+02    7.9024459992e-03    6.4404296875e-01
       247   -7.3575579883e+00    5.4323756088e+01   -1.1206444429e+01    3.8488864411e+00    2.4094752129e+00   -1.3615919642e+01    1.2800000000e+02    8.0190110002e-03    6.4355468750e-01
       248   -7.6174830658e+00    5.8443939987e+01   -1.5755654154e+01    8.1381710885e+00    2.9632740500e+00   -1.8718928204e+01    1.2800000000e+02    7.8536500005e-03    6.4208984375e-01
       249   -7.4704505772e+00    5.6028256397e+01   -1.4526406707e+01    7.0559561301e+00    2.7006144545e+00   -1.7227021162e+01    1.2800000000e+02    7.8052460003e-03    6.2792968750e-01
       250   -7.5576809210e+00    5.7433492796e+01   -1.5521372631e+01    7.9636917097e+00    2.6769329230e+00   -1.8198305554e+01    1.2800000000e+02    7.7745590006e-03    6.2890625000e-01
       251   -7.5010178741e+00    5.6480674598e+01   -1.7536353243e+01    1.0035335368e+01    2.8574393223e+00   -2.0393792565e+01    1.2800000000e+02    7.7755929997e-03    6.2988281250e-01
       252   -7.4768418023e+00    5.6101099386e+01   -1.3827778886e+01    6.3509370838e+00    2.1159740646e+00   -1.5943752951e+01    1.2800000000e+02    7.7428029999e-03    6.5869140625e-01
       253   -7.3991814437e+00    5.4913455539e+01   -1.3402870583e+01    6.0036891395e+00    2.5671912900e+00   -1.5970061873e+01    1.2800000000e+02    7.8669869999e-03    6.4794921875e-01
       254   -7.4347604450e+00    5.5531149624e+01   -1.6059447844e+01    8.6246873992e+00    2.8238634700e+00   -1.8883311314e+01    1.2800000000e+02    7.6311200000e-03    6.2060546875e-01
       255   -7.5951637347e+00    5.7991587248e+01   -1.7307101096e+01    9.7119373610e+00    2.5981623027e+00   -1.9905263398e+01    1.2800000000e+02    7.8241510000e-03    6.4208984375e-01
       256   -7.4411379454e+00    5.5566942872e+01   -1.2442217778e+01    5.0010798329e+00    2.6970367694e+00   -1.5139254548e+01    1.2800000000e+02    7.8383000000e-03    6.5283203125e-01
       257   -7.4221051003e+00    5.5354698456e+01   -1.2960376614e+01    5.5382715137e+00    2.7437364356e+00   -1.5704113050e+01    1.2800000000e+02    7.8550120006e-03    6.4453125000e-01
       258   -7.4231832533e+00    5.5335019621e+01   -1.3873116329e+01    6.4499330759e+00    2.9160373656e+00   -1.6789153695e+01    1.2800000000e+02    7.7959520004e-03    6.4111328125e-01
       259   -7.3626629736e+00    5.4326329140e+01   -1.1895569152e+01    4.5329061783e+00    2.7204090523e+00   -1.4615978204e+01    1.2800000000e+02    7.9042779998e-03    6.6308593750e-01
       260   -7.4401694314e+00    5.5525409177e+01   -1.0793107980e+01    3.3529385485e+00    2.4123665500e+00   -1.3205474530e+01    1.2800000000e+02    7.8481009996e-03    6.6259765625e-01
       261   -7.4727074031e+00    5.6101424018e+01   -1.4740755559e+01    7.2680481555e+00    2.7362785436e+00   -1.7477034102e+01    1.2800000000e+02    7.7343129997e-03    6.2011718750e-01
       262   -7.5640770643e+00    5.7505646504e+01   -1.8571693340e+01    1.1007616276e+01    2.5655241832e+00   -2.1137217524e+01    1.2800000000e+02    7.7515120001e-03    6.2548828125e-01
       263   -7.5577779378e+00    5.7398714075e+01   -1.7522362352e+01    9.9645844140e+00    3.1542461648e+00   -2.0676608517e+01    1.2800000000e+02    7.7412499995e-03    6.2548828125e-01
       264   -7.3904883540e+00    5.4958605677e+01   -1.4547617891e+01    7.1571295367e+00    3.1214984434e+00   -1.7669116334e+01    1.2800000000e+02    7.7868859998e-03    6.3330078125e-01
       265   -7.4678613073e+00    5.6045258633e+01   -1.6853505158e+01    9.3856438508e+00    2.8194480478e+00   -1.9672953206e+01    1.2800000000e+02    7.7311290006e-03    6.2597656250e-01
       266   -7.3747559005e+00    5.4567789391e+01   -3.2382072884e+01    2.5007316983e+01    2.5119133195e+00   -3.4893986203e+01    1.2800000000e+02    7.7259919999e-03    6.2500000000e-01
       267   -7.6355297462e+00    5.8768260185e+01   -1.5483300335e+01    7.8477705891e+00    2.7652048974e+00   -1.8248505233e+01    1.2800000000e+02    7.7559640004e-03    6.2939453125e-01
       268   -7.4266808322e+00    5.5409527278e+01   -1.7032474658e+01    9.6057938256e+00    2.5938035735e+00   -1.9626278231e+01    1.2800000000e+02    7.7326999999e-03    6.3134765625e-01
       269   -7.5153828638e+00    5.6739099799e+01   -1.6088294086e+01    8.5729112219e+00    3.1395382639e+00   -1.9227832350e+01    1.2800000000e+02    7.7145189998e-03    6.1572265625e-01
       270   -7.4191705210e+00    5.5483985308e+01   -1.7887480072e+01    1.0468309551e+01    2.8459197230e+00   -2.0733399795e+01    1.2800000000e+02    7.7263329995e-03    6.1181640625e-01
       271   -7.4998605305e+00    5.6482502580e+01   -1.4904987515e+01    7.4051269848e+00    2.7739023376e+00   -1.7678889853e+01    1.2800000000e+02    7.7456909994e-03    6.2792968750e-01
       272   -7.4844338288e+00    5.6131726222e+01   -1.1193555595e+01    3.7091217663e+00    2.6007561637e+00   -1.3794311759e+01    1.2800000000e+02    7.8688790009e-03    6.6748046875e-01
       273   -7.5041255097e+00    5.6497596926e+01   -1.3303731495e+01    5.7996059853e+00    2.3106633183e+00   -1.5614394813e+01    1.2800000000e+02    7.7980469996e-03    6.5380859375e-01
       274   -7.3873646034e+00    5.4701237534e+01   -1.4161824364e+01    6.7744597606e+00    2.5570642348e+00   -1.6718888599e+01    1.2800000000e+02    8.0188250004e-03    6.2353515625e-01
       275   -7.4392618153e+00    5.5520580507e+01   -1.2794604347e+01    5.3553425315e+00    2.3592960872e+00   -1.5153900434e+01    1.2800000000e+02    7.7807250000e-03    6.5917968750e-01
       276   -7.5062542548e+00    5.6517007518e+01   -1.8772043645e+01    1.1265789390e+01    2.5077551817e+00   -2.1279798827e+01    1.2800000000e+02    7.8901460001e-03    6.4160156250e-01
       277   -7.4964833492e+00    5.6394555389e+01   -1.3862070918e+01    6.3655875685e+00    2.5049234959e+00   -1.6366994414e+01    1.2800000000e+02    7.7232280000e-03    6.2988281250e-01
       278   -7.4169361805e+00    5.5117969933e+01   -1.1952435022e+01    4.5354988413e+00    2.5894121172e+00   -1.4541847139e+01    1.2800000000e+02    7.8464129992e-03    6.3574218750e-01
       279   -7.4922536685e+00    5.6278243880e+01   -2.1106129991e+01    1.3613876323e+01    2.7726260018e+00   -2.3878755993e+01    1.2800000000e+02    8.2811860002e-03    6.4355468750e-01
       280   -7.6318535746e+00    5.8550410097e+01   -1.5331388267e+01    7.6995346927e+00    2.7525528928e+00   -1.8083941160e+01    1.2800000000e+02    8.4808749998e-03    6.3916015625e-01
       281   -7.6017564996e+00    5.8006149158e+01   -1.5967430777e+01    8.3656742769e+00    2.6120737374e+00   -1.8579504514e+01    1.2800000000e+02    7.9820480005e-03    6.4697265625e-01
       282   -7.4352382953e+00    5.5458168465e+01   -1.6311573950e+01    8.8763356546e+00    2.9901107576e+00   -1.9301684707e+01    1.2800000000e+02    7.7362060001e-03    6.1572265625e-01
       283   -7.3583994680e+00    5.4386151928e+01   -1.2700013017e+01    5.3416135485e+00    2.6759027279e+00   -1.5375915744e+01    1.2800000000e+02    7.8615210005e-03    6.3769531250e-01
       284   -7.4401509645e+00    5.5536067894e+01   -1.1832761841e+01    4.3926108765e+00    2.7234137519e+00   -1.4556175593e+01    1.2800000000e+02    7.8644799996e-03    6.6308593750e-01
       285   -7.7118992896e+00    5.9863281347e+01   -1.5601148931e+01    7.8892496417e+00    2.7357268586e+00   -1.8336875790e+01    1.2800000000e+02    8.1240330001e-03    6.3378906250e-01
       286   -7.7364338280e+00    6.0510554904e+01   -1.6524343017e+01    8.7879091893e+00    3.0643343081e+00   -1.9588677325e+01    1.2800000000e+02    9.3889489999e-03    6.2353515625e-01
       287   -7.7737594217e+00    6.0887325053e+01   -1.4978556677e+01    7.2047972551e+00    2.8836838141e+00   -1.7862240491e+01    1.2800000000e+02    7.9312830003e-03    6.2695312500e-01
       288   -7.3847351103e+00    5.4627711219e+01   -1.1716202544e+01    4.3314674337e+00    2.5154511727e+00   -1.4231653717e+01    1.2800000000e+02    7.7630169999e-03    6.3867187500e-01
       289   -7.4426322905e+00    5.5626739225e+01   -1.1543866750e+01    4.1012344600e+00    2.3553389519e+00   -1.3899205702e+01    1.2800000000e+02    7.8351849997e-03    6.5869140625e-01
       290   -7.3419937965e+00    5.4075019981e+01   -1.1143380060e+01    3.8013862631e+00    2.3895129570e+00   -1.3532893017e+01    1.2800000000e+02    7.8728720000e-03    6.6552734375e-01
       291   -7.5044937525e+00    5.6662078580e+01   -1.2659989961e+01    5.1554962089e+00    2.3575977459e+00   -1.5017587707e+01    1.2800000000e+02    7.8556779999e-03    6.7578125000e-01
       292   -7.5444065300e+00    5.7173498097e+01   -1.6143673184e+01    8.5992666539e+00    2.3642911662e+00   -1.8507964350e+01    1.2800000000e+02    7.7082859998e-03    6.4501953125e-01
       293   -7.6318368597e+00    5.8661314367e+01   -1.5522352976e+01    7.8905161162e+00    2.9117506651e+00   -1.8434103641e+01    1.2800000000e+02    7.8029359993e-03    6.4257812500e-01
       294   -7.7252879417e+00    6.0041746371e+01   -2.9139397326e+01    2.1414109385e+01    3.9789902673e+00   -3.3118387594e+01    1.2800000000e+02    7.7618969999e-03    6.0791015625e-01
       295   -7.4354299518e+00    5.5467090295e+01   -1.6727049655e+01    9.2916197032e+00    2.2538454281e+00   -1.8980895083e+01    1.2800000000e+02    7.7039930002e-03    6.5136718750e-01
       296   -7.5343412016e+00    5.6994140145e+01   -1.3589859753e+01    6.0555185513e+00    2.5321090453e+00   -1.6121968798e+01    1.2800000000e+02    7.8149880001e-03    6.6259765625e-01
       297   -7.3589594918e+00    5.4270108107e+01   -1.2678830013e+01    5.3198705213e+00    2.4780112197e+00   -1.5156841233e+01    1.2800000000e+02    7.7654690003e-03    6.2744140625e-01
       298   -7.3931736780e+00    5.4851691631e+01   -1.6536906703e+01    9.1437330249e+00    2.5337596097e+00   -1.9070666313e+01    1.2800000000e+02    7.7004730001e-03    6.3427734375e-01
       299   -7.4393838752e+00    5.5529175718e+01   -1.6459625143e+01    9.0202412676e+00    2.6067382426e+00   -1.9066363385e+01    1.2800000000e+02    7.6332250001e-03    6.3916015625e-01
       300   -7.3369076704e+00    5.3908828653e+01   -1.1555431768e+01    4.2185240973e+00    2.3959872792e+00   -1.3951419047e+01    1.2800000000e+02    7.8177280002e-03    6.4501953125e-01
       301   -7.5894039795e+00    5.7881545339e+01   -1.6181532513e+01    8.5921285331e+00    2.6459570273e+00   -1.8827489540e+01    1.2800000000e+02    7.7247269992e-03    6.3330078125e-01
       302   -7.2642353048e+00    5.2998994420e+01   -1.4116530388e+01    6.8522950827e+00    2.5842661210e+00   -1.6700796508e+01    1.2800000000e+02    7.8262970001e-03    6.5087890625e-01
       303   -7.3834242251e+00    5.4704949720e+01   -1.3843145306e+01    6.4597210810e+00    3.1076222222e+00   -1.6950767528e+01    1.2800000000e+02    7.6978569996e-03    6.2451171875e-01
       304   -7.4670563516e+00    5.5969683537e+01   -1.3676569490e+01    6.2095131383e+00    2.6132413479e+00   -1.6289810838e+01    1.2800000000e+02    7.8856569999e-03    6.4111328125e-01
       305   -7.5600274164e+00    5.7630813888e+01   -1.4165359217e+01    6.6053318009e+00    3.1999220049e+00   -1.7365281222e+01    1.2800000000e+02    7.7163360002e-03    6.2109375000e-01
       306   -7.5140295854e+00    5.6704811049e+01   -1.2999752022e+01    5.4857224364e+00    2.4709754744e+00   -1.5470727496e+01    1.2800000000e+02    7.8523590000e-03    6.5185546875e-01
       307   -7.5630111629e+00    5.7515147138e+01   -1.3623390810e+01    6.0603796471e+00    2.6509137932e+00   -1.6274304603e+01    1.2800000000e+02    7.7578809996e-03    6.4404296875e-01
       308   -7.4921896194e+00    5.6343269730e+01   -1.7310601691e+01    9.8184120720e+00    2.9304709527e+00   -2.0241072644e+01    1.2800000000e+02    7.7929039999e-03    6.2548828125e-01
       309   -7.6093855769e+00    5.8298048386e+01   -1.5185455584e+01    7.5760700071e+00    2.8209790671e+00   -1.8006434651e+01    1.2800000000e+02    7.6730629999e-03    6.1767578125e-01
       310   -7.4863764948e+00    5.6284510357e+01   -1.6109669681e+01    8.6232931863e+00    2.2452337242e+00   -1.8354903405e+01    1.2800000000e+02    7.7606730001e-03    6.4697265625e-01
       311   -7.4484040433e+00    5.5714372406e+01   -1.6102635677e+01    8.6542316340e+00    2.6055661129e+00   -1.8708201790e+01    1.2800000000e+02    7.7913140003e-03    6.4697265625e-01
       312   -7.5279706987e+00    5.6888993558e+01   -1.8848287946e+01    1.1320317247e+01    3.0530961493e+00   -2.1901384095e+01    1.2800000000e+02    7.9589229999e-03    6.2646484375e-01
       313   -7.4545310367e+00    5.5823953080e+01   -1.3551520228e+01    6.0969891912e+00    2.7242408917e+00   -1.6275761120e+01    1.2800000000e+02    7.9460570005e-03    6.4843750000e-01
       314   -7.5283794089e+00    5.6997587662e+01   -1.4937741467e+01    7.4093620578e+00    2.8790226886e+00   -1.7816764155e+01    1.2800000000e+02    7.8100060000e-03    6.2500000000e-01
       315   -7.3957499968e+00    5.4934460274e+01   -1.2515070315e+01    5.1193203185e+00    2.0873986443e+00   -1.4602468960e+01    1.2800000000e+02    7.7674600007e-03    6.6406250000e-01
       316   -7.4522105589e+00    5.5747565171e+01   -1.3882130420e+01    6.4299198611e+00    2.5268661226e+00   -1.6408996543e+01    1.2800000000e+02    8.6408030002e-03    6.4257812500e-01
       317   -7.5828114610e+00    5.7750792567e+01   -1.7317186993e+01    9.7343755315e+00    2.7942489361e+00   -2.0111435929e+01    1.2800000000e+02    7.6482490003e-03    6.1669921875e-01
       318   -7.4517238543e+00    5.5715589766e+01   -1.2218756246e+01    4.7670323917e+00    2.5075734318e+00   -1.4726329678e+01    1.2800000000e+02    7.7920869999e-03    6.4892578125e-01
       319   -7.5162044035e+00    5.6906681822e+01   -1.4201908092e+01    6.6857036880e+00    2.6919693187e+00   -1.6893877410e+01    1.2800000000e+02    7.8289510002e-03    6.3281250000e-01
       320   -7.3088920814e+00    5.3559892367e+01   -1.2320132219e+01    5.0112401371e+00    2.7141145311e+00   -1.5034246750e+01    1.2800000000e+02    7.7953130003e-03    6.4794921875e-01
       321   -7.4834737398e+00    5.6255694617e+01   -1.5583762477e+01    8.1002887369e+00    3.0304430485e+00   -1.8614205525e+01    1.2800000000e+02    7.7887340003e-03    6.2207031250e-01
       322   -7.2799215494e+00    5.3152076599e+01   -1.1870247581e+01    4.5903260321e+00    2.4329319684e+00   -1.4303179550e+01    1.2800000000e+02    7.7948730004e-03    6.5185546875e-01
       323   -7.4768987234e+00    5.6166874603e+01   -1.4505859154e+01    7.0289604311e+00    2.1841928393e+00   -1.6690051994e+01    1.2800000000e+02    7.8179269995e-03    6.4794921875e-01
       324   -7.4235027301e+00    5.5379792488e+01   -1.9017416965e+01    1.1593914235e+01    2.6613692958e+00   -2.1678786261e+01    1.2800000000e+02    7.6985730002e-03    5.9912109375e-01
       325   -7.3083445211e+00    5.3534984707e+01   -1.0527725807e+01    3.2193812856e+00    2.6169767814e+00   -1.3144702588e+01    1.2800000000e+02    7.9212470000e-03    6.4990234375e-01
       326   -7.4387541897e+00    5.5551625071e+01   -1.5001533991e+01    7.5627798014e+00    2.4244921791e+00   -1.7426026170e+01    1.2800000000e+02    7.7177509993e-03    6.4941406250e-01
       327   -7.5625545709e+00    5.7547346515e+01   -1.3646906616e+01    6.0843520447e+00    2.4432762711e+00   -1.6090182887e+01    1.2800000000e+02    7.7728189999e-03    6.5673828125e-01
       328   -7.6663116074e+00    5.9128530081e+01   -2.1077183288e+01    1.3410871681e+01    2.4077779950e+00   -2.3484961283e+01    1.2800000000e+02    7.5679759993e-03    6.2548828125e-01
       329   -7.4701489243e+00    5.5963015669e+01   -1.4213258977e+01    6.7431100522e+00    2.4271130069e+00   -1.6640371983e+01    1.2800000000e+02    7.8396760000e-03    6.3818359375e-01
       330   -7.4265791233e+00    5.5376879925e+01   -1.3191343861e+01    5.7647647373e+00    2.3165469912e+00   -1.5507890852e+01    1.2800000000e+02    7.7628070003e-03    6.3671875000e-01
       331   -7.3855584217e+00    5.4796159006e+01   -1.2640600547e+01    5.2550421252e+00    2.6309576930e+00   -1.5271558240e+01    1.2800000000e+02    7.8247339998e-03    6.3281250000e-01
       332   -7.4331709732e+00    5.5432735319e+01   -1.3576798946e+01    6.1436279729e+00    2.7370115419e+00   -1.6313810488e+01    1.2800000000e+02    7.7821590003e-03    6.4550781250e-01
       333   -7.4112610545e+00    5.5196809852e+01   -1.5484712440e+01    8.0734513854e+00    2.8440909772e+00   -1.8328803417e+01    1.2800000000e+02    7.7789770003e-03    6.2500000000e-01
       334   -7.6675250192e+00    5.9094330952e+01   -2.1996711018e+01    1.4329185999e+01    2.4185617919e+00   -2.4415272810e+01    1.2800000000e+02    7.9199429993e-03    6.4843750000e-01
       335   -7.3405205631e+00    5.4015048096e+01   -1.2117097819e+01    4.7765772558e+00    2.4498334646e+00   -1.4566931283e+01    1.2800000000e+02    7.8147490003e-03    6.4941406250e-01
       336   -7.4770637506e+00    5.6060914309e+01   -1.5768114365e+01    8.2910506140e+00    2.5639404472e+00   -1.8332054812e+01    1.2800000000e+02    7.7796109999e-03    6.2890625000e-01
       337   -7.5585661062e+00    5.7363339945e+01   -1.3170242435e+01    5.6116763283e+00    2.4035594634e+00   -1.5573801898e+01    1.2800000000e+02    7.7807029993e-03    6.4941406250e-01
       338   -7.4860752705e+00    5.6267143805e+01   -1.9292886612e+01    1.1806811341e+01    2.6351979781e+00   -2.1928084590e+01    1.2800000000e+02    7.7201260001e-03    6.2890625000e-01
       339   -7.4074592535e+00    5.5123153201e+01   -1.6373661192e+01    8.9662019385e+00    2.6788845187e+00   -1.9052545711e+01    1.2800000000e+02    7.8090739999e-03    6.3134765625e-01
       340   -7.3968089194e+00    5.4929145792e+01   -1.6915373680e+01    9.5185647611e+00    2.7195962689e+00   -1.9634969949e+01    1.2800000000e+02    7.9745419998e-03    6.3720703125e-01
       341   -7.5724038707e+00    5.7598693838e+01   -1.4209138603e+01    6.6367347327e+00    2.5122815740e+00   -1.6721420177e+01    1.2800000000e+02    7.8237379994e-03    6.6406250000e-01
       342   -7.3441523022e+00    5.4068938425e+01   -1.2101790773e+01    4.7576384712e+00    2.4235658790e+00   -1.4525356652e+01    1.2800000000e+02    7.8524830005e-03    6.5869140625e-01
       343   -7.3676250662e+00    5.4490751959e+01   -1.5272439503e+01    7.9048144365e+00    2.4803624433e+00   -1.7752801946e+01    1.2800000000e+02    7.7629549996e-03    6.3281250000e-01
       344   -7.4481013666e+00    5.5635184675e+01   -1.3208340314e+01    5.7602389479e+00    2.6445735177e+00   -1.5852913832e+01    1.2800000000e+02    7.8486860002e-03    6.4404296875e-01
       345   -7.4980172818e+00    5.6362548676e+01   -1.3500307003e+01    6.0022897213e+00    2.7188564964e+00   -1.6219163500e+01    1.2800000000e+02    1.0117433000e-02    6.4453125000e-01
       346   -7.4053514217e+00    5.5014429058e+01   -1.5095336404e+01    7.6899849826e+00    2.3804832696e+00   -1.7475819674e+01    1.2800000000e+02    1.6047313999e-02    6.3769531250e-01
       347   -7.4837763710e+00    5.6178453285e+01   -1.2309141422e+01    4.8253650512e+00    2.5493061122e+00   -1.4858447534e+01    1.2800000000e+02    1.6704942001e-02    6.4404296875e-01
       348   -7.3182387990e+00    5.3693781496e+01   -1.1832297647e+01    4.5140588484e+00    2.9300860971e+00   -1.4762383744e+01    1.2800000000e+02    1.3570302001e-02    6.4599609375e-01
       349   -7.3961552932e+00    5.4913006425e+01   -1.5138958142e+01    7.7428028487e+00    2.5000442503e+00   -1.7639002392e+01    1.2800000000e+02    7.7707210003e-03    6.3671875000e-01
       350   -7.4475849325e+00    5.5676750074e+01   -1.4719010489e+01    7.2714255565e+00    2.7422818927e+00   -1.7461292382e+01    1.2800000000e+02    7.8019560005e-03    6.4501953125e-01
       351   -7.3880589349e+00    5.4772731638e+01   -1.2929824777e+01    5.5417658417e+00    2.2549015789e+00   -1.5184726355e+01    1.2800000000e+02    7.8238380001e-03    6.6748046875e-01
       352   -7.4225376856e+00    5.5192492196e+01   -1.1949585560e+01    4.5270478746e+00    2.0887959715e+00   -1.4038381532e+01    1.2800000000e+02    7.6889779994e-03    6.4648437500e-01
       353   -7.4621655047e+00    5.5849716672e+01   -1.2383348074e+01    4.9211825690e+00    2.6872029530e+00   -1.5070551027e+01    1.2800000000e+02    7.7892800000e-03    6.3183593750e-01
       354   -7.4991203934e+00    5.6448612616e+01   -1.4798174187e+01    7.2990537936e+00    2.5735596079e+00   -1.7371733795e+01    1.2800000000e+02    7.7645089996e-03    6.3183593750e-01
       355   -7.4649446042e+00    5.5957504686e+01   -1.3607188781e+01    6.1422441763e+00    2.4847460151e+00   -1.6091934796e+01    1.2800000000e+02    7.8069140009e-03    6.4941406250e-01
       356   -7.3933891057e+00    5.4867501502e+01   -1.2151594063e+01    4.7582049577e+00    2.3329954759e+00   -1.4484589539e+01    1.2800000000e+02    7.9130860004e-03    6.7138671875e-01
       357   -7.3598563133e+00    5.4311972667e+01   -1.3586609248e+01    6.2267529347e+00    2.4802218517e+00   -1.6066831100e+01    1.2800000000e+02    7.8401249993e-03    6.4892578125e-01
       358   -7.5255247509e+00    5.6830814974e+01   -1.3730782092e+01    6.2052573407e+00    2.4180546896e+00   -1.6148836781e+01    1.2800000000e+02    8.2852820005e-03    6.5234375000e-01
       359   -7.4892457648e+00    5.6438264788e+01   -1.5056680590e+01    7.5674348252e+00    2.3887171872e+00   -1.7445397777e+01    1.2800000000e+02    8.1889679996e-03    6.4746093750e-01
       360   -7.3935863473e+00    5.4976276926e+01   -1.2836706533e+01    5.4431201854e+00    3.0126892536e+00   -1.5849395786e+01    1.2800000000e+02    7.9028860000e-03    6.5429687500e-01
       361   -7.4953834917e+00    5.6312522725e+01   -1.1943962491e+01    4.4485789996e+00    2.4336362288e+00   -1.4377598720e+01    1.2800000000e+02    7.8459510005e-03    6.6552734375e-01
       362   -7.5597099547e+00    5.7325828368e+01   -1.3494210518e+01    5.9345005636e+00    2.2844148238e+00   -1.5778625342e+01    1.2800000000e+02    7.9898630001e-03    6.5283203125e-01
       363   -7.4314496138e+00    5.5351006465e+01   -1.2000535751e+01    4.5690861367e+00    2.8984013299e+00   -1.4898937080e+01    1.2800000000e+02    9.0912129999e-03    6.3476562500e-01
       364   -7.3522897176e+00    5.4177590383e+01   -1.2463206121e+01    5.1109164037e+00    2.8033730876e+00   -1.5266579209e+01    1.2800000000e+02    8.0410410001e-03    6.5527343750e-01
       365   -7.7449620272e+00    6.0360954925e+01   -1.8051975450e+01    1.0307013423e+01    2.4441321409e+00   -2.0496107591e+01    1.2800000000e+02    7.7874429999e-03    6.4013671875e-01
       366   -7.3541677577e+00    5.4245032701e+01   -1.3152855064e+01    5.7986873058e+00    2.9957616358e+00   -1.6148616699e+01    1.2800000000e+02    7.8323219996e-03    6.3769531250e-01
       367   -7.3349905205e+00    5.3925560835e+01   -1.2969378136e+01    5.6343876154e+00    2.3001974390e+00   -1.5269575575e+01    1.2800000000e+02    7.6701400003e-03    6.3183593750e-01
       368   -7.4274883723e+00    5.5324631872e+01   -1.1835623318e+01    4.4081349459e+00    2.4498376416e+00   -1.4285460960e+01    1.2800000000e+02    7.8801499994e-03    6.6357421875e-01
       369   -7.4196147352e+00    5.5207547452e+01   -1.0846787832e+01    3.4271730964e+00    2.4948158865e+00   -1.3341603718e+01    1.2800000000e+02    7.9352459998e-03    6.8017578125e-01
       370   -7.7653407622e+00    6.0659055288e+01   -2.2432084323e+01    1.4666743561e+01    3.0250182927e+00   -2.5457102616e+01    1.2800000000e+02    7.8009860008e-03    6.2646484375e-01
       371   -7.4052036279e+00    5.4995068136e+01   -1.3940814976e+01    6.5356113481e+00    2.4074762626e+00   -1.6348291239e+01    1.2800000000e+02    7.7435029998e-03    6.5380859375e-01
       372   -7.4873455293e+00    5.6209837171e+01   -1.8749046126e+01    1.1261700597e+01    2.4699135137e+00   -2.1218959640e+01    1.2800000000e+02    7.9754019998e-03    6.6210937500e-01
       373   -7.4879711330e+00    5.6234537315e+01   -1.7433295691e+01    9.9453245576e+00    2.5488419177e+00   -1.9982137608e+01    1.2800000000e+02    7.7567359995e-03    6.3232421875e-01
       374   -7.4742036684e+00    5.6116376124e+01   -1.4208426812e+01    6.7342231434e+00    2.6186998199e+00   -1.6827126632e+01    1.2800000000e+02    7.8170739998e-03    6.4697265625e-01
       375   -7.3217746075e+00    5.3762248834e+01   -1.1973230608e+01    4.6514560005e+00    2.4683472642e+00   -1.4441577872e+01    1.2800000000e+02    7.9134950001e-03    6.5576171875e-01
       376   -7.4671834629e+00    5.5941118570e+01   -1.0868872473e+01    3.4016890101e+00    2.0777280854e+00   -1.2946600558e+01    1.2800000000e+02    7.8313249996e-03    6.6992187500e-01
       377   -7.7238210297e+00    5.9998144301e+01   -1.7357062031e+01    9.6332410016e+00    2.4112118978e+00   -1.9768273929e+01    1.2800000000e+02    7.7505500003e-03    6.2060546875e-01
       378   -7.5290497994e+00    5.7036207393e+01   -1.2861989658e+01    5.3329398588e+00    2.7447840720e+00   -1.5606773730e+01    1.2800000000e+02    7.9090259997e-03    6.6210937500e-01
       379   -7.4719040044e+00    5.5991286851e+01   -1.3022831185e+01    5.5509271809e+00    2.5262051575e+00   -1.5549036343e+01    1.2800000000e+02    7.8438760002e-03    6.4648437500e-01
       380   -7.8189142660e+00    6.1507020281e+01   -3.0398977569e+01    2.2580063303e+01    2.9863474225e+00   -3.3385324992e+01    1.2800000000e+02    7.8072570004e-03    6.1376953125e-01
       381   -7.7143446452e+00    5.9798254654e+01   -1.5771250283e+01    8.0569056379e+00    2.5496071631e+00   -1.8320857446e+01    1.2800000000e+02    8.0228590004e-03    6.3378906250e-01
       382   -7.5678585328e+00    5.7477351734e+01   -1.8941502136e+01    1.1373643603e+01    2.6757280190e+00   -2.1617230155e+01    1.2800000000e+02    7.7986520000e-03    6.4599609375e-01
       383   -7.4389722342e+00    5.5544264793e+01   -1.3641744885e+01    6.2027726512e+00    2.5437128811e+00   -1.6185457766e+01    1.2800000000e+02    7.7599770002e-03    6.3330078125e-01
       384   -7.4543230754e+00    5.5802466488e+01   -1.1958175584e+01    4.5038525084e+00    2.1995533960e+00   -1.4157728980e+01    1.2800000000e+02    7.7290689997e-03    6.5039062500e-01
       385   -7.5274494676e+00    5.7018477895e+01   -1.4117104271e+01    6.5896548035e+00    2.5879245262e+00   -1.6705028797e+01    1.2800000000e+02    7.8364399997e-03    6.4648437500e-01
       386   -7.5293448324e+00    5.6932485338e+01   -1.6065689908e+01    8.5363450759e+00    2.8444857538e+00   -1.8910175662e+01    1.2800000000e+02    7.7785260000e-03    6.3964843750e-01
       387   -7.4708314667e+00    5.6033356379e+01   -1.2633452435e+01    5.1626209684e+00    2.3967070782e+00   -1.5030159513e+01    1.2800000000e+02    7.8526230000e-03    6.6308593750e-01
       388   -7.4484610042e+00    5.5604136162e+01   -1.3285371527e+01    5.8369105229e+00    2.2491436225e+00   -1.5534515150e+01    1.2800000000e+02    7.6887599998e-03    6.4355468750e-01
       389   -7.4630582521e+00    5.5905711155e+01   -1.3941334004e+01    6.4782757521e+00    2.4610998394e+00   -1.6402433844e+01    1.2800000000e+02    7.8012329996e-03    6.5820312500e-01
       390   -7.5549721880e+00    5.7338167993e+01   -1.4560731569e+01    7.0057593813e+00    2.3443156075e+00   -1.6905047177e+01    1.2800000000e+02    7.5367529998e-03    6.4111328125e-01
       391   -7.4232126455e+00    5.5304662192e+01   -1.4609414003e+01    7.1862013577e+00    2.8368883130e+00   -1.7446302316e+01    1.2800000000e+02    7.7344090005e-03    6.2109375000e-01
       392   -7.3681452403e+00    5.4576325775e+01   -1.5342511768e+01    7.9743665279e+00    2.5840153104e+00   -1.7926527079e+01    1.2800000000e+02    7.6043700001e-03    6.2207031250e-01
       393   -7.5705213524e+00    5.7718166207e+01   -1.4501857844e+01    6.9313364912e+00    2.8098689592e+00   -1.7311726803e+01    1.2800000000e+02    7.7830680002e-03    6.2304687500e-01
       394   -7.5260390639e+00    5.6885225181e+01   -1.3787918741e+01    6.2618796772e+00    2.5734366665e+00   -1.6361355408e+01    1.2800000000e+02    7.8467110006e-03    6.4306640625e-01
       395   -7.6040830278e+00    5.7998588928e+01   -2.0352808660e+01    1.2748725632e+01    2.6424693122e+00   -2.2995277972e+01    1.2800000000e+02    7.7197769997e-03    6.2792968750e-01
       396   -7.4663710636e+00    5.6020489801e+01   -1.7993917234e+01    1.0527546170e+01    2.7130475608e+00   -2.0706964795e+01    1.2800000000e+02    7.8093299999e-03    6.2548828125e-01
       397   -7.3891415129e+00    5.4783532536e+01   -1.1771907807e+01    4.3827662939e+00    2.8806080111e+00   -1.4652515818e+01    1.2800000000e+02    7.8250309998e-03    6.3964843750e-01
       398   -7.4331807443e+00    5.5411948453e+01   -1.2465997481e+01    5.0328167371e+00    2.5685203355e+00   -1.5034517817e+01    1.2800000000e+02    7.8223670007e-03    6.3964843750e-01
       399   -7.4272071581e+00    5.5406747985e+01   -1.2346100018e+01    4.9188928603e+00    2.5019438358e+00   -1.4848043854e+01    1.2800000000e+02    7.7716589994e-03    6.4160156250e-01
       400   -7.3722216468e+00    5.4604672229e+01   -1.4219226210e+01    6.8470045633e+00    2.5587016213e+00   -1.6777927831e+01    1.2800000000e+02    7.6230770001e-03    6.2255859375e-01
       401   -7.3793641986e+00    5.4622162827e+01   -1.0904501680e+01    3.5251374812e+00    2.2598087983e+00   -1.3164310478e+01    1.2800000000e+02    7.8441770002e-03    6.6552734375e-01
       402   -7.4979415980e+00    5.6507661929e+01   -1.3923110807e+01    6.4251692090e+00    2.7401395391e+00   -1.6663250346e+01    1.2800000000e+02    7.8663760005e-03    6.3232421875e-01
       403   -7.4723705103e+00    5.6024671336e+01   -1.1667659434e+01    4.1952889234e+00    2.4228829945e+00   -1.4090542428e+01    1.2800000000e+02    7.8444979999e-03    6.6064453125e-01
       404   -7.3978192265e+00    5.4879790069e+01   -1.1087818479e+01    3.6899992530e+00    2.9367381062e+00   -1.4024556586e+01    1.2800000000e+02    8.0534419994e-03    6.4648437500e-01
       405   -7.5253211065e+00    5.6899737881e+01   -1.3200305432e+01    5.6749843259e+00    2.6287126419e+00   -1.5829018074e+01    1.2800000000e+02    7.7794399995e-03    6.4746093750e-01
       406   -7.4455395343e+00    5.5656345338e+01   -1.3853949419e+01    6.4084098851e+00    2.6277298460e+00   -1.6481679265e+01    1.2800000000e+02    7.9350630003e-03    6.3330078125e-01
       407   -7.5060532404e+00    5.6625688071e+01   -1.2954937084e+01    5.4488838431e+00    2.6377900397e+00   -1.5592727123e+01    1.2800000000e+02    7.7697160004e-03    6.3671875000e-01
       408   -7.5218628617e+00    5.6790579396e+01   -1.6599890588e+01    9.0780277258e+00    3.0051141716e+00   -1.9605004759e+01    1.2800000000e+02    7.7400900000e-03    6.1279296875e-01
       409   -7.4208655411e+00    5.5214584643e+01   -1.5112331311e+01    7.6914657694e+00    2.5901869359e+00   -1.7702518246e+01    1.2800000000e+02    7.7868749995e-03    6.3037109375e-01
       410   -7.5533858756e+00    5.7270083381e+01   -1.7913741385e+01    1.0360355510e+01    2.4030698635e+00   -2.0316811249e+01    1.2800000000e+02    7.6342460006e-03    6.2548828125e-01
       411   -7.4169856156e+00    5.5156638061e+01   -1.1732093178e+01    4.3151075622e+00    2.6821732678e+00   -1.4414266446e+01    1.2800000000e+02    7.8372669996e-03    6.4843750000e-01
       412   -7.4927990260e+00    5.6278533508e+01   -1.1600363369e+01    4.1075643427e+00    2.4863544957e+00   -1.4086717864e+01    1.2800000000e+02    7.8847300001e-03    6.5576171875e-01
       413   -7.3516333446e+00    5.4237712515e+01   -1.3179018807e+01    5.8273854624e+00    2.7898625251e+00   -1.5968881332e+01    1.2800000000e+02    7.8074840003e-03    6.3330078125e-01
       414   -7.4800467962e+00    5.6244291976e+01   -1.1239180561e+01    3.7591337646e+00    2.2920951446e+00   -1.3531275705e+01    1.2800000000e+02    7.9436270007e-03    6.8701171875e-01
       415   -7.5078008146e+00    5.6674061366e+01   -2.2152608584e+01    1.4644807769e+01    2.3985783151e+00   -2.4551186899e+01    1.2800000000e+02    7.7956019995e-03    6.3916015625e-01
       416   -7.4896185084e+00    5.6229295787e+01   -1.3693391070e+01    6.2037725614e+00    2.4181668310e+00   -1.6111557901e+01    1.2800000000e+02    7.7931819997e-03    6.5234375000e-01
       417   -7.4138436027e+00    5.5117732532e+01   -1.0201088078e+01    2.7872444751e+00    2.3689578535e+00   -1.2570045931e+01    1.2800000000e+02    7.9209170008e-03    6.7285156250e-01
       418   -7.4976772021e+00    5.6424880587e+01   -1.3792786704e+01    6.2951095014e+00    2.6630855585e+00   -1.6455872262e+01    1.2800000000e+02    7.8300320001e-03    6.3574218750e-01
       419   -7.4471977361e+00    5.5612326773e+01   -1.3491145155e+01    6.0439474186e+00    2.3472753873e+00   -1.5838420542e+01    1.2800000000e+02    7.8801170002e-03    6.5136718750e-01
       420   -7.5228068155e+00    5.6918755377e+01   -1.4893658967e+01    7.3708521516e+00    3.1367683512e+00   -1.8030427318e+01    1.2800000000e+02    7.7759699998e-03    6.3378906250e-01
       421   -7.4068473439e+00    5.5050209503e+01   -1.4838958914e+01    7.4321115705e+00    2.6076986703e+00   -1.7446657585e+01    1.2800000000e+02    7.8013339999e-03    6.2646484375e-01
       422   -7.5189098242e+00    5.6851690758e+01   -1.5785091872e+01    8.2661820476e+00    2.6073386528e+00   -1.8392430525e+01    1.2800000000e+02    7.9214600000e-03    6.2792968750e-01
       423   -7.5071934488e+00    5.6588830082e+01   -1.2953867324e+01    5.4466738754e+00    2.3409834552e+00   -1.5294850779e+01    1.2800000000e+02    7.8588430006e-03    6.4746093750e-01
       424   -7.4526598919e+00    5.5640049669e+01   -1.0998257576e+01    3.5455976843e+00    2.5200790397e+00   -1.3518336616e+01    1.2800000000e+02    8.4577579992e-03    6.6259765625e-01
       425   -7.6039164886e+00    5.8081743933e+01   -1.4847776685e+01    7.2438601964e+00    2.5091176025e+00   -1.7356894287e+01    1.2800000000e+02    7.8174000000e-03    6.5332031250e-01
       426   -7.2708650025e+00    5.3053463569e+01   -1.3133690898e+01    5.8628258955e+00    2.4177900847e+00   -1.5551480983e+01    1.2800000000e+02    7.9691110004e-03    6.5283203125e-01
       427   -7.4900512290e+00    5.6440272071e+01   -1.2544745740e+01    5.0546945111e+00    2.8160035003e+00   -1.5360749240e+01    1.2800000000e+02    7.8316550007e-03    6.4697265625e-01
       428   -7.3918559416e+00    5.4869573943e+01   -1.4821343304e+01    7.4294873627e+00    2.6582678806e+00   -1.7479611185e+01    1.2800000000e+02    7.8585910005e-03    6.3476562500e-01
       429   -7.4248902941e+00    5.5321602630e+01   -1.3878871098e+01    6.4539808036e+00    2.9288137362e+00   -1.6807684834e+01    1.2800000000e+02    7.7774170004e-03    6.2695312500e-01
       430   -7.4302231738e+00    5.5370548026e+01   -1.1698455589e+01    4.2682324153e+00    2.4674253386e+00   -1.4165880928e+01    1.2800000000e+02    8.3276949999e-03    6.4599609375e-01
       431   -7.4426982602e+00    5.5532089736e+01   -1.1039041728e+01    3.5963434673e+00    2.5354546208e+00   -1.3574496348e+01    1.2800000000e+02    7.9282630004e-03    6.6650390625e-01
       432   -7.6237539775e+00    5.8545307543e+01   -1.4493504426e+01    6.8697504484e+00    2.5717857355e+00   -1.7065290161e+01    1.2800000000e+02    7.9795500005e-03    6.5332031250e-01
       433   -7.4674120769e+00    5.6020000228e+01   -1.3543483882e+01    6.0760718049e+00    2.6421723102e+00   -1.6185656192e+01    1.2800000000e+02    7.8728600001e-03    6.4062500000e-01
       434   -7.3489122685e+00    5.4207347027e+01   -1.4634934722e+01    7.2860224536e+00    2.5874528691e+00   -1.7222387591e+01    1.2800000000e+02    7.9025329997e-03    6.1621093750e-01
       435   -7.4245427732e+00    5.5291524941e+01   -1.5176843625e+01    7.7523008520e+00    2.6065115933e+00   -1.7783355218e+01    1.2800000000e+02    8.0355259997e-03    6.2500000000e-01
       436   -7.4669054423e+00    5.6026819850e+01   -1.5230467885e+01    7.7635624424e+00    2.5280834335e+00   -1.7758551318e+01    1.2800000000e+02    7.9460770003e-03    6.4062500000e-01
       437   -7.6083854626e+00    5.8226629770e+01   -2.0108169281e+01    1.2499783819e+01    2.8079781878e+00   -2.2916147469e+01    1.2800000000e+02    7.8499840001e-03    6.3964843750e-01
       438   -7.4824458069e+00    5.6270292016e+01   -1.5147357279e+01    7.6649114720e+00    2.9026169990e+00   -1.8049974278e+01    1.2800000000e+02    7.8771449998e-03    6.2548828125e-01
       439   -7.4688264442e+00    5.5945771365e+01   -1.4283824957e+01    6.8149985123e+00    2.2436339861e+00   -1.6527458943e+01    1.2800000000e+02    7.8067519999e-03    6.6406250000e-01
       440   -7.5377386963e+00    5.7149439731e+01   -1.4032861714e+01    6.4951230181e+00    3.0050124279e+00   -1.7037874142e+01    1.2800000000e+02    7.9352170005e-03    6.4160156250e-01
       441   -7.3549390618e+00    5.4179895571e+01   -1.0234425565e+01    2.8794865033e+00    2.4046801298e+00   -1.2639105695e+01    1.2800000000e+02    1.0974778000e-02    6.6357421875e-01
       442   -7.6192189112e+00    5.8331386991e+01   -1.3923437563e+01    6.3042186516e+00    2.4550400472e+00   -1.6378477610e+01    1.2800000000e+02    9.8223240002e-03    6.6113281250e-01
       443   -7.3610095136e+00    5.4288919324e+01   -1.0571968820e+01    3.2109593067e+00    2.8068764476e+00   -1.3378845268e+01    1.2800000000e+02    7.8107410000e-03    6.4990234375e-01
       444   -7.4320892201e+00    5.5390631668e+01   -1.2112397442e+01    4.6803082221e+00    2.4865466832e+00   -1.4598944125e+01    1.2800000000e+02    8.2208210006e-03    6.5917968750e-01
       445   -7.5512490653e+00    5.7255779403e+01   -1.4057207909e+01    6.5059588433e+00    2.5783415162e+00   -1.6635549425e+01    1.2800000000e+02    7.8639409994e-03    6.4257812500e-01
       446   -7.6622815436e+00    5.9117575325e+01   -1.3986739133e+01    6.3244575894e+00    2.7248806770e+00   -1.6711619810e+01    1.2800000000e+02    7.9031209998e-03    6.4208984375e-01
       447   -7.4989399935e+00    5.6466252406e+01   -1.4197447184e+01    6.6985071905e+00    3.0540616814e+00   -1.7251508865e+01    1.2800000000e+02    7.7277040000e-03    6.2548828125e-01
       448   -7.6816581601e+00    5.9398572370e+01   -1.9773611874e+01    1.2091953714e+01    2.5312805016e+00   -2.2304892376e+01    1.2800000000e+02    7.7818110003e-03    6.2792968750e-01
       449   -7.5662540460e+00    5.7611496622e+01   -1.4359078911e+01    6.7928248650e+00    2.5884338318e+00   -1.6947512743e+01    1.2800000000e+02    8.0406890002e-03    6.4794921875e-01
       450   -7.6086347559e+00    5.8280708652e+01   -1.5098166934e+01    7.4895321777e+00    3.2145892761e+00   -1.8312756210e+01    1.2800000000e+02    7.9788849998e-03    6.2646484375e-01
       451   -7.6818783182e+00    5.9346571747e+01   -1.6029774316e+01    8.3478959980e+00    2.7353705461e+00   -1.8765144862e+01    1.2800000000e+02    7.7726820000e-03    6.3085937500e-01
       452   -7.5933723709e+00    5.8006008531e+01   -1.2819419313e+01    5.2260469418e+00    2.5799760743e+00   -1.5399395387e+01    1.2800000000e+02    7.7610439994e-03    6.4062500000e-01
       453   -7.4892826436e+00    5.6397691870e+01   -1.3920731589e+01    6.4314489455e+00    2.3504476877e+00   -1.6271179277e+01    1.2800000000e+02    7.7175480001e-03    6.3916015625e-01
       454   -7.4051096126e+00    5.5018737068e+01   -1.2476770386e+01    5.0716607737e+00    2.4690574134e+00   -1.4945827800e+01    1.2800000000e+02    7.9302309996e-03    6.5136718750e-01
       455   -7.4322845950e+00    5.5460682256e+01   -1.2226123836e+01    4.7938392409e+00    2.3452530386e+00   -1.4571376874e+01    1.2800000000e+02    7.8845819999e-03    6.6601562500e-01
       456   -7.5769483578e+00    5.7709521028e+01   -1.5437715376e+01    7.8607670178e+00    2.7487137343e+00   -1.8186429110e+01    1.2800000000e+02    7.8804389996e-03    6.3720703125e-01
       457   -7.4937011012e+00    5.6363469817e+01   -2.5702498875e+01    1.8208797774e+01    2.4796552749e+00   -2.8182154150e+01    1.2800000000e+02    7.7454100001e-03    6.4306640625e-01
       458   -7.4181749810e+00    5.5138274673e+01   -1.1190233931e+01    3.7720589504e+00    2.2598995123e+00   -1.3450133444e+01    1.2800000000e+02    7.7440100004e-03    6.6503906250e-01
       459   -7.5120551851e+00    5.6692000819e+01   -1.5108123180e+01    7.5960679952e+00    2.4991258008e+00   -1.7607248981e+01    1.2800000000e+02    7.8232980004e-03    6.4160156250e-01
       460   -7.3772554747e+00    5.4554146324e+01   -1.1983498820e+01    4.6062433455e+00    2.6529075739e+00   -1.4636406394e+01    1.2800000000e+02    7.8350240001e-03    6.5234375000e-01
       461   -7.5406537134e+00    5.7059192641e+01   -1.2542632731e+01    5.0019790179e+00    2.2511273806e+00   -1.4793760112e+01    1.2800000000e+02    7.8952579997e-03    6.5234375000e-01
       462   -7.4096375712e+00    5.5134204514e+01   -1.4607546083e+01    7.1979085116e+00    2.5281267431e+00   -1.7135672826e+01    1.2800000000e+02    7.6577780001e-03    6.2939453125e-01
       463   -7.4374161827e+00    5.5494347858e+01   -1.2021303094e+01    4.5838869112e+00    2.4944325427e+00   -1.4515735637e+01    1.2800000000e+02    7.8376520005e-03    6.3671875000e-01
       464   -7.5542020799e+00    5.7342878744e+01   -1.5248340080e+01    7.6941379996e+00    2.3726764098e+00   -1.7621016489e+01    1.2800000000e+02    7.7588459999e-03    6.5234375000e-01
       465   -7.4550444655e+00    5.5804793933e+01   -1.3205035613e+01    5.7499911476e+00    2.3583609979e+00   -1.5563396611e+01    1.2800000000e+02    7.8935799993e-03    6.4794921875e-01
       466   -7.4938062636e+00    5.6372602833e+01   -2.1949138058e+01    1.4455331794e+01    2.5935376943e+00   -2.4542675752e+01    1.2800000000e+02    7.7347189999e-03    6.3671875000e-01
       467   -7.4187110660e+00    5.5184462639e+01   -1.5947495407e+01    8.5287843407e+00    2.2176757713e+00   -1.8165171178e+01    1.2800000000e+02    7.7584160008e-03    6.3476562500e-01
       468   -7.4887725207e+00    5.6267701325e+01   -2.2012911058e+01    1.4524138537e+01    2.9944107865e+00   -2.5007321844e+01    1.2800000000e+02    7.6367820002e-03    6.2060546875e-01
       469   -7.4528097458e+00    5.5809581320e+01   -1.4500156555e+01    7.0473468096e+00    2.3723982851e+00   -1.6872554841e+01    1.2800000000e+02    7.7854450001e-03    6.4599609375e-01
       470   -7.5161331426e+00    5.6722354830e+01   -1.8397289659e+01    1.0881156516e+01    3.0233032806e+00   -2.1420592939e+01    1.2800000000e+02    7.8000320000e-03    6.1474609375e-01
       471   -7.5813730911e+00    5.7739158881e+01   -1.4084275461e+01    6.5029023695e+00    2.6601024388e+00   -1.6744377899e+01    1.2800000000e+02    8.1961750002e-03    6.5039062500e-01
       472   -7.7492480092e+00    6.0520138187e+01   -2.1968301601e+01    1.4219053592e+01    2.4149745254e+00   -2.4383276127e+01    1.2800000000e+02    7.6790900002e-03    6.2988281250e-01
       473   -7.4611453284e+00    5.5822824045e+01   -1.1814288717e+01    4.3531433886e+00    2.4722353657e+00   -1.4286524083e+01    1.2800000000e+02    7.9105499999e-03    6.6308593750e-01
       474   -7.4443641673e+00    5.5562054283e+01   -1.4188223258e+01    6.7438590907e+00    2.3830950803e+00   -1.6571318338e+01    1.2800000000e+02    7.7660830002e-03    6.3769531250e-01
       475   -7.4315892575e+00    5.5436477029e+01   -1.3744586162e+01    6.3129969048e+00    2.3884283314e+00   -1.6133014494e+01    1.2800000000e+02    7.8278060000e-03    6.6162109375e-01
       476   -7.3099674262e+00    5.3570456741e+01   -1.1238843437e+01    3.9288760104e+00    2.6686780944e+00   -1.3907521531e+01    1.2800000000e+02    8.3148659996e-03    6.5966796875e-01
       477   -7.4409573171e+00    5.5583050688e+01   -1.3131376066e+01    5.6904187491e+00    2.8442075465e+00   -1.5975583613e+01    1.2800000000e+02    7.7452510004e-03    6.3378906250e-01
       478   -7.6596285252e+00    5.8895031110e+01   -1.6799794409e+01    9.1401658836e+00    2.2852244531e+00   -1.9085018862e+01    1.2800000000e+02    7.8054729993e-03    6.5087890625e-01
       479   -7.4303701366e+00    5.5392485865e+01   -1.5143346025e+01    7.7129758882e+00    2.4571216529e+00   -1.7600467678e+01    1.2800000000e+02    7.7806290001e-03    6.5283203125e-01
       480   -7.3839996093e+00    5.4770969380e+01   -1.4037907942e+01    6.6539083330e+00    2.6330701096e+00   -1.6670978052e+01    1.2800000000e+02    7.8160100002e-03    6.3476562500e-01
       481   -7.4737385943e+00    5.6131016092e+01   -1.6791367332e+01    9.3176287373e+00    2.8874115917e+00   -1.9678778923e+01    1.2800000000e+02    7.7231829991e-03    6.2060546875e-01
       482   -7.6140605481e+00    5.8245501513e+01   -1.5198653744e+01    7.5845931954e+00    2.6445350048e+00   -1.7843188748e+01    1.2800000000e+02    7.8577210006e-03    6.2988281250e-01
       483   -7.5470530746e+00    5.7232178818e+01   -1.3769718756e+01    6.2226656813e+00    2.6336650462e+00   -1.6403383802e+01    1.2800000000e+02    7.7626190005e-03    6.3330078125e-01
       484   -7.4158094872e+00    5.5098051643e+01   -1.2392435061e+01    4.9766255734e+00    2.4832882908e+00   -1.4875723351e+01    1.2800000000e+02    7.9384430001e-03    6.4160156250e-01
       485   -7.5906726601e+00    5.7928416826e+01   -1.5122353321e+01    7.5316806610e+00    2.6287178376e+00   -1.7751071159e+01    1.2800000000e+02    7.7759810001e-03    6.4355468750e-01
       486   -7.8743903151e+00    6.2512900826e+01   -1.7945182621e+01    1.0070792306e+01    2.6193690972e+00   -2.0564551718e+01    1.2800000000e+02    7.8055829999e-03    6.1865234375e-01
       487   -7.4246956517e+00    5.5296191423e+01   -1.2068882420e+01    4.6441867681e+00    2.2585813887e+00   -1.4327463809e+01    1.2800000000e+02    7.8648869994e-03    6.6943359375e-01
       488   -7.4100922944e+00    5.5135448026e+01   -1.1881040192e+01    4.4709478972e+00    2.6756842941e+00   -1.4556724486e+01    1.2800000000e+02    8.0615369998e-03    6.5527343750e-01
       489   -7.4492311892e+00    5.5695018490e+01   -1.9742657055e+01    1.2293425866e+01    2.5917451813e+00   -2.2334402236e+01    1.2800000000e+02    7.7019109995e-03    6.3134765625e-01
       490   -7.3874173836e+00    5.4716272341e+01   -1.3580128360e+01    6.1927109766e+00    2.9794839795e+00   -1.6559612340e+01    1.2800000000e+02    7.9408029997e-03    6.5380859375e-01
       491   -7.4878987450e+00    5.6396768024e+01   -1.2661714543e+01    5.1738157980e+00    2.6603370328e+00   -1.5322051576e+01    1.2800000000e+02    7.7829980000e-03    6.5087890625e-01
       492   -7.3094583814e+00    5.3573564436e+01   -1.3445482496e+01    6.1360241150e+00    2.7204170148e+00   -1.6165899511e+01    1.2800000000e+02    7.8654090003e-03    6.2890625000e-01
       493   -7.4161340417e+00    5.5230592782e+01   -1.2292311809e+01    4.8761777669e+00    2.4838435211e+00   -1.4776155330e+01    1.2800000000e+02    7.7970849998e-03    6.4843750000e-01
       494   -7.4999074042e+00    5.6384515978e+01   -1.5764760127e+01    8.2648527228e+00    2.6301313717e+00   -1.8394891499e+01    1.2800000000e+02    7.6735029998e-03    6.2353515625e-01
       495   -7.5129570808e+00    5.6670625423e+01   -1.8579778986e+01    1.1066821905e+01    2.9345511513e+00   -2.1514330137e+01    1.2800000000e+02    7.8440899997e-03    6.1816406250e-01
       496   -7.4648673610e+00    5.5829813524e+01   -1.1587563906e+01    4.1226965450e+00    2.4509822937e+00   -1.4038546200e+01    1.2800000000e+02    7.7089550005e-03    6.4160156250e-01
       497   -7.3666251786e+00    5.4421855845e+01   -1.3037302180e+01    5.6706770014e+00    2.5484963325e+00   -1.5585798513e+01    1.2800000000e+02    7.8597880001e-03    6.3818359375e-01
       498   -7.6473137131e+00    5.8734972775e+01   -1.7580643705e+01    9.9333299918e+00    3.0604469189e+00   -2.0641090624e+01    1.2800000000e+02    7.7506220005e-03    6.4404296875e-01
       499   -7.4018620542e+00    5.4979366119e+01   -1.3220900772e+01    5.8190387178e+00    2.3697085596e+00   -1.5590609332e+01    1.2800000000e+02    7.7083020005e-03    6.2744140625e-01
