#   index    LocalEnergy         LocalEnergy_sq      LocalPotential      Kinetic             ElecElec            IonElec             BlockWeight         BlockCPU            AcceptRatio         
         0   -7.4204863480e+00    5.5147361531e+01   -1.1240413200e+01    3.8199268516e+00    2.5835897801e+00   -1.3824002980e+01    3.2000000000e+01    2.0415090003e-03    6.4843750000e-01
         1   -7.6867809889e+00    5.9286828398e+01   -1.5278645152e+01    7.5918641631e+00    2.5625203987e+00   -1.7841165551e+01    3.2000000000e+01    1.9229840000e-03    6.2695312500e-01
         2   -7.3633501694e+00    5.4361807225e+01   -1.2916577662e+01    5.5532274922e+00    2.7838382976e+00   -1.5700415959e+01    3.2000000000e+01    1.9396499993e-03    6.2890625000e-01
         3   -7.1470081457e+00    5.1139558775e+01   -1.2392344408e+01    5.2453362624e+00    2.6251386564e+00   -1.5017483064e+01    3.2000000000e+01    1.9461390002e-03    6.4062500000e-01
         4   -7.2077684675e+00    5.2033615545e+01   -1.2412210025e+01    5.2044415572e+00    2.3415608361e+00   -1.4753770861e+01    3.2000000000e+01    1.9444339996e-03    6.3867187500e-01
         5   -7.3021317172e+00    5.3385813051e+01   -1.3448350643e+01    6.1462189256e+00    2.2792362698e+00   -1.5727586913e+01    3.2000000000e+01    1.9165049998e-03    6.1132812500e-01
         6   -7.3491260412e+00    5.4103242633e+01   -1.3216034266e+01    5.8669082245e+00    2.5545853414e+00   -1.5770619607e+01    3.2000000000e+01    1.9398909999e-03    6.4062500000e-01
         7   -7.1902318362e+00    5.1796209669e+01   -1.2128732775e+01    4.9385009385e+00    2.6873986098e+00   -1.4816131385e+01    3.2000000000e+01    2.1097950003e-03    6.4453125000e-01
         8   -7.3873698926e+00    5.4713140202e+01   -1.4214578192e+01    6.8272082996e+00    3.1169035641e+00   -1.7331481756e+01    3.2000000000e+01    1.9061869998e-03    6.0156250000e-01
         9   -7.8161380843e+00    6.1405531524e+01   -1.9631368768e+01    1.1815230683e+01    3.5540285532e+00   -2.3185397321e+01    3.2000000000e+01    1.9452659999e-03    5.9570312500e-01
        10   -7.4046996464e+00    5.4979023397e+01   -1.1251047518e+01    3.8463478719e+00    2.3834057682e+00   -1.3634453287e+01    3.2000000000e+01    1.9679120005e-03    6.7968750000e-01
        11   -7.3096977926e+00    5.3530633532e+01   -1.1863396004e+01    4.5536982115e+00    2.1336982033e+00   -1.3997094207e+01    3.2000000000e+01    1.9652450001e-03    6.7578125000e-01
        12   -7.3695329674e+00    5.4464412753e+01   -1.2551585933e+01    5.1820529652e+00    2.2670985029e+00   -1.4818684435e+01    3.2000000000e+01    1.9423839994e-03    6.2695312500e-01
        13   -7.6173455942e+00    5.8145814489e+01   -1.4817568284e+01    7.2002226896e+00    2.0622931103e+00   -1.6879861394e+01    3.2000000000e+01    1.9603210003e-03    6.6796875000e-01
        14   -7.6314762251e+00    5.8512304093e+01   -1.4422284077e+01    6.7908078518e+00    2.5936661978e+00   -1.7015950275e+01    3.2000000000e+01    1.9533780005e-03    6.4453125000e-01
        15   -7.3352029308e+00    5.3864154633e+01   -1.1407087868e+01    4.0718849369e+00    2.1457577522e+00   -1.3552845620e+01    3.2000000000e+01    2.0437040002e-03    6.8164062500e-01
        16   -7.4763956294e+00    5.5985326611e+01   -1.3540925210e+01    6.0645295805e+00    2.7021396020e+00   -1.6243064812e+01    3.2000000000e+01    1.9399169996e-03    6.3085937500e-01
        17   -7.3647289671e+00    5.4402436209e+01   -1.0212326544e+01    2.8475975770e+00    2.3425615187e+00   -1.2554888063e+01    3.2000000000e+01    1.9765349998e-03    6.6601562500e-01
        18   -7.6119087485e+00    5.8150175942e+01   -1.1525087059e+01    3.9131783108e+00    2.1657901985e+00   -1.3690877258e+01    3.2000000000e+01    1.9664240008e-03    6.7578125000e-01
        19   -7.3136222152e+00    5.3589863268e+01   -1.1295568751e+01    3.9819465360e+00    2.0881281199e+00   -1.3383696871e+01    3.2000000000e+01    1.9078860005e-03    6.4257812500e-01
        20   -7.4030484045e+00    5.4917207278e+01   -1.0105471843e+01    2.7024234387e+00    2.1311276684e+00   -1.2236599512e+01    3.2000000000e+01    1.9546499998e-03    6.8164062500e-01
        21   -7.3293447325e+00    5.3823896637e+01   -1.2800736582e+01    5.4713918496e+00    2.5479291517e+00   -1.5348665734e+01    3.2000000000e+01    1.9333099999e-03    6.3867187500e-01
        22   -7.5325665754e+00    5.6829328527e+01   -1.1703707439e+01    4.1711408632e+00    3.0627905122e+00   -1.4766497951e+01    3.2000000000e+01    1.9177909999e-03    6.0937500000e-01
        23   -7.5950543154e+00    5.7963538574e+01   -1.2323607644e+01    4.7285533287e+00    2.4108765890e+00   -1.4734484233e+01    3.2000000000e+01    1.9299489995e-03    6.3085937500e-01
        24   -7.4822566929e+00    5.6085889501e+01   -1.1791032234e+01    4.3087755413e+00    2.4750391362e+00   -1.4266071370e+01    3.2000000000e+01    2.0377960000e-03    6.6992187500e-01
        25   -7.3856966329e+00    5.4693346918e+01   -1.2574261802e+01    5.1885651695e+00    2.2668886849e+00   -1.4841150487e+01    3.2000000000e+01    1.9838320004e-03    6.7773437500e-01
        26   -7.6439154671e+00    5.8764784613e+01   -1.5140382587e+01    7.4964671198e+00    2.5730825886e+00   -1.7713465176e+01    3.2000000000e+01    1.9189360000e-03    6.2304687500e-01
        27   -7.3873873367e+00    5.4693788509e+01   -1.3276183590e+01    5.8887962530e+00    3.2833608371e+00   -1.6559544427e+01    3.2000000000e+01    1.9443279998e-03    6.3476562500e-01
        28   -7.4733920368e+00    5.6130273413e+01   -1.1258221037e+01    3.7848290002e+00    2.7150140771e+00   -1.3973235114e+01    3.2000000000e+01    1.9436760003e-03    6.5234375000e-01
        29   -7.2154152282e+00    5.2164054282e+01   -1.3167669602e+01    5.9522543740e+00    2.0866745767e+00   -1.5254344179e+01    3.2000000000e+01    1.9252879993e-03    6.3281250000e-01
        30   -7.4014159063e+00    5.4883944406e+01   -1.8754136789e+01    1.1352720883e+01    2.6914481255e+00   -2.1445584915e+01    3.2000000000e+01    1.8660420001e-03    6.0156250000e-01
        31   -7.4989590930e+00    5.6536216400e+01   -1.3790681644e+01    6.2917225511e+00    2.4295391530e+00   -1.6220220797e+01    3.2000000000e+01    1.9758799999e-03    6.7578125000e-01
        32   -7.4242146079e+00    5.5210048545e+01   -1.1675614476e+01    4.2513998680e+00    2.5661398428e+00   -1.4241754319e+01    3.2000000000e+01    2.0223970005e-03    6.5625000000e-01
        33   -7.5458403627e+00    5.7099763394e+01   -3.8458043753e+01    3.0912203391e+01    2.4124690335e+00   -4.0870512787e+01    3.2000000000e+01    1.9058299995e-03    6.3281250000e-01
        34   -7.5926509516e+00    5.7900052091e+01   -1.5466302577e+01    7.8736516255e+00    2.1261000000e+00   -1.7592402577e+01    3.2000000000e+01    1.9518700001e-03    6.6210937500e-01
        35   -7.4096226655e+00    5.5081664835e+01   -1.1954711671e+01    4.5450890053e+00    2.6578040479e+00   -1.4612515719e+01    3.2000000000e+01    1.9603780001e-03    6.4648437500e-01
        36   -7.2701720211e+00    5.2947544755e+01   -1.1400678903e+01    4.1305068818e+00    2.5620537026e+00   -1.3962732605e+01    3.2000000000e+01    1.9550119996e-03    6.5429687500e-01
        37   -7.5317557185e+00    5.6911311372e+01   -1.7559222241e+01    1.0027466523e+01    2.6107718403e+00   -2.0169994082e+01    3.2000000000e+01    1.9493800000e-03    6.4648437500e-01
        38   -7.2854521233e+00    5.3184990465e+01   -1.1585090549e+01    4.2996384257e+00    2.9818956834e+00   -1.4566986232e+01    3.2000000000e+01    1.9305450005e-03    6.2695312500e-01
        39   -7.4509339661e+00    5.5640969222e+01   -2.3441566469e+01    1.5990632503e+01    3.5841187629e+00   -2.7025685232e+01    3.2000000000e+01    1.9183869999e-03    6.0546875000e-01
        40   -7.5805983647e+00    5.7607995296e+01   -2.1609146954e+01    1.4028548589e+01    2.4983159678e+00   -2.4107462922e+01    3.2000000000e+01    1.9350190005e-03    6.3671875000e-01
        41   -7.4382466039e+00    5.5696867022e+01   -1.3211056777e+01    5.7728101734e+00    2.8625971231e+00   -1.6073653900e+01    3.2000000000e+01    1.9982180002e-03    6.2695312500e-01
        42   -7.3227322435e+00    5.3696784884e+01   -9.7134870814e+00    2.3907548379e+00    2.7157682419e+00   -1.2429255323e+01    3.2000000000e+01    1.9774659995e-03    6.6015625000e-01
        43   -7.2602141771e+00    5.2807174294e+01   -1.2219096604e+01    4.9588824273e+00    2.6899688262e+00   -1.4909065431e+01    3.2000000000e+01    1.9791249997e-03    6.2695312500e-01
        44   -7.3191284695e+00    5.3661596039e+01   -1.1621278821e+01    4.3021503519e+00    2.2007792860e+00   -1.3822058107e+01    3.2000000000e+01    1.9741390006e-03    6.9140625000e-01
        45   -7.3342375309e+00    5.3907770016e+01   -1.2304299841e+01    4.9700623096e+00    2.4739073565e+00   -1.4778207197e+01    3.2000000000e+01    1.9133229998e-03    6.2695312500e-01
        46   -7.9284968719e+00    6.3207838778e+01   -2.3346301160e+01    1.5417804288e+01    2.6707799900e+00   -2.6017081150e+01    3.2000000000e+01    1.9318169998e-03    6.1132812500e-01
        47   -7.5083813965e+00    5.6712006704e+01   -1.8363802886e+01    1.0855421489e+01    2.4548507123e+00   -2.0818653598e+01    3.2000000000e+01    1.9706789999e-03    6.3671875000e-01
        48   -7.3395524978e+00    5.3976829184e+01   -1.2992400247e+01    5.6528477491e+00    2.4047722077e+00   -1.5397172455e+01    3.2000000000e+01    1.9323229999e-03    6.2500000000e-01
        49   -7.5523250898e+00    5.7124827766e+01   -1.3159680445e+01    5.6073553551e+00    2.1754830621e+00   -1.5335163507e+01    3.2000000000e+01    2.3728249998e-03    6.6601562500e-01
        50   -7.6315222160e+00    5.8522389623e+01   -1.3417583678e+01    5.7860614616e+00    2.0868834382e+00   -1.5504467116e+01    3.2000000000e+01    1.9566929996e-03    6.7382812500e-01
        51   -7.2845772139e+00    5.3177203406e+01   -1.2399815081e+01    5.1152378671e+00    2.6218834124e+00   -1.5021698493e+01    3.2000000000e+01    1.9324110008e-03    6.1328125000e-01
        52   -7.5754761443e+00    5.7511011060e+01   -1.7008852454e+01    9.4333763096e+00    2.3362930263e+00   -1.9345145480e+01    3.2000000000e+01    1.9392670001e-03    6.3476562500e-01
        53   -7.2361495947e+00    5.2691853134e+01   -1.4514240191e+01    7.2780905959e+00    3.0307945350e+00   -1.7545034726e+01    3.2000000000e+01    1.9350929997e-03    6.2304687500e-01
        54   -7.6142919619e+00    5.8417314781e+01   -1.5959012406e+01    8.3447204442e+00    3.0997269442e+00   -1.9058739350e+01    3.2000000000e+01    1.9106339996e-03    6.2500000000e-01
        55   -7.3276046711e+00    5.3811313975e+01   -1.2248907120e+01    4.9213024485e+00    2.0561259834e+00   -1.4305033103e+01    3.2000000000e+01    1.9151070001e-03    6.6210937500e-01
        56   -7.2731092145e+00    5.2975916950e+01   -1.0121210265e+01    2.8481010508e+00    1.8854751565e+00   -1.2006685422e+01    3.2000000000e+01    2.0050829999e-03    6.9726562500e-01
        57   -7.5214833301e+00    5.6676657856e+01   -9.7368573597e+00    2.2153740297e+00    2.2016112666e+00   -1.1938468626e+01    3.2000000000e+01    2.0400570002e-03    6.7578125000e-01
        58   -7.4930147259e+00    5.6632278793e+01   -1.4617399947e+01    7.1243852208e+00    2.8021292618e+00   -1.7419529209e+01    3.2000000000e+01    1.9383970002e-03    6.3281250000e-01
        59   -7.6286988286e+00    5.8649462037e+01   -1.4091963546e+01    6.4632647169e+00    2.6779570657e+00   -1.6769920611e+01    3.2000000000e+01    1.9317920005e-03    6.3671875000e-01
        60   -7.2713085901e+00    5.3018871892e+01   -1.0593460726e+01    3.3221521364e+00    3.4319346759e+00   -1.4025395402e+01    3.2000000000e+01    1.9739770005e-03    6.4648437500e-01
        61   -7.4719988417e+00    5.6027687274e+01   -2.2635825776e+01    1.5163826934e+01    3.0576020043e+00   -2.5693427780e+01    3.2000000000e+01    1.9258000002e-03    6.0742187500e-01
        62   -7.1451881024e+00    5.1214785964e+01   -1.2945377552e+01    5.8001894493e+00    2.4145229375e+00   -1.5359900489e+01    3.2000000000e+01    1.9344299999e-03    6.3281250000e-01
        63   -7.7140548661e+00    6.0073230711e+01   -1.5871485738e+01    8.1574308721e+00    3.8265160906e+00   -1.9698001829e+01    3.2000000000e+01    1.9155380005e-03    6.0546875000e-01
        64   -7.2176813369e+00    5.2208216650e+01   -1.3363628112e+01    6.1459467755e+00    3.0459765387e+00   -1.6409604651e+01    3.2000000000e+01    1.9393809998e-03    6.2695312500e-01
        65   -7.4234863967e+00    5.5269483578e+01   -1.0880324905e+01    3.4568385086e+00    1.8587515520e+00   -1.2739076457e+01    3.2000000000e+01    1.9441200002e-03    6.7187500000e-01
        66   -7.6447628518e+00    5.8725742876e+01   -1.7130416759e+01    9.4856539070e+00    2.1867371885e+00   -1.9317153947e+01    3.2000000000e+01    1.9969819996e-03    6.7382812500e-01
        67   -7.3807406817e+00    5.4580796354e+01   -1.0489735882e+01    3.1089952007e+00    2.4993832093e+00   -1.2989119092e+01    3.2000000000e+01    1.9472869999e-03    6.4648437500e-01
        68   -7.1831991691e+00    5.1744871325e+01   -1.2787914730e+01    5.6047155606e+00    2.1513744274e+00   -1.4939289157e+01    3.2000000000e+01    1.9266879999e-03    6.6601562500e-01
        69   -7.4464714025e+00    5.5657321926e+01   -1.2497326414e+01    5.0508550113e+00    3.0542535769e+00   -1.5551579991e+01    3.2000000000e+01    1.9665200007e-03    6.6015625000e-01
        70   -7.3853863656e+00    5.4636052359e+01   -1.1162000648e+01    3.7766142819e+00    2.3340486616e+00   -1.3496049309e+01    3.2000000000e+01    1.9614990006e-03    6.6992187500e-01
        71   -7.5692484528e+00    5.7510659215e+01   -1.5137972311e+01    7.5687238585e+00    2.6866883084e+00   -1.7824660620e+01    3.2000000000e+01    1.8942350007e-03    5.6640625000e-01
        72   -7.5933517821e+00    5.7869666324e+01   -7.5811266250e+01    6.8217914468e+01    2.3926089497e+00   -7.8203875199e+01    3.2000000000e+01    1.9483349997e-03    6.4453125000e-01
        73   -7.5656898398e+00    5.7343010279e+01   -1.1847432749e+01    4.2817429094e+00    2.2207672462e+00   -1.4068199995e+01    3.2000000000e+01    2.0011279994e-03    6.7382812500e-01
        74   -7.7341066532e+00    6.0280021970e+01   -2.4871886397e+01    1.7137779744e+01    3.0640778825e+00   -2.7935964279e+01    3.2000000000e+01    1.9898829996e-03    6.1132812500e-01
        75   -7.4021594417e+00    5.4856899272e+01   -1.1370903894e+01    3.9687444522e+00    2.7675848356e+00   -1.4138488730e+01    3.2000000000e+01    1.9596809998e-03    6.6210937500e-01
        76   -7.4020197141e+00    5.4919470993e+01   -1.0793124102e+01    3.3911043880e+00    1.9482412418e+00   -1.2741365344e+01    3.2000000000e+01    1.9387170005e-03    6.5625000000e-01
        77   -7.5242376384e+00    5.6758076222e+01   -1.3703718605e+01    6.1794809665e+00    2.5324561056e+00   -1.6236174710e+01    3.2000000000e+01    1.9523259998e-03    6.8359375000e-01
        78   -7.4500605168e+00    5.5794881131e+01   -1.4378304446e+01    6.9282439290e+00    2.2906545861e+00   -1.6668959032e+01    3.2000000000e+01    1.9335950001e-03    6.4257812500e-01
        79   -7.2222735351e+00    5.2211091985e+01   -1.3277064995e+01    6.0547914599e+00    2.9538010752e+00   -1.6230866070e+01    3.2000000000e+01    1.9351920000e-03    6.2304687500e-01
        80   -7.2427771355e+00    5.2536877619e+01   -1.2400602377e+01    5.1578252410e+00    2.6727363393e+00   -1.5073338716e+01    3.2000000000e+01    1.9541839993e-03    6.5429687500e-01
        81   -7.6025001765e+00    5.8126510924e+01   -1.4595378843e+01    6.9928786666e+00    2.9716296278e+00   -1.7567008471e+01    3.2000000000e+01    1.9099679994e-03    6.0156250000e-01
        82   -7.3389783440e+00    5.4097663155e+01   -1.3858640451e+01    6.5196621074e+00    2.0679606348e+00   -1.5926601086e+01    3.2000000000e+01    1.9528859993e-03    6.7968750000e-01
        83   -7.4940878916e+00    5.6368575417e+01   -1.2157096983e+01    4.6630090916e+00    2.3706569676e+00   -1.4527753951e+01    3.2000000000e+01    1.9799109996e-03    6.4257812500e-01
        84   -7.4851965168e+00    5.6359475692e+01   -1.4456196166e+01    6.9709996491e+00    3.2419924109e+00   -1.7698188577e+01    3.2000000000e+01    1.9525160005e-03    6.5039062500e-01
        85   -7.3133635808e+00    5.3600156683e+01   -1.4750088497e+01    7.4367249162e+00    3.0798395386e+00   -1.7829928036e+01    3.2000000000e+01    1.9361079994e-03    5.9570312500e-01
        86   -7.2067413575e+00    5.2104160788e+01   -1.0032022384e+01    2.8252810268e+00    2.4981748997e+00   -1.2530197284e+01    3.2000000000e+01    1.9609040000e-03    6.5039062500e-01
        87   -7.3319198997e+00    5.3875164517e+01   -1.2815520209e+01    5.4836003094e+00    2.2945867585e+00   -1.5110106968e+01    3.2000000000e+01    1.9569520000e-03    6.5625000000e-01
        88   -7.3683373613e+00    5.4389911237e+01   -1.4905830686e+01    7.5374933243e+00    2.5234130317e+00   -1.7429243717e+01    3.2000000000e+01    1.9302520004e-03    6.3281250000e-01
        89   -7.5428814920e+00    5.7024378826e+01   -9.9978277960e+00    2.4549463040e+00    2.1184866711e+00   -1.2116314467e+01    3.2000000000e+01    1.9452200004e-03    6.6210937500e-01
        90   -7.2583091714e+00    5.2801274944e+01   -1.1775339177e+01    4.5170300051e+00    2.5286999053e+00   -1.4304039082e+01    3.2000000000e+01    1.9488169992e-03    6.5039062500e-01
        91   -7.4621549836e+00    5.5804046442e+01   -1.4501853731e+01    7.0396987474e+00    2.3511486641e+00   -1.6853002395e+01    3.2000000000e+01    2.0008620004e-03    6.3085937500e-01
        92   -7.5373019929e+00    5.6867642908e+01   -9.8485591631e+00    2.3112571702e+00    2.1221497620e+00   -1.1970708925e+01    3.2000000000e+01    1.9438069994e-03    6.4648437500e-01
        93   -7.4862267787e+00    5.6142503265e+01   -1.3466685242e+01    5.9804584632e+00    2.4842464087e+00   -1.5950931651e+01    3.2000000000e+01    1.9370700002e-03    6.2890625000e-01
        94   -7.6101761154e+00    5.8055412966e+01   -1.5842856051e+01    8.2326799358e+00    1.9488224541e+00   -1.7791678505e+01    3.2000000000e+01    1.9264940001e-03    6.4648437500e-01
        95   -7.5129420076e+00    5.6587369458e+01   -2.0928051184e+01    1.3415109177e+01    2.4381409878e+00   -2.3366192172e+01    3.2000000000e+01    1.9016370006e-03    5.9570312500e-01
        96   -7.5553261795e+00    5.7327978477e+01   -1.7226764587e+01    9.6714384071e+00    3.1760131818e+00   -2.0402777768e+01    3.2000000000e+01    1.9265710007e-03    6.1914062500e-01
        97   -7.7175679846e+00    5.9764249063e+01   -1.4434209576e+01    6.7166415912e+00    2.3171215644e+00   -1.6751331140e+01    3.2000000000e+01    1.8974810000e-03    6.4062500000e-01
        98   -7.4063051667e+00    5.5135192862e+01   -1.1689148743e+01    4.2828435759e+00    1.9870382162e+00   -1.3676186959e+01    3.2000000000e+01    1.9568819998e-03    6.7968750000e-01
        99   -7.6208943850e+00    5.8357058023e+01   -1.2398129794e+01    4.7772354088e+00    2.2361707910e+00   -1.4634300585e+01    3.2000000000e+01    1.9554060000e-03    6.6796875000e-01
       100   -7.4159126857e+00    5.5110668864e+01   -1.1547292128e+01    4.1313794423e+00    2.5340974823e+00   -1.4081389610e+01    3.2000000000e+01    2.8289020001e-03    6.7578125000e-01
       101   -8.0158228774e+00    6.4536827001e+01   -1.5441494679e+01    7.4256718012e+00    2.3952891585e+00   -1.7836783837e+01    3.2000000000e+01    1.9104670000e-03    6.2890625000e-01
       102   -7.5027014272e+00    5.6491315088e+01   -2.3225018084e+01    1.5722316657e+01    2.9963173017e+00   -2.6221335386e+01    3.2000000000e+01    1.9292879997e-03    6.3281250000e-01
       103   -7.3781646850e+00    5.4842410708e+01   -1.2942728111e+01    5.5645634255e+00    3.1158354752e+00   -1.6058563586e+01    3.2000000000e+01    1.9646649998e-03    6.6406250000e-01
       104   -7.6157089099e+00    5.8204292009e+01   -1.4491579741e+01    6.8758708310e+00    2.2515362627e+00   -1.6743116004e+01    3.2000000000e+01    1.8982740003e-03    6.1718750000e-01
       105   -7.5148502338e+00    5.6645154307e+01   -1.2376309863e+01    4.8614596296e+00    2.6100145565e+00   -1.4986324420e+01    3.2000000000e+01    1.9780679995e-03    6.7968750000e-01
       106   -7.1138985849e+00    5.0828122004e+01   -1.4967293009e+01    7.8533944241e+00    2.6251982575e+00   -1.7592491266e+01    3.2000000000e+01    1.8955249998e-03    5.8203125000e-01
       107   -7.5303729750e+00    5.7064908331e+01   -1.5627170976e+01    8.0967980008e+00    3.1090129001e+00   -1.8736183876e+01    3.2000000000e+01    1.9075199998e-03    6.0156250000e-01
       108   -7.3598442271e+00    5.4260150253e+01   -1.1063297890e+01    3.7034536632e+00    2.6385584119e+00   -1.3701856302e+01    3.2000000000e+01    3.7774769999e-03    6.3281250000e-01
       109   -7.5382367036e+00    5.6945328474e+01   -1.3274168747e+01    5.7359320434e+00    2.4652283517e+00   -1.5739397099e+01    3.2000000000e+01    2.1224080001e-03    6.5820312500e-01
       110   -7.3466162209e+00    5.4144488714e+01   -1.5013011931e+01    7.6663957101e+00    3.1794055795e+00   -1.8192417510e+01    3.2000000000e+01    1.9454140001e-03    6.1132812500e-01
       111   -7.3709179236e+00    5.4484236091e+01   -1.1017067003e+01    3.6461490799e+00    2.5290444488e+00   -1.3546111452e+01    3.2000000000e+01    1.9561999998e-03    6.6015625000e-01
       112   -7.1319985532e+00    5.1107964308e+01   -1.3465551310e+01    6.3335527564e+00    2.9735631321e+00   -1.6439114442e+01    3.2000000000e+01    1.9232650002e-03    6.0742187500e-01
       113   -7.5327736886e+00    5.6821920988e+01   -1.0911064701e+01    3.3782910122e+00    2.4277954376e+00   -1.3338860138e+01    3.2000000000e+01    2.0254090005e-03    6.5625000000e-01
       114   -7.5637327610e+00    5.7342710352e+01   -1.2344461154e+01    4.7807283934e+00    2.9975232729e+00   -1.5341984427e+01    3.2000000000e+01    1.9319029998e-03    6.2695312500e-01
       115   -7.4474031756e+00    5.5538591830e+01   -1.0748647454e+01    3.3012442781e+00    2.3535685647e+00   -1.3102216018e+01    3.2000000000e+01    2.6351630004e-03    6.6406250000e-01
       116   -7.4356342072e+00    5.5538580680e+01   -1.2032551304e+01    4.5969170972e+00    2.8049686232e+00   -1.4837519928e+01    3.2000000000e+01    4.2012720005e-03    6.5234375000e-01
       117   -7.4223816557e+00    5.5226667422e+01   -1.0766282040e+01    3.3439003841e+00    2.2059062561e+00   -1.2972188296e+01    3.2000000000e+01    4.1749600005e-03    6.4843750000e-01
       118   -7.4105896997e+00    5.5226590155e+01   -1.4636791686e+01    7.2262019865e+00    2.6631019944e+00   -1.7299893681e+01    3.2000000000e+01    3.3869070003e-03    6.3476562500e-01
       119   -7.7692607679e+00    6.0619476657e+01   -2.0255576950e+01    1.2486316182e+01    3.4349688811e+00   -2.3690545831e+01    3.2000000000e+01    1.9390890002e-03    5.9375000000e-01
       120   -7.4156105576e+00    5.5140810327e+01   -1.0245160609e+01    2.8295500514e+00    2.1761145202e+00   -1.2421275129e+01    3.2000000000e+01    2.2007139996e-03    6.5820312500e-01
       121   -7.3480142526e+00    5.4147893246e+01   -1.9741716544e+01    1.2393702291e+01    2.5876022262e+00   -2.2329318770e+01    3.2000000000e+01    4.1337780003e-03    6.6406250000e-01
       122   -7.4171491004e+00    5.5129474665e+01   -1.4802689152e+01    7.3855400516e+00    2.4230003811e+00   -1.7225689533e+01    3.2000000000e+01    4.1271010004e-03    6.3085937500e-01
       123   -7.2967792700e+00    5.3339957482e+01   -9.8497562367e+00    2.5529769667e+00    2.6639871341e+00   -1.2513743371e+01    3.2000000000e+01    4.2045259997e-03    6.5820312500e-01
       124   -7.5172555940e+00    5.6733754642e+01   -1.5094347328e+01    7.5770917345e+00    3.0198347408e+00   -1.8114182069e+01    3.2000000000e+01    3.7267810003e-03    5.8984375000e-01
       125   -7.7153303118e+00    6.0020340475e+01   -1.7364883546e+01    9.6495532340e+00    2.9327807636e+00   -2.0297664309e+01    3.2000000000e+01    3.4467590003e-03    6.4648437500e-01
       126   -7.4026859771e+00    5.4936865806e+01   -1.5620071603e+01    8.2173856254e+00    3.1243938757e+00   -1.8744465478e+01    3.2000000000e+01    1.9368190005e-03    6.1132812500e-01
       127   -7.4770696169e+00    5.6149021617e+01   -1.4596317104e+01    7.1192474868e+00    2.5884048173e+00   -1.7184721921e+01    3.2000000000e+01    2.0163029994e-03    6.3671875000e-01
       128   -7.4252049881e+00    5.5221472813e+01   -1.2332045365e+01    4.9068403765e+00    2.8000519582e+00   -1.5132097323e+01    3.2000000000e+01    1.9482720008e-03    6.5039062500e-01
       129   -7.7496247913e+00    6.0342073962e+01   -1.2669538042e+01    4.9199132508e+00    2.5238116050e+00   -1.5193349647e+01    3.2000000000e+01    1.9435109998e-03    6.5234375000e-01
       130   -7.3091416149e+00    5.3546920290e+01   -2.4812891034e+01    1.7503749419e+01    2.0282959881e+00   -2.6841187022e+01    3.2000000000e+01    1.9062889996e-03    6.6406250000e-01
       131   -7.8371746061e+00    6.1777570150e+01   -5.9747534735e+01    5.1910360129e+01    3.1811353973e+00   -6.2928670132e+01    3.2000000000e+01    1.9567469999e-03    5.9375000000e-01
       132   -7.4158258584e+00    5.5064501847e+01   -1.2533960446e+01    5.1181345873e+00    2.2699654823e+00   -1.4803925928e+01    3.2000000000e+01    2.9592330002e-03    6.4062500000e-01
       133   -7.8216840333e+00    6.1590737031e+01   -2.3794055354e+01    1.5972371320e+01    3.0225188228e+00   -2.6816574176e+01    3.2000000000e+01    2.6327559999e-03    5.8984375000e-01
       134   -7.4780605372e+00    5.6068389272e+01   -1.1857472787e+01    4.3794122494e+00    2.8271943902e+00   -1.4684667177e+01    3.2000000000e+01    2.0257899996e-03    6.4843750000e-01
       135   -7.4757063644e+00    5.6052297715e+01   -1.3319482868e+01    5.8437765035e+00    2.5290583405e+00   -1.5848541208e+01    3.2000000000e+01    1.9108320002e-03    6.2890625000e-01
       136   -7.1624884526e+00    5.1423529892e+01   -1.2918277218e+01    5.7557887657e+00    2.5749023780e+00   -1.5493179596e+01    3.2000000000e+01    1.9501239994e-03    6.3085937500e-01
       137   -7.6186762100e+00    5.8116642250e+01   -1.5046815033e+01    7.4281388228e+00    2.5045928654e+00   -1.7551407898e+01    3.2000000000e+01    1.9322919998e-03    6.3671875000e-01
       138   -7.3980003081e+00    5.4857140901e+01   -1.1252043689e+01    3.8540433810e+00    1.9196820257e+00   -1.3171725715e+01    3.2000000000e+01    1.9825189993e-03    6.7773437500e-01
       139   -7.6777129615e+00    5.9411900191e+01   -2.0104925050e+01    1.2427212088e+01    3.0854068747e+00   -2.3190331925e+01    3.2000000000e+01    2.0591789998e-03    5.7226562500e-01
       140   -7.2926986398e+00    5.3278560960e+01   -1.1697975797e+01    4.4052771569e+00    2.3689679228e+00   -1.4066943719e+01    3.2000000000e+01    1.9401430000e-03    6.4257812500e-01
       141   -7.4449200977e+00    5.5516889748e+01   -1.0408385392e+01    2.9634652945e+00    2.6554099020e+00   -1.3063795294e+01    3.2000000000e+01    1.9708529999e-03    6.8359375000e-01
       142   -7.3467860267e+00    5.4109870122e+01   -1.2541694406e+01    5.1949083798e+00    2.1297650903e+00   -1.4671459497e+01    3.2000000000e+01    1.9214510003e-03    6.5039062500e-01
       143   -7.5650261367e+00    5.7764152778e+01   -1.6015880212e+01    8.4508540758e+00    2.8147657267e+00   -1.8830645939e+01    3.2000000000e+01    1.9213570004e-03    6.0742187500e-01
       144   -7.3560866501e+00    5.4239664282e+01   -1.3005051247e+01    5.6489645967e+00    3.3157080379e+00   -1.6320759285e+01    3.2000000000e+01    1.9436160001e-03    6.4257812500e-01
       145   -7.6982937738e+00    5.9722718038e+01   -1.4087763295e+01    6.3894695211e+00    3.1407754140e+00   -1.7228538709e+01    3.2000000000e+01    1.9295100001e-03    6.2500000000e-01
       146   -7.3724209850e+00    5.4478402684e+01   -1.6622968075e+01    9.2505470901e+00    2.8034956914e+00   -1.9426463767e+01    3.2000000000e+01    1.9104499997e-03    6.0156250000e-01
       147   -7.4834959768e+00    5.6098445832e+01   -1.1244741353e+01    3.7612453766e+00    2.4272963652e+00   -1.3672037719e+01    3.2000000000e+01    1.9533900004e-03    6.6210937500e-01
       148   -7.3581664914e+00    5.4512994807e+01   -1.4920939626e+01    7.5627731346e+00    2.7377916836e+00   -1.7658731310e+01    3.2000000000e+01    2.0069840002e-03    6.2500000000e-01
       149   -7.4002716215e+00    5.4984100050e+01   -1.2852897099e+01    5.4526254770e+00    2.5409365946e+00   -1.5393833693e+01    3.2000000000e+01    1.9488339994e-03    6.5039062500e-01
       150   -7.9030276097e+00    6.2740225299e+01   -1.7228675458e+01    9.3256478479e+00    2.5158611749e+00   -1.9744536633e+01    3.2000000000e+01    1.8515339998e-03    6.0742187500e-01
       151   -7.3963017734e+00    5.4904621701e+01   -1.6736911710e+01    9.3406099362e+00    3.2473740998e+00   -1.9984285809e+01    3.2000000000e+01    1.8851309997e-03    5.9375000000e-01
       152   -7.2554665859e+00    5.2727087143e+01   -1.2231737493e+01    4.9762709076e+00    2.3854043802e+00   -1.4617141874e+01    3.2000000000e+01    1.9376340006e-03    6.3867187500e-01
       153   -7.3643354244e+00    5.4373657391e+01   -1.5172517323e+01    7.8081818991e+00    2.6893062524e+00   -1.7861823576e+01    3.2000000000e+01    1.9417060003e-03    6.4257812500e-01
       154   -7.2710192238e+00    5.3072986890e+01   -1.3099789217e+01    5.8287699928e+00    2.5415121911e+00   -1.5641301408e+01    3.2000000000e+01    1.9268639999e-03    6.2695312500e-01
       155   -7.6378425576e+00    5.8655751864e+01   -1.1468410487e+01    3.8305679296e+00    2.1210527894e+00   -1.3589463277e+01    3.2000000000e+01    1.9743189996e-03    6.7578125000e-01
       156   -7.5724910427e+00    5.7496011338e+01   -3.1437527669e+01    2.3865036626e+01    2.8046314158e+00   -3.4242159084e+01    3.2000000000e+01    1.9275919994e-03    6.2109375000e-01
       157   -7.4981752269e+00    5.6356726382e+01   -1.2921264642e+01    5.4230894154e+00    2.6773784424e+00   -1.5598643085e+01    3.2000000000e+01    2.0191829999e-03    6.3867187500e-01
       158   -7.2695278947e+00    5.2962329828e+01   -1.1199125261e+01    3.9295973658e+00    2.4469444438e+00   -1.3646069704e+01    3.2000000000e+01    1.9544569996e-03    6.6210937500e-01
       159   -7.7306959754e+00    5.9978153569e+01   -2.1273309240e+01    1.3542613264e+01    2.7511233065e+00   -2.4024432546e+01    3.2000000000e+01    1.9552550002e-03    6.6210937500e-01
       160   -7.5979763329e+00    5.7964470517e+01   -1.6392638245e+01    8.7946619122e+00    2.7350349869e+00   -1.9127673232e+01    3.2000000000e+01    1.9218509997e-03    6.2890625000e-01
       161   -7.4387701717e+00    5.5465274935e+01   -1.2231943999e+01    4.7931738268e+00    2.0694728050e+00   -1.4301416804e+01    3.2000000000e+01    1.9392560007e-03    6.7382812500e-01
       162   -7.4744283725e+00    5.6098779728e+01   -1.0924597875e+01    3.4501695020e+00    2.3663977355e+00   -1.3290995610e+01    3.2000000000e+01    1.9224949992e-03    6.6015625000e-01
       163   -7.5781407936e+00    5.7676857872e+01   -1.5365045993e+01    7.7869051990e+00    2.3034359976e+00   -1.7668481990e+01    3.2000000000e+01    1.8957770008e-03    6.1914062500e-01
       164   -7.5693798575e+00    5.7461890132e+01   -1.4533439014e+01    6.9640591565e+00    2.0928890249e+00   -1.6626328039e+01    3.2000000000e+01    1.9003790003e-03    6.5234375000e-01
       165   -7.6959774110e+00    5.9518215028e+01   -1.5803843470e+01    8.1078660589e+00    2.3016874444e+00   -1.8105530914e+01    3.2000000000e+01    1.9470899997e-03    6.3476562500e-01
       166   -7.3467893152e+00    5.4071883550e+01   -1.1985085482e+01    4.6382961671e+00    2.3563785087e+00   -1.4341463991e+01    3.2000000000e+01    1.9223820000e-03    6.6406250000e-01
       167   -7.8036277649e+00    6.1186106248e+01   -4.2990623626e+01    3.5186995861e+01    3.1673341857e+00   -4.6157957811e+01    3.2000000000e+01    1.8649730000e-03    5.6835937500e-01
       168   -7.3495913778e+00    5.4215451108e+01   -1.9530080547e+01    1.2180489170e+01    2.7694528485e+00   -2.2299533396e+01    3.2000000000e+01    1.9768610000e-03    6.8945312500e-01
       169   -7.4317993276e+00    5.5405543935e+01   -1.5829276515e+01    8.3974771870e+00    2.4693904799e+00   -1.8298666994e+01    3.2000000000e+01    2.1240400001e-03    6.2304687500e-01
       170   -7.5560302821e+00    5.7303490817e+01   -1.2065980464e+01    4.5099501818e+00    1.6844657989e+00   -1.3750446263e+01    3.2000000000e+01    2.3063999997e-03    6.6796875000e-01
       171   -7.5236606307e+00    5.6780587517e+01   -2.5556017561e+01    1.8032356930e+01    3.1397563439e+00   -2.8695773904e+01    3.2000000000e+01    1.9280979996e-03    6.0546875000e-01
       172   -7.5281637425e+00    5.6862789981e+01   -1.0800002195e+01    3.2718384527e+00    2.1706800750e+00   -1.2970682270e+01    3.2000000000e+01    1.9586940007e-03    6.7382812500e-01
       173   -7.3978377472e+00    5.4878154914e+01   -1.2332952812e+01    4.9351150649e+00    2.6384533214e+00   -1.4971406133e+01    3.2000000000e+01    1.9929509999e-03    6.3085937500e-01
       174   -7.6708956484e+00    5.9052701517e+01   -2.0212961192e+01    1.2542065544e+01    2.7532693543e+00   -2.2966230546e+01    3.2000000000e+01    3.1729269995e-03    6.1718750000e-01
       175   -7.4779207256e+00    5.5978286300e+01   -1.1230710630e+01    3.7527899044e+00    2.0665744551e+00   -1.3297285085e+01    3.2000000000e+01    3.1829089994e-03    6.6015625000e-01
       176   -7.3943028671e+00    5.4759904669e+01   -1.3279350516e+01    5.8850476491e+00    2.6346506687e+00   -1.5914001185e+01    3.2000000000e+01    1.8874660000e-03    6.0156250000e-01
       177   -8.1651027331e+00    6.7064936273e+01   -1.9023438844e+01    1.0858336111e+01    3.6779583085e+00   -2.2701397152e+01    3.2000000000e+01    1.9375110005e-03    6.1914062500e-01
       178   -7.4501785552e+00    5.5948868657e+01   -1.4489294985e+01    7.0391164301e+00    3.3814927407e+00   -1.7870787726e+01    3.2000000000e+01    1.9515900003e-03    6.4453125000e-01
       179   -7.3324859695e+00    5.3880572745e+01   -1.3747601385e+01    6.4151154152e+00    2.5734669873e+00   -1.6321068372e+01    3.2000000000e+01    1.9177690001e-03    6.0351562500e-01
       180   -7.6136310339e+00    5.8339325111e+01   -1.7480352239e+01    9.8667212054e+00    3.1117300750e+00   -2.0592082314e+01    3.2000000000e+01    2.1782209997e-03    6.0937500000e-01
       181   -7.3455448287e+00    5.4201642981e+01   -1.7859752355e+01    1.0514207526e+01    2.9299357225e+00   -2.0789688078e+01    3.2000000000e+01    1.8994969996e-03    5.8593750000e-01
       182   -7.6750385436e+00    5.9259351203e+01   -1.8421650081e+01    1.0746611538e+01    2.9003024489e+00   -2.1321952530e+01    3.2000000000e+01    1.9444660002e-03    6.2695312500e-01
       183   -7.3649378287e+00    5.4379402147e+01   -1.1209473895e+01    3.8445360662e+00    2.5646644995e+00   -1.3774138394e+01    3.2000000000e+01    1.9558760005e-03    6.6210937500e-01
       184   -7.4754735658e+00    5.5970986294e+01   -1.1891560826e+01    4.4160872598e+00    2.4116041676e+00   -1.4303164993e+01    3.2000000000e+01    1.9951629993e-03    6.9726562500e-01
       185   -7.3707916457e+00    5.4435633582e+01   -1.2130515096e+01    4.7597234498e+00    2.3876194651e+00   -1.4518134561e+01    3.2000000000e+01    1.9693290005e-03    6.6796875000e-01
       186   -7.3936522734e+00    5.4793047075e+01   -1.2618889828e+01    5.2252375541e+00    2.7034032707e+00   -1.5322293098e+01    3.2000000000e+01    1.9494379994e-03    6.4062500000e-01
       187   -7.4523529354e+00    5.5649312670e+01   -1.1050100386e+01    3.5977474504e+00    2.6751236823e+00   -1.3725224068e+01    3.2000000000e+01    1.9652369992e-03    6.4843750000e-01
       188   -7.3771621016e+00    5.4517489355e+01   -1.2021095930e+01    4.6439338288e+00    2.7555176209e+00   -1.4776613551e+01    3.2000000000e+01    1.9962410006e-03    6.5429687500e-01
       189   -7.4028111028e+00    5.5034755478e+01   -1.2206359395e+01    4.8035482923e+00    2.7050728975e+00   -1.4911432293e+01    3.2000000000e+01    2.2383730002e-03    6.3085937500e-01
       190   -7.3188057638e+00    5.3721736190e+01   -1.6360131005e+01    9.0413252413e+00    2.6079429085e+00   -1.8968073914e+01    3.2000000000e+01    1.9242680000e-03    6.0742187500e-01
       191   -7.4301099758e+00    5.5332573153e+01   -9.9072559780e+00    2.4771460022e+00    2.1488901344e+00   -1.2056146112e+01    3.2000000000e+01    1.9808679999e-03    6.8554687500e-01
       192   -7.4137783340e+00    5.5099763508e+01   -1.1999560937e+01    4.5857826029e+00    2.5558420303e+00   -1.4555402967e+01    3.2000000000e+01    1.9562179996e-03    6.4453125000e-01
       193   -7.3382157714e+00    5.3947641822e+01   -1.0908807989e+01    3.5705922174e+00    1.9636741801e+00   -1.2872482169e+01    3.2000000000e+01    1.9537720000e-03    6.6210937500e-01
       194   -7.7032669662e+00    5.9502197690e+01   -1.8034197578e+01    1.0330930611e+01    2.9482735399e+00   -2.0982471117e+01    3.2000000000e+01    1.9245340000e-03    6.2109375000e-01
       195   -7.2626374362e+00    5.2905997893e+01   -1.1842556975e+01    4.5799195386e+00    3.1916076236e+00   -1.5034164598e+01    3.2000000000e+01    1.9567449999e-03    6.3671875000e-01
       196   -7.4878213540e+00    5.6438926994e+01   -1.3870548621e+01    6.3827272668e+00    2.7366670450e+00   -1.6607215666e+01    3.2000000000e+01    1.9443629999e-03    6.3085937500e-01
       197   -7.2467284130e+00    5.2679541092e+01   -1.2127524133e+01    4.8807957196e+00    2.5811647947e+00   -1.4708688927e+01    3.2000000000e+01    2.0454220003e-03    5.9765625000e-01
       198   -7.5972317013e+00    5.8126624112e+01   -1.3343483274e+01    5.7462515725e+00    2.8630294291e+00   -1.6206512703e+01    3.2000000000e+01    1.9377229992e-03    6.4257812500e-01
       199   -7.6291992350e+00    5.8726616263e+01   -1.4614096167e+01    6.9848969319e+00    2.5972250760e+00   -1.7211321243e+01    3.2000000000e+01    1.9375840002e-03    6.3281250000e-01
       200   -7.5523925623e+00    5.7414822376e+01   -1.4777878986e+01    7.2254864233e+00    2.7163086385e+00   -1.7494187624e+01    3.2000000000e+01    1.9353289999e-03    6.2109375000e-01
       201   -7.4723132958e+00    5.5996777575e+01   -1.2905205763e+01    5.4328924667e+00    2.7745243287e+00   -1.5679730091e+01    3.2000000000e+01    1.9294579997e-03    6.2304687500e-01
       202   -7.3513329702e+00    5.4259252694e+01   -1.0971785158e+01    3.6204521881e+00    2.3677255779e+00   -1.3339510736e+01    3.2000000000e+01    2.1601930002e-03    6.8750000000e-01
       203   -7.5926071319e+00    5.7778267916e+01   -1.6623246565e+01    9.0306394326e+00    2.4682783059e+00   -1.9091524870e+01    3.2000000000e+01    1.9367260002e-03    6.4062500000e-01
       204   -7.7190896712e+00    6.0002414499e+01   -1.5334405130e+01    7.6153154585e+00    3.5393607164e+00   -1.8873765846e+01    3.2000000000e+01    1.9305400001e-03    6.1328125000e-01
       205   -7.4980728423e+00    5.6349441372e+01   -1.4510051742e+01    7.0119789000e+00    2.1548359963e+00   -1.6664887739e+01    3.2000000000e+01    2.0743129999e-03    6.2500000000e-01
       206   -7.4825209065e+00    5.6153977016e+01   -1.3206277796e+01    5.7237568894e+00    2.8947432492e+00   -1.6101021045e+01    3.2000000000e+01    1.9341079997e-03    6.4062500000e-01
       207   -7.4067177983e+00    5.5031938197e+01   -8.9547999688e+00    1.5480821705e+00    2.4373238383e+00   -1.1392123807e+01    3.2000000000e+01    2.0141750001e-03    7.2851562500e-01
       208   -7.4691898542e+00    5.6029814354e+01   -1.1644740021e+01    4.1755501667e+00    2.4859863954e+00   -1.4130726416e+01    3.2000000000e+01    1.9572849997e-03    6.6015625000e-01
       209   -7.5036028227e+00    5.6458563673e+01   -1.3866387618e+01    6.3627847950e+00    3.2121617026e+00   -1.7078549320e+01    3.2000000000e+01    1.9516519997e-03    6.4257812500e-01
       210   -7.3861840526e+00    5.4638454755e+01   -1.0553618511e+01    3.1674344584e+00    2.0545222195e+00   -1.2608140731e+01    3.2000000000e+01    1.9282619996e-03    6.7187500000e-01
       211   -7.4874148520e+00    5.6185621262e+01   -1.2722670586e+01    5.2352557343e+00    2.4622842473e+00   -1.5184954834e+01    3.2000000000e+01    1.9352910003e-03    6.6992187500e-01
       212   -7.5029529347e+00    5.6569241627e+01   -1.4904611057e+01    7.4016581224e+00    2.9561372494e+00   -1.7860748307e+01    3.2000000000e+01    1.9468350001e-03    6.3085937500e-01
       213   -7.2772932310e+00    5.3128900895e+01   -1.2333638074e+01    5.0563448431e+00    2.9585821575e+00   -1.5292220232e+01    3.2000000000e+01    1.9747500000e-03    6.6992187500e-01
       214   -7.7924702827e+00    6.1204311520e+01   -1.6628003647e+01    8.8355333640e+00    2.3841020808e+00   -1.9012105727e+01    3.2000000000e+01    2.0746250002e-03    6.3476562500e-01
       215   -7.3941635495e+00    5.4820561607e+01   -1.5141699975e+01    7.7475364256e+00    2.3848118584e+00   -1.7526511833e+01    3.2000000000e+01    1.9374979993e-03    6.3281250000e-01
       216   -7.5136730106e+00    5.6650927054e+01   -1.7924633397e+01    1.0410960386e+01    2.8999514961e+00   -2.0824584893e+01    3.2000000000e+01    1.9220699996e-03    6.0351562500e-01
       217   -7.4025356552e+00    5.4906208702e+01   -9.8266027785e+00    2.4240671233e+00    2.5612328012e+00   -1.2387835580e+01    3.2000000000e+01    1.9554459996e-03    6.5820312500e-01
       218   -7.4616848275e+00    5.5943192964e+01   -1.2400033917e+01    4.9383490899e+00    3.0001074903e+00   -1.5400141408e+01    3.2000000000e+01    1.9546690000e-03    6.5039062500e-01
       219   -7.4844691004e+00    5.6325008334e+01   -1.3343390900e+01    5.8589217997e+00    2.6687127736e+00   -1.6012103674e+01    3.2000000000e+01    1.9536780001e-03    6.4648437500e-01
       220   -7.4110442172e+00    5.5135599230e+01   -1.7235249376e+01    9.8242051589e+00    2.8255795385e+00   -2.0060828915e+01    3.2000000000e+01    1.9530629997e-03    6.3867187500e-01
       221   -7.5724129188e+00    5.7456285701e+01   -1.4757527060e+01    7.1851141415e+00    2.3019153287e+00   -1.7059442389e+01    3.2000000000e+01    1.9471539999e-03    6.6015625000e-01
       222   -8.0488257117e+00    6.5256622228e+01   -1.8128837320e+01    1.0080011608e+01    2.5960450388e+00   -2.0724882359e+01    3.2000000000e+01    2.0883160005e-03    6.4648437500e-01
       223   -7.3164154632e+00    5.3573189919e+01   -1.0533132042e+01    3.2167165791e+00    2.3774536831e+00   -1.2910585725e+01    3.2000000000e+01    1.9468830005e-03    6.4453125000e-01
       224   -7.2707868016e+00    5.2979755634e+01   -1.3697814111e+01    6.4270273090e+00    2.7534826790e+00   -1.6451296790e+01    3.2000000000e+01    1.9443080000e-03    6.3085937500e-01
       225   -7.2040520729e+00    5.2009101196e+01   -8.8078259533e+00    1.6037738804e+00    2.2301915857e+00   -1.1038017539e+01    3.2000000000e+01    1.9413749997e-03    6.4453125000e-01
       226   -7.6351301860e+00    5.8427739645e+01   -2.8485938756e+01    2.0850808570e+01    2.5513664148e+00   -3.1037305171e+01    3.2000000000e+01    1.8802570003e-03    5.8203125000e-01
       227   -7.3999073498e+00    5.5064857283e+01   -1.4717248875e+01    7.3173415248e+00    2.6787154458e+00   -1.7395964320e+01    3.2000000000e+01    1.9218890002e-03    6.0742187500e-01
       228   -7.2486994193e+00    5.2642102672e+01   -1.3646154987e+01    6.3974555677e+00    2.3398284944e+00   -1.5985983481e+01    3.2000000000e+01    1.9069310001e-03    6.2500000000e-01
       229   -7.7246423808e+00    5.9957199172e+01   -1.6031867323e+01    8.3072249423e+00    3.2753393982e+00   -1.9307206721e+01    3.2000000000e+01    1.9365659991e-03    6.2500000000e-01
       230   -7.3603930475e+00    5.4281539766e+01   -1.3307080408e+01    5.9466873608e+00    2.4128355931e+00   -1.5719916001e+01    3.2000000000e+01    1.9326120000e-03    6.2500000000e-01
       231   -7.2903245419e+00    5.3282920208e+01   -1.5071560351e+01    7.7812358088e+00    2.5144918652e+00   -1.7586052216e+01    3.2000000000e+01    2.0370369994e-03    6.1328125000e-01
       232   -7.3536699749e+00    5.4224251599e+01   -1.6885898969e+01    9.5322289939e+00    2.5914589592e+00   -1.9477357928e+01    3.2000000000e+01    1.9733869995e-03    6.6796875000e-01
       233   -7.3093756638e+00    5.3492582310e+01   -1.3360759624e+01    6.0513839599e+00    2.9368651179e+00   -1.6297624742e+01    3.2000000000e+01    1.9619400000e-03    6.6992187500e-01
       234   -7.3709347130e+00    5.4446076224e+01   -8.5669698591e+00    1.1960351460e+00    2.3896463115e+00   -1.0956616171e+01    3.2000000000e+01    1.9945900003e-03    7.0117187500e-01
       235   -7.4044785300e+00    5.4950149707e+01   -1.0756577550e+01    3.3520990201e+00    2.2339990533e+00   -1.2990576603e+01    3.2000000000e+01    1.9859610002e-03    6.8554687500e-01
       236   -7.3341167649e+00    5.3902919765e+01   -1.2873065461e+01    5.5389486964e+00    2.4453288259e+00   -1.5318394287e+01    3.2000000000e+01    1.9074310003e-03    6.1132812500e-01
       237   -7.7225321558e+00    5.9935826957e+01   -1.3596178290e+01    5.8736461337e+00    2.6396862649e+00   -1.6235864554e+01    3.2000000000e+01    1.9348800006e-03    6.3476562500e-01
       238   -7.5565751684e+00    5.7259959601e+01   -1.1768713513e+01    4.2121383445e+00    1.8249956152e+00   -1.3593709128e+01    3.2000000000e+01    1.9144100006e-03    6.5820312500e-01
       239   -7.3997245142e+00    5.4895257095e+01   -1.1805325928e+01    4.4056014141e+00    2.0089158322e+00   -1.3814241761e+01    3.2000000000e+01    2.0412120002e-03    6.5820312500e-01
       240   -7.2523908922e+00    5.2745834585e+01   -1.2454436070e+01    5.2020451774e+00    2.1628874939e+00   -1.4617323563e+01    3.2000000000e+01    1.9349630002e-03    6.5234375000e-01
       241   -7.3515613923e+00    5.4107926054e+01   -1.0671613473e+01    3.3200520808e+00    2.5337153384e+00   -1.3205328812e+01    3.2000000000e+01    1.9781749997e-03    6.8554687500e-01
       242   -7.3798253878e+00    5.4637832507e+01   -1.1809780173e+01    4.4299547848e+00    2.8506879610e+00   -1.4660468134e+01    3.2000000000e+01    1.9237629995e-03    6.4062500000e-01
       243   -7.4304062538e+00    5.5389855287e+01   -1.0413441638e+01    2.9830353843e+00    1.9030442063e+00   -1.2316485844e+01    3.2000000000e+01    1.9498120000e-03    6.7773437500e-01
       244   -7.7021785587e+00    5.9761308229e+01   -2.2916557263e+01    1.5214378704e+01    3.0679040865e+00   -2.5984461349e+01    3.2000000000e+01    1.8795180004e-03    5.7812500000e-01
       245   -7.3736485528e+00    5.4528090973e+01   -1.3225737146e+01    5.8520885931e+00    2.5759820319e+00   -1.5801719178e+01    3.2000000000e+01    1.9368860003e-03    6.3867187500e-01
       246   -7.2010204835e+00    5.1931745637e+01   -1.1091956799e+01    3.8909363157e+00    2.2384353108e+00   -1.3330392110e+01    3.2000000000e+01    1.9480419996e-03    6.4453125000e-01
       247   -7.5493276624e+00    5.7207216297e+01   -1.0882288079e+01    3.3329604171e+00    2.5812646832e+00   -1.3463552763e+01    3.2000000000e+01    2.1206590000e-03    7.0117187500e-01
       248   -7.3901623054e+00    5.4724280514e+01   -1.2477421375e+01    5.0872590698e+00    2.4022503434e+00   -1.4879671719e+01    3.2000000000e+01    1.9106689997e-03    6.3476562500e-01
       249   -7.3967224917e+00    5.4861011777e+01   -1.2245011887e+01    4.8482893951e+00    2.7184914199e+00   -1.4963503307e+01    3.2000000000e+01    1.9373879995e-03    6.2500000000e-01
       250   -7.5268359233e+00    5.6847658144e+01   -1.7876014387e+01    1.0349178463e+01    2.7447627068e+00   -2.0620777093e+01    3.2000000000e+01    1.9249179995e-03    6.2890625000e-01
       251   -7.4530311232e+00    5.5620035970e+01   -1.2717460798e+01    5.2644296752e+00    2.7149986052e+00   -1.5432459404e+01    3.2000000000e+01    1.9502730001e-03    6.4843750000e-01
       252   -7.5133059401e+00    5.6574650412e+01   -1.6005072740e+01    8.4917668001e+00    2.6355205268e+00   -1.8640593267e+01    3.2000000000e+01    2.1525040002e-03    6.6992187500e-01
       253   -7.3780250534e+00    5.4499275649e+01   -1.1674022756e+01    4.2959977022e+00    2.3219997574e+00   -1.3996022513e+01    3.2000000000e+01    1.9560150004e-03    6.8359375000e-01
       254   -7.4774415929e+00    5.6119144275e+01   -2.7329103073e+01    1.9851661480e+01    2.3409846313e+00   -2.9670087704e+01    3.2000000000e+01    1.8825220004e-03    6.2890625000e-01
       255   -7.4727434753e+00    5.6035162203e+01   -1.3181121993e+01    5.7083785178e+00    1.8698628733e+00   -1.5050984866e+01    3.2000000000e+01    1.9409090000e-03    6.6796875000e-01
       256   -7.1432468495e+00    5.1262160464e+01   -1.2792072580e+01    5.6488257303e+00    2.8898584456e+00   -1.5681931025e+01    3.2000000000e+01    2.0614559999e-03    6.2304687500e-01
       257   -7.3430713998e+00    5.3996940512e+01   -1.1538250926e+01    4.1951795265e+00    2.5544764713e+00   -1.4092727398e+01    3.2000000000e+01    1.9483520000e-03    6.4453125000e-01
       258   -7.3557842021e+00    5.4208752313e+01   -1.0340464943e+01    2.9846807407e+00    2.4843740540e+00   -1.2824838997e+01    3.2000000000e+01    1.9479579996e-03    6.4257812500e-01
       259   -7.5199750004e+00    5.6789164869e+01   -1.3657604351e+01    6.1376293507e+00    3.1969515725e+00   -1.6854555924e+01    3.2000000000e+01    1.9374989997e-03    6.1914062500e-01
       260   -7.5851181460e+00    5.7906577744e+01   -2.8525413482e+01    2.0940295336e+01    2.8258480017e+00   -3.1351261484e+01    3.2000000000e+01    1.9106529999e-03    6.0351562500e-01
       261   -8.0020960290e+00    6.4396716016e+01   -1.8577768358e+01    1.0575672329e+01    2.9485760388e+00   -2.1526344397e+01    3.2000000000e+01    1.8993100002e-03    5.8789062500e-01
       262   -7.3606373754e+00    5.4270440413e+01   -1.0200116242e+01    2.8394788668e+00    2.1404196291e+00   -1.2340535871e+01    3.2000000000e+01    1.9887019998e-03    6.9726562500e-01
       263   -7.5363282118e+00    5.7281542242e+01   -2.0118138257e+01    1.2581810045e+01    2.9940037144e+00   -2.3112141971e+01    3.2000000000e+01    1.9178570001e-03    6.1328125000e-01
       264   -7.4967156636e+00    5.6413373027e+01   -1.2918665802e+01    5.4219501384e+00    2.0844523353e+00   -1.5003118137e+01    3.2000000000e+01    2.0977929998e-03    6.9921875000e-01
       265   -7.1804906737e+00    5.1686752630e+01   -1.4113137297e+01    6.9326466230e+00    2.4424119780e+00   -1.6555549275e+01    3.2000000000e+01    1.9279770004e-03    6.2500000000e-01
       266   -7.7916061934e+00    6.0998582292e+01   -1.6081320169e+01    8.2897139752e+00    2.8991970961e+00   -1.8980517265e+01    3.2000000000e+01    1.9217189993e-03    6.2890625000e-01
       267   -7.5701701380e+00    5.7486010452e+01   -1.5188869688e+01    7.6186995496e+00    2.6479164966e+00   -1.7836786184e+01    3.2000000000e+01    1.9025590000e-03    5.8789062500e-01
       268   -7.1768275134e+00    5.1622000059e+01   -1.2422893160e+01    5.2460656467e+00    3.0130509529e+00   -1.5435944113e+01    3.2000000000e+01    1.9354050000e-03    6.3476562500e-01
       269   -7.3804110022e+00    5.4560117579e+01   -9.1738473076e+00    1.7934363054e+00    2.4950118008e+00   -1.1668859108e+01    3.2000000000e+01    1.9533390005e-03    6.5234375000e-01
       270   -7.4776408066e+00    5.6077570706e+01   -1.0301449570e+01    2.8238087635e+00    2.5210801354e+00   -1.2822529706e+01    3.2000000000e+01    1.9590390002e-03    6.6601562500e-01
       271   -7.3544342531e+00    5.4158719610e+01   -1.1024439951e+01    3.6700056982e+00    2.7032498714e+00   -1.3727689823e+01    3.2000000000e+01    1.9670819993e-03    6.6992187500e-01
       272   -7.5492137703e+00    5.7087550044e+01   -1.0080785855e+01    2.5315720851e+00    2.5264800639e+00   -1.2607265919e+01    3.2000000000e+01    1.9954660002e-03    7.1484375000e-01
       273   -7.4661679320e+00    5.5989148620e+01   -2.7465399720e+01    1.9999231788e+01    3.4779878894e+00   -3.0943387610e+01    3.2000000000e+01    2.0378420004e-03    5.9960937500e-01
       274   -7.3652247535e+00    5.4363703071e+01   -1.1700872196e+01    4.3356474427e+00    2.0994763715e+00   -1.3800348568e+01    3.2000000000e+01    1.9698280003e-03    6.7382812500e-01
       275   -8.0541886404e+00    6.5410259424e+01   -1.6843274342e+01    8.7890857020e+00    2.5225297869e+00   -1.9365804129e+01    3.2000000000e+01    1.9256020005e-03    6.2890625000e-01
       276   -7.3925166878e+00    5.4692101269e+01   -9.9607179799e+00    2.5682012921e+00    2.2365459727e+00   -1.2197263953e+01    3.2000000000e+01    1.9705490004e-03    6.7187500000e-01
       277   -7.4176793026e+00    5.5135454964e+01   -1.2627603875e+01    5.2099245719e+00    2.5354449909e+00   -1.5163048865e+01    3.2000000000e+01    1.9076750004e-03    6.4062500000e-01
       278   -7.3754526253e+00    5.4487196851e+01   -1.0212167542e+01    2.8367149162e+00    2.1622108549e+00   -1.2374378396e+01    3.2000000000e+01    1.9897029997e-03    6.9140625000e-01
       279   -7.4597485376e+00    5.5783372033e+01   -1.7409635109e+01    9.9498865716e+00    2.8750437721e+00   -2.0284678881e+01    3.2000000000e+01    1.9126859997e-03    6.0937500000e-01
       280   -7.4906781147e+00    5.6262978467e+01   -1.8135848504e+01    1.0645170389e+01    2.5722198689e+00   -2.0708068373e+01    3.2000000000e+01    1.9219409996e-03    6.3085937500e-01
       281   -7.2289663879e+00    5.2400081181e+01   -1.1723021192e+01    4.4940548040e+00    3.2293729692e+00   -1.4952394161e+01    3.2000000000e+01    2.0840660000e-03    6.5234375000e-01
       282   -7.3560258013e+00    5.4280966071e+01   -1.3820374078e+01    6.4643482771e+00    2.7898869664e+00   -1.6610261045e+01    3.2000000000e+01    1.9060089999e-03    6.3867187500e-01
       283   -7.5891864647e+00    5.7908392957e+01   -1.6222474129e+01    8.6332876647e+00    2.7498417848e+00   -1.8972315914e+01    3.2000000000e+01    1.9158570003e-03    6.2500000000e-01
       284   -7.4012881501e+00    5.4847201670e+01   -1.0216283713e+01    2.8149955625e+00    2.2870076711e+00   -1.2503291384e+01    3.2000000000e+01    1.9810969998e-03    6.9335937500e-01
       285   -7.3116542426e+00    5.3544257005e+01   -1.0501348225e+01    3.1896939821e+00    2.5870246839e+00   -1.3088372909e+01    3.2000000000e+01    1.9485759994e-03    6.5429687500e-01
       286   -7.1871447180e+00    5.1781304925e+01   -1.1679103955e+01    4.4919592373e+00    2.7178331142e+00   -1.4396937070e+01    3.2000000000e+01    1.9473820003e-03    6.4648437500e-01
       287   -7.4478822952e+00    5.5587138795e+01   -1.2275897508e+01    4.8280152130e+00    2.5422230728e+00   -1.4818120581e+01    3.2000000000e+01    1.9579049995e-03    6.6406250000e-01
       288   -7.3343538287e+00    5.3879533553e+01   -1.2643165753e+01    5.3088119248e+00    2.5070892970e+00   -1.5150255050e+01    3.2000000000e+01    1.9338960001e-03    6.2695312500e-01
       289   -7.3220002776e+00    5.3834344800e+01   -1.4612163395e+01    7.2901631178e+00    3.1155469597e+00   -1.7727710355e+01    3.2000000000e+01    1.9401219997e-03    6.1523437500e-01
       290   -7.2824351790e+00    5.3153313080e+01   -1.1528961213e+01    4.2465260342e+00    2.5230988300e+00   -1.4052060043e+01    3.2000000000e+01    2.0640450002e-03    6.6406250000e-01
       291   -7.3208687497e+00    5.3697773087e+01   -9.0302139051e+00    1.7093451555e+00    2.7523936175e+00   -1.1782607523e+01    3.2000000000e+01    1.9834100003e-03    6.9140625000e-01
       292   -7.5158866680e+00    5.6730186180e+01   -1.4375794713e+01    6.8599080455e+00    2.7076369324e+00   -1.7083431646e+01    3.2000000000e+01    1.9256409996e-03    6.4257812500e-01
       293   -7.2863392161e+00    5.3191482662e+01   -1.2082494739e+01    4.7961555226e+00    1.9277431388e+00   -1.4010237877e+01    3.2000000000e+01    1.9032920000e-03    6.4648437500e-01
       294   -7.2883993050e+00    5.3271105853e+01   -1.3649643989e+01    6.3612446839e+00    2.3894429210e+00   -1.6039086910e+01    3.2000000000e+01    1.8811740001e-03    6.2695312500e-01
       295   -7.6748614530e+00    5.9420325675e+01   -1.5867816814e+01    8.1929553611e+00    2.9857118651e+00   -1.8853528679e+01    3.2000000000e+01    1.9215780003e-03    6.1914062500e-01
       296   -7.1435903891e+00    5.1168311865e+01   -1.3473649321e+01    6.3300589321e+00    2.9446450389e+00   -1.6418294360e+01    3.2000000000e+01    1.9202379999e-03    6.0937500000e-01
       297   -7.8202043312e+00    6.1378109551e+01   -2.5871993478e+01    1.8051789147e+01    3.0442774432e+00   -2.8916270921e+01    3.2000000000e+01    1.8996389999e-03    5.8984375000e-01
       298   -7.6915669704e+00    5.9301790411e+01   -1.5704181452e+01    8.0126144818e+00    2.1231502776e+00   -1.7827331730e+01    3.2000000000e+01    2.0978640005e-03    6.6992187500e-01
       299   -7.3417849823e+00    5.3992181176e+01   -1.1177780223e+01    3.8359952409e+00    2.0856355744e+00   -1.3263415798e+01    3.2000000000e+01    1.9171849999e-03    6.5625000000e-01
       300   -7.5898282016e+00    5.7914516181e+01   -1.2915132528e+01    5.3253043261e+00    2.4077975596e+00   -1.5322930087e+01    3.2000000000e+01    1.9117780002e-03    6.4648437500e-01
       301   -7.2794964204e+00    5.3109006229e+01   -1.2703374631e+01    5.4238782103e+00    2.6261556602e+00   -1.5329530291e+01    3.2000000000e+01    1.9095079997e-03    6.0546875000e-01
       302   -7.4890650997e+00    5.6224972909e+01   -1.1545942216e+01    4.0568771162e+00    2.0292791729e+00   -1.3575221389e+01    3.2000000000e+01    1.9466120002e-03    6.7773437500e-01
       303   -7.7118410856e+00    5.9865621083e+01   -2.7215623819e+01    1.9503782733e+01    2.5201907096e+00   -2.9735814529e+01    3.2000000000e+01    1.9248720000e-03    6.2109375000e-01
       304   -7.5623681420e+00    5.7319660231e+01   -1.4259748367e+01    6.6973802249e+00    2.3668325258e+00   -1.6626580893e+01    3.2000000000e+01    1.9279150001e-03    6.2500000000e-01
       305   -7.3534951928e+00    5.4208376064e+01   -1.1929941191e+01    4.5764459980e+00    2.7412627855e+00   -1.4671203976e+01    3.2000000000e+01    1.9619069999e-03    6.5625000000e-01
       306   -7.6326206337e+00    5.8690789307e+01   -1.7008513822e+01    9.3758931879e+00    2.2704350602e+00   -1.9278948882e+01    3.2000000000e+01    2.0874249994e-03    6.6796875000e-01
       307   -7.4392585647e+00    5.5489538616e+01   -1.1397925028e+01    3.9586664631e+00    3.1013368464e+00   -1.4499261874e+01    3.2000000000e+01    1.9276650000e-03    6.2109375000e-01
       308   -7.2798079740e+00    5.3071602902e+01   -1.3104843515e+01    5.8250355406e+00    2.5434801004e+00   -1.5648323615e+01    3.2000000000e+01    1.9192899999e-03    6.2500000000e-01
       309   -7.5040323684e+00    5.6478020080e+01   -1.0846376717e+01    3.3423443487e+00    1.9371445565e+00   -1.2783521274e+01    3.2000000000e+01    1.9155509999e-03    6.4843750000e-01
       310   -7.5477600727e+00    5.7227341025e+01   -1.1505506573e+01    3.9577465001e+00    2.4869488630e+00   -1.3992455436e+01    3.2000000000e+01    1.9414179997e-03    6.3476562500e-01
       311   -7.4124546383e+00    5.5183734760e+01   -1.9340817962e+01    1.1928363323e+01    2.8840590499e+00   -2.2224877012e+01    3.2000000000e+01    1.9290880000e-03    6.1718750000e-01
       312   -7.5971796146e+00    5.8066576891e+01   -1.2858829562e+01    5.2616499469e+00    2.9445639025e+00   -1.5803393464e+01    3.2000000000e+01    1.9209590000e-03    6.2695312500e-01
       313   -7.3744417861e+00    5.4577290155e+01   -1.2460542414e+01    5.0861006277e+00    2.5751282674e+00   -1.5035670681e+01    3.2000000000e+01    1.9617469998e-03    6.6015625000e-01
       314   -7.3237386343e+00    5.3760401016e+01   -1.0286078277e+01    2.9623396423e+00    2.1961301900e+00   -1.2482208467e+01    3.2000000000e+01    1.9590890006e-03    6.6406250000e-01
       315   -7.5264736981e+00    5.6984407487e+01   -1.4762648122e+01    7.2361744236e+00    2.5100012855e+00   -1.7272649407e+01    3.2000000000e+01    2.0647629999e-03    6.2304687500e-01
       316   -7.3993767102e+00    5.5047245485e+01   -1.6525657816e+01    9.1262811059e+00    2.7122615559e+00   -1.9237919372e+01    3.2000000000e+01    1.9176910000e-03    6.1523437500e-01
       317   -7.4448909900e+00    5.5509282992e+01   -1.2720697562e+01    5.2758065722e+00    2.3606296868e+00   -1.5081327249e+01    3.2000000000e+01    1.9451040007e-03    6.5234375000e-01
       318   -7.9403896237e+00    6.3434328777e+01   -1.8555197446e+01    1.0614807823e+01    3.1812085759e+00   -2.1736406022e+01    3.2000000000e+01    1.9148889996e-03    6.2890625000e-01
       319   -7.6438239837e+00    5.8547339305e+01   -1.7504020406e+01    9.8601964222e+00    2.5402138029e+00   -2.0044234209e+01    3.2000000000e+01    1.8772820004e-03    6.1523437500e-01
       320   -7.5739218845e+00    5.7565959839e+01   -1.1290282285e+01    3.7163604003e+00    2.6457663329e+00   -1.3936048618e+01    3.2000000000e+01    1.9472750000e-03    6.6796875000e-01
       321   -8.0175393816e+00    6.4512237329e+01   -3.1017842362e+01    2.3000302980e+01    2.9396362440e+00   -3.3957478606e+01    3.2000000000e+01    1.9121480000e-03    6.1132812500e-01
       322   -7.4679928600e+00    5.6265872225e+01   -5.4143016438e+01    4.6675023578e+01    2.7843288218e+00   -5.6927345260e+01    3.2000000000e+01    1.8931479999e-03    5.8203125000e-01
       323   -7.7248488457e+00    6.0047704366e+01   -5.2926745678e+01    4.5201896832e+01    3.1575458236e+00   -5.6084291502e+01    3.2000000000e+01    2.0363719996e-03    5.8593750000e-01
       324   -7.2728888326e+00    5.3089888986e+01   -1.4454982242e+01    7.1820934093e+00    2.4241992660e+00   -1.6879181508e+01    3.2000000000e+01    1.9529570000e-03    6.4453125000e-01
       325   -7.5715397815e+00    5.7474144842e+01   -1.2405284792e+01    4.8337450110e+00    2.8515247689e+00   -1.5256809561e+01    3.2000000000e+01    1.9669740004e-03    6.6210937500e-01
       326   -7.4782759955e+00    5.6017763819e+01   -1.0573152073e+01    3.0948760770e+00    2.4071240537e+00   -1.2980276126e+01    3.2000000000e+01    1.9390749994e-03    6.4843750000e-01
       327   -7.3869934155e+00    5.4670385927e+01   -1.4440384257e+01    7.0533908414e+00    2.6767967157e+00   -1.7117180973e+01    3.2000000000e+01    1.9227800003e-03    6.1914062500e-01
       328   -7.4582447445e+00    5.5873846847e+01   -2.3200064795e+01    1.5741820051e+01    3.3479978572e+00   -2.6548062652e+01    3.2000000000e+01    1.8966449998e-03    5.8007812500e-01
       329   -7.4731352478e+00    5.5968001006e+01   -1.2784193470e+01    5.3110582226e+00    2.7672400282e+00   -1.5551433499e+01    3.2000000000e+01    1.9569599999e-03    6.6210937500e-01
       330   -7.2631661299e+00    5.2879951460e+01   -9.6209114239e+00    2.3577452940e+00    2.4929956425e+00   -1.2113907066e+01    3.2000000000e+01    1.9570340000e-03    6.5234375000e-01
       331   -7.2099649266e+00    5.2199347753e+01   -1.2277467542e+01    5.0675026153e+00    2.4204537899e+00   -1.4697921332e+01    3.2000000000e+01    1.9099210003e-03    6.3671875000e-01
       332   -7.6067171010e+00    5.7991161627e+01   -1.5158244956e+01    7.5515278546e+00    3.5283909968e+00   -1.8686635952e+01    3.2000000000e+01    2.0674329999e-03    6.3476562500e-01
       333   -7.4650361836e+00    5.6032443902e+01   -1.5867073567e+01    8.4020373830e+00    2.8912165850e+00   -1.8758290152e+01    3.2000000000e+01    1.9443110004e-03    6.3867187500e-01
       334   -7.5184281818e+00    5.6643341743e+01   -1.1793879166e+01    4.2754509847e+00    2.4822727965e+00   -1.4276151963e+01    3.2000000000e+01    1.9556610005e-03    6.6601562500e-01
       335   -7.2467569480e+00    5.2611586150e+01   -1.3564718217e+01    6.3179612687e+00    2.4730524980e+00   -1.6037770715e+01    3.2000000000e+01    1.9387320008e-03    6.4843750000e-01
       336   -7.3032957580e+00    5.3734650592e+01   -1.7481068355e+01    1.0177772597e+01    3.7914378254e+00   -2.1272506181e+01    3.2000000000e+01    1.8777010000e-03    5.8203125000e-01
       337   -7.5210755807e+00    5.7063325179e+01   -2.0191935588e+01    1.2670860008e+01    3.2085758645e+00   -2.3400511453e+01    3.2000000000e+01    1.9051480003e-03    5.9960937500e-01
       338   -7.3600380734e+00    5.4366814994e+01   -1.1579223724e+01    4.2191856505e+00    2.8597605245e+00   -1.4438984248e+01    3.2000000000e+01    1.9344529992e-03    6.3281250000e-01
       339   -7.3415312678e+00    5.4083731937e+01   -1.1059598802e+01    3.7180675339e+00    2.1784510022e+00   -1.3238049804e+01    3.2000000000e+01    1.9534739995e-03    6.7773437500e-01
       340   -7.2165789376e+00    5.2185335840e+01   -1.3479378578e+01    6.2627996400e+00    2.3870579130e+00   -1.5866436491e+01    3.2000000000e+01    2.0203060003e-03    6.1718750000e-01
       341   -7.4470903903e+00    5.5539389177e+01   -9.7571636712e+00    2.3100732809e+00    2.5073104636e+00   -1.2264474135e+01    3.2000000000e+01    1.9432830004e-03    6.5429687500e-01
       342   -7.4500188324e+00    5.5626557103e+01   -1.2592434219e+01    5.1424153871e+00    2.5340540872e+00   -1.5126488307e+01    3.2000000000e+01    1.9620169996e-03    6.5820312500e-01
       343   -7.6431709873e+00    5.8777426435e+01   -1.3940815476e+01    6.2976444886e+00    2.9709923099e+00   -1.6911807786e+01    3.2000000000e+01    1.9399700004e-03    6.4843750000e-01
       344   -7.5450162226e+00    5.7141271612e+01   -1.1530619352e+01    3.9856031291e+00    2.1679682431e+00   -1.3698587595e+01    3.2000000000e+01    1.9539499999e-03    6.6015625000e-01
       345   -7.1616004298e+00    5.1513883708e+01   -1.2340234960e+01    5.1786345304e+00    2.7480893228e+00   -1.5088324283e+01    3.2000000000e+01    1.9452299994e-03    6.4257812500e-01
       346   -7.3873662481e+00    5.4662381425e+01   -1.3146818439e+01    5.7594521906e+00    2.8518263004e+00   -1.5998644739e+01    3.2000000000e+01    1.9447949999e-03    6.4843750000e-01
       347   -7.4204102336e+00    5.5171391572e+01   -1.1198809443e+01    3.7783992090e+00    2.1912504021e+00   -1.3390059845e+01    3.2000000000e+01    1.9285359995e-03    6.6210937500e-01
       348   -7.3324721226e+00    5.3850194219e+01   -1.0978964581e+01    3.6464924583e+00    2.6769871468e+00   -1.3655951728e+01    3.2000000000e+01    1.9476029993e-03    6.5234375000e-01
       349   -7.4929521566e+00    5.6529490036e+01   -2.1112275143e+01    1.3619322986e+01    3.0710451063e+00   -2.4183320249e+01    3.2000000000e+01    2.0406809999e-03    6.2304687500e-01
       350   -7.2787176376e+00    5.3077409618e+01   -1.0743674432e+01    3.4649567940e+00    2.6518270159e+00   -1.3395501447e+01    3.2000000000e+01    1.9568790003e-03    6.6601562500e-01
       351   -7.6322703958e+00    5.8573984517e+01   -1.3667114428e+01    6.0348440321e+00    2.6019223110e+00   -1.6269036739e+01    3.2000000000e+01    1.9493590007e-03    6.6210937500e-01
       352   -7.3883679021e+00    5.4688402099e+01   -1.1181305102e+01    3.7929372000e+00    2.2826213167e+00   -1.3463926419e+01    3.2000000000e+01    1.9312039994e-03    6.6210937500e-01
       353   -7.7957404102e+00    6.1163588402e+01   -1.7067966929e+01    9.2722265189e+00    2.3902747645e+00   -1.9458241694e+01    3.2000000000e+01    1.8897820000e-03    6.2890625000e-01
       354   -7.4513971469e+00    5.5681894726e+01   -1.5374071730e+01    7.9226745834e+00    2.7498193868e+00   -1.8123891117e+01    3.2000000000e+01    1.9480330002e-03    6.4648437500e-01
       355   -7.7367932137e+00    6.0191823529e+01   -2.7755105867e+01    2.0018312653e+01    3.1455339915e+00   -3.0900639858e+01    3.2000000000e+01    1.9061009998e-03    6.0742187500e-01
       356   -7.4883936496e+00    5.6228718899e+01   -1.3692484915e+01    6.2040912656e+00    2.5830106002e+00   -1.6275495515e+01    3.2000000000e+01    1.9425849996e-03    6.5039062500e-01
       357   -7.3883791072e+00    5.4714586610e+01   -1.0772773448e+01    3.3843943408e+00    2.4029172017e+00   -1.3175690650e+01    3.2000000000e+01    2.1212450001e-03    6.9726562500e-01
       358   -7.5931659481e+00    5.7806098678e+01   -1.4513311170e+01    6.9201452215e+00    2.6013037856e+00   -1.7114614955e+01    3.2000000000e+01    1.8993479998e-03    6.0156250000e-01
       359   -7.3919000358e+00    5.4731978301e+01   -9.1835269158e+00    1.7916268800e+00    2.3595818930e+00   -1.1543108809e+01    3.2000000000e+01    1.9758919998e-03    6.7382812500e-01
       360   -7.3455295893e+00    5.4065513992e+01   -1.2601969157e+01    5.2564395677e+00    2.6772338702e+00   -1.5279203027e+01    3.2000000000e+01    1.9677420005e-03    6.6210937500e-01
       361   -7.3384810534e+00    5.4025312286e+01   -1.3677201185e+01    6.3387201313e+00    2.2592988748e+00   -1.5936500059e+01    3.2000000000e+01    1.8980450004e-03    6.0742187500e-01
       362   -7.3328451076e+00    5.3875778543e+01   -1.3558807929e+01    6.2259628215e+00    3.0882036459e+00   -1.6647011575e+01    3.2000000000e+01    1.9593560000e-03    6.4648437500e-01
       363   -7.4982555777e+00    5.6359349841e+01   -1.4359649803e+01    6.8613942248e+00    2.3922840859e+00   -1.6751933888e+01    3.2000000000e+01    1.9274970000e-03    6.2500000000e-01
       364   -7.2707943600e+00    5.2934455733e+01   -1.0525645102e+01    3.2548507417e+00    2.2918070680e+00   -1.2817452170e+01    3.2000000000e+01    1.9406359997e-03    6.4843750000e-01
       365   -7.1643759989e+00    5.1451602903e+01   -1.2789248547e+01    5.6248725481e+00    2.8814678389e+00   -1.5670716386e+01    3.2000000000e+01    1.9182690003e-03    6.2109375000e-01
       366   -7.4646881703e+00    5.5965029376e+01   -1.1477990500e+01    4.0133023292e+00    2.6684553539e+00   -1.4146445854e+01    3.2000000000e+01    2.0627990007e-03    6.4257812500e-01
       367   -7.5980665225e+00    5.8109570611e+01   -1.2925452027e+01    5.3273855047e+00    2.3816370782e+00   -1.5307089105e+01    3.2000000000e+01    1.9473140001e-03    6.6210937500e-01
       368   -7.4444489308e+00    5.5517321818e+01   -1.4998820655e+01    7.5543717244e+00    2.6236934799e+00   -1.7622514135e+01    3.2000000000e+01    1.8807750002e-03    5.8789062500e-01
       369   -7.3160258620e+00    5.3682104534e+01   -1.1482057788e+01    4.1660319259e+00    2.4074807811e+00   -1.3889538569e+01    3.2000000000e+01    1.9464640009e-03    6.6015625000e-01
       370   -7.2770291573e+00    5.3083584617e+01   -1.2631617303e+01    5.3545881462e+00    2.7279135494e+00   -1.5359530853e+01    3.2000000000e+01    1.9222379997e-03    6.2500000000e-01
       371   -7.7015719526e+00    5.9638256434e+01   -1.5265021781e+01    7.5634498285e+00    3.1358991286e+00   -1.8400920910e+01    3.2000000000e+01    1.9498530000e-03    6.3867187500e-01
       372   -7.4446433045e+00    5.5486321642e+01   -8.7683249692e+00    1.3236816646e+00    2.6449459550e+00   -1.1413270924e+01    3.2000000000e+01    1.9967600001e-03    7.0507812500e-01
       373   -7.2701007646e+00    5.3012435236e+01   -1.2093765436e+01    4.8236646719e+00    3.1253196253e+00   -1.5219085062e+01    3.2000000000e+01    1.9376969994e-03    6.4062500000e-01
       374   -7.3323402306e+00    5.3895329047e+01   -1.3047381232e+01    5.7150410012e+00    2.4156859211e+00   -1.5463067153e+01    3.2000000000e+01    2.0829510004e-03    6.6992187500e-01
       375   -7.7020941435e+00    5.9631466119e+01   -1.3638128441e+01    5.9360342979e+00    2.4614119376e+00   -1.6099540379e+01    3.2000000000e+01    1.9307690000e-03    6.5234375000e-01
       376   -7.3831198249e+00    5.4604028617e+01   -1.3857508110e+01    6.4743882848e+00    2.6330399316e+00   -1.6490548041e+01    3.2000000000e+01    1.9174950003e-03    6.1132812500e-01
       377   -7.7108567206e+00    5.9751943465e+01   -1.8258266759e+01    1.0547410038e+01    3.9990737387e+00   -2.2257340497e+01    3.2000000000e+01    1.8879350000e-03    5.8789062500e-01
       378   -7.5008910967e+00    5.6488855707e+01   -1.5109565291e+01    7.6086741948e+00    2.2311344149e+00   -1.7340699706e+01    3.2000000000e+01    1.9065470005e-03    6.2304687500e-01
       379   -7.3100118462e+00    5.3516438906e+01   -1.2378053735e+01    5.0680418888e+00    2.1725605731e+00   -1.4550614308e+01    3.2000000000e+01    1.9064600001e-03    6.2695312500e-01
       380   -7.4869018709e+00    5.6148363208e+01   -1.6618798458e+01    9.1318965869e+00    2.2823037893e+00   -1.8901102247e+01    3.2000000000e+01    1.9278919999e-03    6.4843750000e-01
       381   -7.4017758259e+00    5.5105176344e+01   -1.6057454858e+01    8.6556790318e+00    2.8762811380e+00   -1.8933735996e+01    3.2000000000e+01    1.9221299999e-03    6.1718750000e-01
       382   -7.6667199225e+00    5.9083216168e+01   -1.5667826530e+01    8.0011066072e+00    2.7267956815e+00   -1.8394622211e+01    3.2000000000e+01    2.1155570003e-03    6.9335937500e-01
       383   -7.6392331439e+00    5.8603551042e+01   -1.1348339677e+01    3.7091065327e+00    2.1590117788e+00   -1.3507351455e+01    3.2000000000e+01    1.9353469997e-03    6.6601562500e-01
       384   -7.5162804624e+00    5.6701289441e+01   -1.2249825148e+01    4.7335446853e+00    2.7415183564e+00   -1.4991343504e+01    3.2000000000e+01    1.9729579999e-03    6.7187500000e-01
       385   -7.5473748443e+00    5.7078777669e+01   -1.2650319889e+01    5.1029450449e+00    2.4998817044e+00   -1.5150201594e+01    3.2000000000e+01    1.9441320001e-03    6.4843750000e-01
       386   -7.4183011515e+00    5.5154322848e+01   -1.1989679099e+01    4.5713779470e+00    2.8264042748e+00   -1.4816083373e+01    3.2000000000e+01    1.9613420000e-03    6.5820312500e-01
       387   -7.1924445770e+00    5.1790323399e+01   -1.1618791079e+01    4.4263465024e+00    2.4896346031e+00   -1.4108425683e+01    3.2000000000e+01    1.9381580005e-03    6.4648437500e-01
       388   -7.3110266373e+00    5.3562079693e+01   -1.1601363270e+01    4.2903366325e+00    2.4549515662e+00   -1.4056314836e+01    3.2000000000e+01    1.9456400005e-03    6.6406250000e-01
       389   -7.5871074481e+00    5.7839903197e+01   -2.6081597814e+01    1.8494490366e+01    3.3747487755e+00   -2.9456346590e+01    3.2000000000e+01    1.8964760002e-03    6.0546875000e-01
       390   -7.3703600400e+00    5.4519537225e+01   -1.2588673841e+01    5.2183138007e+00    2.6587244620e+00   -1.5247398303e+01    3.2000000000e+01    1.9388530000e-03    6.5234375000e-01
       391   -7.2771953460e+00    5.3162957225e+01   -1.4847807922e+01    7.5706125762e+00    2.6050871720e+00   -1.7452895094e+01    3.2000000000e+01    2.0401479997e-03    5.9960937500e-01
       392   -7.3655206167e+00    5.4420234447e+01   -1.2466170816e+01    5.1006501997e+00    3.1461525296e+00   -1.5612323346e+01    3.2000000000e+01    1.9154469992e-03    6.1523437500e-01
       393   -7.5386867499e+00    5.7073412260e+01   -1.4538612222e+01    6.9999254721e+00    2.5260388982e+00   -1.7064651120e+01    3.2000000000e+01    1.9423000003e-03    6.5234375000e-01
       394   -7.6061480077e+00    5.8014881155e+01   -1.4810287798e+01    7.2041397900e+00    2.2881133268e+00   -1.7098401125e+01    3.2000000000e+01    1.9584270003e-03    6.6601562500e-01
       395   -7.5558457544e+00    5.7229877758e+01   -1.1669976154e+01    4.1141303992e+00    2.3094451012e+00   -1.3979421255e+01    3.2000000000e+01    1.9633320007e-03    6.7578125000e-01
       396   -8.0301675552e+00    6.4932977443e+01   -1.9789161422e+01    1.1758993867e+01    3.5166207292e+00   -2.3305782151e+01    3.2000000000e+01    1.9101560001e-03    6.0742187500e-01
       397   -7.4542454466e+00    5.5649823125e+01   -1.1764525046e+01    4.3102795998e+00    2.5241876756e+00   -1.4288712722e+01    3.2000000000e+01    1.9476400003e-03    6.5625000000e-01
       398   -7.6025267031e+00    5.8097667652e+01   -1.1636341033e+01    4.0338143296e+00    2.6779660019e+00   -1.4314307035e+01    3.2000000000e+01    1.9691389998e-03    6.7382812500e-01
       399   -7.5671204779e+00    5.7459553332e+01   -2.7082443352e+01    1.9515322874e+01    2.4045758370e+00   -2.9487019189e+01    3.2000000000e+01    2.0365219998e-03    6.1328125000e-01
       400   -7.5382807586e+00    5.6957908849e+01   -1.2242811420e+01    4.7045306618e+00    2.2146693675e+00   -1.4457480788e+01    3.2000000000e+01    1.9607530003e-03    6.8359375000e-01
       401   -7.6317015558e+00    5.8385014970e+01   -2.1948310982e+01    1.4316609426e+01    2.3858619119e+00   -2.4334172893e+01    3.2000000000e+01    1.9318679997e-03    6.3476562500e-01
       402   -7.4097672047e+00    5.5119163319e+01   -1.6475743857e+01    9.0659766527e+00    2.2788345284e+00   -1.8754578386e+01    3.2000000000e+01    2.1925970004e-03    6.7968750000e-01
       403   -7.4810977453e+00    5.6109465459e+01   -1.1868775996e+01    4.3876782503e+00    2.0069526509e+00   -1.3875728647e+01    3.2000000000e+01    1.9541020001e-03    6.9335937500e-01
       404   -7.6731260748e+00    5.9264569262e+01   -1.8122200166e+01    1.0449074091e+01    4.0331715532e+00   -2.2155371720e+01    3.2000000000e+01    1.8893030001e-03    5.7617187500e-01
       405   -7.3063869555e+00    5.3471245827e+01   -1.0887322053e+01    3.5809350972e+00    2.3875970609e+00   -1.3274919114e+01    3.2000000000e+01    1.9320609999e-03    6.5625000000e-01
       406   -7.4482663358e+00    5.5592629817e+01   -1.2549061459e+01    5.1007951236e+00    2.8956508327e+00   -1.5444712292e+01    3.2000000000e+01    1.9305650003e-03    6.2109375000e-01
       407   -7.3450080786e+00    5.4096794190e+01   -1.2575312055e+01    5.2303039759e+00    2.3548023174e+00   -1.4930114372e+01    3.2000000000e+01    1.9160069996e-03    6.3867187500e-01
       408   -7.3811746214e+00    5.4585793091e+01   -1.1366017588e+01    3.9848429671e+00    2.3149975855e+00   -1.3681015174e+01    3.2000000000e+01    2.8528029998e-03    6.4257812500e-01
       409   -7.4638157514e+00    5.5927105460e+01   -1.6557820299e+01    9.0940045473e+00    2.8096335332e+00   -1.9367453832e+01    3.2000000000e+01    1.8944860003e-03    6.2109375000e-01
       410   -7.5442580921e+00    5.7152884573e+01   -1.3085613324e+01    5.5413552317e+00    3.0173008657e+00   -1.6102914189e+01    3.2000000000e+01    1.9167099999e-03    6.1523437500e-01
       411   -7.7523893178e+00    6.0312493129e+01   -2.1261005358e+01    1.3508616040e+01    2.8242960404e+00   -2.4085301398e+01    3.2000000000e+01    1.9235899999e-03    6.0351562500e-01
       412   -7.9240014450e+00    6.3628317638e+01   -1.8411539713e+01    1.0487538268e+01    4.1315845232e+00   -2.2543124236e+01    3.2000000000e+01    1.9407469999e-03    6.3281250000e-01
       413   -7.5133245371e+00    5.6631657319e+01   -1.1245704550e+01    3.7323800126e+00    2.4784833715e+00   -1.3724187921e+01    3.2000000000e+01    1.9544340003e-03    6.6406250000e-01
       414   -7.2721080812e+00    5.2950726768e+01   -1.0931913312e+01    3.6598052309e+00    2.0654918851e+00   -1.2997405197e+01    3.2000000000e+01    1.9345900000e-03    6.3867187500e-01
       415   -7.4817409161e+00    5.6063329339e+01   -1.4298447270e+01    6.8167063542e+00    2.0120038182e+00   -1.6310451089e+01    3.2000000000e+01    1.9329659999e-03    6.7382812500e-01
       416   -7.4353613473e+00    5.5427588828e+01   -1.3093895603e+01    5.6585342554e+00    2.5780562993e+00   -1.5671951902e+01    3.2000000000e+01    2.8954090003e-03    6.6601562500e-01
       417   -7.5451125803e+00    5.7105096592e+01   -1.6526733692e+01    8.9816211112e+00    2.9785553140e+00   -1.9505289006e+01    3.2000000000e+01    3.4312569996e-03    6.1523437500e-01
       418   -7.4697178541e+00    5.5974263341e+01   -1.3036731012e+01    5.5670131582e+00    2.5847531376e+00   -1.5621484150e+01    3.2000000000e+01    2.0869680002e-03    6.5625000000e-01
       419   -7.4489490213e+00    5.5629140109e+01   -1.9014803713e+01    1.1565854692e+01    2.4840452188e+00   -2.1498848932e+01    3.2000000000e+01    1.9716400002e-03    6.7578125000e-01
       420   -7.4960340652e+00    5.6512220588e+01   -2.2601447926e+01    1.5105413861e+01    2.4382594350e+00   -2.5039707361e+01    3.2000000000e+01    1.9122820004e-03    6.3085937500e-01
       421   -7.3890274529e+00    5.4656793816e+01   -1.1389958937e+01    4.0009314836e+00    2.4060917785e+00   -1.3796050715e+01    3.2000000000e+01    1.9417940002e-03    6.6406250000e-01
       422   -7.5541718892e+00    5.7399950822e+01   -1.3197773913e+01    5.6436020240e+00    2.0199180242e+00   -1.5217691937e+01    3.2000000000e+01    1.9385309997e-03    6.6601562500e-01
       423   -7.4903578244e+00    5.6268599350e+01   -1.6305693481e+01    8.8153356571e+00    2.4044386069e+00   -1.8710132088e+01    3.2000000000e+01    2.0842660006e-03    6.3867187500e-01
       424   -7.5103868079e+00    5.6737853733e+01   -1.7582503477e+01    1.0072116669e+01    2.6604624898e+00   -2.0242965967e+01    3.2000000000e+01    1.9159089998e-03    6.2695312500e-01
       425   -7.4004417492e+00    5.4857083322e+01   -1.4246800759e+01    6.8463590100e+00    2.3638020086e+00   -1.6610602768e+01    3.2000000000e+01    1.9097650002e-03    6.3476562500e-01
       426   -7.6726388959e+00    5.9026621184e+01   -1.6674443685e+01    9.0018047891e+00    2.2537322937e+00   -1.8928175979e+01    3.2000000000e+01    1.9489869992e-03    6.4843750000e-01
       427   -7.6700401561e+00    5.9207557267e+01   -1.2359015067e+01    4.6889749110e+00    2.0754578613e+00   -1.4434472928e+01    3.2000000000e+01    1.9406150004e-03    6.8750000000e-01
       428   -7.5282334540e+00    5.7029707910e+01   -1.3972370726e+01    6.4441372719e+00    2.6239337295e+00   -1.6596304455e+01    3.2000000000e+01    1.9352379995e-03    6.3085937500e-01
       429   -7.4557147970e+00    5.5635478742e+01   -9.8465169798e+00    2.3908021828e+00    2.3588894126e+00   -1.2205406392e+01    3.2000000000e+01    1.9332600004e-03    6.6210937500e-01
       430   -7.2766068738e+00    5.3070122986e+01   -1.3125923427e+01    5.8493165529e+00    2.9291539674e+00   -1.6055077394e+01    3.2000000000e+01    1.9114630004e-03    6.1523437500e-01
       431   -7.8191284742e+00    6.1512717680e+01   -2.1986878479e+01    1.4167750004e+01    2.6359172690e+00   -2.4622795748e+01    3.2000000000e+01    1.8856719998e-03    5.9570312500e-01
       432   -7.2027255822e+00    5.2064787108e+01   -1.2399059334e+01    5.1963337513e+00    2.6713581737e+00   -1.5070417507e+01    3.2000000000e+01    2.0200379995e-03    6.2695312500e-01
       433   -7.3359618137e+00    5.4342436921e+01   -5.9552961692e+01    5.2216999878e+01    3.0902323930e+00   -6.2643194085e+01    3.2000000000e+01    1.8679249997e-03    5.5859375000e-01
       434   -7.9608917790e+00    6.3773093705e+01   -1.8947909230e+01    1.0987017451e+01    2.7913606143e+00   -2.1739269844e+01    3.2000000000e+01    1.8813400002e-03    5.9765625000e-01
       435   -7.5879948863e+00    5.7761412223e+01   -1.2125000679e+01    4.5370057924e+00    2.3296371638e+00   -1.4454637842e+01    3.2000000000e+01    1.9933889998e-03    6.8945312500e-01
       436   -7.5847460394e+00    5.7675299015e+01   -1.2342348843e+01    4.7576028037e+00    3.6954417284e+00   -1.6037790572e+01    3.2000000000e+01    1.9449900001e-03    6.3281250000e-01
       437   -7.3968681417e+00    5.5035605048e+01   -1.4922014688e+01    7.5251465460e+00    3.0041583303e+00   -1.7926173018e+01    3.2000000000e+01    1.8965740001e-03    6.1328125000e-01
       438   -7.3157965625e+00    5.3601949829e+01   -9.8799051607e+00    2.5641085982e+00    2.2525430070e+00   -1.2132448168e+01    3.2000000000e+01    1.9909370003e-03    6.9140625000e-01
       439   -7.5502888500e+00    5.7249130489e+01   -1.1770210751e+01    4.2199219010e+00    2.4057256464e+00   -1.4175936397e+01    3.2000000000e+01    1.9635629997e-03    6.7187500000e-01
       440   -7.6151869829e+00    5.8123987834e+01   -1.2528371142e+01    4.9131841588e+00    3.1090227521e+00   -1.5637393894e+01    3.2000000000e+01    2.0034310000e-03    6.4257812500e-01
       441   -7.4712887230e+00    5.5964395524e+01   -1.3137709039e+01    5.6664203158e+00    2.9937024244e+00   -1.6131411463e+01    3.2000000000e+01    1.9437080000e-03    6.4843750000e-01
       442   -7.4160610057e+00    5.5111391093e+01   -1.1769799353e+01    4.3537383469e+00    2.3367556182e+00   -1.4106554971e+01    3.2000000000e+01    1.9384520001e-03    6.4062500000e-01
       443   -7.4361263963e+00    5.5381251446e+01   -1.2742765563e+01    5.3066391665e+00    2.7352175101e+00   -1.5477983073e+01    3.2000000000e+01    1.9457200005e-03    6.4453125000e-01
       444   -7.4179616716e+00    5.5173169114e+01   -1.3108827582e+01    5.6908659101e+00    2.6795197721e+00   -1.5788347354e+01    3.2000000000e+01    1.9608539997e-03    6.7968750000e-01
       445   -7.3915536676e+00    5.4758589868e+01   -1.1148167428e+01    3.7566137602e+00    2.6055088079e+00   -1.3753676236e+01    3.2000000000e+01    2.0546870001e-03    6.8359375000e-01
       446   -7.4018638530e+00    5.5131566719e+01   -2.3737047509e+01    1.6335183656e+01    3.2879997597e+00   -2.7025047269e+01    3.2000000000e+01    1.9010899996e-03    5.9179687500e-01
       447   -7.6763988271e+00    5.9465785296e+01   -1.4844535587e+01    7.1681367597e+00    3.9997012240e+00   -1.8844236811e+01    3.2000000000e+01    1.9402949993e-03    6.1523437500e-01
       448   -7.4789932079e+00    5.6188692497e+01   -1.1419056190e+01    3.9400629824e+00    2.4517393304e+00   -1.3870795521e+01    3.2000000000e+01    1.9793980000e-03    6.2890625000e-01
       449   -7.3769331854e+00    5.4583040040e+01   -1.2061555931e+01    4.6846227452e+00    2.3752535654e+00   -1.4436809496e+01    3.2000000000e+01    1.9281570003e-03    6.6406250000e-01
       450   -7.3607069140e+00    5.4319613761e+01   -1.0761576977e+01    3.4008700626e+00    2.3835083733e+00   -1.3145085350e+01    3.2000000000e+01    1.9371619992e-03    6.2304687500e-01
       451   -7.3057665077e+00    5.3546980312e+01   -1.2347877731e+01    5.0421112238e+00    2.6090287216e+00   -1.4956906453e+01    3.2000000000e+01    1.9451369999e-03    6.4453125000e-01
       452   -7.3870253429e+00    5.4672938091e+01   -1.1105575531e+01    3.7185501880e+00    2.3664171570e+00   -1.3471992688e+01    3.2000000000e+01    1.9381880002e-03    6.4843750000e-01
       453   -7.4466175891e+00    5.5706610253e+01   -3.4909941596e+01    2.7463324007e+01    2.3581765505e+00   -3.7268118146e+01    3.2000000000e+01    1.9613929999e-03    6.5429687500e-01
       454   -7.4773857458e+00    5.6157014912e+01   -1.0657419946e+01    3.1800342001e+00    2.3896966889e+00   -1.3047116635e+01    3.2000000000e+01    1.9807760000e-03    7.0507812500e-01
       455   -7.5112654487e+00    5.6779142435e+01   -1.4090781384e+01    6.5795159350e+00    2.6126518056e+00   -1.6703433189e+01    3.2000000000e+01    1.9474979999e-03    6.4453125000e-01
       456   -7.4074714054e+00    5.4919504910e+01   -1.0286301063e+01    2.8788296573e+00    1.8447292030e+00   -1.2131030266e+01    3.2000000000e+01    1.9414730004e-03    6.8554687500e-01
       457   -7.5288223310e+00    5.6882136126e+01   -1.6089880391e+01    8.5610580601e+00    2.9028712623e+00   -1.8992751653e+01    3.2000000000e+01    1.9756190004e-03    6.1523437500e-01
       458   -7.4863080827e+00    5.6130754409e+01   -1.1026455930e+01    3.5401478470e+00    2.8856785217e+00   -1.3912134451e+01    3.2000000000e+01    1.9507259994e-03    6.5039062500e-01
       459   -7.5462584747e+00    5.7133766045e+01   -1.6947872240e+01    9.4016137650e+00    2.7571063714e+00   -1.9704978611e+01    3.2000000000e+01    2.3855419995e-03    6.1718750000e-01
       460   -7.3644250922e+00    5.4415905726e+01   -1.1002778033e+01    3.6383529406e+00    2.4800509372e+00   -1.3482828970e+01    3.2000000000e+01    1.9737900002e-03    6.6210937500e-01
       461   -7.4440261076e+00    5.5584322680e+01   -1.7344863089e+01    9.9008369809e+00    3.3181652532e+00   -2.0663028342e+01    3.2000000000e+01    1.9377760000e-03    6.4843750000e-01
       462   -7.3849183307e+00    5.4641814087e+01   -1.3296431466e+01    5.9115131353e+00    2.5211776689e+00   -1.5817609135e+01    3.2000000000e+01    1.9606240003e-03    6.5820312500e-01
       463   -7.3929136746e+00    5.4785493654e+01   -1.2626827238e+01    5.2339135632e+00    2.8361228022e+00   -1.5462950040e+01    3.2000000000e+01    2.3405929996e-03    6.2695312500e-01
       464   -7.3877856081e+00    5.4665173187e+01   -1.0063640276e+01    2.6758546679e+00    2.3973621335e+00   -1.2461002409e+01    3.2000000000e+01    1.9525230000e-03    6.6796875000e-01
       465   -7.4508032500e+00    5.5636959914e+01   -1.2336636000e+01    4.8858327497e+00    2.7805411914e+00   -1.5117177191e+01    3.2000000000e+01    1.9932440000e-03    6.4648437500e-01
       466   -7.6248367234e+00    5.8579913738e+01   -1.3778718128e+01    6.1538814044e+00    2.8937153254e+00   -1.6672433453e+01    3.2000000000e+01    2.0418100003e-03    6.2890625000e-01
       467   -7.5658433252e+00    5.7547351885e+01   -1.5107495397e+01    7.5416520718e+00    3.0835123796e+00   -1.8191007776e+01    3.2000000000e+01    2.2285010000e-03    6.3281250000e-01
       468   -7.5588309070e+00    5.7513779018e+01   -1.5797916176e+01    8.2390852685e+00    2.9140314482e+00   -1.8711947624e+01    3.2000000000e+01    1.9663240000e-03    6.4843750000e-01
       469   -7.7370079805e+00    6.0323610340e+01   -1.3975917331e+01    6.2389093504e+00    2.7857614796e+00   -1.6761678810e+01    3.2000000000e+01    1.9451129992e-03    6.6015625000e-01
       470   -7.4909091788e+00    5.6329981737e+01   -1.7970923091e+01    1.0480013912e+01    2.1893034909e+00   -2.0160226582e+01    3.2000000000e+01    2.3377649995e-03    6.7578125000e-01
       471   -7.3435929660e+00    5.4006114279e+01   -1.1412914583e+01    4.0693216171e+00    2.2936484738e+00   -1.3706563057e+01    3.2000000000e+01    1.9555540002e-03    6.4648437500e-01
       472   -7.5918622932e+00    5.7968912827e+01   -1.3292117157e+01    5.7002548636e+00    2.3484817019e+00   -1.5640598859e+01    3.2000000000e+01    1.9361080003e-03    6.4843750000e-01
       473   -7.5218439144e+00    5.6614062544e+01   -1.1114007921e+01    3.5921640064e+00    2.1907820384e+00   -1.3304789959e+01    3.2000000000e+01    2.0861450002e-03    6.7968750000e-01
       474   -7.4627997576e+00    5.5805321985e+01   -1.6363048958e+01    8.9002492002e+00    3.1198922845e+00   -1.9482941242e+01    3.2000000000e+01    2.3556850001e-03    6.3671875000e-01
       475   -7.2616571311e+00    5.2880519937e+01   -1.2490432502e+01    5.2287753713e+00    2.5601631912e+00   -1.5050595694e+01    3.2000000000e+01    1.9339760001e-03    6.4648437500e-01
       476   -7.2011030274e+00    5.1992599957e+01   -1.0954465019e+01    3.7533619921e+00    2.1966187326e+00   -1.3151083752e+01    3.2000000000e+01    1.9698830001e-03    6.6796875000e-01
       477   -7.3635721971e+00    5.4427924915e+01   -1.1645242133e+01    4.2816699360e+00    2.5895008178e+00   -1.4234742951e+01    3.2000000000e+01    1.9494039998e-03    6.5234375000e-01
       478   -7.4437908545e+00    5.5518369741e+01   -1.1359808138e+01    3.9160172835e+00    2.7239874039e+00   -1.4083795542e+01    3.2000000000e+01    2.3491439997e-03    6.5039062500e-01
       479   -7.3523453083e+00    5.4118516638e+01   -8.9668597205e+00    1.6145144122e+00    2.0358576420e+00   -1.1002717363e+01    3.2000000000e+01    1.9639389993e-03    6.7968750000e-01
       480   -8.0149229209e+00    6.4571845050e+01   -2.0377201330e+01    1.2362278409e+01    2.1660940604e+00   -2.2543295391e+01    3.2000000000e+01    1.8898360004e-03    6.2890625000e-01
       481   -7.4243247722e+00    5.5267328878e+01   -1.5962669242e+01    8.5383444698e+00    2.4786028152e+00   -1.8441272057e+01    3.2000000000e+01    2.0913380004e-03    6.5234375000e-01
       482   -7.6261904396e+00    5.8391178768e+01   -1.8569340888e+01    1.0943150448e+01    3.7389970671e+00   -2.2308337955e+01    3.2000000000e+01    2.3505709996e-03    6.2109375000e-01
       483   -7.3972534368e+00    5.4833742497e+01   -1.5419091532e+01    8.0218380955e+00    2.9028282971e+00   -1.8321919829e+01    3.2000000000e+01    1.9010019996e-03    6.0156250000e-01
       484   -7.0384857653e+00    4.9875880500e+01   -1.3950477638e+01    6.9119918730e+00    2.8624548876e+00   -1.6812932526e+01    3.2000000000e+01    1.9497370004e-03    6.4648437500e-01
       485   -7.3549889948e+00    5.4206055532e+01   -1.0069439886e+01    2.7144508909e+00    2.7991444942e+00   -1.2868584380e+01    3.2000000000e+01    1.9455030006e-03    6.6015625000e-01
       486   -7.3744653402e+00    5.4532788223e+01   -1.1425467170e+01    4.0510018298e+00    2.4112111177e+00   -1.3836678288e+01    3.2000000000e+01    2.3766889999e-03    6.6406250000e-01
       487   -7.3664989614e+00    5.4732057646e+01   -2.8050825329e+01    2.0684326368e+01    2.8223318513e+00   -3.0873157181e+01    3.2000000000e+01    1.9468159999e-03    6.3085937500e-01
       488   -7.3678892937e+00    5.4403362734e+01   -1.3801573912e+01    6.4336846183e+00    2.5618309386e+00   -1.6363404851e+01    3.2000000000e+01    1.9421770003e-03    6.5234375000e-01
       489   -7.3764730381e+00    5.4574027781e+01   -1.1426462815e+01    4.0499897768e+00    2.6217743129e+00   -1.4048237128e+01    3.2000000000e+01    2.8658850006e-03    6.3281250000e-01
       490   -7.5381162425e+00    5.6972319281e+01   -1.5412737396e+01    7.8746211538e+00    2.0426378930e+00   -1.7455375289e+01    3.2000000000e+01    2.3081720001e-03    7.1484375000e-01
       491   -7.1617872172e+00    5.1419067964e+01   -1.4669236036e+01    7.5074488185e+00    2.1876652673e+00   -1.6856901303e+01    3.2000000000e+01    1.9013280007e-03    5.9765625000e-01
       492   -7.5171905218e+00    5.6667485265e+01   -1.7895579594e+01    1.0378389072e+01    2.5177239292e+00   -2.0413303523e+01    3.2000000000e+01    1.9413870004e-03    6.6015625000e-01
       493   -7.4883583711e+00    5.6192373488e+01   -1.5223235643e+01    7.7348772715e+00    2.8457974537e+00   -1.8069033096e+01    3.2000000000e+01    1.9665789996e-03    5.8984375000e-01
       494   -7.4917864050e+00    5.6227227038e+01   -1.1377296131e+01    3.8855097263e+00    2.3232540117e+00   -1.3700550143e+01    3.2000000000e+01    2.4045339997e-03    6.8164062500e-01
       495   -7.3239640289e+00    5.3773067538e+01   -1.2630072923e+01    5.3061088943e+00    2.3006521047e+00   -1.4930725028e+01    3.2000000000e+01    1.9606409996e-03    6.6796875000e-01
       496   -7.3688447800e+00    5.4699115564e+01   -2.1022674604e+01    1.3653829824e+01    3.6755402454e+00   -2.4698214850e+01    3.2000000000e+01    2.6248020004e-03    6.1132812500e-01
       497   -7.8375214454e+00    6.1807198862e+01   -2.6631292382e+01    1.8793770937e+01    3.7146803917e+00   -3.0345972774e+01    3.2000000000e+01    2.0494860000e-03    5.5468750000e-01
       498   -7.4099627319e+00    5.5091752448e+01   -1.9786625323e+01    1.2376662591e+01    2.7944036183e+00   -2.2581028941e+01    3.2000000000e+01    1.9371970002e-03    6.0937500000e-01
       499   -7.2964115991e+00    5.3338425221e+01   -1.1951462400e+01    4.6550508008e+00    2.0843520529e+00   -1.4035814453e+01    3.2000000000e+01    1.9295000002e-03    6.5820312500e-01
