#   index    LocalEnergy         LocalEnergy_sq      LocalPotential      Kinetic             ElecElec            IonElec             BlockWeight         BlockCPU            AcceptRatio         
         0   -7.4262368325e+00    5.7218475268e+01   -1.4701882435e+01    7.2756456021e+00    2.7632443273e+00   -1.7465126762e+01    3.0000000000e+03    2.1345789800e-01    6.3901041667e-01
         1   -7.3968944120e+00    5.8213519409e+01   -1.5530959702e+01    8.1340652896e+00    2.8102943798e+00   -1.8341254081e+01    3.0000000000e+03    2.1510542300e-01    6.3582291667e-01
         2   -7.4120060313e+00    5.7870307285e+01   -1.4801745865e+01    7.3897398333e+00    2.7494674577e+00   -1.7551213322e+01    3.0000000000e+03    2.1751808000e-01    6.3652083333e-01
         3   -7.4334187677e+00    5.6470174143e+01   -1.3972692449e+01    6.5392736809e+00    2.6890782248e+00   -1.6661770673e+01    3.0000000000e+03    2.3307255500e-01    6.4272916667e-01
         4   -7.3766883254e+00    5.5959891791e+01   -1.4171245450e+01    6.7945571249e+00    2.6980144462e+00   -1.6869259897e+01    3.0000000000e+03    2.1771507000e-01    6.4361458333e-01
         5   -7.3432973407e+00    6.3047632575e+01   -1.4518113701e+01    7.1748163602e+00    2.7960515594e+00   -1.7314165260e+01    3.0000000000e+03    2.4313683900e-01    6.3726041667e-01
         6   -7.3552701987e+00    5.5503548799e+01   -1.3830086226e+01    6.4748160276e+00    2.7655255264e+00   -1.6595611753e+01    3.0000000000e+03    2.2385824000e-01    6.4318750000e-01
         7   -7.5168663810e+00    5.8820548636e+01   -1.5308381505e+01    7.7915151243e+00    2.7323859229e+00   -1.8040767428e+01    3.0000000000e+03    2.2018033000e-01    6.3732291667e-01
         8   -7.3248322593e+00    5.5543576168e+01   -1.4341346381e+01    7.0165141218e+00    2.7237811890e+00   -1.7065127570e+01    3.0000000000e+03    2.2508181500e-01    6.4129166667e-01
         9   -7.3733939769e+00    5.6773486558e+01   -1.4512926565e+01    7.1395325876e+00    2.7358780565e+00   -1.7248804621e+01    3.0000000000e+03    2.2275907700e-01    6.4185416667e-01
        10   -7.3656384523e+00    5.6717508543e+01   -1.5289751795e+01    7.9241133426e+00    2.8298976985e+00   -1.8119649493e+01    3.0000000000e+03    2.4013639200e-01    6.3653125000e-01
        11   -7.4969947457e+00    6.0092262577e+01   -1.5399634353e+01    7.9026396078e+00    2.7582660326e+00   -1.8157900386e+01    3.0000000000e+03    2.3881570300e-01    6.3877083333e-01
        12   -7.4092623252e+00    5.6686026843e+01   -1.5328638473e+01    7.9193761473e+00    2.8116867133e+00   -1.8140325186e+01    3.0000000000e+03    2.3256681100e-01    6.3651041667e-01
        13   -7.3255436767e+00    5.6359321395e+01   -1.5010403892e+01    7.6848602156e+00    2.8190472562e+00   -1.7829451149e+01    3.0000000000e+03    2.3905903600e-01    6.3768750000e-01
        14   -7.4288741842e+00    5.6752427443e+01   -1.4178993117e+01    6.7501189326e+00    2.6921345147e+00   -1.6871127631e+01    3.0000000000e+03    2.5134608200e-01    6.4171875000e-01
        15   -7.4189196334e+00    5.7082774508e+01   -1.4365551970e+01    6.9466323365e+00    2.7586218439e+00   -1.7124173814e+01    3.0000000000e+03    2.1950335500e-01    6.3913541667e-01
        16   -7.5358950012e+00    6.4258856627e+01   -1.5456290055e+01    7.9203950537e+00    2.7864616252e+00   -1.8242751680e+01    3.0000000000e+03    2.1998661700e-01    6.3756250000e-01
        17   -7.4016665630e+00    5.7300017611e+01   -1.4828001375e+01    7.4263348120e+00    2.7581150879e+00   -1.7586116463e+01    3.0000000000e+03    2.4275174100e-01    6.3682291667e-01
        18   -7.3492958794e+00    5.6504434623e+01   -1.5070044028e+01    7.7207481487e+00    2.8244916736e+00   -1.7894535702e+01    3.0000000000e+03    2.7593376200e-01    6.3792708333e-01
        19   -7.4926182563e+00    6.8474194304e+01   -1.5274607345e+01    7.7819890887e+00    2.8024158897e+00   -1.8077023235e+01    3.0000000000e+03    2.2582713800e-01    6.3852083333e-01
        20   -7.4136678967e+00    5.6824003006e+01   -1.4595470274e+01    7.1818023769e+00    2.6913097093e+00   -1.7286779983e+01    3.0000000000e+03    2.2006273600e-01    6.3837500000e-01
        21   -7.4575254028e+00    5.7383823502e+01   -1.5123885618e+01    7.6663602148e+00    2.8070997324e+00   -1.7930985350e+01    3.0000000000e+03    2.1863301200e-01    6.3465625000e-01
        22   -7.4404514771e+00    5.7568706037e+01   -1.4383871372e+01    6.9434198945e+00    2.6850840626e+00   -1.7068955434e+01    3.0000000000e+03    2.4449805900e-01    6.4489583333e-01
        23   -7.4051536218e+00    5.9459356063e+01   -1.4247030527e+01    6.8418769047e+00    2.7384960620e+00   -1.6985526588e+01    3.0000000000e+03    2.3993596000e-01    6.4189583333e-01
        24   -7.4742947134e+00    5.7797180483e+01   -1.4551508458e+01    7.0772137444e+00    2.8058798533e+00   -1.7357388311e+01    3.0000000000e+03    2.4157616900e-01    6.3980208333e-01
        25   -7.3394609607e+00    5.5654980649e+01   -1.4224543882e+01    6.8850829210e+00    2.7530655530e+00   -1.6977609435e+01    3.0000000000e+03    2.3299796800e-01    6.4280208333e-01
        26   -7.4364995981e+00    5.7193133456e+01   -1.4705722650e+01    7.2692230523e+00    2.7201023020e+00   -1.7425824952e+01    3.0000000000e+03    2.6349058000e-01    6.4148958333e-01
        27   -7.4059861277e+00    5.7352294545e+01   -1.4604494262e+01    7.1985081346e+00    2.8362951844e+00   -1.7440789447e+01    3.0000000000e+03    2.4577066000e-01    6.3712500000e-01
        28   -7.3911911364e+00    5.6850818056e+01   -1.5060882493e+01    7.6696913565e+00    2.7788160299e+00   -1.7839698523e+01    3.0000000000e+03    2.4908225700e-01    6.3950000000e-01
        29   -7.4076348980e+00    5.7047419854e+01   -1.5200451664e+01    7.7928167662e+00    2.7877935595e+00   -1.7988245224e+01    3.0000000000e+03    2.2830112600e-01    6.3725000000e-01
        30   -7.3623847590e+00    5.6670224438e+01   -1.5052366944e+01    7.6899821855e+00    2.7774070115e+00   -1.7829773956e+01    3.0000000000e+03    2.3671475800e-01    6.3710416667e-01
        31   -7.3583323355e+00    5.6396059796e+01   -1.4464173927e+01    7.1058415910e+00    2.7358951815e+00   -1.7200069108e+01    3.0000000000e+03    2.2379698300e-01    6.4135416667e-01
        32   -7.4416916702e+00    5.8109730170e+01   -1.5406622086e+01    7.9649304155e+00    2.7670234653e+00   -1.8173645551e+01    3.0000000000e+03    2.4461525800e-01    6.3904166667e-01
        33   -7.3372296437e+00    5.5679905789e+01   -1.4757852725e+01    7.4206230808e+00    2.7445933508e+00   -1.7502446075e+01    3.0000000000e+03    2.5697747500e-01    6.4047916667e-01
        34   -8.1084196776e+00    2.6328597582e+02   -1.6427449912e+01    8.3190302345e+00    2.7798331753e+00   -1.9207283087e+01    3.0000000000e+03    2.5656949300e-01    6.3579166667e-01
        35   -7.4663067555e+00    5.7690003717e+01   -1.4805127434e+01    7.3388206781e+00    2.7870423983e+00   -1.7592169832e+01    3.0000000000e+03    2.3915944400e-01    6.3819791667e-01
        36   -7.4504828843e+00    5.7034106293e+01   -1.5444097028e+01    7.9936141441e+00    2.7035452769e+00   -1.8147642305e+01    3.0000000000e+03    2.4310660500e-01    6.4095833333e-01
        37   -7.3293159413e+00    5.5887037639e+01   -1.4801734452e+01    7.4724185106e+00    2.8159276924e+00   -1.7617662144e+01    3.0000000000e+03    2.3838401800e-01    6.3539583333e-01
        38   -7.3666436494e+00    5.6719502497e+01   -1.3966727330e+01    6.6000836811e+00    2.7486674217e+00   -1.6715394752e+01    3.0000000000e+03    2.6268152400e-01    6.4092708333e-01
        39   -7.4437800325e+00    5.7028305071e+01   -1.4911429708e+01    7.4676496758e+00    2.7336441003e+00   -1.7645073809e+01    3.0000000000e+03    2.3153591600e-01    6.3995833333e-01
        40   -7.5091926003e+00    5.8764919426e+01   -1.5521106571e+01    8.0119139709e+00    2.7851902583e+00   -1.8306296829e+01    3.0000000000e+03    2.3610860500e-01    6.3645833333e-01
        41   -7.3717798108e+00    5.6593686803e+01   -1.4527620395e+01    7.1558405841e+00    2.7993166377e+00   -1.7326937033e+01    3.0000000000e+03    2.3281830300e-01    6.4106250000e-01
        42   -7.4999838595e+00    5.8796100750e+01   -1.5261598387e+01    7.7616145271e+00    2.7886084839e+00   -1.8050206871e+01    3.0000000000e+03    2.7318691600e-01    6.4125000000e-01
        43   -7.4033777956e+00    5.7072619169e+01   -1.4818338008e+01    7.4149602124e+00    2.7538773722e+00   -1.7572215380e+01    3.0000000000e+03    2.6007631600e-01    6.4203125000e-01
        44   -7.2810790760e+00    5.8048456162e+01   -1.5489785580e+01    8.2087065037e+00    2.8253530116e+00   -1.8315138591e+01    3.0000000000e+03    2.2051715400e-01    6.3614583333e-01
        45   -7.4194067199e+00    5.7538105840e+01   -1.4289575562e+01    6.8701688425e+00    2.7439360601e+00   -1.7033511623e+01    3.0000000000e+03    2.2098025400e-01    6.4088541667e-01
        46   -7.4240521360e+00    5.8761024223e+01   -1.4222376560e+01    6.7983244240e+00    2.7862111691e+00   -1.7008587729e+01    3.0000000000e+03    2.6572942900e-01    6.4031250000e-01
        47   -7.4350455583e+00    5.6811618569e+01   -1.4365287470e+01    6.9302419122e+00    2.6605428637e+00   -1.7025830334e+01    3.0000000000e+03    2.4637389700e-01    6.4196875000e-01
        48   -7.3714885053e+00    5.6148525917e+01   -1.4240982429e+01    6.8694939235e+00    2.8031985195e+00   -1.7044180948e+01    3.0000000000e+03    2.2399506900e-01    6.4003125000e-01
        49   -7.4217378164e+00    5.6881791391e+01   -1.4628280708e+01    7.2065428919e+00    2.7819446580e+00   -1.7410225366e+01    3.0000000000e+03    2.3147919600e-01    6.3752083333e-01
        50   -7.4512931223e+00    5.7978240244e+01   -1.5343043756e+01    7.8917506341e+00    2.8362539232e+00   -1.8179297680e+01    3.0000000000e+03    2.2820454700e-01    6.3697916667e-01
        51   -7.4136524450e+00    5.7130960740e+01   -1.4892392126e+01    7.4787396813e+00    2.8150568162e+00   -1.7707448942e+01    3.0000000000e+03    2.5269111000e-01    6.4002083333e-01
        52   -7.3793376855e+00    5.6777966911e+01   -1.5060464812e+01    7.6811271270e+00    2.8006733639e+00   -1.7861138176e+01    3.0000000000e+03    2.1609904800e-01    6.3782291667e-01
        53   -7.4002739257e+00    6.2282876467e+01   -1.4701956940e+01    7.3016830138e+00    2.7975450580e+00   -1.7499501998e+01    3.0000000000e+03    2.4063214600e-01    6.4173958333e-01
        54   -7.2767346027e+00    5.5602126175e+01   -1.4591193158e+01    7.3144585558e+00    2.7623072785e+00   -1.7353500437e+01    3.0000000000e+03    2.2731239000e-01    6.4182291667e-01
        55   -7.3406925456e+00    5.5446991839e+01   -1.3849963270e+01    6.5092707243e+00    2.7129280434e+00   -1.6562891313e+01    3.0000000000e+03    2.6847887100e-01    6.4440625000e-01
        56   -7.3575638542e+00    5.5709297206e+01   -1.5119873161e+01    7.7623093068e+00    2.7890494165e+00   -1.7908922577e+01    3.0000000000e+03    2.6804594700e-01    6.3936458333e-01
        57   -7.4066749428e+00    5.6478641436e+01   -1.4735029523e+01    7.3283545805e+00    2.7640143977e+00   -1.7499043921e+01    3.0000000000e+03    2.5718390300e-01    6.4289583333e-01
        58   -7.4000526500e+00    5.7731235564e+01   -1.5177570780e+01    7.7775181299e+00    2.8323933211e+00   -1.8009964101e+01    3.0000000000e+03    2.1806527200e-01    6.3745833333e-01
        59   -7.4003109107e+00    5.6729807016e+01   -1.4577553094e+01    7.1772421833e+00    2.7397506557e+00   -1.7317303750e+01    3.0000000000e+03    2.2760532500e-01    6.3835416667e-01
        60   -7.4486016030e+00    5.7372407601e+01   -1.4112918764e+01    6.6643171614e+00    2.7006145975e+00   -1.6813533362e+01    3.0000000000e+03    2.2461598300e-01    6.4264583333e-01
        61   -7.3949437712e+00    5.7873321352e+01   -1.4638565330e+01    7.2436215592e+00    2.7272932719e+00   -1.7365858602e+01    3.0000000000e+03    2.3458386700e-01    6.4418750000e-01
        62   -7.9828727098e+00    1.2195316297e+02   -1.6199627376e+01    8.2167546663e+00    2.7309057376e+00   -1.8930533114e+01    3.0000000000e+03    2.2148754900e-01    6.4077083333e-01
        63   -7.5985948035e+00    1.1943996246e+02   -1.5394178543e+01    7.7955837393e+00    2.8015340591e+00   -1.8195712602e+01    3.0000000000e+03    2.1856423200e-01    6.3935416667e-01
        64   -7.3735630072e+00    5.6519884155e+01   -1.4641097075e+01    7.2675340674e+00    2.7830020757e+00   -1.7424099150e+01    3.0000000000e+03    2.2268724200e-01    6.4223958333e-01
        65   -7.4477899279e+00    5.6874181165e+01   -1.4833268489e+01    7.3854785614e+00    2.7476017967e+00   -1.7580870286e+01    3.0000000000e+03    2.2836648800e-01    6.3872916667e-01
        66   -7.3997945818e+00    5.6804846344e+01   -1.4312295807e+01    6.9125012249e+00    2.7912587253e+00   -1.7103554532e+01    3.0000000000e+03    2.6379076900e-01    6.4175000000e-01
        67   -7.2624194251e+00    5.6457220671e+01   -1.5257872686e+01    7.9954532605e+00    2.7667200742e+00   -1.8024592760e+01    3.0000000000e+03    2.7169262600e-01    6.4105208333e-01
        68   -7.4694720382e+00    5.8300243795e+01   -1.4698770927e+01    7.2292988890e+00    2.7651535749e+00   -1.7463924502e+01    3.0000000000e+03    2.1879809900e-01    6.4159375000e-01
        69   -7.4121983426e+00    5.6856568384e+01   -1.4027156679e+01    6.6149583364e+00    2.7434246250e+00   -1.6770581304e+01    3.0000000000e+03    2.2118230100e-01    6.4132291667e-01
        70   -7.4331872590e+00    5.7421856023e+01   -1.4715134208e+01    7.2819469485e+00    2.7559040135e+00   -1.7471038221e+01    3.0000000000e+03    2.4022938400e-01    6.4078125000e-01
        71   -7.3560483970e+00    5.6674149999e+01   -1.5170012025e+01    7.8139636279e+00    2.7854039612e+00   -1.7955415986e+01    3.0000000000e+03    2.2315863300e-01    6.4158333333e-01
        72   -7.4728186319e+00    5.7366904089e+01   -1.4831997586e+01    7.3591789538e+00    2.7139104461e+00   -1.7545908032e+01    3.0000000000e+03    2.1950662300e-01    6.3708333333e-01
        73   -9.6662727703e+00    1.4443952924e+03   -1.7469929905e+01    7.8036571350e+00    2.7948766090e+00   -2.0264806514e+01    3.0000000000e+03    2.2584991600e-01    6.3991666667e-01
        74   -7.3558946078e+00    5.6770075738e+01   -1.5266559125e+01    7.9106645174e+00    2.7786904131e+00   -1.8045249538e+01    3.0000000000e+03    2.5224001900e-01    6.3900000000e-01
        75   -7.4088789418e+00    5.7808926772e+01   -1.4668017656e+01    7.2591387146e+00    2.8289104245e+00   -1.7496928081e+01    3.0000000000e+03    2.1901884700e-01    6.3894791667e-01
        76   -7.2999328128e+00    5.5952561322e+01   -1.4476455486e+01    7.1765226737e+00    2.7879840381e+00   -1.7264439525e+01    3.0000000000e+03    2.1683605700e-01    6.4009375000e-01
        77   -7.4004123045e+00    5.6618464961e+01   -1.4209730966e+01    6.8093186615e+00    2.7763451619e+00   -1.6986076128e+01    3.0000000000e+03    2.1699024300e-01    6.3728125000e-01
        78   -7.3886994808e+00    5.8675735873e+01   -1.4186332414e+01    6.7976329327e+00    2.7773692680e+00   -1.6963701682e+01    3.0000000000e+03    2.4429346800e-01    6.3926041667e-01
        79   -7.4390284809e+00    5.7238499596e+01   -1.4792539089e+01    7.3535106079e+00    2.7528581594e+00   -1.7545397248e+01    3.0000000000e+03    2.2227699000e-01    6.3789583333e-01
        80   -7.3647242674e+00    5.6448248343e+01   -1.4723364943e+01    7.3586406754e+00    2.8063814553e+00   -1.7529746398e+01    3.0000000000e+03    2.3484869100e-01    6.3728125000e-01
        81   -7.3024948155e+00    5.5535479385e+01   -1.4935736049e+01    7.6332412332e+00    2.7643831930e+00   -1.7700119242e+01    3.0000000000e+03    2.1733911800e-01    6.3862500000e-01
        82   -7.1753688869e+00    5.6302545163e+01   -1.6423520933e+01    9.2481520456e+00    2.7600179515e+00   -1.9183538884e+01    3.0000000000e+03    2.2006396200e-01    6.3844791667e-01
        83   -7.4092136028e+00    5.8534846194e+01   -1.4773254441e+01    7.3640408378e+00    2.8294681713e+00   -1.7602722612e+01    3.0000000000e+03    2.4115748300e-01    6.4065625000e-01
        84   -7.5393613076e+00    6.3953621902e+01   -1.6271130128e+01    8.7317688203e+00    2.7780544182e+00   -1.9049184546e+01    3.0000000000e+03    2.2576021900e-01    6.3811458333e-01
        85   -7.3441135976e+00    5.6992377622e+01   -1.4847923458e+01    7.5038098608e+00    2.7465337414e+00   -1.7594457200e+01    3.0000000000e+03    2.2556167400e-01    6.4120833333e-01
        86   -7.4016099200e+00    5.7727808326e+01   -1.4760809305e+01    7.3591993848e+00    2.7977454472e+00   -1.7558554752e+01    3.0000000000e+03    2.2487034300e-01    6.3790625000e-01
        87   -7.4310881628e+00    5.7507603340e+01   -1.4630707025e+01    7.1996188620e+00    2.7476117568e+00   -1.7378318782e+01    3.0000000000e+03    2.3903653100e-01    6.3639583333e-01
        88   -7.4691606473e+00    5.7788626682e+01   -1.4575545167e+01    7.1063845199e+00    2.7579546086e+00   -1.7333499776e+01    3.0000000000e+03    2.3383420300e-01    6.4153125000e-01
        89   -7.4820560183e+00    5.7813451783e+01   -1.4478955256e+01    6.9968992375e+00    2.7607631301e+00   -1.7239718386e+01    3.0000000000e+03    2.2417439300e-01    6.4015625000e-01
        90   -7.4323386435e+00    5.8136733337e+01   -1.5088298977e+01    7.6559603337e+00    2.7350750329e+00   -1.7823374010e+01    3.0000000000e+03    2.4475082500e-01    6.3942708333e-01
        91   -7.4178641071e+00    5.7491054120e+01   -1.4927778752e+01    7.5099146454e+00    2.8118187575e+00   -1.7739597510e+01    3.0000000000e+03    2.4433464400e-01    6.3848958333e-01
        92   -7.3612892562e+00    5.6233662125e+01   -1.4540180006e+01    7.1788907500e+00    2.7235551765e+00   -1.7263735183e+01    3.0000000000e+03    2.4920195600e-01    6.4179166667e-01
        93   -7.3090147094e+00    5.8240309044e+01   -1.6244084216e+01    8.9350695071e+00    2.7707860265e+00   -1.9014870243e+01    3.0000000000e+03    2.2015087100e-01    6.3796875000e-01
        94   -7.4273358967e+00    5.7062403084e+01   -1.4638162205e+01    7.2108263087e+00    2.7643039564e+00   -1.7402466162e+01    3.0000000000e+03    2.1995356500e-01    6.3810416667e-01
        95   -7.3821356236e+00    5.7718732362e+01   -1.4787064866e+01    7.4049292427e+00    2.7414508986e+00   -1.7528515765e+01    3.0000000000e+03    2.3186890100e-01    6.4162500000e-01
        96   -7.5158305842e+00    5.8406934997e+01   -1.4839722786e+01    7.3238922023e+00    2.7360317176e+00   -1.7575754504e+01    3.0000000000e+03    2.5001668900e-01    6.3815625000e-01
        97   -7.4162288641e+00    5.6621188673e+01   -1.3909811808e+01    6.4935829435e+00    2.7146760244e+00   -1.6624487832e+01    3.0000000000e+03    2.7071564600e-01    6.4061458333e-01
        98   -7.4428908014e+00    5.7607054560e+01   -1.4790143398e+01    7.3472525969e+00    2.7527461525e+00   -1.7542889551e+01    3.0000000000e+03    2.3143682300e-01    6.3820833333e-01
        99   -7.4772230229e+00    5.7776107756e+01   -1.4425903969e+01    6.9486809456e+00    2.7260741887e+00   -1.7151978157e+01    3.0000000000e+03    2.6447624600e-01    6.3988541667e-01
       100   -7.3866867090e+00    5.7420314050e+01   -1.5259707548e+01    7.8730208390e+00    2.7773116351e+00   -1.8037019183e+01    3.0000000000e+03    2.3856915100e-01    6.3763541667e-01
       101   -7.3315134402e+00    5.7460527703e+01   -1.4733822109e+01    7.4023086685e+00    2.7263154106e+00   -1.7460137519e+01    3.0000000000e+03    2.5269841600e-01    6.4326041667e-01
       102   -7.4332600973e+00    5.7980066665e+01   -1.4032826406e+01    6.5995663086e+00    2.6900150498e+00   -1.6722841456e+01    3.0000000000e+03    2.2253984500e-01    6.4219791667e-01
       103   -7.3289082341e+00    5.6129168900e+01   -1.4543970517e+01    7.2150622826e+00    2.8040872181e+00   -1.7348057735e+01    3.0000000000e+03    2.4102337200e-01    6.3759375000e-01
       104   -7.3283544693e+00    5.6032433115e+01   -1.4879332512e+01    7.5509780422e+00    2.7476692299e+00   -1.7627001741e+01    3.0000000000e+03    2.2454148300e-01    6.4064583333e-01
       105   -7.3345160653e+00    6.4813205980e+01   -1.5178921513e+01    7.8444054477e+00    2.8714620263e+00   -1.8050383539e+01    3.0000000000e+03    2.1893164000e-01    6.3668750000e-01
       106   -7.4270678875e+00    5.6632601801e+01   -1.4139855149e+01    6.7127872618e+00    2.7093081336e+00   -1.6849163283e+01    3.0000000000e+03    2.3165451700e-01    6.4051041667e-01
       107   -7.3697815775e+00    5.6435074653e+01   -1.4190312879e+01    6.8205313018e+00    2.7917153402e+00   -1.6982028219e+01    3.0000000000e+03    2.8956713500e-01    6.3963541667e-01
       108   -7.3382523390e+00    5.6222364717e+01   -1.4574146012e+01    7.2358936731e+00    2.7440403628e+00   -1.7318186375e+01    3.0000000000e+03    2.3150305000e-01    6.3866666667e-01
       109   -7.2970512750e+00    5.7252669970e+01   -1.5218438466e+01    7.9213871914e+00    2.7518806225e+00   -1.7970319089e+01    3.0000000000e+03    2.5899410100e-01    6.3936458333e-01
       110   -7.4552950109e+00    5.7846352576e+01   -1.4815231485e+01    7.3599364746e+00    2.7270013120e+00   -1.7542232797e+01    3.0000000000e+03    2.1725562200e-01    6.3667708333e-01
       111   -7.4058075269e+00    5.6631627703e+01   -1.4972925722e+01    7.5671181952e+00    2.7726004710e+00   -1.7745526193e+01    3.0000000000e+03    2.4203675700e-01    6.3551041667e-01
       112   -7.3703203828e+00    5.7147944689e+01   -1.4910490698e+01    7.5401703149e+00    2.7690591532e+00   -1.7679549851e+01    3.0000000000e+03    2.1592118900e-01    6.3821875000e-01
       113   -7.4649168203e+00    5.7511315258e+01   -1.4406461013e+01    6.9415441930e+00    2.7147998555e+00   -1.7121260869e+01    3.0000000000e+03    2.1865071400e-01    6.4089583333e-01
       114   -7.2578158212e+00    5.8195861970e+01   -1.4578695855e+01    7.3208800334e+00    2.7562356334e+00   -1.7334931488e+01    3.0000000000e+03    2.2684287600e-01    6.4479166667e-01
       115   -7.4048411307e+00    5.6890865497e+01   -1.5217544695e+01    7.8127035639e+00    2.8095508858e+00   -1.8027095580e+01    3.0000000000e+03    2.1824230600e-01    6.3673958333e-01
       116   -7.7088424487e+00    8.5030626865e+01   -1.4901562259e+01    7.1927198102e+00    2.7265401510e+00   -1.7628102410e+01    3.0000000000e+03    2.4956171200e-01    6.4015625000e-01
       117   -7.7632139038e+00    9.9315541006e+01   -1.4998677157e+01    7.2354632531e+00    2.7408077662e+00   -1.7739484923e+01    3.0000000000e+03    2.3924745600e-01    6.3991666667e-01
       118   -7.4216289876e+00    5.6931711213e+01   -1.4701632608e+01    7.2800036200e+00    2.7207968397e+00   -1.7422429447e+01    3.0000000000e+03    2.3610797700e-01    6.3983333333e-01
       119   -7.7796887226e+00    1.1078591979e+02   -1.5740665895e+01    7.9609771724e+00    2.8082009285e+00   -1.8548866824e+01    3.0000000000e+03    2.2400556200e-01    6.3940625000e-01
       120   -7.4276044453e+00    5.7061453677e+01   -1.4760438746e+01    7.3328343005e+00    2.7249991404e+00   -1.7485437886e+01    3.0000000000e+03    2.5291082700e-01    6.3639583333e-01
       121   -7.3852904691e+00    5.6545006145e+01   -1.4491881512e+01    7.1065910427e+00    2.7809044764e+00   -1.7272785988e+01    3.0000000000e+03    2.2788459000e-01    6.4085416667e-01
       122   -7.4300180168e+00    6.1756832450e+01   -1.5081714034e+01    7.6516960177e+00    2.7356860460e+00   -1.7817400080e+01    3.0000000000e+03    2.1952529000e-01    6.4151041667e-01
       123   -7.4419302678e+00    5.6805607052e+01   -1.4365714855e+01    6.9237845871e+00    2.7512466617e+00   -1.7116961517e+01    3.0000000000e+03    2.1684435500e-01    6.3858333333e-01
       124   -7.4836418133e+00    5.7949654053e+01   -1.4794670156e+01    7.3110283431e+00    2.7037449717e+00   -1.7498415128e+01    3.0000000000e+03    2.5173244000e-01    6.3991666667e-01
       125   -7.4563287589e+00    5.7464755496e+01   -1.4603801208e+01    7.1474724487e+00    2.7041621329e+00   -1.7307963341e+01    3.0000000000e+03    2.1718880700e-01    6.3907291667e-01
       126   -7.4125474612e+00    5.6389266301e+01   -1.4293763123e+01    6.8812156614e+00    2.6627795320e+00   -1.6956542655e+01    3.0000000000e+03    2.2010344900e-01    6.4440625000e-01
       127   -7.3798156323e+00    5.8263293866e+01   -1.4656129153e+01    7.2763135203e+00    2.7939749101e+00   -1.7450104063e+01    3.0000000000e+03    2.2315834700e-01    6.3707291667e-01
       128   -7.4571448102e+00    5.7780121713e+01   -1.4948309347e+01    7.4911645363e+00    2.8027483755e+00   -1.7751057722e+01    3.0000000000e+03    2.7173175600e-01    6.3747916667e-01
       129   -7.5764627382e+00    6.3257944866e+01   -1.5930512184e+01    8.3540494460e+00    2.8477806864e+00   -1.8778292871e+01    3.0000000000e+03    2.3404142800e-01    6.3527083333e-01
       130   -7.4178178361e+00    5.6986295986e+01   -1.4720315158e+01    7.3024973222e+00    2.8021680778e+00   -1.7522483236e+01    3.0000000000e+03    2.3079107400e-01    6.3843750000e-01
       131   -7.4438955222e+00    5.7334974479e+01   -1.4245724271e+01    6.8018287487e+00    2.7326805527e+00   -1.6978404824e+01    3.0000000000e+03    2.1628327300e-01    6.4115625000e-01
       132   -7.3129025053e+00    6.3206970935e+01   -1.5447338667e+01    8.1344361617e+00    2.9266515520e+00   -1.8373990219e+01    3.0000000000e+03    2.3497905800e-01    6.3348958333e-01
       133   -7.4040759381e+00    5.6431412349e+01   -1.4874943857e+01    7.4708679187e+00    2.7973843424e+00   -1.7672328199e+01    3.0000000000e+03    2.2735394100e-01    6.3656250000e-01
       134   -7.5175260447e+00    8.3681315314e+01   -1.5413691509e+01    7.8961654642e+00    2.7536799401e+00   -1.8167371449e+01    3.0000000000e+03    2.2377723300e-01    6.3881250000e-01
       135   -7.3823915040e+00    5.6563932078e+01   -1.4372659693e+01    6.9902681892e+00    2.7060811640e+00   -1.7078740857e+01    3.0000000000e+03    2.2139336500e-01    6.3958333333e-01
       136   -7.4043805433e+00    5.6801710855e+01   -1.4931264529e+01    7.5268839861e+00    2.7507071429e+00   -1.7681971672e+01    3.0000000000e+03    2.5266094100e-01    6.3873958333e-01
       137   -7.7842034072e+00    7.5729123460e+01   -1.6871877496e+01    9.0876740885e+00    2.7456939991e+00   -1.9617571495e+01    3.0000000000e+03    2.3299984000e-01    6.4089583333e-01
       138   -7.7577431670e+00    8.0186657413e+01   -1.6446297292e+01    8.6885541252e+00    2.7522727609e+00   -1.9198570053e+01    3.0000000000e+03    2.2177190000e-01    6.4162500000e-01
       139   -7.4051202125e+00    5.6232965293e+01   -1.4300307552e+01    6.8951873391e+00    2.7272500887e+00   -1.7027557640e+01    3.0000000000e+03    2.2551340600e-01    6.4021875000e-01
       140   -7.3669099138e+00    5.6491996342e+01   -1.4436083111e+01    7.0691731969e+00    2.7898546084e+00   -1.7225937719e+01    3.0000000000e+03    2.3580598800e-01    6.3948958333e-01
       141   -7.4207300702e+00    5.7617331579e+01   -1.4354812776e+01    6.9340827054e+00    2.7888968886e+00   -1.7143709664e+01    3.0000000000e+03    2.1924795700e-01    6.3852083333e-01
       142   -7.4159625571e+00    5.9562026815e+01   -1.4650621934e+01    7.2346593768e+00    2.7459793007e+00   -1.7396601235e+01    3.0000000000e+03    2.2042041000e-01    6.4186458333e-01
       143   -7.5527551982e+00    6.0262888074e+01   -1.4964790150e+01    7.4120349522e+00    2.6699842813e+00   -1.7634774432e+01    3.0000000000e+03    2.2104212700e-01    6.4053125000e-01
       144   -7.4058126921e+00    5.6624664127e+01   -1.5081702711e+01    7.6758900191e+00    2.7515435571e+00   -1.7833246268e+01    3.0000000000e+03    2.2240018900e-01    6.3983333333e-01
       145   -7.4324809704e+00    5.7550644793e+01   -1.4503676174e+01    7.0711952034e+00    2.6896913284e+00   -1.7193367502e+01    3.0000000000e+03    2.3698380900e-01    6.4079166667e-01
       146   -7.3949054658e+00    5.6392344975e+01   -1.4719185106e+01    7.3242796397e+00    2.7677588172e+00   -1.7486943923e+01    3.0000000000e+03    2.2227107700e-01    6.3820833333e-01
       147   -7.4896287129e+00    5.8313110474e+01   -1.5234009210e+01    7.7443804971e+00    2.7322507605e+00   -1.7966259970e+01    3.0000000000e+03    2.1822526800e-01    6.3730208333e-01
       148   -7.4589589512e+00    5.8006369096e+01   -1.4843620785e+01    7.3846618338e+00    2.7427659365e+00   -1.7586386722e+01    3.0000000000e+03    2.1972573000e-01    6.3993750000e-01
       149   -7.4144902490e+00    5.7185745823e+01   -1.5027190618e+01    7.6127003694e+00    2.7503550981e+00   -1.7777545717e+01    3.0000000000e+03    2.5573501300e-01    6.3869791667e-01
       150   -7.4907196209e+00    5.8022974415e+01   -1.5251935332e+01    7.7612157106e+00    2.8683088290e+00   -1.8120244161e+01    3.0000000000e+03    2.1340875100e-01    6.3387500000e-01
       151   -7.4198689646e+00    5.7427634593e+01   -1.5236377231e+01    7.8165082663e+00    2.7313091121e+00   -1.7967686343e+01    3.0000000000e+03    2.2587046300e-01    6.3769791667e-01
       152   -7.4464379506e+00    5.7733190078e+01   -1.5069304217e+01    7.6228662661e+00    2.7460828719e+00   -1.7815387089e+01    3.0000000000e+03    2.2204701600e-01    6.3877083333e-01
       153   -7.4119705623e+00    5.7695691904e+01   -1.5193658172e+01    7.7816876097e+00    2.8582482667e+00   -1.8051906439e+01    3.0000000000e+03    2.5504620700e-01    6.3746875000e-01
       154   -7.4331691933e+00    5.7123678917e+01   -1.4180258271e+01    6.7470890777e+00    2.7076268800e+00   -1.6887885151e+01    3.0000000000e+03    2.1884085100e-01    6.4304166667e-01
       155   -7.3793997257e+00    5.6746946206e+01   -1.4087043863e+01    6.7076441373e+00    2.7392512482e+00   -1.6826295111e+01    3.0000000000e+03    2.2604217600e-01    6.4252083333e-01
       156   -7.4148152784e+00    5.7091375016e+01   -1.4633320775e+01    7.2185054962e+00    2.8067672468e+00   -1.7440088021e+01    3.0000000000e+03    2.2542291700e-01    6.4050000000e-01
       157   -7.4363025156e+00    5.8961007068e+01   -1.4899706900e+01    7.4634043847e+00    2.8236434409e+00   -1.7723350341e+01    3.0000000000e+03    2.4459594700e-01    6.3700000000e-01
       158   -7.4166479292e+00    5.6959309187e+01   -1.4286979932e+01    6.8703320024e+00    2.7322973478e+00   -1.7019277279e+01    3.0000000000e+03    2.3305871000e-01    6.4135416667e-01
       159   -7.4425378174e+00    5.6916467331e+01   -1.4230184457e+01    6.7876466396e+00    2.6835756019e+00   -1.6913760059e+01    3.0000000000e+03    2.3639624800e-01    6.4158333333e-01
       160   -7.4263506841e+00    6.0656328638e+01   -1.5219032756e+01    7.7926820721e+00    2.7359647303e+00   -1.7954997486e+01    3.0000000000e+03    2.1812496500e-01    6.3976041667e-01
       161   -7.3707998864e+00    5.8021101409e+01   -1.4093802570e+01    6.7230026835e+00    2.7292713121e+00   -1.6823073882e+01    3.0000000000e+03    2.4440206300e-01    6.4247916667e-01
       162   -7.4589162627e+00    5.7316758721e+01   -1.4703384602e+01    7.2444683394e+00    2.7223956484e+00   -1.7425780250e+01    3.0000000000e+03    2.2841221500e-01    6.4187500000e-01
       163   -7.3076732901e+00    5.7350925986e+01   -1.5613103005e+01    8.3054297147e+00    2.8484182216e+00   -1.8461521226e+01    3.0000000000e+03    2.2512231900e-01    6.3742708333e-01
       164   -7.3433090008e+00    5.6260495203e+01   -1.4539311384e+01    7.1960023828e+00    2.7763664720e+00   -1.7315677856e+01    3.0000000000e+03    2.2547851600e-01    6.4143750000e-01
       165   -7.3936430782e+00    5.6227201182e+01   -1.4552654686e+01    7.1590116080e+00    2.7645543073e+00   -1.7317208993e+01    3.0000000000e+03    2.2318561400e-01    6.3859375000e-01
       166   -7.4429825036e+00    5.7407356989e+01   -1.5030559261e+01    7.5875767576e+00    2.7124405925e+00   -1.7742999854e+01    3.0000000000e+03    2.4760724600e-01    6.3971875000e-01
       167   -7.3270931846e+00    5.8090450040e+01   -1.5794361846e+01    8.4672686610e+00    2.8438571710e+00   -1.8638219017e+01    3.0000000000e+03    2.1721791100e-01    6.3825000000e-01
       168   -7.3707392328e+00    5.6271060527e+01   -1.4167844474e+01    6.7971052410e+00    2.7900434347e+00   -1.6957887909e+01    3.0000000000e+03    2.2345857400e-01    6.4022916667e-01
       169   -7.4171221760e+00    5.6680994905e+01   -1.4593335339e+01    7.1762131628e+00    2.8199888396e+00   -1.7413324178e+01    3.0000000000e+03    2.2081911300e-01    6.3977083333e-01
       170   -7.4247487027e+00    5.7577500211e+01   -1.4707602460e+01    7.2828537572e+00    2.7658088534e+00   -1.7473411313e+01    3.0000000000e+03    2.6098433200e-01    6.3835416667e-01
       171   -7.4176784028e+00    5.7941639945e+01   -1.4832338491e+01    7.4146600885e+00    2.7085804369e+00   -1.7540918928e+01    3.0000000000e+03    2.3155465500e-01    6.4137500000e-01
       172   -7.4726803415e+00    5.9436883913e+01   -1.4677602560e+01    7.2049222185e+00    2.6893591857e+00   -1.7366961746e+01    3.0000000000e+03    2.5610046600e-01    6.3844791667e-01
       173   -7.4372686105e+00    5.6831410055e+01   -1.4855153924e+01    7.4178853132e+00    2.7706868317e+00   -1.7625840755e+01    3.0000000000e+03    2.4431279300e-01    6.3635416667e-01
       174   -7.4589933771e+00    5.8214808168e+01   -1.5023640180e+01    7.5646468028e+00    2.7521022936e+00   -1.7775742473e+01    3.0000000000e+03    2.4135790900e-01    6.3835416667e-01
       175   -7.3972436928e+00    5.7061860192e+01   -1.4228790028e+01    6.8315463356e+00    2.7296283574e+00   -1.6958418386e+01    3.0000000000e+03    2.2063867200e-01    6.4328125000e-01
       176   -7.4470198309e+00    5.6933102631e+01   -1.4273129099e+01    6.8261092677e+00    2.7296971843e+00   -1.7002826283e+01    3.0000000000e+03    2.1889894600e-01    6.4034375000e-01
       177   -7.4459822864e+00    5.9145041708e+01   -1.4523265271e+01    7.0772829846e+00    2.7575654953e+00   -1.7280830766e+01    3.0000000000e+03    2.5326547000e-01    6.4042708333e-01
       178   -7.4027749556e+00    5.6453800174e+01   -1.4773945256e+01    7.3711703003e+00    2.7951610707e+00   -1.7569106327e+01    3.0000000000e+03    2.5787638600e-01    6.4054166667e-01
       179   -7.3946939209e+00    5.6830462629e+01   -1.4708407573e+01    7.3137136519e+00    2.7162988536e+00   -1.7424706426e+01    3.0000000000e+03    2.2495266300e-01    6.4100000000e-01
       180   -7.4259727064e+00    5.7036338349e+01   -1.4534243773e+01    7.1082710669e+00    2.7305507303e+00   -1.7264794504e+01    3.0000000000e+03    2.2442256400e-01    6.3797916667e-01
       181   -7.3455764310e+00    5.6770855584e+01   -1.4816688225e+01    7.4711117942e+00    2.7959801645e+00   -1.7612668390e+01    3.0000000000e+03    2.2565778700e-01    6.3872916667e-01
       182   -7.3705445783e+00    5.6674269442e+01   -1.4487697600e+01    7.1171530220e+00    2.7825178425e+00   -1.7270215443e+01    3.0000000000e+03    2.5724587300e-01    6.3959375000e-01
       183   -7.3912381227e+00    5.8933258569e+01   -1.4011261755e+01    6.6200236323e+00    2.6963998156e+00   -1.6707661571e+01    3.0000000000e+03    2.2030349000e-01    6.4418750000e-01
       184   -7.4027120226e+00    5.6975561021e+01   -1.4071331589e+01    6.6686195666e+00    2.7727515860e+00   -1.6844083175e+01    3.0000000000e+03    2.5459985500e-01    6.3932291667e-01
       185   -7.3777835750e+00    5.8534256241e+01   -1.4487748799e+01    7.1099652236e+00    2.7648937376e+00   -1.7252642536e+01    3.0000000000e+03    2.9047933600e-01    6.4202083333e-01
       186   -7.6259575398e+00    9.6486976371e+01   -1.6038113451e+01    8.4121559117e+00    2.7431512420e+00   -1.8781264693e+01    3.0000000000e+03    2.2386625700e-01    6.4110416667e-01
       187   -7.6030097837e+00    9.2251421607e+01   -1.4514463326e+01    6.9114535425e+00    2.7735828489e+00   -1.7288046175e+01    3.0000000000e+03    2.3970141000e-01    6.3976041667e-01
       188   -7.3956814639e+00    5.7398966283e+01   -1.4563821764e+01    7.1681402997e+00    2.7402099908e+00   -1.7304031754e+01    3.0000000000e+03    2.3513310700e-01    6.4046875000e-01
       189   -7.3944302848e+00    5.6455236758e+01   -1.4491549592e+01    7.0971193071e+00    2.7315943764e+00   -1.7223143968e+01    3.0000000000e+03    2.5886768300e-01    6.3939583333e-01
       190   -7.4368457122e+00    5.7565254739e+01   -1.5092403536e+01    7.6555578233e+00    2.7666799804e+00   -1.7859083516e+01    3.0000000000e+03    2.2141516200e-01    6.4145833333e-01
       191   -7.3815895898e+00    5.6468329930e+01   -1.3933198549e+01    6.5516089589e+00    2.7537402998e+00   -1.6686938849e+01    3.0000000000e+03    2.1793950000e-01    6.4153125000e-01
       192   -7.4718662726e+00    5.9198218217e+01   -1.5547783038e+01    8.0759167652e+00    2.7757735229e+00   -1.8323556561e+01    3.0000000000e+03    2.1832524200e-01    6.3781250000e-01
       193   -7.4013216339e+00    5.6718611554e+01   -1.4318892778e+01    6.9175711442e+00    2.7692730146e+00   -1.7088165793e+01    3.0000000000e+03    2.4456915800e-01    6.4015625000e-01
       194   -7.4224771995e+00    5.8855321581e+01   -1.4888681741e+01    7.4662045414e+00    2.7650776563e+00   -1.7653759397e+01    3.0000000000e+03    2.4705553000e-01    6.4062500000e-01
       195   -7.4066844272e+00    5.7239877935e+01   -1.4917621648e+01    7.5109372211e+00    2.7555488491e+00   -1.7673170497e+01    3.0000000000e+03    2.2210049200e-01    6.3629166667e-01
       196   -7.3458813612e+00    5.5988292255e+01   -1.4473558665e+01    7.1276773041e+00    2.7734104386e+00   -1.7246969104e+01    3.0000000000e+03    2.1428041500e-01    6.4104166667e-01
       197   -7.3168667219e+00    5.7426632444e+01   -1.4269687015e+01    6.9528202931e+00    2.8180665992e+00   -1.7087753614e+01    3.0000000000e+03    2.4997207200e-01    6.3812500000e-01
       198   -7.3920368361e+00    5.9898911404e+01   -1.6823312822e+01    9.4312759862e+00    2.7222192122e+00   -1.9545532034e+01    3.0000000000e+03    2.2517975400e-01    6.3976041667e-01
       199   -7.3708131284e+00    5.6487270709e+01   -1.4614816397e+01    7.2440032687e+00    2.7540483628e+00   -1.7368864760e+01    3.0000000000e+03    2.5097674300e-01    6.4070833333e-01
       200   -7.4554660798e+00    5.8295304039e+01   -1.5860233090e+01    8.4047670101e+00    2.8627346727e+00   -1.8722967763e+01    3.0000000000e+03    2.1882303500e-01    6.3253125000e-01
       201   -7.3980768285e+00    5.6883660546e+01   -1.4360387800e+01    6.9623109714e+00    2.7217242200e+00   -1.7082112020e+01    3.0000000000e+03    2.3779392100e-01    6.4020833333e-01
       202   -7.4312878226e+00    5.6842774803e+01   -1.4494623945e+01    7.0633361225e+00    2.7392476510e+00   -1.7233871596e+01    3.0000000000e+03    2.4149572800e-01    6.3908333333e-01
       203   -7.3799165096e+00    5.6926267586e+01   -1.4991055174e+01    7.6111386640e+00    2.8357374495e+00   -1.7826792623e+01    3.0000000000e+03    2.3021227100e-01    6.3573958333e-01
       204   -7.4484667039e+00    5.7480669718e+01   -1.4492633625e+01    7.0441669209e+00    2.7809718364e+00   -1.7273605461e+01    3.0000000000e+03    2.2102119200e-01    6.3734375000e-01
       205   -7.6257985424e+00    7.6436531045e+01   -1.5791070155e+01    8.1652716122e+00    2.7265590381e+00   -1.8517629193e+01    3.0000000000e+03    2.6266427600e-01    6.4090625000e-01
       206   -7.4864533841e+00    5.8255372296e+01   -1.4853470259e+01    7.3670168748e+00    2.8094455258e+00   -1.7662915785e+01    3.0000000000e+03    2.1433314000e-01    6.3906250000e-01
       207   -7.4185734578e+00    5.6708255582e+01   -1.4734470056e+01    7.3158965978e+00    2.7140465255e+00   -1.7448516581e+01    3.0000000000e+03    2.1802603700e-01    6.3909375000e-01
       208   -7.3127268507e+00    5.5749318745e+01   -1.3729706108e+01    6.4169792575e+00    2.8700162354e+00   -1.6599722344e+01    3.0000000000e+03    2.1420941200e-01    6.4075000000e-01
       209   -7.4679529715e+00    5.7755665096e+01   -1.4818448533e+01    7.3504955619e+00    2.7347009315e+00   -1.7553149465e+01    3.0000000000e+03    2.2786773800e-01    6.3872916667e-01
       210   -7.4247976207e+00    5.6589638072e+01   -1.4647453091e+01    7.2226554703e+00    2.6746022205e+00   -1.7322055311e+01    3.0000000000e+03    2.2553106100e-01    6.4051041667e-01
       211   -7.3561788618e+00    5.9204132980e+01   -1.4727240545e+01    7.3710616835e+00    2.8089585079e+00   -1.7536199053e+01    3.0000000000e+03    2.1058065400e-01    6.3987500000e-01
       212   -7.4294909927e+00    5.6831383344e+01   -1.3963450734e+01    6.5339597409e+00    2.6505485358e+00   -1.6613999269e+01    3.0000000000e+03    2.1138659000e-01    6.4358333333e-01
       213   -7.4275468320e+00    5.7404186180e+01   -1.4808688977e+01    7.3811421452e+00    2.7290334099e+00   -1.7537722387e+01    3.0000000000e+03    2.4960945800e-01    6.4294791667e-01
       214   -7.5126838044e+00    5.9198383192e+01   -1.5131780531e+01    7.6190967266e+00    2.8022276496e+00   -1.7934008181e+01    3.0000000000e+03    2.3338788100e-01    6.3944791667e-01
       215   -7.2875117469e+00    5.6874875135e+01   -1.4963953842e+01    7.6764420949e+00    2.7394708478e+00   -1.7703424690e+01    3.0000000000e+03    2.1975327000e-01    6.3957291667e-01
       216   -7.4363680210e+00    5.8142277938e+01   -1.5220264198e+01    7.7838961775e+00    2.7825284748e+00   -1.8002792673e+01    3.0000000000e+03    2.1410983700e-01    6.3698958333e-01
       217   -7.2999262746e+00    5.6162887632e+01   -1.4728010475e+01    7.4280842003e+00    2.8397600724e+00   -1.7567770547e+01    3.0000000000e+03    2.3699554300e-01    6.3733333333e-01
       218   -7.5290755144e+00    5.8846873237e+01   -1.4834089009e+01    7.3050134943e+00    2.7257572618e+00   -1.7559846271e+01    3.0000000000e+03    2.2026106400e-01    6.4067708333e-01
       219   -7.3762849973e+00    5.8858980395e+01   -1.5699008730e+01    8.3227237329e+00    2.8733761876e+00   -1.8572384918e+01    3.0000000000e+03    2.2424147400e-01    6.3508333333e-01
       220   -7.3689119628e+00    5.8019031319e+01   -1.4063172251e+01    6.6942602882e+00    2.7660435240e+00   -1.6829215775e+01    3.0000000000e+03    2.2734403100e-01    6.4062500000e-01
       221   -7.3301218525e+00    5.8795267857e+01   -1.3721417025e+01    6.3912951729e+00    2.7765607041e+00   -1.6497977729e+01    3.0000000000e+03    2.6002927300e-01    6.4392708333e-01
       222   -7.4120341758e+00    5.6357877353e+01   -1.4509307593e+01    7.0972734176e+00    2.6617309358e+00   -1.7171038529e+01    3.0000000000e+03    2.2938965700e-01    6.4346875000e-01
       223   -7.3715515019e+00    5.7102927173e+01   -1.5401642795e+01    8.0300912932e+00    2.7856834625e+00   -1.8187326258e+01    3.0000000000e+03    2.4096138600e-01    6.3750000000e-01
       224   -7.4044990098e+00    5.7456319955e+01   -1.4933953374e+01    7.5294543641e+00    2.7167751006e+00   -1.7650728475e+01    3.0000000000e+03    2.1367006500e-01    6.4058333333e-01
       225   -7.3540069314e+00    5.6273516536e+01   -1.3962682085e+01    6.6086751534e+00    2.7232811495e+00   -1.6685963234e+01    3.0000000000e+03    2.3270176000e-01    6.4262500000e-01
       226   -7.4055029931e+00    5.7437092027e+01   -1.4459153378e+01    7.0536503848e+00    2.7638379800e+00   -1.7222991358e+01    3.0000000000e+03    2.6441205100e-01    6.4221875000e-01
       227   -7.4469014320e+00    5.7534824621e+01   -1.4632506027e+01    7.1856045952e+00    2.7360828302e+00   -1.7368588857e+01    3.0000000000e+03    2.2469093200e-01    6.3879166667e-01
       228   -7.3380542954e+00    5.6568953602e+01   -1.5095503249e+01    7.7574489535e+00    2.7687304627e+00   -1.7864233712e+01    3.0000000000e+03    2.2472083400e-01    6.4021875000e-01
       229   -9.5570998123e+00    2.3718381869e+03   -1.7104290123e+01    7.5471903104e+00    2.7764936433e+00   -1.9880783766e+01    3.0000000000e+03    2.7593704000e-01    6.3839583333e-01
       230   -7.3656732976e+00    5.7443839915e+01   -1.4030328563e+01    6.6646552650e+00    2.7690351126e+00   -1.6799363675e+01    3.0000000000e+03    2.4319112900e-01    6.4053125000e-01
       231   -7.3246028465e+00    5.7712884945e+01   -1.5080946487e+01    7.7563436404e+00    2.8329189091e+00   -1.7913865396e+01    3.0000000000e+03    2.3899641200e-01    6.4128125000e-01
       232   -7.4468676842e+00    5.7231075753e+01   -1.4611200998e+01    7.1643333135e+00    2.7437236736e+00   -1.7354924671e+01    3.0000000000e+03    2.3114220200e-01    6.3939583333e-01
       233   -7.3446809295e+00    5.6581615554e+01   -1.4291236319e+01    6.9465553899e+00    2.6782923075e+00   -1.6969528627e+01    3.0000000000e+03    2.2981622300e-01    6.4219791667e-01
       234   -7.4535902897e+00    5.7035163987e+01   -1.4879443230e+01    7.4258529401e+00    2.7327853476e+00   -1.7612228577e+01    3.0000000000e+03    2.1989177400e-01    6.3811458333e-01
       235   -7.4044085279e+00    5.6610920052e+01   -1.4081988331e+01    6.6775798034e+00    2.6773115592e+00   -1.6759299891e+01    3.0000000000e+03    2.2058572900e-01    6.4476041667e-01
       236   -7.4439861020e+00    5.7314434161e+01   -1.4299584312e+01    6.8555982097e+00    2.7419847814e+00   -1.7041569093e+01    3.0000000000e+03    2.1562688200e-01    6.4006250000e-01
       237   -7.4523647418e+00    5.8251714688e+01   -1.6213095230e+01    8.7607304877e+00    2.8022246656e+00   -1.9015319895e+01    3.0000000000e+03    2.2476568400e-01    6.3532291667e-01
       238   -7.3807590147e+00    5.6575836049e+01   -1.4616883401e+01    7.2361243865e+00    2.8182189130e+00   -1.7435102314e+01    3.0000000000e+03    2.3155110900e-01    6.3893750000e-01
       239   -7.4292251493e+00    5.7464168644e+01   -1.5496631597e+01    8.0674064472e+00    2.7238010031e+00   -1.8220432600e+01    3.0000000000e+03    2.2916291200e-01    6.4064583333e-01
       240   -7.3899108031e+00    5.6862000090e+01   -1.4792830384e+01    7.4029195808e+00    2.7341988194e+00   -1.7527029203e+01    3.0000000000e+03    2.4069468800e-01    6.4117708333e-01
       241   -7.4055973816e+00    5.6959220809e+01   -1.4826664019e+01    7.4210666378e+00    2.7319806836e+00   -1.7558644703e+01    3.0000000000e+03    3.4990719900e-01    6.4205208333e-01
       242   -7.3767590301e+00    5.6878780737e+01   -1.5209875968e+01    7.8331169376e+00    2.7868528004e+00   -1.7996728768e+01    3.0000000000e+03    2.5415451000e-01    6.3535416667e-01
       243   -7.3810405730e+00    5.9826249049e+01   -1.4369864804e+01    6.9888242314e+00    2.7529136384e+00   -1.7122778443e+01    3.0000000000e+03    2.4548847300e-01    6.4166666667e-01
       244   -7.4000464710e+00    5.7033595578e+01   -1.4888973715e+01    7.4889272437e+00    2.7563324142e+00   -1.7645306129e+01    3.0000000000e+03    2.2008552800e-01    6.3896875000e-01
       245   -7.3819111494e+00    5.7336072358e+01   -1.5291803593e+01    7.9098924439e+00    2.7174641303e+00   -1.8009267724e+01    3.0000000000e+03    2.1858098900e-01    6.4066666667e-01
       246   -7.4628208958e+00    5.7755448437e+01   -1.4862226293e+01    7.3994053972e+00    2.7508984652e+00   -1.7613124758e+01    3.0000000000e+03    2.5312184800e-01    6.4010416667e-01
       247   -7.5073697637e+00    5.8737252477e+01   -1.5319239588e+01    7.8118698243e+00    2.7465710290e+00   -1.8065810617e+01    3.0000000000e+03    2.1910996600e-01    6.4064583333e-01
       248   -7.4760769192e+00    5.7464365668e+01   -1.4160699824e+01    6.6846229052e+00    2.7173808698e+00   -1.6878080694e+01    3.0000000000e+03    2.4524379900e-01    6.4054166667e-01
       249   -7.3579139580e+00    5.7073935616e+01   -1.5654267689e+01    8.2963537305e+00    2.8401633066e+00   -1.8494430995e+01    3.0000000000e+03    2.4340660800e-01    6.3302083333e-01
       250   -7.5888209073e+00    6.5625505435e+01   -1.6711343448e+01    9.1225225403e+00    2.7907200692e+00   -1.9502063517e+01    3.0000000000e+03    2.6616133800e-01    6.3617708333e-01
       251   -7.3978157075e+00    5.7443429786e+01   -1.5113881583e+01    7.7160658756e+00    2.7757042480e+00   -1.7889585831e+01    3.0000000000e+03    2.3700980200e-01    6.3734375000e-01
       252   -7.5158558828e+00    5.9448517426e+01   -1.4881950750e+01    7.3660948671e+00    2.6894062646e+00   -1.7571357014e+01    3.0000000000e+03    2.1949247300e-01    6.4181250000e-01
       253   -7.4389534069e+00    5.7780486832e+01   -1.4973686343e+01    7.5347329364e+00    2.7631846335e+00   -1.7736870977e+01    3.0000000000e+03    2.1688120400e-01    6.3866666667e-01
       254   -7.4175587622e+00    5.6504228438e+01   -1.3875002997e+01    6.4574442352e+00    2.6988045221e+00   -1.6573807519e+01    3.0000000000e+03    2.4912736600e-01    6.4473958333e-01
       255   -7.3114670895e+00    5.6007530086e+01   -1.4550776339e+01    7.2393092491e+00    2.7681834812e+00   -1.7318959820e+01    3.0000000000e+03    2.5906843500e-01    6.4180208333e-01
       256   -7.3624903362e+00    5.6588217373e+01   -1.4531461573e+01    7.1689712372e+00    2.8039345232e+00   -1.7335396096e+01    3.0000000000e+03    2.1785283900e-01    6.3886458333e-01
       257   -7.4374852856e+00    5.6946462578e+01   -1.4421110473e+01    6.9836251872e+00    2.7197022194e+00   -1.7140812692e+01    3.0000000000e+03    2.3482598600e-01    6.3918750000e-01
       258   -7.3422878675e+00    5.6728144660e+01   -1.4632704319e+01    7.2904164517e+00    2.8107782270e+00   -1.7443482546e+01    3.0000000000e+03    2.3024064500e-01    6.3652083333e-01
       259   -7.3199146083e+00    5.6351324595e+01   -1.5115285581e+01    7.7953709729e+00    2.7752498489e+00   -1.7890535430e+01    3.0000000000e+03    2.4598717600e-01    6.3863541667e-01
       260   -7.5113248606e+00    5.8084879348e+01   -1.4682439552e+01    7.1711146909e+00    2.7579493381e+00   -1.7440388890e+01    3.0000000000e+03    2.3389718200e-01    6.3845833333e-01
       261   -7.3135557712e+00    5.6241366767e+01   -1.4229487868e+01    6.9159320973e+00    2.7665513755e+00   -1.6996039244e+01    3.0000000000e+03    2.4808929400e-01    6.4360416667e-01
       262   -7.4984127564e+00    5.8162154726e+01   -1.4688279417e+01    7.1898666604e+00    2.7287522698e+00   -1.7417031687e+01    3.0000000000e+03    2.4785177800e-01    6.4269791667e-01
       263   -7.3591818701e+00    5.6315605819e+01   -1.4274695550e+01    6.9155136802e+00    2.7055753389e+00   -1.6980270889e+01    3.0000000000e+03    2.5222918500e-01    6.4335416667e-01
       264   -7.3601892780e+00    5.6051127658e+01   -1.4378490572e+01    7.0183012940e+00    2.8162510742e+00   -1.7194741646e+01    3.0000000000e+03    2.2648273600e-01    6.3878125000e-01
       265   -7.4150608688e+00    5.7361537245e+01   -1.4735811607e+01    7.3207507379e+00    2.7692884872e+00   -1.7505100094e+01    3.0000000000e+03    2.3393965800e-01    6.4015625000e-01
       266   -7.3804821813e+00    5.5915329244e+01   -1.4085116154e+01    6.7046339727e+00    2.7189265772e+00   -1.6804042731e+01    3.0000000000e+03    2.3361080900e-01    6.4285416667e-01
       267   -7.4735893368e+00    5.7182527506e+01   -1.4319951463e+01    6.8463621260e+00    2.6363422176e+00   -1.6956293680e+01    3.0000000000e+03    2.5584050000e-01    6.4245833333e-01
       268   -7.4408416012e+00    5.8160614499e+01   -1.5154344901e+01    7.7135032993e+00    2.7535678550e+00   -1.7907912756e+01    3.0000000000e+03    2.4669686300e-01    6.3763541667e-01
       269   -7.4837035311e+00    5.7975883769e+01   -1.5448435835e+01    7.9647323035e+00    2.7776675388e+00   -1.8226103373e+01    3.0000000000e+03    2.2775823400e-01    6.3781250000e-01
       270   -7.3876280993e+00    5.6363156151e+01   -1.4307436220e+01    6.9198081209e+00    2.7132795801e+00   -1.7020715800e+01    3.0000000000e+03    2.4697604800e-01    6.4416666667e-01
       271   -7.4213650029e+00    5.7028619520e+01   -1.4389262882e+01    6.9678978792e+00    2.7798184343e+00   -1.7169081316e+01    3.0000000000e+03    2.4412370200e-01    6.3914583333e-01
       272   -7.7909813038e+00    7.8375794891e+01   -1.6562643775e+01    8.7716624716e+00    2.7927909548e+00   -1.9355434730e+01    3.0000000000e+03    2.4415584700e-01    6.3737500000e-01
       273   -7.3825772042e+00    5.6837478289e+01   -1.4472797319e+01    7.0902201150e+00    2.7696718069e+00   -1.7242469126e+01    3.0000000000e+03    2.2574832200e-01    6.4371875000e-01
       274   -7.3916744032e+00    5.6916852683e+01   -1.5028177707e+01    7.6365033035e+00    2.7515681495e+00   -1.7779745856e+01    3.0000000000e+03    2.4032318000e-01    6.3731250000e-01
       275   -7.4413132108e+00    6.0269422362e+01   -1.5244892242e+01    7.8035790317e+00    2.7961951951e+00   -1.8041087438e+01    3.0000000000e+03    2.8023001000e-01    6.3913541667e-01
       276   -7.4328236165e+00    5.6823580194e+01   -1.4526553804e+01    7.0937301880e+00    2.7560978752e+00   -1.7282651680e+01    3.0000000000e+03    2.2085646400e-01    6.3832291667e-01
       277   -7.4435218757e+00    5.6753892264e+01   -1.3876628955e+01    6.4331070796e+00    2.6569946655e+00   -1.6533623621e+01    3.0000000000e+03    2.2146334900e-01    6.4173958333e-01
       278   -7.3505035797e+00    5.7843962353e+01   -1.4915153915e+01    7.5646503351e+00    2.7569889516e+00   -1.7672142866e+01    3.0000000000e+03    2.2546671600e-01    6.4319791667e-01
       279   -7.5218972914e+00    6.6590085172e+01   -1.5904017021e+01    8.3821197295e+00    2.8387126347e+00   -1.8742729656e+01    3.0000000000e+03    2.4366717000e-01    6.3835416667e-01
       280   -7.3948479348e+00    5.7033555799e+01   -1.4821563904e+01    7.4267159694e+00    2.7699125166e+00   -1.7591476421e+01    3.0000000000e+03    2.2660682300e-01    6.3754166667e-01
       281   -7.4003296340e+00    5.6859688519e+01   -1.4236885463e+01    6.8365558285e+00    2.7660654323e+00   -1.7002950895e+01    3.0000000000e+03    2.3089151900e-01    6.3833333333e-01
       282   -7.3185285401e+00    5.7922803007e+01   -1.5192601673e+01    7.8740731332e+00    2.8177407993e+00   -1.8010342473e+01    3.0000000000e+03    2.7341149600e-01    6.4001041667e-01
       283   -7.4653898478e+00    5.7929907175e+01   -1.5154179118e+01    7.6887892699e+00    2.7252652953e+00   -1.7879444413e+01    3.0000000000e+03    2.5101424500e-01    6.3959375000e-01
       284   -7.4228758521e+00    5.7512309433e+01   -1.5008707022e+01    7.5858311703e+00    2.7318951303e+00   -1.7740602153e+01    3.0000000000e+03    2.7012677400e-01    6.4044791667e-01
       285   -7.2817761328e+00    5.8212276391e+01   -1.4718420722e+01    7.4366445892e+00    2.8045826192e+00   -1.7523003341e+01    3.0000000000e+03    2.5177112400e-01    6.3990625000e-01
       286   -7.4245296915e+00    5.6965172279e+01   -1.4730131075e+01    7.3056013835e+00    2.7878978903e+00   -1.7518028965e+01    3.0000000000e+03    2.2582466600e-01    6.3751041667e-01
       287   -7.5906707987e+00    6.5009541482e+01   -1.4813140097e+01    7.2224692981e+00    2.7171277775e+00   -1.7530267874e+01    3.0000000000e+03    2.4914433500e-01    6.4078125000e-01
       288   -7.3956249533e+00    5.6418249159e+01   -1.4701576562e+01    7.3059516091e+00    2.7365798420e+00   -1.7438156404e+01    3.0000000000e+03    2.2408473800e-01    6.3855208333e-01
       289   -7.4352355436e+00    5.7251306942e+01   -1.5173984062e+01    7.7387485184e+00    2.7372434907e+00   -1.7911227553e+01    3.0000000000e+03    2.4673199000e-01    6.4060416667e-01
       290   -7.3941017943e+00    5.6407190009e+01   -1.4208729351e+01    6.8146275566e+00    2.7250109792e+00   -1.6933740330e+01    3.0000000000e+03    2.2090464900e-01    6.4108333333e-01
       291   -7.3334070634e+00    5.6304691846e+01   -1.4199187469e+01    6.8657804054e+00    2.7835414884e+00   -1.6982728957e+01    3.0000000000e+03    2.4142414900e-01    6.4153125000e-01
       292   -7.6555361424e+00    1.1032393858e+02   -1.5798975767e+01    8.1434396245e+00    2.7410621347e+00   -1.8540037902e+01    3.0000000000e+03    2.1944541500e-01    6.4141666667e-01
       293   -7.4284590845e+00    5.7331856766e+01   -1.4732880991e+01    7.3044219060e+00    2.7446852376e+00   -1.7477566228e+01    3.0000000000e+03    2.2679760600e-01    6.3906250000e-01
       294   -7.4268980752e+00    5.8144323460e+01   -1.4687429189e+01    7.2605311143e+00    2.7445284665e+00   -1.7431957656e+01    3.0000000000e+03    2.2812001900e-01    6.4141666667e-01
       295   -7.3821134301e+00    5.7488614978e+01   -1.5427601816e+01    8.0454883858e+00    2.7543008772e+00   -1.8181902693e+01    3.0000000000e+03    2.5259505300e-01    6.3593750000e-01
       296   -7.2783501615e+00    5.6327015394e+01   -1.4585701729e+01    7.3073515676e+00    2.8360240099e+00   -1.7421725739e+01    3.0000000000e+03    2.4789703700e-01    6.3860416667e-01
       297   -7.3331990412e+00    5.6393485880e+01   -1.4045910526e+01    6.7127114847e+00    2.7796656002e+00   -1.6825576126e+01    3.0000000000e+03    2.3759585500e-01    6.3939583333e-01
       298   -7.3401703573e+00    5.6324426777e+01   -1.4660984539e+01    7.3208141821e+00    2.7227590188e+00   -1.7383743558e+01    3.0000000000e+03    2.5052897100e-01    6.4104166667e-01
       299   -7.9258200637e+00    2.8659315384e+02   -1.6571052227e+01    8.6452321636e+00    2.8109819506e+00   -1.9382034178e+01    3.0000000000e+03    2.2632127100e-01    6.3614583333e-01
       300   -7.4969286636e+00    5.7943837357e+01   -1.4924344803e+01    7.4274161394e+00    2.6528997587e+00   -1.7577244562e+01    3.0000000000e+03    2.5921375000e-01    6.3956250000e-01
       301   -7.4706594936e+00    5.9097307266e+01   -1.5049035943e+01    7.5783764491e+00    2.7743319185e+00   -1.7823367861e+01    3.0000000000e+03    2.3165788100e-01    6.3622916667e-01
       302   -7.4303591924e+00    5.7468558305e+01   -1.4633534724e+01    7.2031755318e+00    2.7424090065e+00   -1.7375943731e+01    3.0000000000e+03    2.5666312900e-01    6.4153125000e-01
       303   -7.3762724501e+00    5.6348161091e+01   -1.4060930594e+01    6.6846581435e+00    2.7362187603e+00   -1.6797149354e+01    3.0000000000e+03    2.4820641000e-01    6.4215625000e-01
       304   -7.4185512758e+00    5.7311374089e+01   -1.4817096710e+01    7.3985454343e+00    2.7596836345e+00   -1.7576780345e+01    3.0000000000e+03    2.4297693900e-01    6.3971875000e-01
       305   -7.3904961910e+00    5.7599632763e+01   -1.5108286619e+01    7.7177904282e+00    2.7858794394e+00   -1.7894166059e+01    3.0000000000e+03    2.5405299700e-01    6.4191666667e-01
       306   -7.4320637093e+00    5.6972794244e+01   -1.5346660871e+01    7.9145971615e+00    2.7491580459e+00   -1.8095818917e+01    3.0000000000e+03    2.5758091000e-01    6.3912500000e-01
       307   -7.3661249104e+00    5.7861223757e+01   -1.4578527640e+01    7.2124027296e+00    2.7114130570e+00   -1.7289940697e+01    3.0000000000e+03    2.2548677000e-01    6.4304166667e-01
       308   -7.3776686770e+00    5.6336004316e+01   -1.5006776440e+01    7.6291077629e+00    2.7542208947e+00   -1.7760997335e+01    3.0000000000e+03    2.4244508900e-01    6.3842708333e-01
       309   -7.4035004461e+00    5.7309180716e+01   -1.4490081008e+01    7.0865805618e+00    2.7560939780e+00   -1.7246174986e+01    3.0000000000e+03    2.3116584600e-01    6.3880208333e-01
       310   -7.4324742836e+00    5.7048601308e+01   -1.4829164822e+01    7.3966905387e+00    2.7672495831e+00   -1.7596414405e+01    3.0000000000e+03    2.4560990700e-01    6.3787500000e-01
       311   -7.2963906450e+00    5.6050535737e+01   -1.4232266970e+01    6.9358763246e+00    2.7623052430e+00   -1.6994572213e+01    3.0000000000e+03    2.3532237500e-01    6.4176041667e-01
       312   -7.2896670494e+00    5.5938792421e+01   -1.4750197831e+01    7.4605307813e+00    2.7949284230e+00   -1.7545126254e+01    3.0000000000e+03    2.4037043200e-01    6.4057291667e-01
       313   -7.4437779885e+00    5.7043935962e+01   -1.4239833949e+01    6.7960559607e+00    2.7296509674e+00   -1.6969484917e+01    3.0000000000e+03    2.3081825800e-01    6.4178125000e-01
       314   -7.4502153045e+00    5.7265546132e+01   -1.4788292962e+01    7.3380776576e+00    2.7260083647e+00   -1.7514301327e+01    3.0000000000e+03    2.4014470800e-01    6.4092708333e-01
       315   -7.3777829057e+00    5.6939589620e+01   -1.5670941392e+01    8.2931584863e+00    2.7479561437e+00   -1.8418897536e+01    3.0000000000e+03    2.4866490800e-01    6.4239583333e-01
       316   -7.3828447364e+00    5.6620972544e+01   -1.4424398281e+01    7.0415535451e+00    2.7070603147e+00   -1.7131458596e+01    3.0000000000e+03    2.5615461000e-01    6.4020833333e-01
       317   -7.4293303077e+00    5.6720138724e+01   -1.4086920793e+01    6.6575904856e+00    2.7079439251e+00   -1.6794864718e+01    3.0000000000e+03    2.3088552600e-01    6.4166666667e-01
       318   -7.3511925309e+00    6.0080010831e+01   -1.4565217046e+01    7.2140245155e+00    2.8506829436e+00   -1.7415899990e+01    3.0000000000e+03    2.4064368000e-01    6.4152083333e-01
       319   -7.4443080464e+00    5.8509593358e+01   -1.5131891724e+01    7.6875836773e+00    2.7586568498e+00   -1.7890548573e+01    3.0000000000e+03    2.9282152600e-01    6.3912500000e-01
       320   -7.4367567829e+00    5.7384134956e+01   -1.4714857421e+01    7.2781006381e+00    2.8029041407e+00   -1.7517761562e+01    3.0000000000e+03    2.7850519100e-01    6.3851041667e-01
       321   -7.4119577151e+00    5.7604147895e+01   -1.4699980442e+01    7.2880227270e+00    2.7741167451e+00   -1.7474097187e+01    3.0000000000e+03    2.7855562000e-01    6.3972916667e-01
       322   -7.3307811221e+00    5.6098142905e+01   -1.4259031835e+01    6.9282507128e+00    2.7354412663e+00   -1.6994473101e+01    3.0000000000e+03    2.7960953400e-01    6.4244791667e-01
       323   -7.4029355070e+00    5.7514443999e+01   -1.5355898125e+01    7.9529626176e+00    2.7496503338e+00   -1.8105548458e+01    3.0000000000e+03    2.3312340600e-01    6.3911458333e-01
       324   -7.3658672455e+00    5.6973719093e+01   -1.5154596018e+01    7.7887287720e+00    2.8006312010e+00   -1.7955227218e+01    3.0000000000e+03    2.3349672600e-01    6.3705208333e-01
       325   -7.1865370864e+00    5.6370620635e+01   -1.5064637133e+01    7.8781000469e+00    2.7272309233e+00   -1.7791868057e+01    3.0000000000e+03    2.4061195600e-01    6.4200000000e-01
       326   -7.4727078645e+00    5.7524460066e+01   -1.4440663413e+01    6.9679555483e+00    2.7438668323e+00   -1.7184530245e+01    3.0000000000e+03    2.3192103000e-01    6.4150000000e-01
       327   -7.4367310223e+00    5.9146257655e+01   -1.5568453082e+01    8.1317220594e+00    2.6983721135e+00   -1.8266825195e+01    3.0000000000e+03    2.5399899900e-01    6.4145833333e-01
       328   -7.4051230514e+00    5.6691797020e+01   -1.5418051359e+01    8.0129283073e+00    2.7729381304e+00   -1.8190989489e+01    3.0000000000e+03    2.4048038000e-01    6.3645833333e-01
       329   -7.3624716622e+00    5.6274146286e+01   -1.4280112156e+01    6.9176404941e+00    2.7548675230e+00   -1.7034979679e+01    3.0000000000e+03    2.3458659800e-01    6.4067708333e-01
       330   -7.3536383899e+00    5.8348328495e+01   -1.6152975063e+01    8.7993366731e+00    2.7762560255e+00   -1.8929231088e+01    3.0000000000e+03    2.6144665600e-01    6.3725000000e-01
       331   -7.3229113244e+00    5.6990024110e+01   -1.4846605524e+01    7.5236941996e+00    2.7976097480e+00   -1.7644215272e+01    3.0000000000e+03    2.5780612300e-01    6.3838541667e-01
       332   -7.3908209719e+00    5.7520144751e+01   -1.4325257631e+01    6.9344366588e+00    2.7318372863e+00   -1.7057094917e+01    3.0000000000e+03    2.5067629300e-01    6.3873958333e-01
       333   -7.4727248850e+00    5.8387603766e+01   -1.4852802988e+01    7.3800781030e+00    2.7173532772e+00   -1.7570156265e+01    3.0000000000e+03    2.2855585700e-01    6.3857291667e-01
       334   -7.3968542213e+00    5.7288858542e+01   -1.4849398968e+01    7.4525447467e+00    2.7991534905e+00   -1.7648552459e+01    3.0000000000e+03    2.3043092600e-01    6.3626041667e-01
       335   -7.3716876269e+00    5.7090711947e+01   -1.4568210313e+01    7.1965226861e+00    2.6727798976e+00   -1.7240990211e+01    3.0000000000e+03    2.6096696400e-01    6.4212500000e-01
       336   -7.3697633511e+00    5.5942486461e+01   -1.3737613100e+01    6.3678497485e+00    2.7712328838e+00   -1.6508845983e+01    3.0000000000e+03    2.5844126400e-01    6.4030208333e-01
       337   -7.3767171276e+00    5.7047799068e+01   -1.4866416767e+01    7.4896996399e+00    2.7892189195e+00   -1.7655635687e+01    3.0000000000e+03    2.2724815300e-01    6.3970833333e-01
       338   -7.5677234278e+00    6.9851961188e+01   -1.5965763466e+01    8.3980400378e+00    2.6926797871e+00   -1.8658443253e+01    3.0000000000e+03    2.2838417600e-01    6.3904166667e-01
       339   -7.4014825577e+00    5.6953526130e+01   -1.4889694643e+01    7.4882120854e+00    2.7508489985e+00   -1.7640543642e+01    3.0000000000e+03    2.4937709900e-01    6.4105208333e-01
       340   -7.4305202612e+00    5.7326496680e+01   -1.4827118761e+01    7.3965984994e+00    2.7295336232e+00   -1.7556652384e+01    3.0000000000e+03    2.2305370200e-01    6.4106250000e-01
       341   -7.3870395179e+00    5.6651665024e+01   -1.4476787001e+01    7.0897474830e+00    2.7649992699e+00   -1.7241786271e+01    3.0000000000e+03    2.2083723800e-01    6.3901041667e-01
       342   -7.3108481553e+00    5.6502474017e+01   -1.5003648865e+01    7.6928007094e+00    2.8730713122e+00   -1.7876720177e+01    3.0000000000e+03    2.2687027800e-01    6.3633333333e-01
       343   -7.4076749108e+00    5.6227634383e+01   -1.4942009443e+01    7.5343345319e+00    2.7328654382e+00   -1.7674874881e+01    3.0000000000e+03    2.4752154300e-01    6.3777083333e-01
       344   -7.3698525523e+00    5.6179507886e+01   -1.4082454102e+01    6.7126015495e+00    2.7387265838e+00   -1.6821180686e+01    3.0000000000e+03    2.3011522800e-01    6.4383333333e-01
       345   -7.3375009758e+00    5.7004517274e+01   -1.4658908860e+01    7.3214078845e+00    2.7968098214e+00   -1.7455718682e+01    3.0000000000e+03    2.2757321600e-01    6.4170833333e-01
       346   -7.4840269254e+00    5.7766733498e+01   -1.4710720547e+01    7.2266936219e+00    2.7406468587e+00   -1.7451367406e+01    3.0000000000e+03    2.2936641100e-01    6.3988541667e-01
       347   -7.4902427463e+00    5.8327986979e+01   -1.4916850403e+01    7.4266076570e+00    2.7370337998e+00   -1.7653884203e+01    3.0000000000e+03    2.5609301200e-01    6.4165625000e-01
       348   -7.3816145113e+00    5.6146604282e+01   -1.4363873010e+01    6.9822584992e+00    2.7330633145e+00   -1.7096936325e+01    3.0000000000e+03    2.7402278600e-01    6.4073958333e-01
       349   -7.3700488615e+00    5.6377016616e+01   -1.4716486387e+01    7.3464375252e+00    2.7585092523e+00   -1.7474995639e+01    3.0000000000e+03    2.4889200400e-01    6.4082291667e-01
       350   -7.4137367263e+00    5.7008888004e+01   -1.4171190139e+01    6.7574534131e+00    2.7253149655e+00   -1.6896505105e+01    3.0000000000e+03    2.4048836900e-01    6.4443750000e-01
       351   -7.6569925885e+00    1.0846707756e+02   -1.5074440850e+01    7.4174482617e+00    2.7069980446e+00   -1.7781438895e+01    3.0000000000e+03    2.5059006200e-01    6.4107291667e-01
       352   -7.4065156240e+00    5.7237173975e+01   -1.4358552826e+01    6.9520372022e+00    2.8111065019e+00   -1.7169659328e+01    3.0000000000e+03    2.3632337400e-01    6.3647916667e-01
       353   -7.4106130678e+00    6.1375614265e+01   -1.6528133160e+01    9.1175200924e+00    2.7183613597e+00   -1.9246494520e+01    3.0000000000e+03    2.2122170400e-01    6.4006250000e-01
       354   -7.4238778061e+00    5.7003953713e+01   -1.4950177421e+01    7.5262996149e+00    2.7062547100e+00   -1.7656432131e+01    3.0000000000e+03    2.4115415100e-01    6.4323958333e-01
       355   -7.3827317093e+00    5.7372383913e+01   -1.4708505696e+01    7.3257739865e+00    2.7834747999e+00   -1.7491980496e+01    3.0000000000e+03    2.3816263400e-01    6.3960416667e-01
       356   -7.3352948640e+00    5.6132797739e+01   -1.4726754124e+01    7.3914592595e+00    2.7448217299e+00   -1.7471575854e+01    3.0000000000e+03    2.5625121900e-01    6.3991666667e-01
       357   -7.3325936911e+00    5.6066519704e+01   -1.4614503320e+01    7.2819096291e+00    2.7777187973e+00   -1.7392222117e+01    3.0000000000e+03    2.5674187000e-01    6.3812500000e-01
       358   -7.4282345638e+00    5.6816590027e+01   -1.4732740594e+01    7.3045060305e+00    2.6800824680e+00   -1.7412823062e+01    3.0000000000e+03    2.4525167300e-01    6.4243750000e-01
       359   -7.3253279779e+00    5.5571881101e+01   -1.4906448893e+01    7.5811209151e+00    2.7712556873e+00   -1.7677704580e+01    3.0000000000e+03    2.5295824100e-01    6.3773958333e-01
       360   -7.4646210483e+00    5.8017741127e+01   -1.4835286892e+01    7.3706658435e+00    2.7038920379e+00   -1.7539178930e+01    3.0000000000e+03    2.3882270500e-01    6.3957291667e-01
       361   -7.4595278116e+00    5.7951562494e+01   -1.4783531317e+01    7.3240035057e+00    2.8074677486e+00   -1.7590999066e+01    3.0000000000e+03    2.2940633800e-01    6.3792708333e-01
       362   -7.8282575285e+00    1.2809099002e+02   -1.5538994962e+01    7.7107374338e+00    2.7329820817e+00   -1.8271977044e+01    3.0000000000e+03    2.3942057100e-01    6.4085416667e-01
       363   -7.3733131969e+00    5.7204720571e+01   -1.4710932888e+01    7.3376196912e+00    2.7688727397e+00   -1.7479805628e+01    3.0000000000e+03    2.5596399500e-01    6.4180208333e-01
       364   -7.5784484474e+00    9.4371328091e+01   -1.4964364912e+01    7.3859164647e+00    2.7287664834e+00   -1.7693131396e+01    3.0000000000e+03    2.8187029400e-01    6.4003125000e-01
       365   -7.4369361373e+00    5.7092000273e+01   -1.4447065800e+01    7.0101296627e+00    2.7138279563e+00   -1.7160893756e+01    3.0000000000e+03    2.5364147700e-01    6.4538541667e-01
       366   -7.4410985596e+00    5.7657245177e+01   -1.4580757268e+01    7.1396587081e+00    2.7590604394e+00   -1.7339817707e+01    3.0000000000e+03    2.3047425100e-01    6.4216666667e-01
       367   -7.3738054082e+00    5.6698159062e+01   -1.4471621675e+01    7.0978162670e+00    2.7036403410e+00   -1.7175262016e+01    3.0000000000e+03    2.5318379400e-01    6.4338541667e-01
       368   -7.4327815019e+00    5.8320913588e+01   -1.4278555602e+01    6.8457740998e+00    2.7366810723e+00   -1.7015236674e+01    3.0000000000e+03    2.4329734400e-01    6.4301041667e-01
       369   -7.3767759562e+00    5.5984026945e+01   -1.3729485867e+01    6.3527099107e+00    2.6940256002e+00   -1.6423511467e+01    3.0000000000e+03    2.2509239700e-01    6.4577083333e-01
       370   -7.4776115648e+00    5.8419162553e+01   -1.5320571319e+01    7.8429597545e+00    2.7197394011e+00   -1.8040310720e+01    3.0000000000e+03    2.6697512900e-01    6.4023958333e-01
       371   -7.2949813482e+00    5.5581403046e+01   -1.4492145286e+01    7.1971639379e+00    2.8524443113e+00   -1.7344589597e+01    3.0000000000e+03    2.8429790600e-01    6.3696875000e-01
       372   -7.4163403739e+00    5.7277424141e+01   -1.4489004166e+01    7.0726637925e+00    2.8276159482e+00   -1.7316620115e+01    3.0000000000e+03    2.6079384100e-01    6.3948958333e-01
       373   -7.4944606382e+00    5.8428772316e+01   -1.5086138470e+01    7.5916778316e+00    2.7359176444e+00   -1.7822056114e+01    3.0000000000e+03    2.4921244800e-01    6.3975000000e-01
       374   -7.3465817477e+00    5.6742063944e+01   -1.4969345414e+01    7.6227636666e+00    2.7622537643e+00   -1.7731599179e+01    3.0000000000e+03    2.4433410100e-01    6.3925000000e-01
       375   -7.3780055236e+00    5.7225717392e+01   -1.5279425646e+01    7.9014201220e+00    2.8634353362e+00   -1.8142860982e+01    3.0000000000e+03    2.2796366600e-01    6.3363541667e-01
       376   -7.3713824745e+00    5.8876504658e+01   -1.5385799000e+01    8.0144165252e+00    2.7422541693e+00   -1.8128053169e+01    3.0000000000e+03    2.2615742200e-01    6.4185416667e-01
       377   -7.5021886342e+00    5.8593229298e+01   -1.4816092457e+01    7.3139038228e+00    2.7541599551e+00   -1.7570252412e+01    3.0000000000e+03    2.1372097300e-01    6.3729166667e-01
       378   -7.2959127065e+00    5.7173114820e+01   -1.4855892924e+01    7.5599802175e+00    2.6901238873e+00   -1.7546016811e+01    3.0000000000e+03    2.4069450900e-01    6.4283333333e-01
       379   -7.4504076599e+00    5.6933617571e+01   -1.4606400762e+01    7.1559931017e+00    2.7180762146e+00   -1.7324476976e+01    3.0000000000e+03    2.3592487000e-01    6.3813541667e-01
       380   -7.4244352149e+00    5.7387817529e+01   -1.4492148257e+01    7.0677130424e+00    2.7653887610e+00   -1.7257537018e+01    3.0000000000e+03    2.1940826100e-01    6.3888541667e-01
       381   -7.4079058590e+00    5.7831400869e+01   -1.4613001700e+01    7.2050958411e+00    2.7616406083e+00   -1.7374642308e+01    3.0000000000e+03    2.2004651500e-01    6.4212500000e-01
       382   -7.4297158273e+00    5.7552957672e+01   -1.4937533325e+01    7.5078174974e+00    2.8329742605e+00   -1.7770507585e+01    3.0000000000e+03    2.3676661400e-01    6.3956250000e-01
       383   -7.3465133358e+00    5.9399091093e+01   -1.6579942908e+01    9.2334295720e+00    2.8856644213e+00   -1.9465607329e+01    3.0000000000e+03    2.3772399400e-01    6.3488541667e-01
       384   -7.3719982436e+00    5.6108445468e+01   -1.4371973288e+01    6.9999750443e+00    2.7439419276e+00   -1.7115915216e+01    3.0000000000e+03    2.3013793300e-01    6.3941666667e-01
       385   -7.4473682031e+00    5.7955103754e+01   -1.4436909286e+01    6.9895410832e+00    2.7449777629e+00   -1.7181887049e+01    3.0000000000e+03    2.4695004200e-01    6.4180208333e-01
       386   -7.5102703983e+00    5.8718566051e+01   -1.4741502740e+01    7.2312323413e+00    2.7294216153e+00   -1.7470924355e+01    3.0000000000e+03    2.5800148400e-01    6.3840625000e-01
       387   -7.4440417229e+00    5.8632259662e+01   -1.5318514188e+01    7.8744724656e+00    2.7782997795e+00   -1.8096813968e+01    3.0000000000e+03    2.5256846300e-01    6.3847916667e-01
       388   -7.3665094544e+00    5.7856402050e+01   -1.5476630042e+01    8.1101205877e+00    2.7233761624e+00   -1.8200006205e+01    3.0000000000e+03    2.2791671200e-01    6.3967708333e-01
       389   -7.3629397729e+00    5.6410128529e+01   -1.4092441549e+01    6.7295017763e+00    2.7440386883e+00   -1.6836480238e+01    3.0000000000e+03    2.3319205800e-01    6.4251041667e-01
       390   -7.3962831843e+00    5.7221883579e+01   -1.5008223503e+01    7.6119403192e+00    2.7691248781e+00   -1.7777348382e+01    3.0000000000e+03    2.6064630100e-01    6.3528125000e-01
       391   -7.4360885603e+00    5.7732356090e+01   -1.4790434900e+01    7.3543463402e+00    2.7067060038e+00   -1.7497140904e+01    3.0000000000e+03    2.8094944100e-01    6.3789583333e-01
       392   -7.4288376523e+00    5.7406825303e+01   -1.5454385007e+01    8.0255473544e+00    2.7538551787e+00   -1.8208240185e+01    3.0000000000e+03    2.3371059200e-01    6.4180208333e-01
       393   -7.4726450819e+00    6.0826104092e+01   -1.4975919968e+01    7.5032748864e+00    2.7577060211e+00   -1.7733625989e+01    3.0000000000e+03    2.2149092600e-01    6.4013541667e-01
       394   -7.3862853676e+00    5.7671851467e+01   -1.5006826528e+01    7.6205411601e+00    2.7344393507e+00   -1.7741265878e+01    3.0000000000e+03    2.1758828400e-01    6.3829166667e-01
       395   -7.2805574161e+00    5.6885918105e+01   -1.5081449355e+01    7.8008919392e+00    2.7472462438e+00   -1.7828695599e+01    3.0000000000e+03    2.5454583800e-01    6.4012500000e-01
       396   -7.3492872249e+00    5.6114042189e+01   -1.4080421037e+01    6.7311338118e+00    2.7925915145e+00   -1.6873012551e+01    3.0000000000e+03    2.4946567800e-01    6.4091666667e-01
       397   -7.3411805794e+00    5.7221571244e+01   -1.5079769301e+01    7.7385887218e+00    2.8085473260e+00   -1.7888316627e+01    3.0000000000e+03    2.3154146400e-01    6.3772916667e-01
       398   -7.3403132692e+00    5.6619277056e+01   -1.4226998673e+01    6.8866854037e+00    2.7327142659e+00   -1.6959712939e+01    3.0000000000e+03    2.1677225000e-01    6.4227083333e-01
       399   -7.3948770279e+00    5.6230379306e+01   -1.4281587977e+01    6.8867109494e+00    2.7308503873e+00   -1.7012438364e+01    3.0000000000e+03    2.4826740200e-01    6.3959375000e-01
       400   -7.5149384330e+00    5.8467066788e+01   -1.4737093913e+01    7.2221554798e+00    2.7205465496e+00   -1.7457640462e+01    3.0000000000e+03    2.4527364900e-01    6.3845833333e-01
       401   -7.4297650752e+00    5.7589414463e+01   -1.5721068770e+01    8.2913036947e+00    2.7788542399e+00   -1.8499923010e+01    3.0000000000e+03    2.7098357700e-01    6.3768750000e-01
       402   -7.3908739394e+00    5.5891875148e+01   -1.4357985948e+01    6.9671120089e+00    2.7047388705e+00   -1.7062724819e+01    3.0000000000e+03    2.5527040800e-01    6.4256250000e-01
       403   -7.3767096050e+00    5.6152950022e+01   -1.4641363923e+01    7.2646543180e+00    2.7266050924e+00   -1.7367969015e+01    3.0000000000e+03    2.9755590500e-01    6.4435416667e-01
       404   -7.4816642299e+00    5.8710452587e+01   -1.4708678848e+01    7.2270146185e+00    2.7384516066e+00   -1.7447130455e+01    3.0000000000e+03    2.4893535600e-01    6.4293750000e-01
       405   -7.5038739168e+00    5.7692143873e+01   -1.4862946935e+01    7.3590730179e+00    2.7019471857e+00   -1.7564894120e+01    3.0000000000e+03    2.1629047300e-01    6.3720833333e-01
       406   -7.4197294537e+00    5.7951560709e+01   -1.5368714068e+01    7.9489846142e+00    2.7932580413e+00   -1.8161972109e+01    3.0000000000e+03    2.2519213200e-01    6.3961458333e-01
       407   -7.5299980380e+00    5.8854192639e+01   -1.5045785397e+01    7.5157873590e+00    2.7239733951e+00   -1.7769758792e+01    3.0000000000e+03    2.2758218700e-01    6.3964583333e-01
       408   -7.4532122604e+00    5.7374458613e+01   -1.4338626138e+01    6.8854138774e+00    2.7251874898e+00   -1.7063813628e+01    3.0000000000e+03    2.3091055000e-01    6.4073958333e-01
       409   -7.4274010790e+00    5.7029876748e+01   -1.4844972535e+01    7.4175714563e+00    2.7113976621e+00   -1.7556370197e+01    3.0000000000e+03    2.1979263800e-01    6.4029166667e-01
       410   -7.5234691699e+00    6.1834939034e+01   -1.5199721969e+01    7.6762527990e+00    2.7312048852e+00   -1.7930926854e+01    3.0000000000e+03    2.4681001100e-01    6.3953125000e-01
       411   -7.4848744502e+00    5.7988396927e+01   -1.4885608782e+01    7.4007343316e+00    2.7467367849e+00   -1.7632345567e+01    3.0000000000e+03    2.2253838500e-01    6.3952083333e-01
       412   -7.3419182909e+00    5.7231611193e+01   -1.5810257865e+01    8.4683395744e+00    2.7734071481e+00   -1.8583665013e+01    3.0000000000e+03    2.4717476600e-01    6.3461458333e-01
       413   -7.4416995802e+00    5.6822901637e+01   -1.4539945809e+01    7.0982462283e+00    2.7118054813e+00   -1.7251751290e+01    3.0000000000e+03    2.1781455200e-01    6.4122916667e-01
       414   -7.5062413170e+00    5.8239285990e+01   -1.4852094349e+01    7.3458530321e+00    2.7490278626e+00   -1.7601122212e+01    3.0000000000e+03    2.1786922400e-01    6.3575000000e-01
       415   -7.4010822284e+00    5.6654803285e+01   -1.4135628309e+01    6.7345460808e+00    2.7232326628e+00   -1.6858860972e+01    3.0000000000e+03    2.1187161200e-01    6.4057291667e-01
       416   -7.3930318579e+00    5.7562569457e+01   -1.4376221110e+01    6.9831892524e+00    2.7970963475e+00   -1.7173317458e+01    3.0000000000e+03    2.4032517400e-01    6.4062500000e-01
       417   -7.3823393686e+00    5.6045369724e+01   -1.4121256051e+01    6.7389166821e+00    2.7201031497e+00   -1.6841359200e+01    3.0000000000e+03    2.1412168800e-01    6.4293750000e-01
       418   -7.4182576092e+00    5.7002017697e+01   -1.4850135699e+01    7.4318780902e+00    2.7314301592e+00   -1.7581565859e+01    3.0000000000e+03    2.1911305300e-01    6.4215625000e-01
       419   -7.3875967042e+00    5.6723696263e+01   -1.4547860256e+01    7.1602635519e+00    2.7617904392e+00   -1.7309650695e+01    3.0000000000e+03    2.1431665200e-01    6.3950000000e-01
       420   -7.4289817209e+00    5.8536954807e+01   -1.5018704963e+01    7.5897232423e+00    2.8337136854e+00   -1.7852418649e+01    3.0000000000e+03    2.2039529200e-01    6.4004166667e-01
       421   -7.4783074610e+00    5.7826029084e+01   -1.4944131615e+01    7.4658241542e+00    2.7618079015e+00   -1.7705939517e+01    3.0000000000e+03    2.5488276400e-01    6.3952083333e-01
       422   -7.4069584808e+00    5.6751136912e+01   -1.4598366869e+01    7.1914083878e+00    2.8488257618e+00   -1.7447192630e+01    3.0000000000e+03    2.2008679200e-01    6.3343750000e-01
       423   -7.4092882390e+00    5.6817749534e+01   -1.4353468536e+01    6.9441802971e+00    2.7419884017e+00   -1.7095456938e+01    3.0000000000e+03    2.1831127900e-01    6.4078125000e-01
       424   -7.4106021406e+00    5.7236540249e+01   -1.4725178553e+01    7.3145764124e+00    2.7053946865e+00   -1.7430573239e+01    3.0000000000e+03    2.2367209600e-01    6.4295833333e-01
       425   -7.3684176666e+00    5.6485933893e+01   -1.5240467455e+01    7.8720497884e+00    2.8016303743e+00   -1.8042097829e+01    3.0000000000e+03    2.5323511900e-01    6.3939583333e-01
       426   -7.4173581800e+00    5.7606059855e+01   -1.5132293588e+01    7.7149354084e+00    2.7640132864e+00   -1.7896306875e+01    3.0000000000e+03    2.1671625200e-01    6.4064583333e-01
       427   -7.5387752982e+00    6.7532956532e+01   -1.4766684505e+01    7.2279092065e+00    2.6947264963e+00   -1.7461411001e+01    3.0000000000e+03    2.1605707700e-01    6.4433333333e-01
       428   -7.4318950966e+00    5.7043418317e+01   -1.4217447899e+01    6.7855528022e+00    2.6552550350e+00   -1.6872702934e+01    3.0000000000e+03    2.1947073100e-01    6.4351041667e-01
       429   -7.3914127352e+00    5.8609496773e+01   -1.6097324442e+01    8.7059117070e+00    2.8562569901e+00   -1.8953581432e+01    3.0000000000e+03    2.3558239400e-01    6.3606250000e-01
       430   -7.5081368631e+00    5.8460324629e+01   -1.4587732844e+01    7.0795959810e+00    2.7102054218e+00   -1.7297938266e+01    3.0000000000e+03    2.3179479500e-01    6.4223958333e-01
       431   -7.3127160973e+00    5.5545338787e+01   -1.4581400637e+01    7.2686845396e+00    2.7636270939e+00   -1.7345027731e+01    3.0000000000e+03    2.2178977600e-01    6.4101041667e-01
       432   -7.5459984061e+00    5.9624767950e+01   -1.5137430917e+01    7.5914325110e+00    2.7590576450e+00   -1.7896488562e+01    3.0000000000e+03    2.2610984500e-01    6.3993750000e-01
       433   -7.4169932006e+00    5.7468503914e+01   -1.4481918558e+01    7.0649253573e+00    2.7597861722e+00   -1.7241704730e+01    3.0000000000e+03    2.1763492300e-01    6.3994791667e-01
       434   -7.6044605675e+00    6.5205570715e+01   -1.5974954132e+01    8.3704935643e+00    2.7913603755e+00   -1.8766314507e+01    3.0000000000e+03    2.4593637100e-01    6.4128125000e-01
       435   -7.3170474923e+00    5.7236629692e+01   -1.5748518625e+01    8.4314711330e+00    2.8585925591e+00   -1.8607111184e+01    3.0000000000e+03    2.2252977300e-01    6.3340625000e-01
       436   -7.3650186720e+00    5.6281113203e+01   -1.4641434078e+01    7.2764154063e+00    2.7520950294e+00   -1.7393529108e+01    3.0000000000e+03    2.1970561400e-01    6.3734375000e-01
       437   -7.5034728136e+00    5.8226380665e+01   -1.3971765362e+01    6.4682925483e+00    2.6533025985e+00   -1.6625067960e+01    3.0000000000e+03    2.3021203500e-01    6.4580208333e-01
       438   -7.4685343938e+00    5.8528364041e+01   -1.5231333237e+01    7.7627988434e+00    2.7653668900e+00   -1.7996700127e+01    3.0000000000e+03    2.4055020100e-01    6.4172916667e-01
       439   -7.5324311279e+00    5.9169519652e+01   -1.5871185552e+01    8.3387544243e+00    2.7900544243e+00   -1.8661239976e+01    3.0000000000e+03    2.3496100700e-01    6.3619791667e-01
       440   -7.4301898403e+00    5.7865932360e+01   -1.5272036678e+01    7.8418468375e+00    2.7966002968e+00   -1.8068636975e+01    3.0000000000e+03    2.2857645400e-01    6.3854166667e-01
       441   -7.4331241488e+00    5.7581952175e+01   -1.4330095736e+01    6.8969715875e+00    2.7832276638e+00   -1.7113323400e+01    3.0000000000e+03    2.3343940400e-01    6.3959375000e-01
       442   -7.4160073090e+00    5.6821283308e+01   -1.4474725406e+01    7.0587180967e+00    2.7349864001e+00   -1.7209711806e+01    3.0000000000e+03    2.3284004900e-01    6.3863541667e-01
       443   -7.4376381916e+00    5.6799353287e+01   -1.4296324094e+01    6.8586859026e+00    2.7006358195e+00   -1.6996959914e+01    3.0000000000e+03    2.2474675000e-01    6.4111458333e-01
       444   -7.4539913548e+00    5.7524032554e+01   -1.4641853214e+01    7.1878618589e+00    2.7151056374e+00   -1.7356958851e+01    3.0000000000e+03    2.3256331300e-01    6.4010416667e-01
       445   -7.5572189731e+00    6.0085122049e+01   -1.5091370248e+01    7.5341512746e+00    2.7465938838e+00   -1.7837964132e+01    3.0000000000e+03    2.4934596400e-01    6.4162500000e-01
       446   -7.4219502785e+00    5.6791713766e+01   -1.4412749507e+01    6.9907992282e+00    2.7744047109e+00   -1.7187154218e+01    3.0000000000e+03    2.5051082800e-01    6.3812500000e-01
       447   -7.3345982830e+00    5.8595185862e+01   -1.6580536903e+01    9.2459386203e+00    2.7554533316e+00   -1.9335990235e+01    3.0000000000e+03    2.2542223900e-01    6.4008333333e-01
       448   -7.5348022639e+00    5.8361153072e+01   -1.4698842110e+01    7.1640398461e+00    2.6697710819e+00   -1.7368613192e+01    3.0000000000e+03    2.3959274200e-01    6.4059375000e-01
       449   -7.4944350860e+00    6.0345070057e+01   -1.5384031516e+01    7.8895964301e+00    2.7795020218e+00   -1.8163533538e+01    3.0000000000e+03    2.2183434700e-01    6.3511458333e-01
       450   -7.4104935892e+00    5.6767227951e+01   -1.4502406109e+01    7.0919125195e+00    2.8104259404e+00   -1.7312832049e+01    3.0000000000e+03    2.5999919600e-01    6.3859375000e-01
       451   -7.3986400898e+00    5.6932916913e+01   -1.4919309470e+01    7.5206693801e+00    2.7615638289e+00   -1.7680873299e+01    3.0000000000e+03    2.1853724100e-01    6.3952083333e-01
       452   -7.4042060097e+00    5.7011558935e+01   -1.4948143227e+01    7.5439372173e+00    2.7203419266e+00   -1.7668485154e+01    3.0000000000e+03    2.2091757200e-01    6.3985416667e-01
       453   -7.5128641778e+00    5.8423546948e+01   -1.4657272490e+01    7.1444083127e+00    2.7448301512e+00   -1.7402102642e+01    3.0000000000e+03    2.1579160300e-01    6.3863541667e-01
       454   -7.5682283701e+00    6.2678057925e+01   -1.5431296404e+01    7.8630680338e+00    2.7304789550e+00   -1.8161775359e+01    3.0000000000e+03    2.6643488100e-01    6.3846875000e-01
       455   -7.4311507183e+00    5.7549910227e+01   -1.4424477982e+01    6.9933272637e+00    2.7515032597e+00   -1.7175981242e+01    3.0000000000e+03    2.2142047400e-01    6.4080208333e-01
       456   -7.4430530835e+00    5.8063619311e+01   -1.5070028245e+01    7.6269751611e+00    2.7819698955e+00   -1.7851998140e+01    3.0000000000e+03    2.1706386800e-01    6.3972916667e-01
       457   -7.3007357728e+00    5.6798434210e+01   -1.6148741708e+01    8.8480059350e+00    2.7706480077e+00   -1.8919389716e+01    3.0000000000e+03    2.3111300100e-01    6.3715625000e-01
       458   -7.3696445884e+00    5.6907119565e+01   -1.4882889573e+01    7.5132449849e+00    2.7434080017e+00   -1.7626297575e+01    3.0000000000e+03    2.1460296500e-01    6.4137500000e-01
       459   -7.4273534247e+00    5.7271684127e+01   -1.4369323016e+01    6.9419695912e+00    2.7516074445e+00   -1.7120930460e+01    3.0000000000e+03    2.5986801100e-01    6.4146875000e-01
       460   -7.3499002274e+00    5.6706866814e+01   -1.4664269036e+01    7.3143688089e+00    2.8020603192e+00   -1.7466329356e+01    3.0000000000e+03    2.2130472300e-01    6.3797916667e-01
       461   -7.6080946640e+00    6.0468043325e+01   -1.5564805121e+01    7.9567104571e+00    2.7792414539e+00   -1.8344046575e+01    3.0000000000e+03    2.1629958500e-01    6.3792708333e-01
       462   -7.4828904930e+00    5.8441396101e+01   -1.5534024509e+01    8.0511340161e+00    2.7291322160e+00   -1.8263156725e+01    3.0000000000e+03    2.4531910000e-01    6.3989583333e-01
       463   -7.4071692082e+00    5.7308289727e+01   -1.4990273204e+01    7.5831039960e+00    2.7604621870e+00   -1.7750735391e+01    3.0000000000e+03    2.6583215800e-01    6.3980208333e-01
       464   -7.3616502752e+00    5.6068036083e+01   -1.4528609379e+01    7.1669591038e+00    2.8127346538e+00   -1.7341344033e+01    3.0000000000e+03    2.6236674200e-01    6.3817708333e-01
       465   -7.4307733779e+00    5.7165686950e+01   -1.4865589507e+01    7.4348161295e+00    2.7251638753e+00   -1.7590753383e+01    3.0000000000e+03    2.4806671400e-01    6.4273958333e-01
       466   -7.3617733381e+00    5.6282970008e+01   -1.4559861249e+01    7.1980879113e+00    2.8204768301e+00   -1.7380338080e+01    3.0000000000e+03    2.4855979400e-01    6.3694791667e-01
       467   -7.8129413635e+00    1.0135409136e+02   -1.5609960052e+01    7.7970186887e+00    2.7375505967e+00   -1.8347510649e+01    3.0000000000e+03    2.3993280900e-01    6.4232291667e-01
       468   -7.4548760499e+00    5.7521854330e+01   -1.5027448046e+01    7.5725719961e+00    2.7464015338e+00   -1.7773849580e+01    3.0000000000e+03    2.2447827800e-01    6.3854166667e-01
       469   -7.5065398606e+00    5.8166379180e+01   -1.5218925359e+01    7.7123854985e+00    2.7979206723e+00   -1.8016846031e+01    3.0000000000e+03    2.3260315900e-01    6.3367708333e-01
       470   -7.3242418785e+00    5.6171716836e+01   -1.4680926347e+01    7.3566844683e+00    2.7960892804e+00   -1.7477015627e+01    3.0000000000e+03    2.4122433500e-01    6.4158333333e-01
       471   -7.3962770332e+00    5.6244263999e+01   -1.4208524382e+01    6.8122473489e+00    2.7400998839e+00   -1.6948624266e+01    3.0000000000e+03    2.2412381100e-01    6.4002083333e-01
       472   -7.4393717442e+00    5.7262567254e+01   -1.4707161359e+01    7.2677896143e+00    2.8025638285e+00   -1.7509725187e+01    3.0000000000e+03    2.1986727300e-01    6.3642708333e-01
       473   -7.3448067223e+00    5.7194638016e+01   -1.4314820159e+01    6.9700134371e+00    2.7726553096e+00   -1.7087475469e+01    3.0000000000e+03    2.2927048300e-01    6.4443750000e-01
       474   -7.5084041944e+00    7.3634876624e+01   -1.4560656825e+01    7.0522526303e+00    2.7123414803e+00   -1.7272998305e+01    3.0000000000e+03    2.4633243200e-01    6.4079166667e-01
       475   -7.4871740398e+00    6.2723022180e+01   -1.4599785660e+01    7.1126116198e+00    2.6889903760e+00   -1.7288776036e+01    3.0000000000e+03    2.3003929600e-01    6.4188541667e-01
       476   -7.4026528403e+00    5.7040183015e+01   -1.4986019554e+01    7.5833667140e+00    2.7554958449e+00   -1.7741515399e+01    3.0000000000e+03    2.2098807500e-01    6.3957291667e-01
       477   -7.2606923441e+00    5.4902079068e+01   -1.5470121940e+01    8.2094295959e+00    2.8010749097e+00   -1.8271196850e+01    3.0000000000e+03    2.3991802300e-01    6.3933333333e-01
       478   -7.3858633513e+00    5.7727053460e+01   -1.5568147340e+01    8.1822839884e+00    2.7510344030e+00   -1.8319181743e+01    3.0000000000e+03    3.0953355200e-01    6.3986458333e-01
       479   -7.5922745448e+00    9.3610512907e+01   -1.5399260257e+01    7.8069857121e+00    2.7525577643e+00   -1.8151818021e+01    3.0000000000e+03    2.2620636300e-01    6.4182291667e-01
       480   -7.4499179793e+00    5.8128155195e+01   -1.4538312794e+01    7.0883948152e+00    2.7502118735e+00   -1.7288524668e+01    3.0000000000e+03    2.1729835500e-01    6.4022916667e-01
       481   -7.4563166364e+00    5.7730127137e+01   -1.4905196669e+01    7.4488800329e+00    2.7810535986e+00   -1.7686250268e+01    3.0000000000e+03    2.2718097700e-01    6.3663541667e-01
       482   -7.4814222655e+00    5.9092569948e+01   -1.5846682766e+01    8.3652605007e+00    2.8034399063e+00   -1.8650122672e+01    3.0000000000e+03    2.5209777100e-01    6.3513541667e-01
       483   -7.3800221551e+00    5.6137610859e+01   -1.4541805206e+01    7.1617830508e+00    2.8010721916e+00   -1.7342877397e+01    3.0000000000e+03    2.2315793900e-01    6.3954166667e-01
       484   -7.4263533067e+00    5.6807669985e+01   -1.4141178993e+01    6.7148256858e+00    2.7678303991e+00   -1.6909009392e+01    3.0000000000e+03    2.2137575700e-01    6.4220833333e-01
       485   -7.3934296777e+00    5.7529222126e+01   -1.5426533589e+01    8.0331039113e+00    2.8129121623e+00   -1.8239445751e+01    3.0000000000e+03    2.1266397900e-01    6.3798958333e-01
       486   -7.4998866103e+00    5.8000027238e+01   -1.4256234407e+01    6.7563477962e+00    2.6793588660e+00   -1.6935593273e+01    3.0000000000e+03    2.3863575000e-01    6.4084375000e-01
       487   -7.5185848411e+00    6.1445481845e+01   -1.4402548642e+01    6.8839638012e+00    2.7444535959e+00   -1.7147002238e+01    3.0000000000e+03    2.2602813000e-01    6.3876041667e-01
       488   -7.4773452357e+00    5.7991258003e+01   -1.4589591289e+01    7.1122460536e+00    2.7207837633e+00   -1.7310375053e+01    3.0000000000e+03    2.2706909100e-01    6.3912500000e-01
       489   -7.3154232055e+00    5.7732962139e+01   -1.5735878512e+01    8.4204553065e+00    2.8085310731e+00   -1.8544409585e+01    3.0000000000e+03    2.5720916900e-01    6.4071875000e-01
       490   -7.3925508771e+00    5.7474849400e+01   -1.5130046264e+01    7.7374953866e+00    2.7231161307e+00   -1.7853162394e+01    3.0000000000e+03    2.2809427900e-01    6.3801041667e-01
       491   -7.4815005633e+00    5.8620949826e+01   -1.5578407316e+01    8.0969067526e+00    2.7833152363e+00   -1.8361722552e+01    3.0000000000e+03    2.2921995000e-01    6.3517708333e-01
       492   -7.4728895950e+00    5.8793407269e+01   -1.5309484019e+01    7.8365944242e+00    2.6650552129e+00   -1.7974539232e+01    3.0000000000e+03    2.1988195000e-01    6.4132291667e-01
       493   -7.4265911660e+00    5.7751404128e+01   -1.4439571346e+01    7.0129801802e+00    2.7664190530e+00   -1.7205990399e+01    3.0000000000e+03    2.2637861000e-01    6.4010416667e-01
       494   -7.5174081396e+00    7.6929572318e+01   -1.5374830213e+01    7.8574220739e+00    2.8226808697e+00   -1.8197511083e+01    3.0000000000e+03    2.5041986400e-01    6.3833333333e-01
       495   -7.3670885892e+00    5.6912395623e+01   -1.4815489941e+01    7.4484013515e+00    2.7941413463e+00   -1.7609631287e+01    3.0000000000e+03    2.2560276400e-01    6.3850000000e-01
       496   -7.3796295593e+00    5.6089701362e+01   -1.4543366001e+01    7.1637364415e+00    2.8174282671e+00   -1.7360794268e+01    3.0000000000e+03    2.5490903500e-01    6.4028125000e-01
       497   -7.3237819934e+00    5.6138692892e+01   -1.4059523797e+01    6.7357418039e+00    2.6901841021e+00   -1.6749707899e+01    3.0000000000e+03    2.3845820500e-01    6.4317708333e-01
       498   -7.4289915476e+00    5.7535450996e+01   -1.4674328929e+01    7.2453373814e+00    2.7163130219e+00   -1.7390641951e+01    3.0000000000e+03    2.2717135300e-01    6.4343750000e-01
       499   -7.3446552725e+00    5.6428743714e+01   -1.4559720346e+01    7.2150650733e+00    2.7327617302e+00   -1.7292482076e+01    3.0000000000e+03    2.1657428000e-01    6.4245833333e-01
