#   index    LocalEnergy         LocalEnergy_sq      LocalPotential      Kinetic             ElecElec            IonElec             BlockWeight         BlockCPU            AcceptRatio         
         0   -7.4076696681e+00    5.6418703338e+01   -1.5261114563e+01    7.8534448947e+00    2.7303996960e+00   -1.7991514259e+01    3.0000000000e+03    2.9305333900e-01    6.4060416667e-01
         1   -7.4419814290e+00    5.6554997318e+01   -1.4360044613e+01    6.9180631843e+00    2.7232199492e+00   -1.7083264562e+01    3.0000000000e+03    2.9119521500e-01    6.3867708333e-01
         2   -7.3916126077e+00    5.6353579391e+01   -1.4448179744e+01    7.0565671368e+00    2.7985734251e+00   -1.7246753170e+01    3.0000000000e+03    2.7235756000e-01    6.4021875000e-01
         3   -7.4098056112e+00    5.6614375178e+01   -1.4476787835e+01    7.0669822242e+00    2.7291222177e+00   -1.7205910053e+01    3.0000000000e+03    2.7810212100e-01    6.4291666667e-01
         4   -7.4562692704e+00    5.6789651598e+01   -1.4768244293e+01    7.3119750228e+00    2.7396034070e+00   -1.7507847700e+01    3.0000000000e+03    2.7585963300e-01    6.3902083333e-01
         5   -7.4122274812e+00    5.6207870900e+01   -1.3955711629e+01    6.5434841474e+00    2.7112529567e+00   -1.6666964585e+01    3.0000000000e+03    2.6667422500e-01    6.4485416667e-01
         6   -7.4012244557e+00    5.6278051670e+01   -1.4788833352e+01    7.3876088961e+00    2.7123421920e+00   -1.7501175544e+01    3.0000000000e+03    3.0486875800e-01    6.4093750000e-01
         7   -7.4017646528e+00    5.6043895057e+01   -1.4160635310e+01    6.7588706569e+00    2.8101702707e+00   -1.6970805580e+01    3.0000000000e+03    2.8079713400e-01    6.3936458333e-01
         8   -7.3808302435e+00    5.6179843651e+01   -1.4787376070e+01    7.4065458263e+00    2.8248713096e+00   -1.7612247379e+01    3.0000000000e+03    2.7411161500e-01    6.3907291667e-01
         9   -7.4507412995e+00    5.6773331135e+01   -1.4681751895e+01    7.2310105957e+00    2.7067997269e+00   -1.7388551622e+01    3.0000000000e+03    2.9252540900e-01    6.4039583333e-01
        10   -7.4274863298e+00    5.6578638640e+01   -1.4242396978e+01    6.8149106479e+00    2.7379019528e+00   -1.6980298930e+01    3.0000000000e+03    2.6768353000e-01    6.4013541667e-01
        11   -7.3726829704e+00    5.6139564849e+01   -1.4152023656e+01    6.7793406855e+00    2.7630577725e+00   -1.6915081428e+01    3.0000000000e+03    2.6598946900e-01    6.3933333333e-01
        12   -7.4476607612e+00    5.6535275471e+01   -1.4342901861e+01    6.8952411002e+00    2.6863787602e+00   -1.7029280622e+01    3.0000000000e+03    2.6889656200e-01    6.3857291667e-01
        13   -7.4477576671e+00    5.6626755932e+01   -1.5958633446e+01    8.5108757791e+00    2.8058401511e+00   -1.8764473597e+01    3.0000000000e+03    2.7862863100e-01    6.3807291667e-01
        14   -7.4572971149e+00    5.6866331251e+01   -1.4724700929e+01    7.2674038144e+00    2.7096327197e+00   -1.7434333649e+01    3.0000000000e+03    2.8591230600e-01    6.4062500000e-01
        15   -7.3683620015e+00    5.7417873800e+01   -1.5461607073e+01    8.0932450711e+00    2.8092696473e+00   -1.8270876720e+01    3.0000000000e+03    2.8604669100e-01    6.3841666667e-01
        16   -7.3949434682e+00    5.6844568006e+01   -1.5536006584e+01    8.1410631154e+00    2.8436963295e+00   -1.8379702913e+01    3.0000000000e+03    2.6731432800e-01    6.3666666667e-01
        17   -7.4416458998e+00    5.6579467199e+01   -1.5475492172e+01    8.0338462722e+00    2.8247207502e+00   -1.8300212922e+01    3.0000000000e+03    2.9257950000e-01    6.3548958333e-01
        18   -7.4204588283e+00    5.6599417780e+01   -1.3637799006e+01    6.2173401777e+00    2.7333729804e+00   -1.6371171986e+01    3.0000000000e+03    3.1359179100e-01    6.4098958333e-01
        19   -7.3964156444e+00    5.7324406707e+01   -1.4651552247e+01    7.2551366027e+00    2.7691801182e+00   -1.7420732365e+01    3.0000000000e+03    3.0266471100e-01    6.4343750000e-01
        20   -7.4598937878e+00    5.7068220354e+01   -1.5239251416e+01    7.7793576283e+00    2.7743090656e+00   -1.8013560482e+01    3.0000000000e+03    2.8022698100e-01    6.3722916667e-01
        21   -7.4416749102e+00    5.6721460517e+01   -1.4295455236e+01    6.8537803254e+00    2.7493579195e+00   -1.7044813155e+01    3.0000000000e+03    3.2066908800e-01    6.4181250000e-01
        22   -7.4601196910e+00    5.7273341468e+01   -1.5058842920e+01    7.5987232290e+00    2.7239562437e+00   -1.7782799164e+01    3.0000000000e+03    2.6372317900e-01    6.3918750000e-01
        23   -7.4673950929e+00    5.7148004724e+01   -1.5554384146e+01    8.0869890528e+00    2.7464090726e+00   -1.8300793218e+01    3.0000000000e+03    2.8910470700e-01    6.4007291667e-01
        24   -7.3893718592e+00    5.6391769593e+01   -1.4748196402e+01    7.3588245433e+00    2.7776057662e+00   -1.7525802169e+01    3.0000000000e+03    2.6061869900e-01    6.3626041667e-01
        25   -7.4192577759e+00    5.6565998035e+01   -1.4576186266e+01    7.1569284896e+00    2.7536655758e+00   -1.7329851841e+01    3.0000000000e+03    2.8582332700e-01    6.3981250000e-01
        26   -7.3862074902e+00    5.6189712823e+01   -1.4427467287e+01    7.0412597966e+00    2.7389630744e+00   -1.7166430361e+01    3.0000000000e+03    2.7703059300e-01    6.4095833333e-01
        27   -7.4285183779e+00    5.6484078238e+01   -1.4203143149e+01    6.7746247712e+00    2.7396423446e+00   -1.6942785494e+01    3.0000000000e+03    3.0249841900e-01    6.4402083333e-01
        28   -7.4700425263e+00    5.6951579365e+01   -1.4556098221e+01    7.0860556946e+00    2.6907999406e+00   -1.7246898161e+01    3.0000000000e+03    2.9369300900e-01    6.4173958333e-01
        29   -7.3835536640e+00    5.6202372687e+01   -1.4393121115e+01    7.0095674514e+00    2.8063307709e+00   -1.7199451886e+01    3.0000000000e+03    2.9666129000e-01    6.3979166667e-01
        30   -7.4496812193e+00    5.7000510911e+01   -1.5276265273e+01    7.8265840536e+00    2.7652407182e+00   -1.8041505991e+01    3.0000000000e+03    2.8251151800e-01    6.3970833333e-01
        31   -7.4324830276e+00    5.6380490374e+01   -1.4428786296e+01    6.9963032682e+00    2.6994114241e+00   -1.7128197720e+01    3.0000000000e+03    3.3685026700e-01    6.4161458333e-01
        32   -7.4477617258e+00    5.6707306339e+01   -1.4807640667e+01    7.3598789407e+00    2.7117741207e+00   -1.7519414787e+01    3.0000000000e+03    2.9416230300e-01    6.4322916667e-01
        33   -7.4383989980e+00    5.7279464073e+01   -1.4739702564e+01    7.3013035663e+00    2.7375450563e+00   -1.7477247621e+01    3.0000000000e+03    2.8224346100e-01    6.3917708333e-01
        34   -7.4199995287e+00    5.6576328854e+01   -1.4735571359e+01    7.3155718307e+00    2.7519303928e+00   -1.7487501752e+01    3.0000000000e+03    2.8093776600e-01    6.4206250000e-01
        35   -7.4121838841e+00    5.6256632994e+01   -1.3854501566e+01    6.4423176819e+00    2.7346173334e+00   -1.6589118899e+01    3.0000000000e+03    3.1987068300e-01    6.4544791667e-01
        36   -7.4138134158e+00    5.6936591778e+01   -1.4276966516e+01    6.8631531002e+00    2.7586316549e+00   -1.7035598171e+01    3.0000000000e+03    2.8583447800e-01    6.4120833333e-01
        37   -7.4453962570e+00    5.6703774722e+01   -1.5341684473e+01    7.8962882155e+00    2.7709901803e+00   -1.8112674653e+01    3.0000000000e+03    2.9630048300e-01    6.4010416667e-01
        38   -7.4221633816e+00    5.6430428055e+01   -1.4315135896e+01    6.8929725144e+00    2.7492499763e+00   -1.7064385872e+01    3.0000000000e+03    3.0421595000e-01    6.3703125000e-01
        39   -7.4459116338e+00    5.6708829543e+01   -1.5118663135e+01    7.6727515011e+00    2.7483179935e+00   -1.7866981128e+01    3.0000000000e+03    2.8119888500e-01    6.4073958333e-01
        40   -7.3703095778e+00    5.5585606603e+01   -1.4328934937e+01    6.9586253594e+00    2.7621374215e+00   -1.7091072359e+01    3.0000000000e+03    3.1661792700e-01    6.4230208333e-01
        41   -7.4295138519e+00    5.6413179369e+01   -1.4389053202e+01    6.9595393502e+00    2.7541106343e+00   -1.7143163836e+01    3.0000000000e+03    3.4172981200e-01    6.3966666667e-01
        42   -7.4450017759e+00    5.6829694390e+01   -1.5054805480e+01    7.6098037037e+00    2.7181906619e+00   -1.7772996141e+01    3.0000000000e+03    2.7521252700e-01    6.4142708333e-01
        43   -7.4425790053e+00    5.6501889697e+01   -1.4683404724e+01    7.2408257185e+00    2.7353712193e+00   -1.7418775943e+01    3.0000000000e+03    3.1471721000e-01    6.3734375000e-01
        44   -7.4312321559e+00    5.6391478043e+01   -1.6116082065e+01    8.6848499095e+00    2.7427585432e+00   -1.8858840609e+01    3.0000000000e+03    3.0535823100e-01    6.3791666667e-01
        45   -7.4298318875e+00    5.7103621826e+01   -1.4311581017e+01    6.8817491298e+00    2.7413036277e+00   -1.7052884645e+01    3.0000000000e+03    3.0470628300e-01    6.3907291667e-01
        46   -7.4118812095e+00    5.6743010664e+01   -1.4031913165e+01    6.6200319556e+00    2.7575170976e+00   -1.6789430263e+01    3.0000000000e+03    2.8416597800e-01    6.4315625000e-01
        47   -7.4149980794e+00    5.6229405197e+01   -1.3991959190e+01    6.5769611110e+00    2.7496115884e+00   -1.6741570779e+01    3.0000000000e+03    2.8580455100e-01    6.4321875000e-01
        48   -7.4412368426e+00    5.7078712460e+01   -1.4602614748e+01    7.1613779058e+00    2.7613370637e+00   -1.7363951812e+01    3.0000000000e+03    2.6215936300e-01    6.3806250000e-01
        49   -7.4142483780e+00    5.6593044879e+01   -1.4781342496e+01    7.3670941182e+00    2.7885633107e+00   -1.7569905807e+01    3.0000000000e+03    3.1552212000e-01    6.3765625000e-01
        50   -7.3862434347e+00    5.5717569122e+01   -1.4348286266e+01    6.9620428313e+00    2.7061772024e+00   -1.7054463468e+01    3.0000000000e+03    2.9743491500e-01    6.4477083333e-01
        51   -7.4118140268e+00    5.6306124910e+01   -1.5164982897e+01    7.7531688702e+00    2.7730168470e+00   -1.7937999744e+01    3.0000000000e+03    2.6965242200e-01    6.3812500000e-01
        52   -7.3864514681e+00    5.6407859980e+01   -1.3726163272e+01    6.3397118037e+00    2.7708146312e+00   -1.6496977903e+01    3.0000000000e+03    2.7406520500e-01    6.4122916667e-01
        53   -7.4156914332e+00    5.6515286896e+01   -1.4859317642e+01    7.4436262090e+00    2.7863814838e+00   -1.7645699126e+01    3.0000000000e+03    2.7860277600e-01    6.3723958333e-01
        54   -7.4205394077e+00    5.6628667217e+01   -1.4579367078e+01    7.1588276703e+00    2.7385242009e+00   -1.7317891279e+01    3.0000000000e+03    2.6910255500e-01    6.4148958333e-01
        55   -7.4484874161e+00    5.6683825364e+01   -1.4512072319e+01    7.0635849029e+00    2.7616174643e+00   -1.7273689783e+01    3.0000000000e+03    2.8716009900e-01    6.3993750000e-01
        56   -7.4362102135e+00    5.6664633218e+01   -1.4878128245e+01    7.4419180314e+00    2.7728591002e+00   -1.7650987345e+01    3.0000000000e+03    3.0967624300e-01    6.3897916667e-01
        57   -7.4804955738e+00    5.6849726734e+01   -1.4119473166e+01    6.6389775918e+00    2.6874421305e+00   -1.6806915296e+01    3.0000000000e+03    3.0665005700e-01    6.4045833333e-01
        58   -7.3874933270e+00    5.7002795045e+01   -1.5001377298e+01    7.6138839707e+00    2.7896549743e+00   -1.7791032272e+01    3.0000000000e+03    2.8678976700e-01    6.3950000000e-01
        59   -7.3162915638e+00    5.7177118013e+01   -1.4768598597e+01    7.4523070328e+00    2.8697005162e+00   -1.7638299113e+01    3.0000000000e+03    2.7332846200e-01    6.3777083333e-01
        60   -7.4242011774e+00    5.6383086623e+01   -1.4578825647e+01    7.1546244699e+00    2.7352795520e+00   -1.7314105199e+01    3.0000000000e+03    3.1793760900e-01    6.4165625000e-01
        61   -7.3635048299e+00    5.6051502057e+01   -1.5944237145e+01    8.5807323151e+00    2.8185237116e+00   -1.8762760857e+01    3.0000000000e+03    2.9359349300e-01    6.3634375000e-01
        62   -7.3746000554e+00    5.6569595096e+01   -1.5299107211e+01    7.9245071559e+00    2.8385040504e+00   -1.8137611262e+01    3.0000000000e+03    2.6476758400e-01    6.3794791667e-01
        63   -7.4492609509e+00    5.6721881480e+01   -1.4730997651e+01    7.2817366998e+00    2.7527667639e+00   -1.7483764415e+01    3.0000000000e+03    2.9857253800e-01    6.3806250000e-01
        64   -7.4552535023e+00    5.6940210452e+01   -1.4564809717e+01    7.1095562144e+00    2.7193255288e+00   -1.7284135245e+01    3.0000000000e+03    2.8637273000e-01    6.4086458333e-01
        65   -7.4419680797e+00    5.7050792981e+01   -1.4633817884e+01    7.1918498043e+00    2.7220923283e+00   -1.7355910212e+01    3.0000000000e+03    2.9199442800e-01    6.3819791667e-01
        66   -7.3937505332e+00    5.6048713662e+01   -1.4361615304e+01    6.9678647710e+00    2.7648576769e+00   -1.7126472981e+01    3.0000000000e+03    2.7594375400e-01    6.3832291667e-01
        67   -7.4198726820e+00    5.6303366032e+01   -1.5214393073e+01    7.7945203910e+00    2.7683821294e+00   -1.7982775202e+01    3.0000000000e+03    2.9309418300e-01    6.3972916667e-01
        68   -7.4328753665e+00    5.6816361129e+01   -1.4601896179e+01    7.1690208127e+00    2.7812877523e+00   -1.7383183932e+01    3.0000000000e+03    3.3926207600e-01    6.3728125000e-01
        69   -7.4580283371e+00    5.6651380695e+01   -1.4438204835e+01    6.9801764978e+00    2.6907925230e+00   -1.7128997358e+01    3.0000000000e+03    3.0821597700e-01    6.4447916667e-01
        70   -7.3586405569e+00    5.5887364526e+01   -1.4650715582e+01    7.2920750252e+00    2.8104937126e+00   -1.7461209295e+01    3.0000000000e+03    2.7924980700e-01    6.3873958333e-01
        71   -7.4475440937e+00    5.6486181082e+01   -1.5161237022e+01    7.7136929282e+00    2.7746190053e+00   -1.7935856027e+01    3.0000000000e+03    2.9499470400e-01    6.3712500000e-01
        72   -7.4049544778e+00    5.6233870274e+01   -1.4488991402e+01    7.0840369244e+00    2.7690071215e+00   -1.7257998524e+01    3.0000000000e+03    2.8095486400e-01    6.3982291667e-01
        73   -7.4419337117e+00    5.6559057330e+01   -1.4218546340e+01    6.7766126288e+00    2.7689669724e+00   -1.6987513313e+01    3.0000000000e+03    2.7577271900e-01    6.3944791667e-01
        74   -7.3464882072e+00    5.5904199198e+01   -1.4844158773e+01    7.4976705661e+00    2.7946149791e+00   -1.7638773752e+01    3.0000000000e+03    2.6699281500e-01    6.3918750000e-01
        75   -7.4113729136e+00    5.6700147298e+01   -1.4892265147e+01    7.4808922334e+00    2.8136682821e+00   -1.7705933429e+01    3.0000000000e+03    2.8549363000e-01    6.3700000000e-01
        76   -7.4626685446e+00    5.6830812380e+01   -1.5557353734e+01    8.0946851889e+00    2.7891255644e+00   -1.8346479298e+01    3.0000000000e+03    2.7659340600e-01    6.3452083333e-01
        77   -7.3718732953e+00    5.6637479881e+01   -1.4146238259e+01    6.7743649632e+00    2.7743085757e+00   -1.6920546834e+01    3.0000000000e+03    2.8116645300e-01    6.3920833333e-01
        78   -7.4505360131e+00    5.6536450655e+01   -1.4465242678e+01    7.0147066650e+00    2.7280175824e+00   -1.7193260260e+01    3.0000000000e+03    2.9654676500e-01    6.3730208333e-01
        79   -7.4016649506e+00    5.6410928891e+01   -1.4995372510e+01    7.5937075593e+00    2.7688476347e+00   -1.7764220145e+01    3.0000000000e+03    3.4246464600e-01    6.3936458333e-01
        80   -7.4488823847e+00    5.6743243706e+01   -1.5712298779e+01    8.2634163946e+00    2.7792233950e+00   -1.8491522174e+01    3.0000000000e+03    2.7851090100e-01    6.3642708333e-01
        81   -7.4634256022e+00    5.6867565088e+01   -1.4547329396e+01    7.0839037939e+00    2.7172716113e+00   -1.7264601007e+01    3.0000000000e+03    2.6804977600e-01    6.3814583333e-01
        82   -7.4298820808e+00    5.6509811291e+01   -1.5989856059e+01    8.5599739783e+00    2.7136960853e+00   -1.8703552144e+01    3.0000000000e+03    3.0730291400e-01    6.4094791667e-01
        83   -7.4792986003e+00    5.6855044686e+01   -1.4500484952e+01    7.0211863520e+00    2.7152120632e+00   -1.7215697015e+01    3.0000000000e+03    2.8740936800e-01    6.3808333333e-01
        84   -7.3877351049e+00    5.6330889001e+01   -1.4650962115e+01    7.2632270103e+00    2.7513006234e+00   -1.7402262739e+01    3.0000000000e+03    3.0131881200e-01    6.3859375000e-01
        85   -7.4182308955e+00    5.6566947826e+01   -1.5230840767e+01    7.8126098714e+00    2.7823582818e+00   -1.8013199049e+01    3.0000000000e+03    2.8567981000e-01    6.3675000000e-01
        86   -7.4069563595e+00    5.5988155281e+01   -1.3880357394e+01    6.4734010345e+00    2.7188386241e+00   -1.6599196018e+01    3.0000000000e+03    2.8075251700e-01    6.4143750000e-01
        87   -7.3588382598e+00    5.5940803758e+01   -1.4680899336e+01    7.3220610763e+00    2.8177608728e+00   -1.7498660209e+01    3.0000000000e+03    2.6459179900e-01    6.3865625000e-01
        88   -7.4371279716e+00    5.6935848760e+01   -1.4852959683e+01    7.4158317110e+00    2.7813924343e+00   -1.7634352117e+01    3.0000000000e+03    3.0224217000e-01    6.3891666667e-01
        89   -7.4427411422e+00    5.6407405771e+01   -1.5424118155e+01    7.9813770124e+00    2.8022905241e+00   -1.8226408679e+01    3.0000000000e+03    2.9504677700e-01    6.3917708333e-01
        90   -7.4064610262e+00    5.6469205488e+01   -1.5666433555e+01    8.2599725288e+00    2.8381663400e+00   -1.8504599895e+01    3.0000000000e+03    2.9416136000e-01    6.3652083333e-01
        91   -7.4219702852e+00    5.6122658545e+01   -1.4810133010e+01    7.3881627246e+00    2.7152798043e+00   -1.7525412814e+01    3.0000000000e+03    2.7932849900e-01    6.4214583333e-01
        92   -7.4414173828e+00    5.6796468897e+01   -1.4780894075e+01    7.3394766923e+00    2.7255927949e+00   -1.7506486870e+01    3.0000000000e+03    2.9578349200e-01    6.4000000000e-01
        93   -7.4532145347e+00    5.7292312585e+01   -1.5160174410e+01    7.7069598758e+00    2.7590149023e+00   -1.7919189313e+01    3.0000000000e+03    2.9573652400e-01    6.3797916667e-01
        94   -7.3945183038e+00    5.6153910385e+01   -1.4429494385e+01    7.0349760814e+00    2.7778516252e+00   -1.7207346010e+01    3.0000000000e+03    2.7587607000e-01    6.3923958333e-01
        95   -7.4094734273e+00    5.6636411018e+01   -1.4492744331e+01    7.0832709037e+00    2.7278208510e+00   -1.7220565182e+01    3.0000000000e+03    2.6643446500e-01    6.3987500000e-01
        96   -7.4201041485e+00    5.6343272686e+01   -1.4331395406e+01    6.9112912572e+00    2.7499615833e+00   -1.7081356989e+01    3.0000000000e+03    2.8525264500e-01    6.4004166667e-01
        97   -7.3425649130e+00    5.6560635453e+01   -1.4048517738e+01    6.7059528245e+00    2.8592802968e+00   -1.6907798034e+01    3.0000000000e+03    2.6726661500e-01    6.3738541667e-01
        98   -7.4303918018e+00    5.6684374593e+01   -1.4544710563e+01    7.1143187612e+00    2.7504816835e+00   -1.7295192247e+01    3.0000000000e+03    2.7684420800e-01    6.4233333333e-01
        99   -7.4561784989e+00    5.6679800827e+01   -1.4350752266e+01    6.8945737667e+00    2.7233033805e+00   -1.7074055646e+01    3.0000000000e+03    2.7160638500e-01    6.3827083333e-01
       100   -7.4392126108e+00    5.6658742696e+01   -1.4786701457e+01    7.3474888462e+00    2.7186555360e+00   -1.7505356993e+01    3.0000000000e+03    2.7620692500e-01    6.4126041667e-01
       101   -7.3999234296e+00    5.6165243460e+01   -1.4471070376e+01    7.0711469465e+00    2.7863750931e+00   -1.7257445469e+01    3.0000000000e+03    2.7918601400e-01    6.3969791667e-01
       102   -7.4008193448e+00    5.6372324613e+01   -1.5782485927e+01    8.3816665818e+00    2.7962288961e+00   -1.8578714823e+01    3.0000000000e+03    2.8648294800e-01    6.3885416667e-01
       103   -7.3922003047e+00    5.6871832619e+01   -1.4288499127e+01    6.8962988221e+00    2.7662515564e+00   -1.7054750683e+01    3.0000000000e+03    2.8801415200e-01    6.4066666667e-01
       104   -7.4370078557e+00    5.6466237394e+01   -1.4477003597e+01    7.0399957412e+00    2.7219740614e+00   -1.7198977658e+01    3.0000000000e+03    2.6359330600e-01    6.3635416667e-01
       105   -7.4110724886e+00    5.6831685076e+01   -1.5495582546e+01    8.0845100570e+00    2.8124576733e+00   -1.8308040219e+01    3.0000000000e+03    2.7431712600e-01    6.3561458333e-01
       106   -7.4477637460e+00    5.6601727319e+01   -1.5022013945e+01    7.5742501992e+00    2.7264282734e+00   -1.7748442219e+01    3.0000000000e+03    2.8654016100e-01    6.4128125000e-01
       107   -7.4390289813e+00    5.6595978912e+01   -1.4594599982e+01    7.1555710004e+00    2.7802191628e+00   -1.7374819145e+01    3.0000000000e+03    2.7990076400e-01    6.3680208333e-01
       108   -7.3287919889e+00    5.8718089737e+01   -1.5208948182e+01    7.8801561926e+00    2.8649172244e+00   -1.8073865406e+01    3.0000000000e+03    2.8965076500e-01    6.3917708333e-01
       109   -7.4254673932e+00    5.6739595814e+01   -1.5503677612e+01    8.0782102190e+00    2.7850965125e+00   -1.8288774125e+01    3.0000000000e+03    2.9066131300e-01    6.3768750000e-01
       110   -7.4243806398e+00    5.6403307297e+01   -1.3918271304e+01    6.4938906640e+00    2.7086758799e+00   -1.6626947184e+01    3.0000000000e+03    2.9661541700e-01    6.4180208333e-01
       111   -7.4514444851e+00    5.6867235094e+01   -1.5768179828e+01    8.3167353428e+00    2.7927327778e+00   -1.8560912606e+01    3.0000000000e+03    2.9517534800e-01    6.3506250000e-01
       112   -7.4074356057e+00    5.6159621588e+01   -1.3941861841e+01    6.5344262353e+00    2.7352686436e+00   -1.6677130485e+01    3.0000000000e+03    2.9867742600e-01    6.4292708333e-01
       113   -7.3875159691e+00    5.5905754556e+01   -1.4897983537e+01    7.5104675682e+00    2.8214214951e+00   -1.7719405032e+01    3.0000000000e+03    2.8731864300e-01    6.4105208333e-01
       114   -7.4985716978e+00    5.7086661892e+01   -1.5023036826e+01    7.5244651279e+00    2.6784519292e+00   -1.7701488755e+01    3.0000000000e+03    2.6175282900e-01    6.4233333333e-01
       115   -7.4260288440e+00    5.6451682589e+01   -1.5112286184e+01    7.6862573401e+00    2.7928441287e+00   -1.7905130313e+01    3.0000000000e+03    2.8936365100e-01    6.3622916667e-01
       116   -7.3907105059e+00    5.6611888251e+01   -1.4069127147e+01    6.6784166413e+00    2.7705617141e+00   -1.6839688861e+01    3.0000000000e+03    2.6945529700e-01    6.4053125000e-01
       117   -7.4243361223e+00    5.6535098562e+01   -1.4757871912e+01    7.3335357894e+00    2.7490008847e+00   -1.7506872796e+01    3.0000000000e+03    2.7093199900e-01    6.4022916667e-01
       118   -7.4345850850e+00    5.6700855226e+01   -1.4734167269e+01    7.2995821845e+00    2.7757856152e+00   -1.7509952885e+01    3.0000000000e+03    2.7671555900e-01    6.3796875000e-01
       119   -7.3515553589e+00    5.6763906328e+01   -1.4502638388e+01    7.1510830294e+00    2.7950836116e+00   -1.7297722000e+01    3.0000000000e+03    3.1768101600e-01    6.4326041667e-01
       120   -7.4202821825e+00    5.6822340896e+01   -1.4868087548e+01    7.4478053656e+00    2.7826940197e+00   -1.7650781568e+01    3.0000000000e+03    3.1092306800e-01    6.4085416667e-01
       121   -7.3982514952e+00    5.7510158665e+01   -1.6305479453e+01    8.9072279582e+00    2.7996771406e+00   -1.9105156594e+01    3.0000000000e+03    2.9382300200e-01    6.3647916667e-01
       122   -7.4290819328e+00    5.6506301548e+01   -1.4184572965e+01    6.7554910326e+00    2.7111316822e+00   -1.6895704648e+01    3.0000000000e+03    3.5168680900e-01    6.4075000000e-01
       123   -7.4426669394e+00    5.6819109534e+01   -1.5220368382e+01    7.7777014425e+00    2.7996416187e+00   -1.8020010001e+01    3.0000000000e+03    2.9821060700e-01    6.3368750000e-01
       124   -7.4163648185e+00    5.6529136135e+01   -1.4386285718e+01    6.9699208995e+00    2.7885072739e+00   -1.7174792992e+01    3.0000000000e+03    2.9487239000e-01    6.3927083333e-01
       125   -7.4229983702e+00    5.6624050174e+01   -1.3996115445e+01    6.5731170746e+00    2.7167123276e+00   -1.6712827772e+01    3.0000000000e+03    2.7657309400e-01    6.4303125000e-01
       126   -7.3792096166e+00    5.6380894538e+01   -1.5048204195e+01    7.6689945788e+00    2.8219623374e+00   -1.7870166533e+01    3.0000000000e+03    2.9262175800e-01    6.3701041667e-01
       127   -7.4459712552e+00    5.6573156749e+01   -1.5578132470e+01    8.1321612146e+00    2.7126193432e+00   -1.8290751813e+01    3.0000000000e+03    2.7432442700e-01    6.3794791667e-01
       128   -7.4182080846e+00    5.7308970996e+01   -1.5803666188e+01    8.3854581037e+00    2.8070949530e+00   -1.8610761141e+01    3.0000000000e+03    2.7762166900e-01    6.3908333333e-01
       129   -7.4514416666e+00    5.7007538577e+01   -1.5195807069e+01    7.7443654021e+00    2.7744795739e+00   -1.7970286642e+01    3.0000000000e+03    3.1358552900e-01    6.4135416667e-01
       130   -7.4427460703e+00    5.6736823670e+01   -1.5876084956e+01    8.4333388855e+00    2.7320649867e+00   -1.8608149942e+01    3.0000000000e+03    3.2851010600e-01    6.4063541667e-01
       131   -7.4506789383e+00    5.6772005066e+01   -1.4121719868e+01    6.6710409298e+00    2.7066162887e+00   -1.6828336157e+01    3.0000000000e+03    3.0280297100e-01    6.4228125000e-01
       132   -7.4213844091e+00    5.6278796940e+01   -1.3804590688e+01    6.3832062793e+00    2.7146474844e+00   -1.6519238173e+01    3.0000000000e+03    2.7468860200e-01    6.4126041667e-01
       133   -7.4699316910e+00    5.6981313636e+01   -1.4850806722e+01    7.3808750306e+00    2.7421576435e+00   -1.7592964365e+01    3.0000000000e+03    2.6750381100e-01    6.3901041667e-01
       134   -7.3988025405e+00    5.6226833607e+01   -1.4303751760e+01    6.9049492195e+00    2.7577732799e+00   -1.7061525040e+01    3.0000000000e+03    2.9614416200e-01    6.4322916667e-01
       135   -7.4562710450e+00    5.6809031628e+01   -1.4293306975e+01    6.8370359297e+00    2.6990200077e+00   -1.6992326982e+01    3.0000000000e+03    2.8033315200e-01    6.4204166667e-01
       136   -7.4206142601e+00    5.6351272732e+01   -1.4260212934e+01    6.8395986744e+00    2.7689408861e+00   -1.7029153821e+01    3.0000000000e+03    2.7354881600e-01    6.3905208333e-01
       137   -7.4291961556e+00    5.6404396068e+01   -1.4546507821e+01    7.1173116655e+00    2.7219084825e+00   -1.7268416304e+01    3.0000000000e+03    2.6628412200e-01    6.4177083333e-01
       138   -7.3709874619e+00    5.6159474257e+01   -1.4378432808e+01    7.0074453460e+00    2.8523660757e+00   -1.7230798884e+01    3.0000000000e+03    2.7127265500e-01    6.3489583333e-01
       139   -7.4696746068e+00    5.7082971594e+01   -1.4759765674e+01    7.2900910667e+00    2.7373410773e+00   -1.7497106751e+01    3.0000000000e+03    2.9737428700e-01    6.4219791667e-01
       140   -7.4508852837e+00    5.6915693536e+01   -1.4713366183e+01    7.2624808998e+00    2.7285554866e+00   -1.7441921670e+01    3.0000000000e+03    2.7403476000e-01    6.3976041667e-01
       141   -7.4652658630e+00    5.7023632088e+01   -1.4709435487e+01    7.2441696240e+00    2.7579681413e+00   -1.7467403628e+01    3.0000000000e+03    2.8453456800e-01    6.3612500000e-01
       142   -7.4877037101e+00    5.7131785763e+01   -1.4298400133e+01    6.8106964232e+00    2.7021647767e+00   -1.7000564910e+01    3.0000000000e+03    2.8272968500e-01    6.4026041667e-01
       143   -7.3762090948e+00    5.6556584240e+01   -1.4869272651e+01    7.4930635562e+00    2.8197464689e+00   -1.7689019120e+01    3.0000000000e+03    2.9316736300e-01    6.3788541667e-01
       144   -7.4277926932e+00    5.6669301677e+01   -1.6108329705e+01    8.6805370113e+00    2.8214534920e+00   -1.8929783197e+01    3.0000000000e+03    2.5716986500e-01    6.3568750000e-01
       145   -7.4537755417e+00    5.6699345155e+01   -1.5880827644e+01    8.4270521018e+00    2.7389752756e+00   -1.8619802919e+01    3.0000000000e+03    2.7549732400e-01    6.4041666667e-01
       146   -7.4144954059e+00    5.6530066271e+01   -1.4971376399e+01    7.5568809931e+00    2.7802295417e+00   -1.7751605941e+01    3.0000000000e+03    2.6859273300e-01    6.3763541667e-01
       147   -7.4210934839e+00    5.6859292587e+01   -1.5074872699e+01    7.6537792152e+00    2.7890539652e+00   -1.7863926664e+01    3.0000000000e+03    2.8123227800e-01    6.3838541667e-01
       148   -7.3626552462e+00    5.7091006132e+01   -1.5244424907e+01    7.8817696611e+00    2.8768008727e+00   -1.8121225780e+01    3.0000000000e+03    2.6733198800e-01    6.3692708333e-01
       149   -7.4291840317e+00    5.7181875630e+01   -1.4773716119e+01    7.3445320871e+00    2.7539895531e+00   -1.7527705672e+01    3.0000000000e+03    2.8497121800e-01    6.4077083333e-01
       150   -7.5007194768e+00    5.7272987151e+01   -1.5084407106e+01    7.5836876292e+00    2.6787025868e+00   -1.7763109693e+01    3.0000000000e+03    2.6794112000e-01    6.4202083333e-01
       151   -7.4444382836e+00    5.6953181525e+01   -1.4085731854e+01    6.6412935701e+00    2.6873647522e+00   -1.6773096606e+01    3.0000000000e+03    2.6589032800e-01    6.4292708333e-01
       152   -7.4218335647e+00    5.6697389864e+01   -1.4607435733e+01    7.1856021682e+00    2.7677865103e+00   -1.7375222243e+01    3.0000000000e+03    2.5774988500e-01    6.4046875000e-01
       153   -7.4313917537e+00    5.6616005176e+01   -1.4197755284e+01    6.7663635302e+00    2.7552055018e+00   -1.6952960786e+01    3.0000000000e+03    2.7793559800e-01    6.4078125000e-01
       154   -7.4286508992e+00    5.6754120341e+01   -1.5207601062e+01    7.7789501629e+00    2.7405242076e+00   -1.7948125270e+01    3.0000000000e+03    3.0597265300e-01    6.4130208333e-01
       155   -7.4131187934e+00    5.6424873213e+01   -1.4606982068e+01    7.1938632742e+00    2.7547440492e+00   -1.7361726117e+01    3.0000000000e+03    2.9010495100e-01    6.3980208333e-01
       156   -7.4558099986e+00    5.6861257013e+01   -1.4568634384e+01    7.1128243851e+00    2.7504210733e+00   -1.7319055457e+01    3.0000000000e+03    3.1269113300e-01    6.3783333333e-01
       157   -7.3902541637e+00    5.5905582497e+01   -1.4643551379e+01    7.2532972152e+00    2.8081628749e+00   -1.7451714254e+01    3.0000000000e+03    2.8210234200e-01    6.3889583333e-01
       158   -7.4084610587e+00    5.6440355336e+01   -1.4590384796e+01    7.1819237375e+00    2.8205717853e+00   -1.7410956581e+01    3.0000000000e+03    2.9064985300e-01    6.3725000000e-01
       159   -7.3916125548e+00    5.6519735616e+01   -1.4803564698e+01    7.4119521428e+00    2.7562283621e+00   -1.7559793060e+01    3.0000000000e+03    2.7781201800e-01    6.4187500000e-01
       160   -7.4216469604e+00    5.6661604740e+01   -1.4749322104e+01    7.3276751436e+00    2.7781954358e+00   -1.7527517540e+01    3.0000000000e+03    2.8729328600e-01    6.3875000000e-01
       161   -7.4429044701e+00    5.6664137929e+01   -1.4071219185e+01    6.6283147149e+00    2.7206059785e+00   -1.6791825163e+01    3.0000000000e+03    2.8371454400e-01    6.3902083333e-01
       162   -7.4529164629e+00    5.8017536861e+01   -1.4638595463e+01    7.1856789997e+00    2.7192535556e+00   -1.7357849018e+01    3.0000000000e+03    2.9346120900e-01    6.3923958333e-01
       163   -7.4082591744e+00    5.8694590992e+01   -1.5047089551e+01    7.6388303769e+00    2.7742018657e+00   -1.7821291417e+01    3.0000000000e+03    3.2397391200e-01    6.4191666667e-01
       164   -7.4383222016e+00    5.6690267258e+01   -1.4848332033e+01    7.4100098318e+00    2.7937187743e+00   -1.7642050808e+01    3.0000000000e+03    2.6860895100e-01    6.3852083333e-01
       165   -7.4369018108e+00    5.6677983635e+01   -1.4819092021e+01    7.3821902101e+00    2.7494621001e+00   -1.7568554121e+01    3.0000000000e+03    2.7218898000e-01    6.3746875000e-01
       166   -7.4446333283e+00    5.6490349014e+01   -1.4650089891e+01    7.2054565627e+00    2.7334763177e+00   -1.7383566209e+01    3.0000000000e+03    2.6549832100e-01    6.4092708333e-01
       167   -7.4323142183e+00    5.7173613988e+01   -1.5614064504e+01    8.1817502854e+00    2.7530933851e+00   -1.8367157889e+01    3.0000000000e+03    2.7789125400e-01    6.4048958333e-01
       168   -7.4425936553e+00    5.6580925916e+01   -1.4016006303e+01    6.5734126482e+00    2.7707420518e+00   -1.6786748355e+01    3.0000000000e+03    2.9294632200e-01    6.4094791667e-01
       169   -7.3822911929e+00    5.6515613706e+01   -1.4806343311e+01    7.4240521179e+00    2.8298006689e+00   -1.7636143980e+01    3.0000000000e+03    2.8301904200e-01    6.4016666667e-01
       170   -7.3918742839e+00    5.6455753231e+01   -1.6519888870e+01    9.1280145864e+00    2.8310690793e+00   -1.9350957950e+01    3.0000000000e+03    2.6378430600e-01    6.3903125000e-01
       171   -7.4204480538e+00    5.6644296451e+01   -1.4786149717e+01    7.3657016631e+00    2.7349232363e+00   -1.7521072953e+01    3.0000000000e+03    2.6237137400e-01    6.4158333333e-01
       172   -7.4402988945e+00    5.6637142340e+01   -1.5401530966e+01    7.9612320713e+00    2.7157962570e+00   -1.8117327223e+01    3.0000000000e+03    2.5683613000e-01    6.3713541667e-01
       173   -7.3973971369e+00    5.6567625040e+01   -1.3992847579e+01    6.5954504420e+00    2.7137809984e+00   -1.6706628577e+01    3.0000000000e+03    2.7897148400e-01    6.4205208333e-01
       174   -7.4369104508e+00    5.6618762641e+01   -1.4063017260e+01    6.6261068090e+00    2.6969862547e+00   -1.6760003515e+01    3.0000000000e+03    2.7937723900e-01    6.4290625000e-01
       175   -7.4712070224e+00    5.7047369379e+01   -1.4575437626e+01    7.1042306032e+00    2.7732687820e+00   -1.7348706408e+01    3.0000000000e+03    2.6409588700e-01    6.3989583333e-01
       176   -7.4224967498e+00    5.6502669260e+01   -1.6552250981e+01    9.1297542313e+00    2.8079957256e+00   -1.9360246707e+01    3.0000000000e+03    2.7593056300e-01    6.3959375000e-01
       177   -7.4319147811e+00    5.6984972949e+01   -1.5836105705e+01    8.4041909237e+00    2.7659812166e+00   -1.8602086921e+01    3.0000000000e+03    2.7155599300e-01    6.4006250000e-01
       178   -7.4247991531e+00    5.6575347867e+01   -1.4838230775e+01    7.4134316221e+00    2.7812634042e+00   -1.7619494179e+01    3.0000000000e+03    2.6893080900e-01    6.3848958333e-01
       179   -7.4295751065e+00    5.6579580547e+01   -1.4518294921e+01    7.0887198147e+00    2.6947162128e+00   -1.7213011134e+01    3.0000000000e+03    2.6737426100e-01    6.4275000000e-01
       180   -7.3763060354e+00    5.6540391400e+01   -1.4797513796e+01    7.4212077605e+00    2.8276778413e+00   -1.7625191637e+01    3.0000000000e+03    2.6363008900e-01    6.3752083333e-01
       181   -7.4316696153e+00    5.7859548374e+01   -1.5017618691e+01    7.5859490752e+00    2.7752216840e+00   -1.7792840375e+01    3.0000000000e+03    2.8368034000e-01    6.3552083333e-01
       182   -7.3859806923e+00    5.6308877329e+01   -1.4683120626e+01    7.2971399340e+00    2.7643829549e+00   -1.7447503581e+01    3.0000000000e+03    2.8287392200e-01    6.4042708333e-01
       183   -7.3969045494e+00    5.7376180520e+01   -1.4806290492e+01    7.4093859423e+00    2.8791191834e+00   -1.7685409675e+01    3.0000000000e+03    2.7628208600e-01    6.3657291667e-01
       184   -7.4864962436e+00    5.7123633513e+01   -1.4929607448e+01    7.4431112045e+00    2.6996092726e+00   -1.7629216721e+01    3.0000000000e+03    2.7072364200e-01    6.3880208333e-01
       185   -7.4106048271e+00    5.6226174765e+01   -1.3564071641e+01    6.1534668142e+00    2.7027694541e+00   -1.6266841095e+01    3.0000000000e+03    2.6637147100e-01    6.4408333333e-01
       186   -7.4108317333e+00    5.6207071336e+01   -1.4881154449e+01    7.4703227157e+00    2.7889692049e+00   -1.7670123654e+01    3.0000000000e+03    2.6978952800e-01    6.3925000000e-01
       187   -7.4968576069e+00    5.7235031090e+01   -1.5196624086e+01    7.6997664791e+00    2.6818211478e+00   -1.7878445234e+01    3.0000000000e+03    4.0699469300e-01    6.4145833333e-01
       188   -7.4536393577e+00    5.6907520248e+01   -1.4752414202e+01    7.2987748438e+00    2.7450781723e+00   -1.7497492374e+01    3.0000000000e+03    2.9421033100e-01    6.3845833333e-01
       189   -7.4327348949e+00    5.6222913978e+01   -1.3813710099e+01    6.3809752037e+00    2.6526761225e+00   -1.6466386221e+01    3.0000000000e+03    2.8494763300e-01    6.4383333333e-01
       190   -7.4564621302e+00    5.7293185887e+01   -1.5567399928e+01    8.1109377977e+00    2.7759000245e+00   -1.8343299952e+01    3.0000000000e+03    2.8749626900e-01    6.3732291667e-01
       191   -7.3702153827e+00    5.6198603463e+01   -1.4673322393e+01    7.3031070106e+00    2.8038394835e+00   -1.7477161877e+01    3.0000000000e+03    2.9637118900e-01    6.4125000000e-01
       192   -7.4482461439e+00    5.6600037202e+01   -1.5036014024e+01    7.5877678796e+00    2.6536410634e+00   -1.7689655087e+01    3.0000000000e+03    3.7420366600e-01    6.4201041667e-01
       193   -7.4228344693e+00    5.6779088653e+01   -1.4357010796e+01    6.9341763270e+00    2.7920667888e+00   -1.7149077585e+01    3.0000000000e+03    2.7428451400e-01    6.4211458333e-01
       194   -7.3979436653e+00    5.6388367950e+01   -1.4132780941e+01    6.7348372757e+00    2.7356014471e+00   -1.6868382388e+01    3.0000000000e+03    3.0337278600e-01    6.4270833333e-01
       195   -7.3816026655e+00    5.6043843118e+01   -1.4063749045e+01    6.6821463797e+00    2.7278692452e+00   -1.6791618290e+01    3.0000000000e+03    2.9436707300e-01    6.4096875000e-01
       196   -7.4198447615e+00    5.6458948661e+01   -1.4258733093e+01    6.8388883319e+00    2.7437835770e+00   -1.7002516670e+01    3.0000000000e+03    2.7450153500e-01    6.4171875000e-01
       197   -7.3912016187e+00    5.6180776093e+01   -1.4581279380e+01    7.1900777609e+00    2.7800309517e+00   -1.7361310331e+01    3.0000000000e+03    2.6661193400e-01    6.4064583333e-01
       198   -7.4990509171e+00    5.7233917785e+01   -1.4728395445e+01    7.2293445277e+00    2.6992278236e+00   -1.7427623268e+01    3.0000000000e+03    2.8653374900e-01    6.3884375000e-01
       199   -7.4355468116e+00    5.6568498758e+01   -1.5221714114e+01    7.7861673022e+00    2.7804006549e+00   -1.8002114769e+01    3.0000000000e+03    2.7221375700e-01    6.3848958333e-01
       200   -7.3914728116e+00    5.9206138708e+01   -1.4735376955e+01    7.3439041436e+00    2.7964732246e+00   -1.7531850180e+01    3.0000000000e+03    2.7885868700e-01    6.3954166667e-01
       201   -7.4263342128e+00    5.6511237333e+01   -1.5230983640e+01    7.8046494276e+00    2.8160544340e+00   -1.8047038074e+01    3.0000000000e+03    2.7101766500e-01    6.3957291667e-01
       202   -7.4301010739e+00    5.6816858238e+01   -1.4054867914e+01    6.6247668402e+00    2.7360727144e+00   -1.6790940628e+01    3.0000000000e+03    2.9425672500e-01    6.4169791667e-01
       203   -7.4276658276e+00    5.6736621347e+01   -1.5231130792e+01    7.8034649639e+00    2.8214397259e+00   -1.8052570517e+01    3.0000000000e+03    2.5881312700e-01    6.3548958333e-01
       204   -7.4972489104e+00    5.7284528261e+01   -1.5477875746e+01    7.9806268360e+00    2.7522818271e+00   -1.8230157574e+01    3.0000000000e+03    2.6450181500e-01    6.3906250000e-01
       205   -7.4071181435e+00    5.6279068704e+01   -1.5266689335e+01    7.8595711914e+00    2.8093141330e+00   -1.8076003468e+01    3.0000000000e+03    2.6804505600e-01    6.3833333333e-01
       206   -7.4129134843e+00    5.6445560380e+01   -1.3983750900e+01    6.5708374160e+00    2.7718066611e+00   -1.6755557561e+01    3.0000000000e+03    2.8151156000e-01    6.4106250000e-01
       207   -7.4738057633e+00    5.7162272994e+01   -1.4782527423e+01    7.3087216600e+00    2.7308241321e+00   -1.7513351555e+01    3.0000000000e+03    2.6252290600e-01    6.3620833333e-01
       208   -7.4546543725e+00    5.6550054550e+01   -1.4610739101e+01    7.1560847289e+00    2.6854788681e+00   -1.7296217970e+01    3.0000000000e+03    2.6214126700e-01    6.4218750000e-01
       209   -7.4325171419e+00    5.6426980789e+01   -1.4985977232e+01    7.5534600900e+00    2.7302886697e+00   -1.7716265902e+01    3.0000000000e+03    2.7007809600e-01    6.4013541667e-01
       210   -7.4642078219e+00    5.6962928592e+01   -1.4663114826e+01    7.1989070041e+00    2.7237742895e+00   -1.7386889116e+01    3.0000000000e+03    2.5777304600e-01    6.4114583333e-01
       211   -7.4261665768e+00    5.6546844308e+01   -1.4749317574e+01    7.3231509973e+00    2.7318793192e+00   -1.7481196893e+01    3.0000000000e+03    2.7418000800e-01    6.3880208333e-01
       212   -7.4173445177e+00    5.6256855619e+01   -1.3952773131e+01    6.5354286129e+00    2.6893499783e+00   -1.6642123109e+01    3.0000000000e+03    2.6481083700e-01    6.4280208333e-01
       213   -7.4568576582e+00    5.6970833839e+01   -1.4523130165e+01    7.0662725066e+00    2.6869057647e+00   -1.7210035929e+01    3.0000000000e+03    2.6135530600e-01    6.4245833333e-01
       214   -7.4494210877e+00    5.6859131069e+01   -1.5651478588e+01    8.2020575007e+00    2.7479960059e+00   -1.8399474594e+01    3.0000000000e+03    2.6044446900e-01    6.3898958333e-01
       215   -7.4515906735e+00    5.7631060386e+01   -1.5173723708e+01    7.7221330347e+00    2.7586692908e+00   -1.7932392999e+01    3.0000000000e+03    2.6425725400e-01    6.3855208333e-01
       216   -7.4095812571e+00    5.6336413145e+01   -1.4406316495e+01    6.9967352383e+00    2.7200953992e+00   -1.7126411895e+01    3.0000000000e+03    2.8192645600e-01    6.4080208333e-01
       217   -7.4187726108e+00    5.6504495428e+01   -1.4806624342e+01    7.3878517315e+00    2.7759098255e+00   -1.7582534168e+01    3.0000000000e+03    2.7715894700e-01    6.3827083333e-01
       218   -7.3751647607e+00    5.5793000614e+01   -1.4808299124e+01    7.4331343628e+00    2.7263327625e+00   -1.7534631886e+01    3.0000000000e+03    2.6913904600e-01    6.4014583333e-01
       219   -7.4349076565e+00    5.6980700715e+01   -1.5396815513e+01    7.9619078569e+00    2.7990837556e+00   -1.8195899269e+01    3.0000000000e+03    3.2537458400e-01    6.3689583333e-01
       220   -7.4455562967e+00    5.6883121719e+01   -1.4884961633e+01    7.4394053366e+00    2.7323992638e+00   -1.7617360897e+01    3.0000000000e+03    2.7035574500e-01    6.3935416667e-01
       221   -7.4035337654e+00    5.6502977694e+01   -1.4754206543e+01    7.3506727772e+00    2.8003118033e+00   -1.7554518346e+01    3.0000000000e+03    2.5984853100e-01    6.3864583333e-01
       222   -7.4420349444e+00    5.6671226477e+01   -1.4786557771e+01    7.3445228268e+00    2.7146343806e+00   -1.7501192152e+01    3.0000000000e+03    2.9407136600e-01    6.4045833333e-01
       223   -7.4710402911e+00    5.6978890833e+01   -1.4471598460e+01    7.0005581690e+00    2.7052474726e+00   -1.7176845933e+01    3.0000000000e+03    2.7503825800e-01    6.4235416667e-01
       224   -7.3730300941e+00    6.4791197862e+01   -1.4855614077e+01    7.4825839828e+00    2.8285986472e+00   -1.7684212724e+01    3.0000000000e+03    3.0056881700e-01    6.3990625000e-01
       225   -7.4115732101e+00    5.6491734961e+01   -1.4461728643e+01    7.0501554327e+00    2.7856170470e+00   -1.7247345690e+01    3.0000000000e+03    2.8842971300e-01    6.4195833333e-01
       226   -7.4610105908e+00    5.6928293903e+01   -1.4952221948e+01    7.4912113568e+00    2.7874923924e+00   -1.7739714340e+01    3.0000000000e+03    2.9455480800e-01    6.3484375000e-01
       227   -7.4409465216e+00    5.6542697123e+01   -1.4367044875e+01    6.9260983535e+00    2.7699320135e+00   -1.7136976889e+01    3.0000000000e+03    3.0246036200e-01    6.4009375000e-01
       228   -7.3898808939e+00    5.6689691784e+01   -1.4927928246e+01    7.5380473519e+00    2.8215984474e+00   -1.7749526693e+01    3.0000000000e+03    2.7805166400e-01    6.4136458333e-01
       229   -7.4045640256e+00    5.6299951188e+01   -1.3970465944e+01    6.5659019189e+00    2.7028533225e+00   -1.6673319267e+01    3.0000000000e+03    2.6485657100e-01    6.4441666667e-01
       230   -7.4222377289e+00    5.7192832330e+01   -1.4763812503e+01    7.3415747744e+00    2.8056926584e+00   -1.7569505162e+01    3.0000000000e+03    2.8916095200e-01    6.3920833333e-01
       231   -7.4229582276e+00    5.6424923593e+01   -1.4528367920e+01    7.1054096927e+00    2.7068040182e+00   -1.7235171939e+01    3.0000000000e+03    2.6567636600e-01    6.4182291667e-01
       232   -7.4615312556e+00    5.6948836939e+01   -1.5375800779e+01    7.9142695231e+00    2.7189943014e+00   -1.8094795080e+01    3.0000000000e+03    2.5988143000e-01    6.4065625000e-01
       233   -7.4272721244e+00    5.6469526717e+01   -1.4842122524e+01    7.4148503994e+00    2.7393567498e+00   -1.7581479274e+01    3.0000000000e+03    2.8700851600e-01    6.4034375000e-01
       234   -7.4474055105e+00    5.6741492355e+01   -1.5451769464e+01    8.0043639533e+00    2.7572220549e+00   -1.8208991519e+01    3.0000000000e+03    2.8583206600e-01    6.4141666667e-01
       235   -7.4018662798e+00    5.6714027076e+01   -1.4585724378e+01    7.1838580983e+00    2.8003653723e+00   -1.7386089750e+01    3.0000000000e+03    2.6365876700e-01    6.3992708333e-01
       236   -7.4401775104e+00    5.6611057250e+01   -1.5782358021e+01    8.3421805102e+00    2.7640759463e+00   -1.8546433967e+01    3.0000000000e+03    2.6619523200e-01    6.3944791667e-01
       237   -7.3784156755e+00    5.6725047901e+01   -1.4547460002e+01    7.1690443270e+00    2.7440501100e+00   -1.7291510112e+01    3.0000000000e+03    2.6084152900e-01    6.4265625000e-01
       238   -7.4376930124e+00    5.6780872303e+01   -1.4053220270e+01    6.6155272575e+00    2.7420981434e+00   -1.6795318413e+01    3.0000000000e+03    2.7485898900e-01    6.4592708333e-01
       239   -7.3757529020e+00    5.6206670775e+01   -1.4351306969e+01    6.9755540674e+00    2.8459678971e+00   -1.7197274867e+01    3.0000000000e+03    2.6966620400e-01    6.3935416667e-01
       240   -7.4444141879e+00    5.6745529936e+01   -1.4753900256e+01    7.3094860678e+00    2.7366223486e+00   -1.7490522604e+01    3.0000000000e+03    2.8094501200e-01    6.4114583333e-01
       241   -7.4056810195e+00    5.6562472584e+01   -1.3638039932e+01    6.2323589127e+00    2.7000551450e+00   -1.6338095077e+01    3.0000000000e+03    2.8979470500e-01    6.4191666667e-01
       242   -7.4283314790e+00    5.7454736416e+01   -1.4402328119e+01    6.9739966399e+00    2.7875958600e+00   -1.7189923979e+01    3.0000000000e+03    2.9017421400e-01    6.4076041667e-01
       243   -7.4163822049e+00    5.6097108992e+01   -1.5150139285e+01    7.7337570802e+00    2.7611295072e+00   -1.7911268792e+01    3.0000000000e+03    2.6257835100e-01    6.3926041667e-01
       244   -7.4575864382e+00    5.6964788345e+01   -1.5310261049e+01    7.8526746109e+00    2.8035817713e+00   -1.8113842820e+01    3.0000000000e+03    3.1814416400e-01    6.3665625000e-01
       245   -7.3565728084e+00    5.7210320968e+01   -1.4182391900e+01    6.8258190919e+00    2.7711857454e+00   -1.6953577646e+01    3.0000000000e+03    2.7994214600e-01    6.3843750000e-01
       246   -7.4074334910e+00    5.6139838958e+01   -1.4423195152e+01    7.0157616605e+00    2.7450274455e+00   -1.7168222597e+01    3.0000000000e+03    2.6814018800e-01    6.3975000000e-01
       247   -7.4159621551e+00    5.6421070308e+01   -1.5242000986e+01    7.8260388308e+00    2.8248236832e+00   -1.8066824669e+01    3.0000000000e+03    2.7796191600e-01    6.3480208333e-01
       248   -7.4258163557e+00    5.6645668356e+01   -1.4839241752e+01    7.4134253965e+00    2.7549651770e+00   -1.7594206929e+01    3.0000000000e+03    2.6940342300e-01    6.4117708333e-01
       249   -7.4514218647e+00    5.6774070360e+01   -1.4157300888e+01    6.7058790231e+00    2.7027563792e+00   -1.6860057267e+01    3.0000000000e+03    2.8066714600e-01    6.4229166667e-01
       250   -7.4175305111e+00    5.6532386775e+01   -1.4479025110e+01    7.0614945992e+00    2.7212256089e+00   -1.7200250719e+01    3.0000000000e+03    2.7584851200e-01    6.3733333333e-01
       251   -7.3621959055e+00    5.6678836049e+01   -1.5479184406e+01    8.1169885001e+00    2.8310934952e+00   -1.8310277901e+01    3.0000000000e+03    2.5939677400e-01    6.3791666667e-01
       252   -7.4691388607e+00    5.6834060314e+01   -1.5418828280e+01    7.9496894193e+00    2.7821197695e+00   -1.8200948050e+01    3.0000000000e+03    3.0519220300e-01    6.3826041667e-01
       253   -7.4609188040e+00    5.6855505569e+01   -1.4956597683e+01    7.4956788789e+00    2.6953372778e+00   -1.7651934961e+01    3.0000000000e+03    2.7194662200e-01    6.4240625000e-01
       254   -7.4941400698e+00    5.7215138471e+01   -1.4798283423e+01    7.3041433528e+00    2.7174968823e+00   -1.7515780305e+01    3.0000000000e+03    2.7473093100e-01    6.3897916667e-01
       255   -7.4501211630e+00    5.6623264665e+01   -1.4346680177e+01    6.8965590139e+00    2.7455425798e+00   -1.7092222757e+01    3.0000000000e+03    2.8074333000e-01    6.3927083333e-01
       256   -7.4593201580e+00    5.6598039083e+01   -1.4173498416e+01    6.7141782580e+00    2.6765315660e+00   -1.6850029982e+01    3.0000000000e+03    2.7528148800e-01    6.4278125000e-01
       257   -7.4494193131e+00    5.6669111182e+01   -1.4191899498e+01    6.7424801846e+00    2.6759016676e+00   -1.6867801165e+01    3.0000000000e+03    2.5238222700e-01    6.4428125000e-01
       258   -7.4352040956e+00    5.6734082420e+01   -1.5134456579e+01    7.6992524836e+00    2.7852198937e+00   -1.7919676473e+01    3.0000000000e+03    2.5646721500e-01    6.3646875000e-01
       259   -7.4160855301e+00    5.6492763219e+01   -1.5191855832e+01    7.7757703016e+00    2.8595823446e+00   -1.8051438176e+01    3.0000000000e+03    2.5523754300e-01    6.3614583333e-01
       260   -7.3721701924e+00    6.4633072074e+01   -1.4279682216e+01    6.9075120237e+00    2.7804820341e+00   -1.7060164250e+01    3.0000000000e+03    2.5662405100e-01    6.3866666667e-01
       261   -7.4269568948e+00    5.6731875761e+01   -1.4506295213e+01    7.0793383178e+00    2.7054985100e+00   -1.7211793723e+01    3.0000000000e+03    3.4586870300e-01    6.4101041667e-01
       262   -7.4396637214e+00    5.6764774275e+01   -1.4914051309e+01    7.4743875871e+00    2.7351138708e+00   -1.7649165179e+01    3.0000000000e+03    2.7412487900e-01    6.3733333333e-01
       263   -7.3852304447e+00    5.6047940388e+01   -1.4617964239e+01    7.2327337943e+00    2.7822399995e+00   -1.7400204239e+01    3.0000000000e+03    2.7505646000e-01    6.3997916667e-01
       264   -7.3786761365e+00    5.6985082618e+01   -1.4014580366e+01    6.6359042296e+00    2.7646369355e+00   -1.6779217302e+01    3.0000000000e+03    2.7222187000e-01    6.4408333333e-01
       265   -7.3757281660e+00    5.6500194514e+01   -1.4262367916e+01    6.8866397503e+00    2.7608984023e+00   -1.7023266319e+01    3.0000000000e+03    2.6999516300e-01    6.4118750000e-01
       266   -7.4083414032e+00    5.6270369577e+01   -1.4823521888e+01    7.4151804851e+00    2.7599524067e+00   -1.7583474295e+01    3.0000000000e+03    3.0857138700e-01    6.3948958333e-01
       267   -7.4450426456e+00    5.6791210658e+01   -1.4936961161e+01    7.4919185156e+00    2.7817413409e+00   -1.7718702502e+01    3.0000000000e+03    2.5962795600e-01    6.3795833333e-01
       268   -7.4009607218e+00    5.6200075950e+01   -1.4831835858e+01    7.4308751359e+00    2.7591948394e+00   -1.7591030697e+01    3.0000000000e+03    2.7701818100e-01    6.4077083333e-01
       269   -7.4080196165e+00    5.6308985501e+01   -1.5250178860e+01    7.8421592431e+00    2.8240018209e+00   -1.8074180681e+01    3.0000000000e+03    2.7184551600e-01    6.3696875000e-01
       270   -7.4513656739e+00    5.6737060624e+01   -1.4368159664e+01    6.9167939899e+00    2.6744287624e+00   -1.7042588426e+01    3.0000000000e+03    2.6539633700e-01    6.4398958333e-01
       271   -7.4032946614e+00    5.6303573393e+01   -1.4329936246e+01    6.9266415845e+00    2.7280656561e+00   -1.7058001902e+01    3.0000000000e+03    2.5905597300e-01    6.4107291667e-01
       272   -7.3839130743e+00    5.6174731213e+01   -1.4372690825e+01    6.9887777503e+00    2.7683748066e+00   -1.7141065631e+01    3.0000000000e+03    2.7913715800e-01    6.4114583333e-01
       273   -7.4151386411e+00    5.6827617069e+01   -1.4828070699e+01    7.4129320578e+00    2.7566313038e+00   -1.7584702003e+01    3.0000000000e+03    2.7319557700e-01    6.4140625000e-01
       274   -7.3987272025e+00    5.7034143976e+01   -1.4124733571e+01    6.7260063687e+00    2.7650151178e+00   -1.6889748689e+01    3.0000000000e+03    2.7079580200e-01    6.4166666667e-01
       275   -7.4416221429e+00    5.7096914816e+01   -1.4542370660e+01    7.1007485174e+00    2.6966818124e+00   -1.7239052473e+01    3.0000000000e+03    2.9790426300e-01    6.4256250000e-01
       276   -7.4309399727e+00    5.6343152062e+01   -1.3922768415e+01    6.4918284420e+00    2.6779595954e+00   -1.6600728010e+01    3.0000000000e+03    3.1088601300e-01    6.4421875000e-01
       277   -7.4068718066e+00    5.6278212609e+01   -1.4977665871e+01    7.5707940641e+00    2.7760098795e+00   -1.7753675750e+01    3.0000000000e+03    2.8839803400e-01    6.3854166667e-01
       278   -7.4166580463e+00    5.6353910654e+01   -1.4463891484e+01    7.0472334380e+00    2.7427346072e+00   -1.7206626092e+01    3.0000000000e+03    2.6479408200e-01    6.4178125000e-01
       279   -7.3846701004e+00    5.6994491112e+01   -1.4589396879e+01    7.2047267783e+00    2.7793047680e+00   -1.7368701647e+01    3.0000000000e+03    2.6499771700e-01    6.3988541667e-01
       280   -7.4584585662e+00    5.7057500598e+01   -1.5252493828e+01    7.7940352620e+00    2.7686002482e+00   -1.8021094076e+01    3.0000000000e+03    2.6199342800e-01    6.3534375000e-01
       281   -7.3786484457e+00    5.5931396246e+01   -1.4725575835e+01    7.3469273897e+00    2.7852086905e+00   -1.7510784526e+01    3.0000000000e+03    3.2567417600e-01    6.3841666667e-01
       282   -7.3817921402e+00    5.6564239342e+01   -1.4818535845e+01    7.4367437047e+00    2.7802594074e+00   -1.7598795252e+01    3.0000000000e+03    2.6813087900e-01    6.4212500000e-01
       283   -7.4624064618e+00    5.7007742853e+01   -1.4821965063e+01    7.3595586010e+00    2.6953209417e+00   -1.7517286005e+01    3.0000000000e+03    2.7465871900e-01    6.4276041667e-01
       284   -7.3793883674e+00    5.5912935065e+01   -1.5439742846e+01    8.0603544784e+00    2.7714174613e+00   -1.8211160307e+01    3.0000000000e+03    2.8178125800e-01    6.4177083333e-01
       285   -7.4742799922e+00    5.7178331701e+01   -1.5660567203e+01    8.1862872112e+00    2.7558098129e+00   -1.8416377016e+01    3.0000000000e+03    2.8748610000e-01    6.3760416667e-01
       286   -7.4623187088e+00    5.6935485668e+01   -1.5215300721e+01    7.7529820118e+00    2.7470121733e+00   -1.7962312894e+01    3.0000000000e+03    2.6080898000e-01    6.3931250000e-01
       287   -7.4160817661e+00    5.6205323152e+01   -1.4414039351e+01    6.9979575845e+00    2.7270337802e+00   -1.7141073131e+01    3.0000000000e+03    2.7448658700e-01    6.4331250000e-01
       288   -7.4197775209e+00    5.6535078935e+01   -1.4714585707e+01    7.2948081865e+00    2.8319183982e+00   -1.7546504106e+01    3.0000000000e+03    3.1795269500e-01    6.3526041667e-01
       289   -7.4189336429e+00    5.6372744178e+01   -1.5607297158e+01    8.1883635155e+00    2.8247912091e+00   -1.8432088367e+01    3.0000000000e+03    2.5898353600e-01    6.3607291667e-01
       290   -7.4044438139e+00    5.6379601477e+01   -1.4607495470e+01    7.2030516563e+00    2.7132297529e+00   -1.7320725223e+01    3.0000000000e+03    2.6275661700e-01    6.4240625000e-01
       291   -7.4512164929e+00    5.6597093848e+01   -1.4986336823e+01    7.5351203303e+00    2.6946057054e+00   -1.7680942529e+01    3.0000000000e+03    2.6243173700e-01    6.3865625000e-01
       292   -7.3665520000e+00    5.5696056954e+01   -1.4901184752e+01    7.5346327516e+00    2.8515668485e+00   -1.7752751600e+01    3.0000000000e+03    2.6772084200e-01    6.3813541667e-01
       293   -7.3766063277e+00    5.6910525828e+01   -1.4246681838e+01    6.8700755106e+00    2.7416369896e+00   -1.6988318828e+01    3.0000000000e+03    2.5656463700e-01    6.3959375000e-01
       294   -7.4598571748e+00    5.6834952160e+01   -1.4238201955e+01    6.7783447799e+00    2.6957540537e+00   -1.6933956008e+01    3.0000000000e+03    2.6872506700e-01    6.4117708333e-01
       295   -7.4412390212e+00    5.6559093125e+01   -1.4306041304e+01    6.8648022830e+00    2.7327240595e+00   -1.7038765364e+01    3.0000000000e+03    2.6957496600e-01    6.3942708333e-01
       296   -7.4847277274e+00    5.7546421400e+01   -1.5509434179e+01    8.0247064517e+00    2.7957582877e+00   -1.8305192467e+01    3.0000000000e+03    2.9823398500e-01    6.3988541667e-01
       297   -7.4155643914e+00    5.6387412041e+01   -1.4679423769e+01    7.2638593774e+00    2.7411372300e+00   -1.7420560999e+01    3.0000000000e+03    2.6846631300e-01    6.4395833333e-01
       298   -7.4076705888e+00    5.6839416352e+01   -1.4308213031e+01    6.9005424419e+00    2.7517954116e+00   -1.7060008442e+01    3.0000000000e+03    2.8276170500e-01    6.4058333333e-01
       299   -7.4479354823e+00    5.7177974660e+01   -1.5080949698e+01    7.6330142152e+00    2.8057265107e+00   -1.7886676208e+01    3.0000000000e+03    2.7983839100e-01    6.3971875000e-01
       300   -7.4082962780e+00    5.6157098771e+01   -1.4586806335e+01    7.1785100574e+00    2.7880529557e+00   -1.7374859291e+01    3.0000000000e+03    2.8075551200e-01    6.4059375000e-01
       301   -7.4714705944e+00    5.7241555035e+01   -1.4782810157e+01    7.3113395625e+00    2.7842925937e+00   -1.7567102751e+01    3.0000000000e+03    2.7737216000e-01    6.3569791667e-01
       302   -7.4206050205e+00    5.6373816135e+01   -1.4294917881e+01    6.8743128608e+00    2.7246205575e+00   -1.7019538439e+01    3.0000000000e+03    2.5668900500e-01    6.4244791667e-01
       303   -7.3796095765e+00    5.6458623220e+01   -1.4704419307e+01    7.3248097307e+00    2.7944361747e+00   -1.7498855482e+01    3.0000000000e+03    2.7742599000e-01    6.3803125000e-01
       304   -7.4418440150e+00    5.6844159698e+01   -1.4962781040e+01    7.5209370247e+00    2.7200812236e+00   -1.7682862263e+01    3.0000000000e+03    2.6258557300e-01    6.3871875000e-01
       305   -7.4405634283e+00    5.6887396903e+01   -1.4149919092e+01    6.7093556633e+00    2.7544895647e+00   -1.6904408656e+01    3.0000000000e+03    2.7750418300e-01    6.3941666667e-01
       306   -7.4338813007e+00    5.7005842243e+01   -1.5241950997e+01    7.8080696966e+00    2.8414257187e+00   -1.8083376716e+01    3.0000000000e+03    2.6592815100e-01    6.3563541667e-01
       307   -7.4254120323e+00    5.6207672464e+01   -1.4069997398e+01    6.6445853660e+00    2.6675207592e+00   -1.6737518157e+01    3.0000000000e+03    2.6522578600e-01    6.4394791667e-01
       308   -7.4564706866e+00    5.7171558276e+01   -1.4719260921e+01    7.2627902342e+00    2.7544157702e+00   -1.7473676691e+01    3.0000000000e+03    2.5947612400e-01    6.3760416667e-01
       309   -7.4209009750e+00    5.6691924466e+01   -1.4602530480e+01    7.1816295046e+00    2.7276015308e+00   -1.7330132010e+01    3.0000000000e+03    2.6754388200e-01    6.4114583333e-01
       310   -7.4967609184e+00    5.7262120507e+01   -1.4762506908e+01    7.2657459896e+00    2.6773623940e+00   -1.7439869302e+01    3.0000000000e+03    2.7590008500e-01    6.4103125000e-01
       311   -7.4424848232e+00    5.6712381528e+01   -1.5564563407e+01    8.1220785834e+00    2.8275533250e+00   -1.8392116732e+01    3.0000000000e+03    2.7866382000e-01    6.3423958333e-01
       312   -7.4616722432e+00    5.6712742787e+01   -1.4880618195e+01    7.4189459513e+00    2.7256728006e+00   -1.7606290995e+01    3.0000000000e+03    3.0083802800e-01    6.3978125000e-01
       313   -7.4072726025e+00    5.6074511867e+01   -1.4912950724e+01    7.5056781211e+00    2.7744357760e+00   -1.7687386500e+01    3.0000000000e+03    2.7174842100e-01    6.3675000000e-01
       314   -7.4713762700e+00    5.7094859036e+01   -1.5166167817e+01    7.6947915469e+00    2.7326652563e+00   -1.7898833073e+01    3.0000000000e+03    2.6269821500e-01    6.3939583333e-01
       315   -7.4122995768e+00    5.6712748974e+01   -1.5265637319e+01    7.8533377423e+00    2.7701070212e+00   -1.8035744340e+01    3.0000000000e+03    2.6242068100e-01    6.3996875000e-01
       316   -7.4519527102e+00    5.6584485151e+01   -1.4501793903e+01    7.0498411925e+00    2.6936208420e+00   -1.7195414745e+01    3.0000000000e+03    2.6325945100e-01    6.4039583333e-01
       317   -7.4546830751e+00    5.6640922834e+01   -1.4498203305e+01    7.0435202301e+00    2.6980187231e+00   -1.7196222028e+01    3.0000000000e+03    2.9627111700e-01    6.4262500000e-01
       318   -7.4437593593e+00    5.7008052790e+01   -1.5177155026e+01    7.7333956668e+00    2.7466023195e+00   -1.7923757346e+01    3.0000000000e+03    2.8316123200e-01    6.4004166667e-01
       319   -7.4222507980e+00    5.6607459080e+01   -1.4762968996e+01    7.3407181980e+00    2.8075667314e+00   -1.7570535727e+01    3.0000000000e+03    2.7510576000e-01    6.3546875000e-01
       320   -7.4138111790e+00    5.6442952481e+01   -1.5071554053e+01    7.6577428740e+00    2.7975750551e+00   -1.7869129108e+01    3.0000000000e+03    2.6722304400e-01    6.3994791667e-01
       321   -7.4462098391e+00    5.6899076762e+01   -1.4877536945e+01    7.4313271060e+00    2.7309183930e+00   -1.7608455338e+01    3.0000000000e+03    2.8925626800e-01    6.3892708333e-01
       322   -7.4557624127e+00    5.6769438293e+01   -1.5492601131e+01    8.0368387180e+00    2.7583279884e+00   -1.8250929119e+01    3.0000000000e+03    2.7182720700e-01    6.3622916667e-01
       323   -7.4240643970e+00    5.6272291407e+01   -1.4813883959e+01    7.3898195619e+00    2.7709018110e+00   -1.7584785770e+01    3.0000000000e+03    3.0158432000e-01    6.3788541667e-01
       324   -7.4166509904e+00    5.7318864171e+01   -1.4726280334e+01    7.3096293434e+00    2.7482864079e+00   -1.7474566742e+01    3.0000000000e+03    2.7856338500e-01    6.3982291667e-01
       325   -7.5066303211e+00    5.7685644308e+01   -1.5001933440e+01    7.4953031186e+00    2.7228581875e+00   -1.7724791627e+01    3.0000000000e+03    2.6224923600e-01    6.3846875000e-01
       326   -7.4431836336e+00    5.6552211975e+01   -1.4937864957e+01    7.4946813233e+00    2.7629641121e+00   -1.7700829069e+01    3.0000000000e+03    2.7373773000e-01    6.4108333333e-01
       327   -7.4606875224e+00    5.6834715270e+01   -1.6181460164e+01    8.7207726416e+00    2.7393688951e+00   -1.8920829059e+01    3.0000000000e+03    2.7170817900e-01    6.3865625000e-01
       328   -7.4519141173e+00    5.6604571119e+01   -1.4646103573e+01    7.1941894561e+00    2.6859390704e+00   -1.7332042644e+01    3.0000000000e+03    2.7130522600e-01    6.3970833333e-01
       329   -7.4259460754e+00    5.6428031937e+01   -1.4635248025e+01    7.2093019494e+00    2.8076060778e+00   -1.7442854103e+01    3.0000000000e+03    2.6801817500e-01    6.3861458333e-01
       330   -7.4578509706e+00    5.6831489509e+01   -1.4744894590e+01    7.2870436198e+00    2.7499179648e+00   -1.7494812555e+01    3.0000000000e+03    2.7812703400e-01    6.3650000000e-01
       331   -7.4225733077e+00    5.6747947350e+01   -1.4523648800e+01    7.1010754920e+00    2.7709936271e+00   -1.7294642427e+01    3.0000000000e+03    2.5689108100e-01    6.4052083333e-01
       332   -7.4588038815e+00    5.6728658540e+01   -1.5042363234e+01    7.5835593524e+00    2.7767794989e+00   -1.7819142733e+01    3.0000000000e+03    2.6446900100e-01    6.3933333333e-01
       333   -7.4944844047e+00    5.7388160477e+01   -1.5312700948e+01    7.8182165431e+00    2.7818386682e+00   -1.8094539616e+01    3.0000000000e+03    2.8628606900e-01    6.3621875000e-01
       334   -7.4180554260e+00    5.6240940870e+01   -1.4803476933e+01    7.3854215072e+00    2.7231330991e+00   -1.7526610032e+01    3.0000000000e+03    2.6823809200e-01    6.4195833333e-01
       335   -7.4235520077e+00    5.6451383258e+01   -1.4097820476e+01    6.6742684686e+00    2.7527212034e+00   -1.6850541680e+01    3.0000000000e+03    2.7395548700e-01    6.4263541667e-01
       336   -7.4252959992e+00    5.6477270393e+01   -1.4848093926e+01    7.4227979266e+00    2.7486400412e+00   -1.7596733967e+01    3.0000000000e+03    2.7598570500e-01    6.4095833333e-01
       337   -7.4007397877e+00    5.6740528322e+01   -1.4615072769e+01    7.2143329816e+00    2.7693620133e+00   -1.7384434783e+01    3.0000000000e+03    2.8318480100e-01    6.4092708333e-01
       338   -7.3766013822e+00    5.6028300647e+01   -1.3976653063e+01    6.6000516808e+00    2.7869534848e+00   -1.6763606548e+01    3.0000000000e+03    2.7430654400e-01    6.4048958333e-01
       339   -7.3538299330e+00    5.5983326477e+01   -1.4975265880e+01    7.6214359470e+00    2.8138061999e+00   -1.7789072080e+01    3.0000000000e+03    2.7182718900e-01    6.4128125000e-01
       340   -7.4422080256e+00    5.6628026657e+01   -1.4166850635e+01    6.7246426098e+00    2.7129666193e+00   -1.6879817255e+01    3.0000000000e+03    2.7844095500e-01    6.4190625000e-01
       341   -7.4350206703e+00    5.6427368219e+01   -1.4819638811e+01    7.3846181412e+00    2.7731645971e+00   -1.7592803409e+01    3.0000000000e+03    2.8692152700e-01    6.3797916667e-01
       342   -7.4421008009e+00    5.6659155789e+01   -1.4437933472e+01    6.9958326710e+00    2.7125858628e+00   -1.7150519335e+01    3.0000000000e+03    2.8497668100e-01    6.4034375000e-01
       343   -7.4436045463e+00    5.6483767370e+01   -1.4992138891e+01    7.5485343444e+00    2.7609322945e+00   -1.7753071185e+01    3.0000000000e+03    2.7317201500e-01    6.3906250000e-01
       344   -7.4254726407e+00    5.6720412737e+01   -1.4327816829e+01    6.9023441886e+00    2.7463614138e+00   -1.7074178243e+01    3.0000000000e+03    2.7451408800e-01    6.3869791667e-01
       345   -7.4706608473e+00    5.6989333617e+01   -1.4700937637e+01    7.2302767894e+00    2.7432670120e+00   -1.7444204649e+01    3.0000000000e+03    3.0038634300e-01    6.3927083333e-01
       346   -7.4266624207e+00    5.6480544046e+01   -1.4319568181e+01    6.8929057603e+00    2.7075894574e+00   -1.7027157638e+01    3.0000000000e+03    2.9286738400e-01    6.4246875000e-01
       347   -7.4199694196e+00    5.6928813824e+01   -1.4836727792e+01    7.4167583726e+00    2.7987805537e+00   -1.7635508346e+01    3.0000000000e+03    2.6954409300e-01    6.3848958333e-01
       348   -7.4115486452e+00    5.6991328833e+01   -1.4969406730e+01    7.5578580850e+00    2.7894217831e+00   -1.7758828513e+01    3.0000000000e+03    2.8755757600e-01    6.3984375000e-01
       349   -7.4688642032e+00    5.6879327212e+01   -1.4848504909e+01    7.3796407059e+00    2.7536760658e+00   -1.7602180975e+01    3.0000000000e+03    2.7968461400e-01    6.3961458333e-01
       350   -7.4639107988e+00    5.7268463333e+01   -1.5200635935e+01    7.7367251363e+00    2.7367676616e+00   -1.7937403597e+01    3.0000000000e+03    2.6955800600e-01    6.3653125000e-01
       351   -7.4264575255e+00    5.6724078534e+01   -1.4606627473e+01    7.1801699478e+00    2.7579499412e+00   -1.7364577415e+01    3.0000000000e+03    2.7443562000e-01    6.3771875000e-01
       352   -7.4398213248e+00    5.6825019769e+01   -1.5695309093e+01    8.2554877683e+00    2.7746338757e+00   -1.8469942969e+01    3.0000000000e+03    2.7226937600e-01    6.3851041667e-01
       353   -7.4426482492e+00    5.6560424637e+01   -1.4889401517e+01    7.4467532677e+00    2.7737816936e+00   -1.7663183210e+01    3.0000000000e+03    2.8445575000e-01    6.4051041667e-01
       354   -7.4235670774e+00    5.6523919518e+01   -1.4920432267e+01    7.4968651896e+00    2.7473185919e+00   -1.7667750859e+01    3.0000000000e+03    2.6749005500e-01    6.3902083333e-01
       355   -7.3935904803e+00    5.6336925438e+01   -1.4569707738e+01    7.1761172573e+00    2.8074480429e+00   -1.7377155781e+01    3.0000000000e+03    2.6939813900e-01    6.3940625000e-01
       356   -7.3500654901e+00    5.6196126724e+01   -1.4205782970e+01    6.8557174800e+00    2.8163521054e+00   -1.7022135076e+01    3.0000000000e+03    2.7017648900e-01    6.3989583333e-01
       357   -7.4080099275e+00    5.6308388822e+01   -1.4950004590e+01    7.5419946621e+00    2.8239831480e+00   -1.7773987738e+01    3.0000000000e+03    2.8609228500e-01    6.3517708333e-01
       358   -7.4245150988e+00    5.6562470655e+01   -1.5163125803e+01    7.7386107041e+00    2.7642712395e+00   -1.7927397042e+01    3.0000000000e+03    2.7496978400e-01    6.3664583333e-01
       359   -7.4209690038e+00    5.6625617920e+01   -1.4782257127e+01    7.3612881234e+00    2.7573297657e+00   -1.7539586893e+01    3.0000000000e+03    2.8946663700e-01    6.3659375000e-01
       360   -7.4140311989e+00    5.6391762331e+01   -1.4820251747e+01    7.4062205479e+00    2.7317224298e+00   -1.7551974177e+01    3.0000000000e+03    2.6150891800e-01    6.4158333333e-01
       361   -7.4220464143e+00    5.6210021536e+01   -1.5084987725e+01    7.6629413105e+00    2.7818096292e+00   -1.7866797354e+01    3.0000000000e+03    2.6833107600e-01    6.3793750000e-01
       362   -7.3797390188e+00    5.8434891733e+01   -1.4689311372e+01    7.3095723530e+00    2.7996790045e+00   -1.7488990376e+01    3.0000000000e+03    2.7271665200e-01    6.3911458333e-01
       363   -7.3919842480e+00    5.5901090813e+01   -1.5137735728e+01    7.7457514800e+00    2.7801424753e+00   -1.7917878203e+01    3.0000000000e+03    2.8731245200e-01    6.3913541667e-01
       364   -7.4291859192e+00    5.6639548830e+01   -1.4556035485e+01    7.1268495660e+00    2.7505212397e+00   -1.7306556725e+01    3.0000000000e+03    2.6753601900e-01    6.4328125000e-01
       365   -7.4296068763e+00    5.6280576177e+01   -1.4660622265e+01    7.2310153890e+00    2.7423543115e+00   -1.7402976577e+01    3.0000000000e+03    2.7009693800e-01    6.4081250000e-01
       366   -7.3717067943e+00    5.7053299307e+01   -1.4772957585e+01    7.4012507907e+00    2.7770147407e+00   -1.7549972326e+01    3.0000000000e+03    2.9092072300e-01    6.3921875000e-01
       367   -7.3553944227e+00    5.7138002007e+01   -1.4662095098e+01    7.3067006753e+00    2.8727316979e+00   -1.7534826796e+01    3.0000000000e+03    2.6834472200e-01    6.3578125000e-01
       368   -7.3971554853e+00    5.6241978366e+01   -1.4215347786e+01    6.8181923008e+00    2.8286244654e+00   -1.7043972252e+01    3.0000000000e+03    2.6772712400e-01    6.3542708333e-01
       369   -7.4005630633e+00    5.6143227539e+01   -1.4736359604e+01    7.3357965409e+00    2.7465849489e+00   -1.7482944553e+01    3.0000000000e+03    2.6298357700e-01    6.3722916667e-01
       370   -7.3994053394e+00    5.6380768089e+01   -1.5136472748e+01    7.7370674089e+00    2.7875496628e+00   -1.7924022411e+01    3.0000000000e+03    2.9062733700e-01    6.4005208333e-01
       371   -7.4172612165e+00    5.6416288093e+01   -1.4125508271e+01    6.7082470549e+00    2.7640724665e+00   -1.6889580738e+01    3.0000000000e+03    2.8669392000e-01    6.4284375000e-01
       372   -7.4614146955e+00    5.6814938629e+01   -1.4311001284e+01    6.8495865889e+00    2.6810908297e+00   -1.6992092114e+01    3.0000000000e+03    2.5802536700e-01    6.4010416667e-01
       373   -7.4241748289e+00    5.6991820598e+01   -1.4964149454e+01    7.5399746254e+00    2.7792045068e+00   -1.7743353961e+01    3.0000000000e+03    2.5723946500e-01    6.4069791667e-01
       374   -7.3399286419e+00    5.8822658302e+01   -1.4162247564e+01    6.8223189218e+00    2.8298907339e+00   -1.6992138298e+01    3.0000000000e+03    2.6089000000e-01    6.4226041667e-01
       375   -7.4171939080e+00    5.6512123398e+01   -1.3984271932e+01    6.5670780241e+00    2.6896783670e+00   -1.6673950299e+01    3.0000000000e+03    2.6575720900e-01    6.4179166667e-01
       376   -7.4036389855e+00    5.6642036136e+01   -1.4284519182e+01    6.8808801965e+00    2.7763452502e+00   -1.7060864432e+01    3.0000000000e+03    2.7641847300e-01    6.3982291667e-01
       377   -7.3783705661e+00    5.6919262242e+01   -1.4702722356e+01    7.3243517899e+00    2.7387454611e+00   -1.7441467817e+01    3.0000000000e+03    2.7619106800e-01    6.4423958333e-01
       378   -7.4026924806e+00    5.6796961869e+01   -1.4814872605e+01    7.4121801242e+00    2.7824712830e+00   -1.7597343888e+01    3.0000000000e+03    2.8538465500e-01    6.3780208333e-01
       379   -7.4597375967e+00    5.6845244163e+01   -1.4854516413e+01    7.3947788163e+00    2.7190915088e+00   -1.7573607922e+01    3.0000000000e+03    2.9664706200e-01    6.3866666667e-01
       380   -7.3906424772e+00    5.9447699036e+01   -1.4691942824e+01    7.3013003466e+00    2.8005285774e+00   -1.7492471401e+01    3.0000000000e+03    2.7761615700e-01    6.4013541667e-01
       381   -7.4339768608e+00    5.6660069739e+01   -1.5568155179e+01    8.1341783187e+00    2.8095028640e+00   -1.8377658043e+01    3.0000000000e+03    2.7973734900e-01    6.3804166667e-01
       382   -7.4791883687e+00    5.6950598204e+01   -1.4846206488e+01    7.3670181189e+00    2.7204284537e+00   -1.7566634941e+01    3.0000000000e+03    2.8277264900e-01    6.4107291667e-01
       383   -7.4382579857e+00    5.6362863554e+01   -1.4926774514e+01    7.4885165280e+00    2.7669077962e+00   -1.7693682310e+01    3.0000000000e+03    2.5496588900e-01    6.3907291667e-01
       384   -7.4759042964e+00    5.7186346716e+01   -1.4696104046e+01    7.2201997498e+00    2.7127125261e+00   -1.7408816572e+01    3.0000000000e+03    2.6616913600e-01    6.4028125000e-01
       385   -7.4171214298e+00    5.6188120820e+01   -1.5703904615e+01    8.2867831849e+00    2.7516757753e+00   -1.8455580390e+01    3.0000000000e+03    2.7869446500e-01    6.4182291667e-01
       386   -7.4284699483e+00    5.7562834194e+01   -1.4802781520e+01    7.3743115720e+00    2.7169033439e+00   -1.7519684864e+01    3.0000000000e+03    2.6694361600e-01    6.3891666667e-01
       387   -7.3346674668e+00    5.5995467804e+01   -1.4339605605e+01    7.0049381384e+00    2.8354537485e+00   -1.7175059354e+01    3.0000000000e+03    2.5631375600e-01    6.3806250000e-01
       388   -7.3781237868e+00    5.5734314491e+01   -1.3797482894e+01    6.4193591076e+00    2.7373798549e+00   -1.6534862749e+01    3.0000000000e+03    2.7071083200e-01    6.4285416667e-01
       389   -7.3649228059e+00    5.5873095988e+01   -1.5069645610e+01    7.7047228042e+00    2.7462339821e+00   -1.7815879592e+01    3.0000000000e+03    2.7949311100e-01    6.4001041667e-01
       390   -7.3882807321e+00    6.1087838208e+01   -1.5747824067e+01    8.3595433345e+00    2.8197743388e+00   -1.8567598405e+01    3.0000000000e+03    3.0741487500e-01    6.4082291667e-01
       391   -7.4190784646e+00    5.6536644233e+01   -1.5348429973e+01    7.9293515088e+00    2.8149956915e+00   -1.8163425665e+01    3.0000000000e+03    2.6491324500e-01    6.3739583333e-01
       392   -7.3719357714e+00    5.6313120144e+01   -1.4351745551e+01    6.9798097795e+00    2.8049439371e+00   -1.7156689488e+01    3.0000000000e+03    2.6942094700e-01    6.3916666667e-01
       393   -7.4475614660e+00    5.6703112665e+01   -1.4783158420e+01    7.3355969539e+00    2.7202884068e+00   -1.7503446827e+01    3.0000000000e+03    2.6446841700e-01    6.4054166667e-01
       394   -7.4417900646e+00    5.6478760378e+01   -1.4287309114e+01    6.8455190495e+00    2.6955146245e+00   -1.6982823739e+01    3.0000000000e+03    2.8539116600e-01    6.3821875000e-01
       395   -7.3933659114e+00    5.6848468036e+01   -1.4112868293e+01    6.7195023813e+00    2.7999347727e+00   -1.6912803065e+01    3.0000000000e+03    2.7284674500e-01    6.3877083333e-01
       396   -7.4222777829e+00    5.6211743936e+01   -1.4654257825e+01    7.2319800419e+00    2.7538381603e+00   -1.7408095985e+01    3.0000000000e+03    2.7100938400e-01    6.3870833333e-01
       397   -7.4298947977e+00    5.7079778860e+01   -1.5314164038e+01    7.8842692399e+00    2.7914282779e+00   -1.8105592315e+01    3.0000000000e+03    2.7809598500e-01    6.3796875000e-01
       398   -7.4096695690e+00    5.6466581790e+01   -1.4901031543e+01    7.4913619742e+00    2.7521695341e+00   -1.7653201077e+01    3.0000000000e+03    2.6742159700e-01    6.4084375000e-01
       399   -7.4872172434e+00    5.7163184277e+01   -1.4747703480e+01    7.2604862363e+00    2.6736219037e+00   -1.7421325383e+01    3.0000000000e+03    2.6885287100e-01    6.4080208333e-01
       400   -7.4623396760e+00    5.7007199584e+01   -1.4633931441e+01    7.1715917646e+00    2.7074046776e+00   -1.7341336118e+01    3.0000000000e+03    2.6573482400e-01    6.3978125000e-01
       401   -7.4536055647e+00    5.6790239697e+01   -1.5764539785e+01    8.3109342204e+00    2.7189770224e+00   -1.8483516808e+01    3.0000000000e+03    2.7276045800e-01    6.3872916667e-01
       402   -7.4212417836e+00    5.6891247521e+01   -1.4775533771e+01    7.3542919875e+00    2.7480909448e+00   -1.7523624716e+01    3.0000000000e+03    2.6837950400e-01    6.3902083333e-01
       403   -7.4535581068e+00    5.6816266330e+01   -1.4682870479e+01    7.2293123722e+00    2.7196135026e+00   -1.7402483981e+01    3.0000000000e+03    2.6303971200e-01    6.4072916667e-01
       404   -7.3815915457e+00    5.7252802131e+01   -1.4067926395e+01    6.6863348491e+00    2.7423481798e+00   -1.6810274575e+01    3.0000000000e+03    2.7765888100e-01    6.4025000000e-01
       405   -7.4142250408e+00    5.6255278896e+01   -1.3827987595e+01    6.4137625543e+00    2.7316282902e+00   -1.6559615885e+01    3.0000000000e+03    2.9574111900e-01    6.4453125000e-01
       406   -7.4269751938e+00    5.6324088498e+01   -1.4204940718e+01    6.7779655238e+00    2.7227391548e+00   -1.6927679872e+01    3.0000000000e+03    2.8500221900e-01    6.4167708333e-01
       407   -7.4203229512e+00    5.6525019994e+01   -1.5315377117e+01    7.8950541658e+00    2.8461089532e+00   -1.8161486070e+01    3.0000000000e+03    3.1955118200e-01    6.3955208333e-01
       408   -7.4402910872e+00    5.6925316875e+01   -1.4263661459e+01    6.8233703722e+00    2.7150781341e+00   -1.6978739593e+01    3.0000000000e+03    2.6712798400e-01    6.4034375000e-01
       409   -7.4038088874e+00    5.6052401727e+01   -1.4373986759e+01    6.9701778718e+00    2.6817445281e+00   -1.7055731287e+01    3.0000000000e+03    2.6668223800e-01    6.4208333333e-01
       410   -7.4417419560e+00    5.6782261092e+01   -1.4788433846e+01    7.3466918897e+00    2.7136202738e+00   -1.7502054119e+01    3.0000000000e+03    2.7485220900e-01    6.4104166667e-01
       411   -7.4382373617e+00    5.6635262039e+01   -1.5245228337e+01    7.8069909755e+00    2.8050536779e+00   -1.8050282015e+01    3.0000000000e+03    2.7403702100e-01    6.3645833333e-01
       412   -7.4069297190e+00    5.6259173769e+01   -1.4415191482e+01    7.0082617625e+00    2.7664195742e+00   -1.7181611056e+01    3.0000000000e+03    2.9290343900e-01    6.4229166667e-01
       413   -7.4536470321e+00    5.6609929695e+01   -1.4660304735e+01    7.2066577032e+00    2.7503105840e+00   -1.7410615319e+01    3.0000000000e+03    2.7859075200e-01    6.3745833333e-01
       414   -7.3971844964e+00    5.6181866753e+01   -1.4299909768e+01    6.9027252717e+00    2.7276134169e+00   -1.7027523185e+01    3.0000000000e+03    2.7415029100e-01    6.4047916667e-01
       415   -7.4590799955e+00    5.6798910495e+01   -1.4726808240e+01    7.2677282444e+00    2.7183936359e+00   -1.7445201876e+01    3.0000000000e+03    2.5922392800e-01    6.4211458333e-01
       416   -7.4640341815e+00    5.6738443369e+01   -1.4137418200e+01    6.6733840183e+00    2.7065422927e+00   -1.6843960493e+01    3.0000000000e+03    2.9309077300e-01    6.4307291667e-01
       417   -7.4374098957e+00    5.6736608051e+01   -1.4580287386e+01    7.1428774903e+00    2.7078586936e+00   -1.7288146080e+01    3.0000000000e+03    2.7726111800e-01    6.3831250000e-01
       418   -7.4411697995e+00    5.7190862960e+01   -1.5096838396e+01    7.6556685962e+00    2.7637854227e+00   -1.7860623818e+01    3.0000000000e+03    2.6566843000e-01    6.3992708333e-01
       419   -7.4617734420e+00    5.8205950850e+01   -1.5171366412e+01    7.7095929699e+00    2.7180608269e+00   -1.7889427239e+01    3.0000000000e+03    2.7163071700e-01    6.4179166667e-01
       420   -7.3927964480e+00    5.6744973259e+01   -1.4709101211e+01    7.3163047630e+00    2.7823127466e+00   -1.7491413958e+01    3.0000000000e+03    2.6944624000e-01    6.3953125000e-01
       421   -7.4412505834e+00    5.6788116019e+01   -1.5550818642e+01    8.1095680589e+00    2.7718284111e+00   -1.8322647053e+01    3.0000000000e+03    2.9712571500e-01    6.3836458333e-01
       422   -7.4235543379e+00    5.6483606087e+01   -1.4231819435e+01    6.8082650968e+00    2.7587344718e+00   -1.6990553906e+01    3.0000000000e+03    2.6506832200e-01    6.3995833333e-01
       423   -7.4075542333e+00    5.6163325813e+01   -1.4016948198e+01    6.6093939649e+00    2.7304976728e+00   -1.6747445871e+01    3.0000000000e+03    2.6081046800e-01    6.3993750000e-01
       424   -7.4150228030e+00    5.6163214732e+01   -1.3580796387e+01    6.1657735839e+00    2.6905584387e+00   -1.6271354826e+01    3.0000000000e+03    2.6273284300e-01    6.4347916667e-01
       425   -7.4919751322e+00    5.7210744264e+01   -1.4711113995e+01    7.2191388629e+00    2.6864721578e+00   -1.7397586153e+01    3.0000000000e+03    2.5681683400e-01    6.4012500000e-01
       426   -7.4803850937e+00    5.7258750389e+01   -1.4850311532e+01    7.3699264388e+00    2.7483731760e+00   -1.7598684709e+01    3.0000000000e+03    2.7242999200e-01    6.3897916667e-01
       427   -7.4270945047e+00    5.6583846099e+01   -1.4422577996e+01    6.9954834913e+00    2.7279453035e+00   -1.7150523299e+01    3.0000000000e+03    2.6811811700e-01    6.3994791667e-01
       428   -7.4093975801e+00    5.6598676656e+01   -1.4478744806e+01    7.0693472255e+00    2.7783746314e+00   -1.7257119437e+01    3.0000000000e+03    2.9653001800e-01    6.3665625000e-01
       429   -7.3505768538e+00    5.6714007860e+01   -1.4190287894e+01    6.8397110403e+00    2.8285877372e+00   -1.7018875631e+01    3.0000000000e+03    2.7475820800e-01    6.4092708333e-01
       430   -7.4429931214e+00    5.6706300472e+01   -1.4903188756e+01    7.4601956346e+00    2.7533752390e+00   -1.7656563995e+01    3.0000000000e+03    2.7717878100e-01    6.4115625000e-01
       431   -7.4242359177e+00    5.6306957828e+01   -1.4303777561e+01    6.8795416430e+00    2.6905785749e+00   -1.6994356136e+01    3.0000000000e+03    2.5479397400e-01    6.4327083333e-01
       432   -7.4540048146e+00    5.6852136931e+01   -1.4474939708e+01    7.0209348933e+00    2.7815140399e+00   -1.7256453748e+01    3.0000000000e+03    2.6153625500e-01    6.3694791667e-01
       433   -7.4493703950e+00    5.7650433176e+01   -1.5115058233e+01    7.6656878381e+00    2.7815818489e+00   -1.7896640082e+01    3.0000000000e+03    2.7397327300e-01    6.3738541667e-01
       434   -7.4353932508e+00    5.6696694343e+01   -1.5247828550e+01    7.8124352994e+00    2.7595967566e+00   -1.8007425307e+01    3.0000000000e+03    2.7923012800e-01    6.4079166667e-01
       435   -7.4191330505e+00    5.6449727384e+01   -1.5581604573e+01    8.1624715226e+00    2.7381652339e+00   -1.8319769807e+01    3.0000000000e+03    2.5886240700e-01    6.3946875000e-01
       436   -7.4031216034e+00    5.6182388316e+01   -1.4947217946e+01    7.5440963426e+00    2.7796459636e+00   -1.7726863910e+01    3.0000000000e+03    2.6950140400e-01    6.3702083333e-01
       437   -7.4145359394e+00    5.6300410606e+01   -1.4459959582e+01    7.0454236426e+00    2.7224145226e+00   -1.7182374105e+01    3.0000000000e+03    2.7970517300e-01    6.4384375000e-01
       438   -7.4296668730e+00    5.6615292415e+01   -1.4446099266e+01    7.0164323933e+00    2.6697359318e+00   -1.7115835198e+01    3.0000000000e+03    2.8654667300e-01    6.4125000000e-01
       439   -7.4123208003e+00    5.6536026084e+01   -1.5165548820e+01    7.7532280198e+00    2.8061244681e+00   -1.7971673288e+01    3.0000000000e+03    2.8013621000e-01    6.3753125000e-01
       440   -7.4030450671e+00    5.6258131992e+01   -1.4689104241e+01    7.2860591739e+00    2.7770049652e+00   -1.7466109206e+01    3.0000000000e+03    2.9440787000e-01    6.3961458333e-01
       441   -7.4233412139e+00    5.7073399006e+01   -1.4012873847e+01    6.5895326332e+00    2.7486837161e+00   -1.6761557563e+01    3.0000000000e+03    2.8612238400e-01    6.4243750000e-01
       442   -7.4752137232e+00    5.7180065328e+01   -1.4808747360e+01    7.3335336370e+00    2.7320485769e+00   -1.7540795937e+01    3.0000000000e+03    2.6876243500e-01    6.3934375000e-01
       443   -7.4504473081e+00    5.6994579335e+01   -1.4264435329e+01    6.8139880212e+00    2.6551281195e+00   -1.6919563449e+01    3.0000000000e+03    3.1240578600e-01    6.4275000000e-01
       444   -7.4047214421e+00    5.6335850572e+01   -1.4292038036e+01    6.8873165941e+00    2.7893359518e+00   -1.7081373988e+01    3.0000000000e+03    2.9207370200e-01    6.3751041667e-01
       445   -7.4316860635e+00    5.6699939901e+01   -1.6070614310e+01    8.6389282466e+00    2.7555972291e+00   -1.8826211539e+01    3.0000000000e+03    3.1711688500e-01    6.3940625000e-01
       446   -7.4093542511e+00    5.6524626817e+01   -1.5568850979e+01    8.1594967281e+00    2.9036135307e+00   -1.8472464510e+01    3.0000000000e+03    2.7642221000e-01    6.3126041667e-01
       447   -7.4540438335e+00    5.7740661321e+01   -1.4692523958e+01    7.2384801249e+00    2.7377856396e+00   -1.7430309598e+01    3.0000000000e+03    2.8448044700e-01    6.4080208333e-01
       448   -7.4489921415e+00    5.6490196752e+01   -1.4537733712e+01    7.0887415707e+00    2.7010883557e+00   -1.7238822068e+01    3.0000000000e+03    2.7566402400e-01    6.4196875000e-01
       449   -7.4229368751e+00    5.6487459446e+01   -1.4526830751e+01    7.1038938762e+00    2.7289221765e+00   -1.7255752928e+01    3.0000000000e+03    2.7783936300e-01    6.4185416667e-01
       450   -7.3517479735e+00    5.6550297526e+01   -1.4293831993e+01    6.9420840196e+00    2.8348167515e+00   -1.7128648745e+01    3.0000000000e+03    2.7464399000e-01    6.4254166667e-01
       451   -7.4083034916e+00    5.6606358026e+01   -1.4808393390e+01    7.4000898988e+00    2.7916375156e+00   -1.7600030906e+01    3.0000000000e+03    2.6745017100e-01    6.4241666667e-01
       452   -7.4504560926e+00    5.6954625101e+01   -1.5225001364e+01    7.7745452710e+00    2.8179387710e+00   -1.8042940135e+01    3.0000000000e+03    2.8410445000e-01    6.3561458333e-01
       453   -7.4117969537e+00    5.6131268296e+01   -1.4920527776e+01    7.5087308225e+00    2.7611269825e+00   -1.7681654759e+01    3.0000000000e+03    2.9434366900e-01    6.3867708333e-01
       454   -7.3842573365e+00    5.5967043158e+01   -1.5086113878e+01    7.7018565415e+00    2.8208302617e+00   -1.7906944140e+01    3.0000000000e+03    2.6470012100e-01    6.3782291667e-01
       455   -7.4467613802e+00    5.6435247606e+01   -1.5051982690e+01    7.6052213103e+00    2.7588623867e+00   -1.7810845077e+01    3.0000000000e+03    2.7655163800e-01    6.3958333333e-01
       456   -7.4556103472e+00    5.6786009063e+01   -1.5417825082e+01    7.9622147343e+00    2.7112500103e+00   -1.8129075092e+01    3.0000000000e+03    2.8539334600e-01    6.3856250000e-01
       457   -7.4084605740e+00    5.7075310290e+01   -1.4055913947e+01    6.6474533731e+00    2.7623096451e+00   -1.6818223592e+01    3.0000000000e+03    2.9001077600e-01    6.4239583333e-01
       458   -7.4089738862e+00    5.6291543968e+01   -1.5306193891e+01    7.8972200049e+00    2.6828186437e+00   -1.7989012535e+01    3.0000000000e+03    2.6553009800e-01    6.3983333333e-01
       459   -7.4287533180e+00    5.6865766113e+01   -1.4453470380e+01    7.0247170616e+00    2.8415234690e+00   -1.7294993849e+01    3.0000000000e+03    2.7772486100e-01    6.3730208333e-01
       460   -7.4517967518e+00    5.7171222747e+01   -1.4957311524e+01    7.5055147724e+00    2.7145675533e+00   -1.7671879077e+01    3.0000000000e+03    2.8178182800e-01    6.4116666667e-01
       461   -7.4417750540e+00    5.6933983247e+01   -1.4735138081e+01    7.2933630273e+00    2.7791819154e+00   -1.7514319997e+01    3.0000000000e+03    3.3109510800e-01    6.3441666667e-01
       462   -7.4461054673e+00    5.6845095011e+01   -1.4180606076e+01    6.7345006088e+00    2.7137810694e+00   -1.6894387146e+01    3.0000000000e+03    2.7119628400e-01    6.4057291667e-01
       463   -7.4567553328e+00    5.7021236662e+01   -1.4778749109e+01    7.3219937761e+00    2.7254863174e+00   -1.7504235426e+01    3.0000000000e+03    2.7542752000e-01    6.4047916667e-01
       464   -7.4696276552e+00    5.6819640252e+01   -1.4735879686e+01    7.2662520310e+00    2.6793682560e+00   -1.7415247942e+01    3.0000000000e+03    2.9036793800e-01    6.4179166667e-01
       465   -7.4052373830e+00    5.5901462880e+01   -1.4589790269e+01    7.1845528861e+00    2.7579593184e+00   -1.7347749587e+01    3.0000000000e+03    2.6090015800e-01    6.3934375000e-01
       466   -7.4187909974e+00    5.6476670227e+01   -1.4761397164e+01    7.3426061670e+00    2.7052922409e+00   -1.7466689405e+01    3.0000000000e+03    2.6830946300e-01    6.4062500000e-01
       467   -7.4388584064e+00    5.6523391022e+01   -1.4344251911e+01    6.9053935050e+00    2.6916357298e+00   -1.7035887641e+01    3.0000000000e+03    2.6434723800e-01    6.4245833333e-01
       468   -7.4365842032e+00    5.7667073024e+01   -1.4869971484e+01    7.4333872811e+00    2.7975187212e+00   -1.7667490206e+01    3.0000000000e+03    3.0229531800e-01    6.3791666667e-01
       469   -7.4385625784e+00    5.6598285172e+01   -1.4762045730e+01    7.3234831520e+00    2.7437186918e+00   -1.7505764422e+01    3.0000000000e+03    2.7131573700e-01    6.4065625000e-01
       470   -7.4422096059e+00    5.6634747953e+01   -1.4542228524e+01    7.1000189177e+00    2.6913105135e+00   -1.7233539037e+01    3.0000000000e+03    2.7859460800e-01    6.3995833333e-01
       471   -7.4089005776e+00    5.6182295389e+01   -1.4156133791e+01    6.7472332137e+00    2.7901892728e+00   -1.6946323064e+01    3.0000000000e+03    2.7564704800e-01    6.3843750000e-01
       472   -7.4042123983e+00    5.6409015299e+01   -1.4459756412e+01    7.0555440134e+00    2.7405182309e+00   -1.7200274642e+01    3.0000000000e+03    2.7764943300e-01    6.4407291667e-01
       473   -7.3647332443e+00    5.5416219502e+01   -1.4181203176e+01    6.8164699317e+00    2.7485217321e+00   -1.6929724908e+01    3.0000000000e+03    3.0278540500e-01    6.3910416667e-01
       474   -7.4387196143e+00    5.7075774532e+01   -1.4948325095e+01    7.5096054811e+00    2.8033831840e+00   -1.7751708279e+01    3.0000000000e+03    2.7699171400e-01    6.3873958333e-01
       475   -7.4806431096e+00    5.7138052921e+01   -1.4938987583e+01    7.4583444736e+00    2.7325113606e+00   -1.7671498944e+01    3.0000000000e+03    2.6108468700e-01    6.3894791667e-01
       476   -7.4384065239e+00    5.6582658130e+01   -1.4430523449e+01    6.9921169248e+00    2.6437739745e+00   -1.7074297423e+01    3.0000000000e+03    2.6933816100e-01    6.4445833333e-01
       477   -7.4780158273e+00    5.7143357028e+01   -1.5652078541e+01    8.1740627138e+00    2.7539084437e+00   -1.8405986985e+01    3.0000000000e+03    2.7525922800e-01    6.3650000000e-01
       478   -7.3611012159e+00    5.6665288638e+01   -1.4429363853e+01    7.0682626371e+00    2.8176468909e+00   -1.7247010744e+01    3.0000000000e+03    2.8001608500e-01    6.3931250000e-01
       479   -7.4380448112e+00    5.6696328349e+01   -1.4952391819e+01    7.5143470083e+00    2.7464975356e+00   -1.7698889355e+01    3.0000000000e+03    3.0159695400e-01    6.4102083333e-01
       480   -7.4261494762e+00    5.6722829781e+01   -1.4328107807e+01    6.9019583308e+00    2.7324768285e+00   -1.7060584636e+01    3.0000000000e+03    2.7672135700e-01    6.4040625000e-01
       481   -7.4857560581e+00    5.7450485973e+01   -1.5830737502e+01    8.3449814443e+00    2.7934927739e+00   -1.8624230276e+01    3.0000000000e+03    2.7488124700e-01    6.3578125000e-01
       482   -7.4083048541e+00    5.6674931817e+01   -1.5132158223e+01    7.7238533687e+00    2.7997589435e+00   -1.7931917166e+01    3.0000000000e+03    2.7593352000e-01    6.3711458333e-01
       483   -7.4062492703e+00    5.7709768437e+01   -1.4377752369e+01    6.9715030990e+00    2.7443021353e+00   -1.7122054505e+01    3.0000000000e+03    3.0232199800e-01    6.4043750000e-01
       484   -7.4359731141e+00    5.6608806769e+01   -1.4852548333e+01    7.4165752192e+00    2.7340687822e+00   -1.7586617116e+01    3.0000000000e+03    3.0813816500e-01    6.4065625000e-01
       485   -7.3929817116e+00    5.8224683359e+01   -1.4596703014e+01    7.2037213020e+00    2.7757649388e+00   -1.7372467952e+01    3.0000000000e+03    2.8220503300e-01    6.3954166667e-01
       486   -7.4508644134e+00    5.6552747591e+01   -1.4447357294e+01    6.9964928805e+00    2.6913952898e+00   -1.7138752584e+01    3.0000000000e+03    2.6333941500e-01    6.4159375000e-01
       487   -7.4271542413e+00    5.6836415647e+01   -1.5381163434e+01    7.9540091929e+00    2.8360597770e+00   -1.8217223211e+01    3.0000000000e+03    2.7997616700e-01    6.3623958333e-01
       488   -7.4277989420e+00    5.6781996446e+01   -1.5419980885e+01    7.9921819431e+00    2.7727419633e+00   -1.8192722848e+01    3.0000000000e+03    3.0090319400e-01    6.4060416667e-01
       489   -7.4206765519e+00    5.6598901323e+01   -1.4231514992e+01    6.8108384405e+00    2.6917048095e+00   -1.6923219802e+01    3.0000000000e+03    2.6991647900e-01    6.4169791667e-01
       490   -7.4611258903e+00    5.6991724972e+01   -1.4023160107e+01    6.5620342170e+00    2.6926911317e+00   -1.6715851239e+01    3.0000000000e+03    2.8406247500e-01    6.4257291667e-01
       491   -7.4665401209e+00    5.7059056917e+01   -1.4560550978e+01    7.0940108573e+00    2.7347306107e+00   -1.7295281589e+01    3.0000000000e+03    2.7767102900e-01    6.3873958333e-01
       492   -7.4049108572e+00    6.4826214260e+01   -1.5103480918e+01    7.6985700603e+00    2.7993926682e+00   -1.7902873586e+01    3.0000000000e+03    2.7836736300e-01    6.3795833333e-01
       493   -7.4474633345e+00    5.7022388303e+01   -1.4920153104e+01    7.4726897690e+00    2.7493899362e+00   -1.7669543040e+01    3.0000000000e+03    2.9327389400e-01    6.4260416667e-01
       494   -7.4472184019e+00    5.7025107130e+01   -1.4403312094e+01    6.9560936916e+00    2.7514738028e+00   -1.7154785896e+01    3.0000000000e+03    2.8007220300e-01    6.4050000000e-01
       495   -7.4672396683e+00    5.7631007345e+01   -1.5352389633e+01    7.8851499648e+00    2.7203507837e+00   -1.8072740417e+01    3.0000000000e+03    2.9216044600e-01    6.3933333333e-01
       496   -7.4728752776e+00    5.6818886023e+01   -1.5134832876e+01    7.6619575981e+00    2.6893054852e+00   -1.7824138361e+01    3.0000000000e+03    2.6738333200e-01    6.4202083333e-01
       497   -7.4405290794e+00    5.6359826279e+01   -1.4823191415e+01    7.3826623356e+00    2.7604552944e+00   -1.7583646709e+01    3.0000000000e+03    3.4212028200e-01    6.3837500000e-01
       498   -7.4450935326e+00    5.6567547984e+01   -1.4316105141e+01    6.8710116084e+00    2.6523320109e+00   -1.6968437152e+01    3.0000000000e+03    2.9602060200e-01    6.4320833333e-01
       499   -7.4485117606e+00    5.7017937593e+01   -1.4309178011e+01    6.8606662508e+00    2.7174692524e+00   -1.7026647264e+01    3.0000000000e+03    2.8309918700e-01    6.3980208333e-01
