#   index    LocalEnergy         LocalEnergy_sq      LocalPotential      Kinetic             ElecElec            IonElec             BlockWeight         BlockCPU            AcceptRatio         
         0   -7.5107280808e+00    5.9157754573e+01   -1.4974801641e+01    7.4640735602e+00    2.2112046987e+00   -1.7186006340e+01    3.0000000000e+03    3.1994425700e-01    7.1119166667e-01
         1   -7.5134744564e+00    5.9589265297e+01   -1.4843341875e+01    7.3298674185e+00    2.2472903041e+00   -1.7090632179e+01    3.0000000000e+03    3.3225965600e-01    7.0941666667e-01
         2   -7.4882837204e+00    5.7755758063e+01   -1.4498135667e+01    7.0098519470e+00    2.2956018005e+00   -1.6793737468e+01    3.0000000000e+03    4.1778433600e-01    7.0936666667e-01
         3   -7.4962708875e+00    5.8364402770e+01   -1.4603929342e+01    7.1076584544e+00    2.3399868659e+00   -1.6943916208e+01    3.0000000000e+03    3.2962344500e-01    7.0621666667e-01
         4   -7.5153841694e+00    5.9042080678e+01   -1.5551716185e+01    8.0363320156e+00    2.2969806238e+00   -1.7848696809e+01    3.0000000000e+03    3.1677334300e-01    7.0700000000e-01
         5   -7.4791269168e+00    5.8971920856e+01   -1.4414004645e+01    6.9348777284e+00    2.2869664113e+00   -1.6700971056e+01    3.0000000000e+03    2.9411633500e-01    7.1045833333e-01
         6   -7.4745792550e+00    5.7876078058e+01   -1.4418243068e+01    6.9436638133e+00    2.2661792069e+00   -1.6684422275e+01    3.0000000000e+03    3.3654503100e-01    7.0885000000e-01
         7   -7.5979207978e+00    6.1861384497e+01   -1.5251499303e+01    7.6535785048e+00    2.2827405142e+00   -1.7534239817e+01    3.0000000000e+03    3.3996402300e-01    7.0854166667e-01
         8   -7.4695107031e+00    5.8229874198e+01   -1.4461201982e+01    6.9916912793e+00    2.2655928363e+00   -1.6726794819e+01    3.0000000000e+03    3.3795309400e-01    7.1148333333e-01
         9   -7.5151990861e+00    5.8517844066e+01   -1.4909864559e+01    7.3946654734e+00    2.2645182328e+00   -1.7174382792e+01    3.0000000000e+03    3.2703590600e-01    7.0907500000e-01
        10   -7.4853029438e+00    5.8512303251e+01   -1.4920655203e+01    7.4353522596e+00    2.2155837433e+00   -1.7136238947e+01    3.0000000000e+03    2.9903799700e-01    7.1020833333e-01
        11   -7.5500796024e+00    5.9328950281e+01   -1.5205088738e+01    7.6550091358e+00    2.2734954922e+00   -1.7478584230e+01    3.0000000000e+03    3.1270817200e-01    7.0606666667e-01
        12   -7.4761122378e+00    5.7870614899e+01   -1.4442047101e+01    6.9659348630e+00    2.2470792155e+00   -1.6689126316e+01    3.0000000000e+03    3.4616923700e-01    7.0727500000e-01
        13   -7.4983262429e+00    5.7687889695e+01   -1.4199549612e+01    6.7012233689e+00    2.2978585413e+00   -1.6497408153e+01    3.0000000000e+03    3.1958304400e-01    7.0785000000e-01
        14   -7.5641414404e+00    5.9697921418e+01   -1.4917550085e+01    7.3534086445e+00    2.3116346106e+00   -1.7229184695e+01    3.0000000000e+03    3.2969648000e-01    7.0813333333e-01
        15   -7.4102399409e+00    5.8707166496e+01   -1.5247147280e+01    7.8369073389e+00    2.2370127753e+00   -1.7484160055e+01    3.0000000000e+03    3.2161901700e-01    7.0536666667e-01
        16   -7.5760389321e+00    6.6287535742e+01   -1.6121928217e+01    8.5458892853e+00    2.2605808839e+00   -1.8382509101e+01    3.0000000000e+03    3.0757911100e-01    7.0780833333e-01
        17   -7.4399557675e+00    5.7880439957e+01   -1.5708619185e+01    8.2686634173e+00    2.4078141635e+00   -1.8116433348e+01    3.0000000000e+03    2.9321334900e-01    7.0473333333e-01
        18   -7.5457570513e+00    5.8757304176e+01   -1.4711461933e+01    7.1657048818e+00    2.2827055630e+00   -1.6994167496e+01    3.0000000000e+03    3.1732905500e-01    7.0720000000e-01
        19   -7.4878311793e+00    5.8297811497e+01   -1.4694985532e+01    7.2071543522e+00    2.3615121018e+00   -1.7056497633e+01    3.0000000000e+03    2.9952655200e-01    7.0795000000e-01
        20   -7.5573930595e+00    5.8878081624e+01   -1.5031777640e+01    7.4743845804e+00    2.3006629604e+00   -1.7332440600e+01    3.0000000000e+03    3.0445633900e-01    7.0656666667e-01
        21   -7.5799042635e+00    6.0307475985e+01   -1.5090883457e+01    7.5109791934e+00    2.2700737456e+00   -1.7360957202e+01    3.0000000000e+03    3.1419259600e-01    7.0868333333e-01
        22   -7.4750160023e+00    5.9158184346e+01   -1.4311384611e+01    6.8363686088e+00    2.3089107050e+00   -1.6620295316e+01    3.0000000000e+03    2.9613685200e-01    7.0638333333e-01
        23   -7.6076690819e+00    6.1843194149e+01   -1.4982046342e+01    7.3743772605e+00    2.2589647581e+00   -1.7241011101e+01    3.0000000000e+03    2.9307989200e-01    7.0846666667e-01
        24   -7.5167394978e+00    5.8842536854e+01   -1.4424461091e+01    6.9077215927e+00    2.2766123356e+00   -1.6701073426e+01    3.0000000000e+03    3.1018460000e-01    7.0862500000e-01
        25   -7.6019694320e+00    6.0209446749e+01   -1.4343041163e+01    6.7410717306e+00    2.2344008338e+00   -1.6577441996e+01    3.0000000000e+03    2.9766214200e-01    7.0778333333e-01
        26   -7.5251709795e+00    6.0119963910e+01   -1.5103168992e+01    7.5779980124e+00    2.2521606036e+00   -1.7355329596e+01    3.0000000000e+03    2.7799618300e-01    7.0820833333e-01
        27   -7.5224284904e+00    5.8823057309e+01   -1.5200227087e+01    7.6777985961e+00    2.2491244507e+00   -1.7449351537e+01    3.0000000000e+03    2.7720339000e-01    7.0837500000e-01
        28   -7.4993409043e+00    5.8837458336e+01   -1.4668087807e+01    7.1687469029e+00    2.2587828072e+00   -1.6926870614e+01    3.0000000000e+03    3.4938188000e-01    7.0994166667e-01
        29   -7.4539385751e+00    5.7909028019e+01   -1.5089151526e+01    7.6352129511e+00    2.3170269863e+00   -1.7406178512e+01    3.0000000000e+03    2.8447194100e-01    7.0509166667e-01
        30   -7.4014981821e+00    5.8077850551e+01   -1.4948677578e+01    7.5471793961e+00    2.2915325366e+00   -1.7240210115e+01    3.0000000000e+03    3.3427145800e-01    7.1071666667e-01
        31   -7.6161290790e+00    5.9768023026e+01   -1.4944622461e+01    7.3284933816e+00    2.2439270727e+00   -1.7188549533e+01    3.0000000000e+03    3.0574795300e-01    7.0860833333e-01
        32   -7.5818851869e+00    6.0175180050e+01   -1.4925421665e+01    7.3435364783e+00    2.2756849295e+00   -1.7201106595e+01    3.0000000000e+03    2.9203271800e-01    7.0590000000e-01
        33   -7.5477375566e+00    5.9705447067e+01   -1.4702505908e+01    7.1547683514e+00    2.3065775698e+00   -1.7009083478e+01    3.0000000000e+03    2.8755675700e-01    7.0940000000e-01
        34   -7.4505904857e+00    5.7535861928e+01   -1.3794916059e+01    6.3443255732e+00    2.2670298559e+00   -1.6061945915e+01    3.0000000000e+03    3.0636881900e-01    7.0966666667e-01
        35   -7.3770128302e+00    6.9090152476e+01   -1.4764935545e+01    7.3879227148e+00    2.3336633529e+00   -1.7098598898e+01    3.0000000000e+03    2.8626879800e-01    7.0750833333e-01
        36   -7.4900827449e+00    5.8382863120e+01   -1.4446802707e+01    6.9567199622e+00    2.2213233503e+00   -1.6668126057e+01    3.0000000000e+03    2.8889683800e-01    7.1012500000e-01
        37   -7.5494027334e+00    5.9728474362e+01   -1.5107942366e+01    7.5585396324e+00    2.3448882216e+00   -1.7452830587e+01    3.0000000000e+03    2.9003589200e-01    7.0633333333e-01
        38   -7.3855109387e+00    5.9194302113e+01   -1.5748615318e+01    8.3631043795e+00    2.3142147329e+00   -1.8062830051e+01    3.0000000000e+03    3.2165868700e-01    7.0540000000e-01
        39   -7.4830988723e+00    5.8629256528e+01   -1.4834249566e+01    7.3511506941e+00    2.2964531478e+00   -1.7130702714e+01    3.0000000000e+03    2.9771619800e-01    7.0919166667e-01
        40   -7.4430769055e+00    5.8289778147e+01   -1.5168196653e+01    7.7251197479e+00    2.3429495937e+00   -1.7511146247e+01    3.0000000000e+03    2.9710736200e-01    7.0569166667e-01
        41   -7.5574655741e+00    5.9578955343e+01   -1.4768681383e+01    7.2112158093e+00    2.2251868305e+00   -1.6993868214e+01    3.0000000000e+03    3.1618229500e-01    7.0879166667e-01
        42   -7.6181839292e+00    6.0631304298e+01   -1.5647541881e+01    8.0293579514e+00    2.2930263532e+00   -1.7940568234e+01    3.0000000000e+03    2.8599567000e-01    7.0828333333e-01
        43   -7.5633437409e+00    5.8601139748e+01   -1.4645227089e+01    7.0818833483e+00    2.2926412200e+00   -1.6937868309e+01    3.0000000000e+03    2.8920861800e-01    7.0803333333e-01
        44   -7.4962995807e+00    6.0148721553e+01   -1.6152702988e+01    8.6564034069e+00    2.2777667438e+00   -1.8430469731e+01    3.0000000000e+03    3.3420287600e-01    7.0950000000e-01
        45   -7.5351743958e+00    5.8649350794e+01   -1.4754853235e+01    7.2196788390e+00    2.2285697143e+00   -1.6983422949e+01    3.0000000000e+03    2.9028995900e-01    7.0943333333e-01
        46   -7.5457473597e+00    5.8431152911e+01   -1.4297269411e+01    6.7515220513e+00    2.2631184328e+00   -1.6560387844e+01    3.0000000000e+03    3.0240225500e-01    7.1027500000e-01
        47   -7.5220887487e+00    5.8502926634e+01   -1.4728147710e+01    7.2060589617e+00    2.2967142129e+00   -1.7024861923e+01    3.0000000000e+03    3.1276393000e-01    7.0809166667e-01
        48   -7.4554066379e+00    6.0284747257e+01   -1.5522827666e+01    8.0674210278e+00    2.3148817556e+00   -1.7837709421e+01    3.0000000000e+03    2.8979272100e-01    7.0749166667e-01
        49   -7.5163688118e+00    5.8056232715e+01   -1.4693782544e+01    7.1774137327e+00    2.2817243951e+00   -1.6975506940e+01    3.0000000000e+03    2.8772740200e-01    7.0840000000e-01
        50   -7.5359175746e+00    6.0050176857e+01   -1.4831228089e+01    7.2953105148e+00    2.3295339444e+00   -1.7160762034e+01    3.0000000000e+03    3.1629226900e-01    7.0911666667e-01
        51   -7.7676496292e+00    8.5230334814e+01   -1.5279669111e+01    7.5120194820e+00    2.2949782565e+00   -1.7574647368e+01    3.0000000000e+03    2.8807150100e-01    7.0678333333e-01
        52   -7.4918216726e+00    5.7949906798e+01   -1.4603184420e+01    7.1113627475e+00    2.2626988216e+00   -1.6865883242e+01    3.0000000000e+03    2.8598173300e-01    7.0891666667e-01
        53   -7.4838547351e+00    5.7955989733e+01   -1.4202848428e+01    6.7189936924e+00    2.2432450905e+00   -1.6446093518e+01    3.0000000000e+03    3.0066559100e-01    7.1190833333e-01
        54   -7.4229771981e+00    5.9658348671e+01   -1.3857570137e+01    6.4345929386e+00    2.3243260662e+00   -1.6181896203e+01    3.0000000000e+03    2.9286302900e-01    7.1175000000e-01
        55   -7.5801117977e+00    5.9672306158e+01   -1.5188798615e+01    7.6086868171e+00    2.2776232492e+00   -1.7466421864e+01    3.0000000000e+03    3.0435136100e-01    7.0754166667e-01
        56   -7.5610941050e+00    5.8504508633e+01   -1.4725592317e+01    7.1644982119e+00    2.2520619235e+00   -1.6977654240e+01    3.0000000000e+03    2.8236899600e-01    7.0910000000e-01
        57   -7.4880421473e+00    5.9022732087e+01   -1.5434442801e+01    7.9464006539e+00    2.2700171816e+00   -1.7704459983e+01    3.0000000000e+03    3.1948812000e-01    7.0639166667e-01
        58   -7.5082436725e+00    5.8448022507e+01   -1.5605053104e+01    8.0968094319e+00    2.3397085541e+00   -1.7944761658e+01    3.0000000000e+03    3.0562039800e-01    7.0603333333e-01
        59   -7.3324006060e+00    5.8125289588e+01   -1.6382895453e+01    9.0504948474e+00    2.3665831948e+00   -1.8749478648e+01    3.0000000000e+03    2.8735584300e-01    7.0746666667e-01
        60   -7.6291532245e+00    6.2037491897e+01   -1.5157862306e+01    7.5287090816e+00    2.2416776332e+00   -1.7399539939e+01    3.0000000000e+03    3.1667450600e-01    7.1150000000e-01
        61   -7.4652138015e+00    5.7608298363e+01   -1.4783470398e+01    7.3182565968e+00    2.3151060999e+00   -1.7098576498e+01    3.0000000000e+03    2.8051231500e-01    7.0615000000e-01
        62   -7.4415136096e+00    5.7542534947e+01   -1.4944775352e+01    7.5032617419e+00    2.3275037363e+00   -1.7272279088e+01    3.0000000000e+03    2.8316768700e-01    7.0455833333e-01
        63   -7.4731723917e+00    5.8971171624e+01   -1.5340923587e+01    7.8677511956e+00    2.2334673530e+00   -1.7574390940e+01    3.0000000000e+03    2.7926513100e-01    7.0892500000e-01
        64   -7.4642759388e+00    5.8694230495e+01   -1.4534435069e+01    7.0701591306e+00    2.3459752624e+00   -1.6880410332e+01    3.0000000000e+03    3.3043864100e-01    7.0601666667e-01
        65   -7.4419026757e+00    6.0943200414e+01   -1.6428551114e+01    8.9866484387e+00    2.2700297372e+00   -1.8698580852e+01    3.0000000000e+03    3.1087625800e-01    7.0656666667e-01
        66   -7.4427273705e+00    5.8788306418e+01   -1.6327252064e+01    8.8845246930e+00    2.3017123982e+00   -1.8628964462e+01    3.0000000000e+03    3.0961416900e-01    7.0553333333e-01
        67   -7.4818562418e+00    5.8854979421e+01   -1.4926445790e+01    7.4445895485e+00    2.2941051263e+00   -1.7220550917e+01    3.0000000000e+03    3.1505215100e-01    7.0444166667e-01
        68   -7.5859415421e+00    5.9161183008e+01   -1.4988364194e+01    7.4024226516e+00    2.2273469294e+00   -1.7215711123e+01    3.0000000000e+03    3.1335267100e-01    7.0877500000e-01
        69   -7.5630641467e+00    5.8931216673e+01   -1.4571665984e+01    7.0086018377e+00    2.2365058267e+00   -1.6808171811e+01    3.0000000000e+03    3.3187969600e-01    7.0958333333e-01
        70   -7.5532600192e+00    5.9739749383e+01   -1.4793750556e+01    7.2404905370e+00    2.2557836016e+00   -1.7049534158e+01    3.0000000000e+03    3.4588889200e-01    7.0901666667e-01
        71   -7.5323023895e+00    5.8911465291e+01   -1.5098213063e+01    7.5659106735e+00    2.2812420565e+00   -1.7379455119e+01    3.0000000000e+03    3.7002379500e-01    7.0804166667e-01
        72   -7.4994168162e+00    5.9470882933e+01   -1.5186230215e+01    7.6868133985e+00    2.2434479529e+00   -1.7429678168e+01    3.0000000000e+03    3.1016491500e-01    7.0762500000e-01
        73   -7.6271094425e+00    6.0203069514e+01   -1.5466692719e+01    7.8395832762e+00    2.2470547157e+00   -1.7713747434e+01    3.0000000000e+03    3.2247132900e-01    7.0566666667e-01
        74   -7.4833728494e+00    5.7781569679e+01   -1.4446597531e+01    6.9632246815e+00    2.2913132553e+00   -1.6737910786e+01    3.0000000000e+03    3.1014550500e-01    7.0960000000e-01
        75   -7.6138469744e+00    6.0254297078e+01   -1.4803351572e+01    7.1895045979e+00    2.2723011039e+00   -1.7075652676e+01    3.0000000000e+03    3.2628840600e-01    7.0898333333e-01
        76   -7.5252072761e+00    5.8596926238e+01   -1.4896891280e+01    7.3716840040e+00    2.3116650242e+00   -1.7208556304e+01    3.0000000000e+03    3.4472643600e-01    7.0619166667e-01
        77   -7.6598503570e+00    6.0818834442e+01   -1.5252989116e+01    7.5931387588e+00    2.3016772605e+00   -1.7554666376e+01    3.0000000000e+03    2.8607176800e-01    7.0595833333e-01
        78   -7.6258401020e+00    6.0852403482e+01   -1.6099865670e+01    8.4740255684e+00    2.2806450326e+00   -1.8380510703e+01    3.0000000000e+03    3.8181903700e-01    7.0800833333e-01
        79   -7.4116711764e+00    5.8216337528e+01   -1.5395083655e+01    7.9834124781e+00    2.2421138599e+00   -1.7637197514e+01    3.0000000000e+03    3.5482457400e-01    7.0920000000e-01
        80   -7.5366412885e+00    5.8518332715e+01   -1.4267708520e+01    6.7310672316e+00    2.2772693244e+00   -1.6544977845e+01    3.0000000000e+03    2.8218371400e-01    7.0755000000e-01
        81   -7.5457369359e+00    5.9112898026e+01   -1.5296013750e+01    7.7502768144e+00    2.2870515070e+00   -1.7583065257e+01    3.0000000000e+03    3.1394766700e-01    7.0617500000e-01
        82   -7.4514951386e+00    5.9438028417e+01   -1.5496947857e+01    8.0454527186e+00    2.3154148912e+00   -1.7812362748e+01    3.0000000000e+03    3.0124779300e-01    7.0826666667e-01
        83   -7.5629440465e+00    5.8947571563e+01   -1.5033510369e+01    7.4705663221e+00    2.2564085538e+00   -1.7289918922e+01    3.0000000000e+03    3.3881168800e-01    7.0706666667e-01
        84   -7.4854601986e+00    5.9005574100e+01   -1.5563143232e+01    8.0776830333e+00    2.3327360023e+00   -1.7895879234e+01    3.0000000000e+03    3.2128073500e-01    7.0727500000e-01
        85   -7.5378533904e+00    5.9385944540e+01   -1.5043598398e+01    7.5057450080e+00    2.2593006453e+00   -1.7302899044e+01    3.0000000000e+03    3.0940798500e-01    7.0786666667e-01
        86   -7.5167682854e+00    5.8418073101e+01   -1.4940518180e+01    7.4237498945e+00    2.2386779357e+00   -1.7179196115e+01    3.0000000000e+03    3.2630377000e-01    7.0870000000e-01
        87   -7.4200597588e+00    5.7821821417e+01   -1.5024941214e+01    7.6048814551e+00    2.2669722904e+00   -1.7291913504e+01    3.0000000000e+03    2.9495540900e-01    7.0625000000e-01
        88   -7.8108627824e+00    2.8060295992e+02   -1.5338789671e+01    7.5279268883e+00    2.2998451176e+00   -1.7638634788e+01    3.0000000000e+03    3.0717548200e-01    7.0563333333e-01
        89   -7.4964289849e+00    5.9003704441e+01   -1.5447524041e+01    7.9510950566e+00    2.3484191656e+00   -1.7795943207e+01    3.0000000000e+03    3.1950195900e-01    7.0621666667e-01
        90   -7.5270919177e+00    5.8325465034e+01   -1.4617149647e+01    7.0900577294e+00    2.2774933566e+00   -1.6894643004e+01    3.0000000000e+03    3.2158374300e-01    7.0813333333e-01
        91   -7.5155742639e+00    5.9039646651e+01   -1.4751675905e+01    7.2361016406e+00    2.2880833173e+00   -1.7039759222e+01    3.0000000000e+03    3.3070073300e-01    7.0809166667e-01
        92   -7.5202610813e+00    5.9198112327e+01   -1.4930631059e+01    7.4103699781e+00    2.2551636725e+00   -1.7185794732e+01    3.0000000000e+03    3.2202228300e-01    7.0762500000e-01
        93   -7.5526193414e+00    5.9236636865e+01   -1.5213210503e+01    7.6605911615e+00    2.2574189112e+00   -1.7470629414e+01    3.0000000000e+03    3.3209103900e-01    7.0823333333e-01
        94   -7.5386251313e+00    5.9192820090e+01   -1.5046359137e+01    7.5077340054e+00    2.3188934953e+00   -1.7365252632e+01    3.0000000000e+03    3.0774284600e-01    7.0650000000e-01
        95   -7.4262759363e+00    5.8630937539e+01   -1.5817025374e+01    8.3907494378e+00    2.2878533948e+00   -1.8104878769e+01    3.0000000000e+03    3.1770426500e-01    7.1189166667e-01
        96   -7.4977762767e+00    5.8591408405e+01   -1.5087353994e+01    7.5895777173e+00    2.2838473481e+00   -1.7371201342e+01    3.0000000000e+03    3.1895960600e-01    7.0734166667e-01
        97   -7.4556912909e+00    5.7837512290e+01   -1.4467600721e+01    7.0119094297e+00    2.2867995208e+00   -1.6754400241e+01    3.0000000000e+03    3.1908748700e-01    7.0791666667e-01
        98   -7.6037895298e+00    5.9811041241e+01   -1.4827778561e+01    7.2239890308e+00    2.2410091108e+00   -1.7068787671e+01    3.0000000000e+03    2.8258824400e-01    7.0736666667e-01
        99   -7.5822744277e+00    6.0683769972e+01   -1.5778662221e+01    8.1963877933e+00    2.2878643459e+00   -1.8066526567e+01    3.0000000000e+03    2.8642891000e-01    7.0468333333e-01
       100   -7.4165184519e+00    5.7435623895e+01   -1.4786834664e+01    7.3703162116e+00    2.2994433964e+00   -1.7086278060e+01    3.0000000000e+03    3.0833685400e-01    7.0821666667e-01
       101   -7.5167339723e+00    5.7987646744e+01   -1.4473695015e+01    6.9569610423e+00    2.2431857742e+00   -1.6716880789e+01    3.0000000000e+03    3.0157572800e-01    7.0704166667e-01
       102   -7.5465499635e+00    5.8518887438e+01   -1.4804015939e+01    7.2574659757e+00    2.2908940196e+00   -1.7094909959e+01    3.0000000000e+03    3.0441080800e-01    7.0763333333e-01
       103   -7.5556321392e+00    6.0396360778e+01   -1.4770126299e+01    7.2144941598e+00    2.2569455334e+00   -1.7027071832e+01    3.0000000000e+03    3.2932035500e-01    7.0835000000e-01
       104   -7.4592095052e+00    6.2262953718e+01   -1.4786973002e+01    7.3277634964e+00    2.3208469504e+00   -1.7107819952e+01    3.0000000000e+03    3.3973175700e-01    7.0673333333e-01
       105   -7.5102327264e+00    5.8184945159e+01   -1.4607642117e+01    7.0974093906e+00    2.2572158354e+00   -1.6864857952e+01    3.0000000000e+03    3.2112285000e-01    7.0899166667e-01
       106   -7.4707682933e+00    5.8836995813e+01   -1.4086401172e+01    6.6156328788e+00    2.2894816488e+00   -1.6375882821e+01    3.0000000000e+03    3.0335533400e-01    7.1011666667e-01
       107   -7.6346786176e+00    6.2602531993e+01   -1.5967507199e+01    8.3328285814e+00    2.2314122859e+00   -1.8198919485e+01    3.0000000000e+03    2.9370187300e-01    7.0905000000e-01
       108   -7.5227302579e+00    5.8522028916e+01   -1.3904220678e+01    6.3814904205e+00    2.2412703943e+00   -1.6145491073e+01    3.0000000000e+03    3.1535742400e-01    7.1144166667e-01
       109   -7.4353572806e+00    5.7518090793e+01   -1.4750447371e+01    7.3150900906e+00    2.3473798379e+00   -1.7097827209e+01    3.0000000000e+03    3.3432949800e-01    7.0639166667e-01
       110   -7.5264236678e+00    5.8689601460e+01   -1.4536276465e+01    7.0098527971e+00    2.2610089291e+00   -1.6797285394e+01    3.0000000000e+03    3.0194275300e-01    7.0953333333e-01
       111   -7.5333496737e+00    5.8690764085e+01   -1.4985072797e+01    7.4517231235e+00    2.2953161890e+00   -1.7280388986e+01    3.0000000000e+03    2.9585600200e-01    7.0682500000e-01
       112   -7.4983304364e+00    5.7901191931e+01   -1.4722892141e+01    7.2245617045e+00    2.2933420444e+00   -1.7016234185e+01    3.0000000000e+03    3.0096035800e-01    7.0702500000e-01
       113   -7.5263929325e+00    5.8367910083e+01   -1.4798767896e+01    7.2723749630e+00    2.2671035317e+00   -1.7065871427e+01    3.0000000000e+03    3.2575796700e-01    7.0834166667e-01
       114   -7.5396865823e+00    5.8339674490e+01   -1.4879329631e+01    7.3396430484e+00    2.2543621199e+00   -1.7133691751e+01    3.0000000000e+03    3.1188025300e-01    7.0754166667e-01
       115   -7.5730214621e+00    5.9732913250e+01   -1.5352072689e+01    7.7790512273e+00    2.3112465701e+00   -1.7663319260e+01    3.0000000000e+03    2.9665134900e-01    7.0867500000e-01
       116   -7.5287559982e+00    5.9064069553e+01   -1.5056550589e+01    7.5277945912e+00    2.3360065028e+00   -1.7392557092e+01    3.0000000000e+03    2.8232789900e-01    7.0778333333e-01
       117   -7.4930775684e+00    6.0231709899e+01   -1.5702053410e+01    8.2089758418e+00    2.2417167176e+00   -1.7943770128e+01    3.0000000000e+03    3.0474310700e-01    7.0944166667e-01
       118   -7.4374027206e+00    5.8451063316e+01   -1.5625632274e+01    8.1882295536e+00    2.3436212199e+00   -1.7969253494e+01    3.0000000000e+03    3.0993567900e-01    7.0629166667e-01
       119   -7.5917638052e+00    5.9281749323e+01   -1.5201701703e+01    7.6099378975e+00    2.2933515276e+00   -1.7495053230e+01    3.0000000000e+03    3.0255395100e-01    7.0781666667e-01
       120   -7.5161126038e+00    5.8466892775e+01   -1.4769000825e+01    7.2528882208e+00    2.2528300449e+00   -1.7021830870e+01    3.0000000000e+03    2.9418851700e-01    7.0815000000e-01
       121   -7.5051607435e+00    5.8545610477e+01   -1.4614250985e+01    7.1090902414e+00    2.3192767483e+00   -1.6933527733e+01    3.0000000000e+03    3.2044192400e-01    7.0816666667e-01
       122   -7.5437758346e+00    5.8790561417e+01   -1.5107077482e+01    7.5633016473e+00    2.2730310747e+00   -1.7380108557e+01    3.0000000000e+03    4.2547768400e-01    7.0596666667e-01
       123   -7.4382858432e+00    5.7735722451e+01   -1.4859734734e+01    7.4214488908e+00    2.2920602435e+00   -1.7151794978e+01    3.0000000000e+03    3.2030848000e-01    7.0810000000e-01
       124   -7.5014565652e+00    5.8602254372e+01   -1.4666606562e+01    7.1651499966e+00    2.2590630790e+00   -1.6925669641e+01    3.0000000000e+03    3.0834931800e-01    7.0735000000e-01
       125   -7.5663617984e+00    5.9334317930e+01   -1.5039715933e+01    7.4733541346e+00    2.3099543156e+00   -1.7349670249e+01    3.0000000000e+03    3.1469588300e-01    7.0680000000e-01
       126   -7.5248706391e+00    5.8322290779e+01   -1.4852066921e+01    7.3271962817e+00    2.2667480913e+00   -1.7118815012e+01    3.0000000000e+03    3.2555328400e-01    7.0851666667e-01
       127   -7.4867880835e+00    6.2557205523e+01   -1.5910843372e+01    8.4240552882e+00    2.3927320689e+00   -1.8303575441e+01    3.0000000000e+03    3.0999404900e-01    7.0494166667e-01
       128   -7.5555710358e+00    5.9017037011e+01   -1.5186589122e+01    7.6310180863e+00    2.3237162646e+00   -1.7510305387e+01    3.0000000000e+03    2.9264513900e-01    7.0572500000e-01
       129   -7.5165286339e+00    5.8330299454e+01   -1.4951431152e+01    7.4349025183e+00    2.2410706011e+00   -1.7192501753e+01    3.0000000000e+03    2.9931738400e-01    7.0785000000e-01
       130   -7.5231665162e+00    6.2461995258e+01   -1.4343760940e+01    6.8205944240e+00    2.2229655196e+00   -1.6566726460e+01    3.0000000000e+03    3.4320582000e-01    7.0972500000e-01
       131   -7.5766466032e+00    5.8961211457e+01   -1.4243305806e+01    6.6666592031e+00    2.2856770975e+00   -1.6528982904e+01    3.0000000000e+03    2.9356607000e-01    7.0755000000e-01
       132   -7.4877356668e+00    5.8570425527e+01   -1.5086765377e+01    7.5990297104e+00    2.2426869215e+00   -1.7329452299e+01    3.0000000000e+03    2.8905988600e-01    7.1015000000e-01
       133   -7.5470137830e+00    5.9161435695e+01   -1.5265353055e+01    7.7183392722e+00    2.3228329139e+00   -1.7588185969e+01    3.0000000000e+03    3.1903172700e-01    7.0520833333e-01
       134   -7.4977693499e+00    5.8245221378e+01   -1.4600937356e+01    7.1031680059e+00    2.2153137134e+00   -1.6816251069e+01    3.0000000000e+03    3.1248455700e-01    7.1095833333e-01
       135   -7.4918383780e+00    5.8101954364e+01   -1.4632816271e+01    7.1409778929e+00    2.3045052338e+00   -1.6937321505e+01    3.0000000000e+03    3.3250643700e-01    7.1008333333e-01
       136   -7.5389474083e+00    6.0063068489e+01   -1.4431862719e+01    6.8929153103e+00    2.2781958750e+00   -1.6710058594e+01    3.0000000000e+03    3.2567773600e-01    7.0996666667e-01
       137   -7.6021945617e+00    5.9597672958e+01   -1.4723450912e+01    7.1212563505e+00    2.2647054105e+00   -1.6988156323e+01    3.0000000000e+03    2.8172627100e-01    7.0897500000e-01
       138   -7.4906593306e+00    5.9184686130e+01   -1.4756241779e+01    7.2655824489e+00    2.3148415202e+00   -1.7071083300e+01    3.0000000000e+03    2.9027562600e-01    7.0812500000e-01
       139   -7.5646601636e+00    5.9454183860e+01   -1.5253392692e+01    7.6887325279e+00    2.2912525882e+00   -1.7544645280e+01    3.0000000000e+03    2.9951315100e-01    7.0830000000e-01
       140   -7.7961773650e+00    1.4123389076e+02   -1.4903097678e+01    7.1069203127e+00    2.2750609584e+00   -1.7178158636e+01    3.0000000000e+03    3.1587785200e-01    7.1026666667e-01
       141   -7.5793821155e+00    6.3131338615e+01   -1.4731403559e+01    7.1520214434e+00    2.3101321468e+00   -1.7041535706e+01    3.0000000000e+03    3.8309961400e-01    7.0815833333e-01
       142   -7.4164051832e+00    5.8676189522e+01   -1.4975898273e+01    7.5594930897e+00    2.3260338828e+00   -1.7301932156e+01    3.0000000000e+03    4.7103335700e-01    7.0848333333e-01
       143   -7.4643477752e+00    5.8589549000e+01   -1.4472727725e+01    7.0083799496e+00    2.2526156489e+00   -1.6725343374e+01    3.0000000000e+03    3.3269956500e-01    7.0924166667e-01
       144   -7.5186177547e+00    5.8246157750e+01   -1.4617503701e+01    7.0988859464e+00    2.2606869350e+00   -1.6878190636e+01    3.0000000000e+03    3.4790357200e-01    7.0916666667e-01
       145   -7.5434854512e+00    5.8778094992e+01   -1.4916108188e+01    7.3726227364e+00    2.2878611622e+00   -1.7203969350e+01    3.0000000000e+03    2.9647075800e-01    7.0711666667e-01
       146   -7.5972320489e+00    5.9767753494e+01   -1.5223919831e+01    7.6266877822e+00    2.3163376067e+00   -1.7540257438e+01    3.0000000000e+03    3.1155028500e-01    7.0679166667e-01
       147   -7.5362568476e+00    5.9011380160e+01   -1.4515097451e+01    6.9788406038e+00    2.2841196075e+00   -1.6799217059e+01    3.0000000000e+03    3.1409430900e-01    7.0829166667e-01
       148   -7.4938824779e+00    5.8885845631e+01   -1.4649032069e+01    7.1551495906e+00    2.2943166450e+00   -1.6943348713e+01    3.0000000000e+03    2.9194474100e-01    7.0786666667e-01
       149   -7.4675193892e+00    5.9126171243e+01   -1.5147129566e+01    7.6796101765e+00    2.3015335818e+00   -1.7448663147e+01    3.0000000000e+03    3.1574267800e-01    7.0870000000e-01
       150   -7.4958367766e+00    5.8025903295e+01   -1.4836271951e+01    7.3404351744e+00    2.3063176063e+00   -1.7142589557e+01    3.0000000000e+03    3.1858246600e-01    7.0616666667e-01
       151   -7.5864484578e+00    5.9504821252e+01   -1.5312981482e+01    7.7265330244e+00    2.3069078954e+00   -1.7619889378e+01    3.0000000000e+03    2.9900365900e-01    7.0587500000e-01
       152   -7.5920204827e+00    5.9841651838e+01   -1.5215118066e+01    7.6230975834e+00    2.2856155224e+00   -1.7500733588e+01    3.0000000000e+03    2.8387438900e-01    7.0836666667e-01
       153   -7.5373225056e+00    5.9164804296e+01   -1.4505946402e+01    6.9686238966e+00    2.2483515219e+00   -1.6754297924e+01    3.0000000000e+03    3.0353152200e-01    7.0941666667e-01
       154   -7.4799640452e+00    5.8420181529e+01   -1.4441991357e+01    6.9620273121e+00    2.2824296721e+00   -1.6724421029e+01    3.0000000000e+03    3.0981186200e-01    7.0979166667e-01
       155   -7.5223162021e+00    5.8193711484e+01   -1.4547133529e+01    7.0248173270e+00    2.2669232081e+00   -1.6814056737e+01    3.0000000000e+03    2.8723535100e-01    7.0883333333e-01
       156   -7.5630892128e+00    5.8626657636e+01   -1.4022986805e+01    6.4598975923e+00    2.2223445317e+00   -1.6245331337e+01    3.0000000000e+03    3.0839615100e-01    7.1004166667e-01
       157   -7.5069434347e+00    5.8094504365e+01   -1.4753816232e+01    7.2468727969e+00    2.3023036063e+00   -1.7056119838e+01    3.0000000000e+03    3.0920148900e-01    7.0805833333e-01
       158   -7.5717460387e+00    5.9441550485e+01   -1.5451243900e+01    7.8794978613e+00    2.3695557251e+00   -1.7820799625e+01    3.0000000000e+03    2.8338686300e-01    7.0244166667e-01
       159   -7.5864326393e+00    5.9377955546e+01   -1.4627109996e+01    7.0406773571e+00    2.2728184360e+00   -1.6899928432e+01    3.0000000000e+03    2.8874657400e-01    7.0775833333e-01
       160   -7.4489446778e+00    6.3346871109e+01   -1.5515723123e+01    8.0667784456e+00    2.4345849757e+00   -1.7950308099e+01    3.0000000000e+03    3.0337195900e-01    7.0658333333e-01
       161   -7.5361554008e+00    5.8835104758e+01   -1.4390302944e+01    6.8541475436e+00    2.2752415997e+00   -1.6665544544e+01    3.0000000000e+03    2.8676213200e-01    7.0971666667e-01
       162   -7.5803252835e+00    6.0059055337e+01   -1.5345833886e+01    7.7655086023e+00    2.2868505559e+00   -1.7632684442e+01    3.0000000000e+03    2.8151219600e-01    7.0738333333e-01
       163   -7.4592477114e+00    5.7918330194e+01   -1.4475989990e+01    7.0167422782e+00    2.3375664349e+00   -1.6813556424e+01    3.0000000000e+03    2.9384384000e-01    7.0906666667e-01
       164   -7.5194573779e+00    5.8239461327e+01   -1.4707424660e+01    7.1879672817e+00    2.2496933788e+00   -1.6957118038e+01    3.0000000000e+03    3.0986933600e-01    7.0735833333e-01
       165   -7.5782007664e+00    5.9904788095e+01   -1.4719111780e+01    7.1409110134e+00    2.2983999842e+00   -1.7017511764e+01    3.0000000000e+03    3.1152314100e-01    7.0951666667e-01
       166   -7.3980834217e+00    5.9993040625e+01   -1.5599546139e+01    8.2014627174e+00    2.4122389351e+00   -1.8011785074e+01    3.0000000000e+03    2.8108948600e-01    7.0877500000e-01
       167   -7.6037298406e+00    5.9609733927e+01   -1.5237317474e+01    7.6335876337e+00    2.2524821808e+00   -1.7489799655e+01    3.0000000000e+03    2.9241846200e-01    7.0765000000e-01
       168   -7.5273042920e+00    5.8351558202e+01   -1.4218087392e+01    6.6907831001e+00    2.2632822410e+00   -1.6481369633e+01    3.0000000000e+03    3.0468155400e-01    7.0859166667e-01
       169   -7.5161261752e+00    5.8091859346e+01   -1.4812934428e+01    7.2968082531e+00    2.2704913935e+00   -1.7083425822e+01    3.0000000000e+03    3.3523626300e-01    7.0795833333e-01
       170   -7.5732788726e+00    5.9209981944e+01   -1.4649283772e+01    7.0760048993e+00    2.2637586290e+00   -1.6913042401e+01    3.0000000000e+03    3.5486663000e-01    7.0840833333e-01
       171   -7.3560155509e+00    5.9161999997e+01   -1.5728820257e+01    8.3728047066e+00    2.3848699045e+00   -1.8113690162e+01    3.0000000000e+03    3.0834047600e-01    7.0725833333e-01
       172   -7.5167972926e+00    5.8687252948e+01   -1.4602272656e+01    7.0854753639e+00    2.3161845712e+00   -1.6918457228e+01    3.0000000000e+03    2.8350176000e-01    7.0610000000e-01
       173   -7.5025568923e+00    5.7991513270e+01   -1.4630268049e+01    7.1277111572e+00    2.2870728525e+00   -1.6917340902e+01    3.0000000000e+03    3.0276656700e-01    7.0830833333e-01
       174   -7.5920452273e+00    6.0158677396e+01   -1.5090233501e+01    7.4981882733e+00    2.2778547553e+00   -1.7368088256e+01    3.0000000000e+03    3.0837404900e-01    7.0709166667e-01
       175   -7.5473558182e+00    5.8655434073e+01   -1.4600314037e+01    7.0529582188e+00    2.2847789150e+00   -1.6885092952e+01    3.0000000000e+03    3.0657538400e-01    7.0970000000e-01
       176   -7.4737973411e+00    5.8697944494e+01   -1.5105615889e+01    7.6318185477e+00    2.2889621435e+00   -1.7394578032e+01    3.0000000000e+03    2.8918382400e-01    7.0851666667e-01
       177   -7.5495463559e+00    5.9122376117e+01   -1.5343145045e+01    7.7935986895e+00    2.2313322911e+00   -1.7574477336e+01    3.0000000000e+03    3.0590247800e-01    7.0705000000e-01
       178   -7.4641192984e+00    5.9541392437e+01   -1.4908249363e+01    7.4441300648e+00    2.3375258151e+00   -1.7245775178e+01    3.0000000000e+03    2.9439057400e-01    7.0702500000e-01
       179   -7.4898919613e+00    5.7703922372e+01   -1.5199476356e+01    7.7095843946e+00    2.3188931757e+00   -1.7518369532e+01    3.0000000000e+03    2.8180773900e-01    7.0715833333e-01
       180   -7.6000379862e+00    5.9619620439e+01   -1.4669214874e+01    7.0691768882e+00    2.2190601362e+00   -1.6888275011e+01    3.0000000000e+03    3.1325805800e-01    7.1055000000e-01
       181   -7.4633594946e+00    5.8414163646e+01   -1.4852060980e+01    7.3887014852e+00    2.2954578480e+00   -1.7147518828e+01    3.0000000000e+03    3.7275257000e-01    7.0724166667e-01
       182   -7.4749206006e+00    5.7216792690e+01   -1.3762233389e+01    6.2873127879e+00    2.2153097188e+00   -1.5977543107e+01    3.0000000000e+03    2.9265591300e-01    7.1026666667e-01
       183   -7.7234058334e+00    7.0215317978e+01   -1.6375922113e+01    8.6525162793e+00    2.2645373697e+00   -1.8640459482e+01    3.0000000000e+03    3.3386681200e-01    7.0708333333e-01
       184   -7.4804835456e+00    5.7796866945e+01   -1.4268558847e+01    6.7880753018e+00    2.3185294714e+00   -1.6587088319e+01    3.0000000000e+03    2.8028598500e-01    7.0945000000e-01
       185   -7.5737996474e+00    6.1073039174e+01   -1.4218019021e+01    6.6442193740e+00    2.2317437258e+00   -1.6449762747e+01    3.0000000000e+03    2.9542671600e-01    7.1086666667e-01
       186   -7.4811515386e+00    5.7912220448e+01   -1.4362511032e+01    6.8813594936e+00    2.2691804452e+00   -1.6631691477e+01    3.0000000000e+03    3.1932518800e-01    7.0727500000e-01
       187   -7.5403451891e+00    5.9545856483e+01   -1.5544651093e+01    8.0043059034e+00    2.3318662740e+00   -1.7876517367e+01    3.0000000000e+03    2.9980352800e-01    7.0410000000e-01
       188   -7.5137183726e+00    5.8117620811e+01   -1.4765440359e+01    7.2517219868e+00    2.2763060206e+00   -1.7041746380e+01    3.0000000000e+03    2.8608335700e-01    7.0895000000e-01
       189   -7.5020245429e+00    5.7972690962e+01   -1.5110970456e+01    7.6089459127e+00    2.2639781289e+00   -1.7374948584e+01    3.0000000000e+03    3.0892221500e-01    7.0861666667e-01
       190   -7.5130059500e+00    6.2132786469e+01   -1.4647373253e+01    7.1343673034e+00    2.3734569202e+00   -1.7020830174e+01    3.0000000000e+03    2.8273992400e-01    7.0985000000e-01
       191   -7.5130917280e+00    5.9267288533e+01   -1.4732076515e+01    7.2189847873e+00    2.2734638396e+00   -1.7005540355e+01    3.0000000000e+03    3.3079377200e-01    7.0874166667e-01
       192   -7.5789827560e+00    5.9656076268e+01   -1.4402901132e+01    6.8239183762e+00    2.2285983831e+00   -1.6631499515e+01    3.0000000000e+03    3.3919167800e-01    7.0853333333e-01
       193   -7.5006410183e+00    5.8730336510e+01   -1.4761873724e+01    7.2612327061e+00    2.2925511931e+00   -1.7054424917e+01    3.0000000000e+03    3.0624612100e-01    7.0775833333e-01
       194   -7.5449380606e+00    5.8505029186e+01   -1.4699086524e+01    7.1541484637e+00    2.3391082602e+00   -1.7038194784e+01    3.0000000000e+03    3.2283136300e-01    7.0912500000e-01
       195   -7.5218824626e+00    5.7936450078e+01   -1.4188415044e+01    6.6665325810e+00    2.2731066753e+00   -1.6461521719e+01    3.0000000000e+03    3.3479054900e-01    7.0628333333e-01
       196   -7.5580152519e+00    5.9120598753e+01   -1.5072369551e+01    7.5143542992e+00    2.2136700950e+00   -1.7286039646e+01    3.0000000000e+03    2.8150353500e-01    7.0805000000e-01
       197   -7.5535509973e+00    5.9115739658e+01   -1.4856771811e+01    7.3032208137e+00    2.2548202372e+00   -1.7111592048e+01    3.0000000000e+03    2.9056332700e-01    7.0632500000e-01
       198   -7.4878605215e+00    5.8138593462e+01   -1.4972305696e+01    7.4844451742e+00    2.2963932504e+00   -1.7268698946e+01    3.0000000000e+03    3.0575321200e-01    7.0805833333e-01
       199   -7.5320751338e+00    5.8979442444e+01   -1.5078398244e+01    7.5463231099e+00    2.3097557894e+00   -1.7388154033e+01    3.0000000000e+03    2.9572121100e-01    7.0685833333e-01
       200   -7.5457018035e+00    5.9206291900e+01   -1.5419283584e+01    7.8735817804e+00    2.3732661417e+00   -1.7792549726e+01    3.0000000000e+03    2.9437487700e-01    7.0638333333e-01
       201   -7.4860815122e+00    5.8251514139e+01   -1.4575096646e+01    7.0890151338e+00    2.2656487981e+00   -1.6840745444e+01    3.0000000000e+03    4.2756300900e-01    7.0904166667e-01
       202   -7.4478124468e+00    5.7826924104e+01   -1.4647805379e+01    7.1999929320e+00    2.3138544156e+00   -1.6961659794e+01    3.0000000000e+03    3.0850682400e-01    7.0745000000e-01
       203   -7.4718985702e+00    5.8120010166e+01   -1.5214665917e+01    7.7427673465e+00    2.3035744694e+00   -1.7518240386e+01    3.0000000000e+03    2.8595972700e-01    7.0575833333e-01
       204   -7.5157483872e+00    5.8517803938e+01   -1.5138192920e+01    7.6224445331e+00    2.2666444223e+00   -1.7404837343e+01    3.0000000000e+03    3.1871525400e-01    7.0750000000e-01
       205   -7.5107512044e+00    5.8743591916e+01   -1.4574683264e+01    7.0639320592e+00    2.2750062524e+00   -1.6849689516e+01    3.0000000000e+03    3.3571287100e-01    7.0860000000e-01
       206   -7.7112949286e+00    6.3527253097e+01   -1.6678464032e+01    8.9671691036e+00    2.2561523615e+00   -1.8934616394e+01    3.0000000000e+03    3.1817903900e-01    7.0712500000e-01
       207   -7.5028562298e+00    5.8722805620e+01   -1.5305986611e+01    7.8031303817e+00    2.3359633777e+00   -1.7641949989e+01    3.0000000000e+03    3.1000178500e-01    7.0636666667e-01
       208   -7.4942419592e+00    5.8077299537e+01   -1.4710504253e+01    7.2162622940e+00    2.2264415583e+00   -1.6936945811e+01    3.0000000000e+03    2.9044324900e-01    7.1080833333e-01
       209   -7.5113497796e+00    5.8983072689e+01   -1.5783567899e+01    8.2722181192e+00    2.3421812159e+00   -1.8125749115e+01    3.0000000000e+03    3.2747043400e-01    7.0405000000e-01
       210   -7.6055277880e+00    6.3379057120e+01   -1.5034402841e+01    7.4288750531e+00    2.2665929016e+00   -1.7300995743e+01    3.0000000000e+03    3.0199889000e-01    7.1005833333e-01
       211   -7.4219334865e+00    5.8199680345e+01   -1.4598387357e+01    7.1764538702e+00    2.3451019993e+00   -1.6943489356e+01    3.0000000000e+03    2.8643199600e-01    7.0972500000e-01
       212   -7.3634892009e+00    5.8744425246e+01   -1.5040818368e+01    7.6773291670e+00    2.2992737309e+00   -1.7340092099e+01    3.0000000000e+03    2.8637179400e-01    7.0826666667e-01
       213   -7.4358785913e+00    5.7770162887e+01   -1.5161447087e+01    7.7255684952e+00    2.3365911868e+00   -1.7498038273e+01    3.0000000000e+03    2.9846336800e-01    7.0660000000e-01
       214   -7.5144525462e+00    5.9303402489e+01   -1.4583623941e+01    7.0691713946e+00    2.2940756232e+00   -1.6877699564e+01    3.0000000000e+03    2.8033396100e-01    7.0875000000e-01
       215   -7.5102929370e+00    5.9119267703e+01   -1.5312643269e+01    7.8023503316e+00    2.3133238554e+00   -1.7625967124e+01    3.0000000000e+03    2.9360555700e-01    7.0690833333e-01
       216   -7.5463720053e+00    5.9166340148e+01   -1.4354995114e+01    6.8086231088e+00    2.2599997173e+00   -1.6614994831e+01    3.0000000000e+03    2.9883291500e-01    7.1060000000e-01
       217   -7.5408471538e+00    5.8955480243e+01   -1.5466652596e+01    7.9258054425e+00    2.2467819425e+00   -1.7713434539e+01    3.0000000000e+03    2.8662460000e-01    7.0789166667e-01
       218   -7.4965065480e+00    5.9037402334e+01   -1.4882116844e+01    7.3856102959e+00    2.2985551986e+00   -1.7180672043e+01    3.0000000000e+03    3.4586389900e-01    7.0829166667e-01
       219   -7.4214816719e+00    5.7926623044e+01   -1.5143945066e+01    7.7224633940e+00    2.3152887828e+00   -1.7459233849e+01    3.0000000000e+03    3.3685944200e-01    7.0734166667e-01
       220   -7.4392116845e+00    5.7165641392e+01   -1.5142270653e+01    7.7030589690e+00    2.2739684610e+00   -1.7416239114e+01    3.0000000000e+03    2.7743651400e-01    7.0833333333e-01
       221   -7.5185454646e+00    5.8119368041e+01   -1.4299007943e+01    6.7804624786e+00    2.2520219346e+00   -1.6551029878e+01    3.0000000000e+03    2.8715459800e-01    7.1181666667e-01
       222   -7.5285990074e+00    5.8821253369e+01   -1.4732353272e+01    7.2037542649e+00    2.2611314031e+00   -1.6993484675e+01    3.0000000000e+03    3.0784644300e-01    7.1100000000e-01
       223   -7.5224282481e+00    5.8536786366e+01   -1.4912370110e+01    7.3899418615e+00    2.3053548668e+00   -1.7217724976e+01    3.0000000000e+03    2.7762726000e-01    7.0568333333e-01
       224   -7.6087565824e+00    5.9935612544e+01   -1.4706183901e+01    7.0974273185e+00    2.2633894395e+00   -1.6969573340e+01    3.0000000000e+03    2.8296813400e-01    7.0955833333e-01
       225   -7.6350528009e+00    6.0457657647e+01   -1.4873565206e+01    7.2385124055e+00    2.2494480788e+00   -1.7123013285e+01    3.0000000000e+03    3.1326201900e-01    7.0763333333e-01
       226   -7.5066725993e+00    5.8102233019e+01   -1.5052846353e+01    7.5461737533e+00    2.2356368856e+00   -1.7288483238e+01    3.0000000000e+03    2.7627593700e-01    7.0666666667e-01
       227   -7.5238583426e+00    5.9203934429e+01   -1.4830190855e+01    7.3063325119e+00    2.3024186649e+00   -1.7132609519e+01    3.0000000000e+03    2.7458430500e-01    7.0530000000e-01
       228   -7.5750286548e+00    6.0309407544e+01   -1.5386914901e+01    7.8118862460e+00    2.2515255825e+00   -1.7638440483e+01    3.0000000000e+03    2.8601917700e-01    7.0729166667e-01
       229   -7.5753343086e+00    7.2532231368e+01   -1.4818094483e+01    7.2427601743e+00    2.3111687484e+00   -1.7129263231e+01    3.0000000000e+03    3.0136067400e-01    7.0776666667e-01
       230   -7.5226164722e+00    5.8501687017e+01   -1.4505200924e+01    6.9825844517e+00    2.2939733720e+00   -1.6799174296e+01    3.0000000000e+03    3.0651441000e-01    7.0746666667e-01
       231   -7.4841166799e+00    5.7783076100e+01   -1.4774251841e+01    7.2901351611e+00    2.3016503038e+00   -1.7075902145e+01    3.0000000000e+03    2.8970223900e-01    7.0839166667e-01
       232   -7.5662563762e+00    6.0571055204e+01   -1.4783388199e+01    7.2171318224e+00    2.3021969000e+00   -1.7085585099e+01    3.0000000000e+03    3.0236111200e-01    7.0925000000e-01
       233   -7.4997865734e+00    5.9394380272e+01   -1.5471975741e+01    7.9721891679e+00    2.3510915713e+00   -1.7823067313e+01    3.0000000000e+03    2.8910051400e-01    7.0491666667e-01
       234   -7.4944461184e+00    5.7578695152e+01   -1.4639582743e+01    7.1451366243e+00    2.2549101638e+00   -1.6894492907e+01    3.0000000000e+03    3.1122609900e-01    7.0795000000e-01
       235   -7.4855320030e+00    5.7945567757e+01   -1.4706802900e+01    7.2212708973e+00    2.2855045996e+00   -1.6992307500e+01    3.0000000000e+03    3.1334125200e-01    7.0662500000e-01
       236   -7.5757523179e+00    6.0302689379e+01   -1.5346308387e+01    7.7705560688e+00    2.3202097351e+00   -1.7666518122e+01    3.0000000000e+03    2.8781604800e-01    7.0606666667e-01
       237   -7.4710915140e+00    5.8085293677e+01   -1.4176661107e+01    6.7055695926e+00    2.3007502108e+00   -1.6477411317e+01    3.0000000000e+03    2.8853745200e-01    7.1080000000e-01
       238   -7.5481552500e+00    6.0424424439e+01   -1.5367925678e+01    7.8197704279e+00    2.3158712533e+00   -1.7683796931e+01    3.0000000000e+03    3.4735630000e-01    7.0936666667e-01
       239   -7.5016122449e+00    6.0266480486e+01   -1.4695888855e+01    7.1942766100e+00    2.2942133710e+00   -1.6990102226e+01    3.0000000000e+03    3.0729448300e-01    7.0894166667e-01
       240   -7.4730469238e+00    5.8471753879e+01   -1.5442684590e+01    7.9696376659e+00    2.3559264482e+00   -1.7798611038e+01    3.0000000000e+03    2.8828766100e-01    7.0775833333e-01
       241   -7.4850354406e+00    5.8770415383e+01   -1.5154245640e+01    7.6692101992e+00    2.2425574646e+00   -1.7396803104e+01    3.0000000000e+03    3.0074248400e-01    7.0635000000e-01
       242   -7.5315336166e+00    5.9015566358e+01   -1.5127156393e+01    7.5956227760e+00    2.2881699130e+00   -1.7415326306e+01    3.0000000000e+03    3.1231152400e-01    7.0805833333e-01
       243   -7.4527471613e+00    5.8228304559e+01   -1.5186529045e+01    7.7337818840e+00    2.3259188386e+00   -1.7512447884e+01    3.0000000000e+03    3.2915964900e-01    7.0450000000e-01
       244   -7.6560960394e+00    7.3896867061e+01   -1.5282307950e+01    7.6262119107e+00    2.3954515476e+00   -1.7677759498e+01    3.0000000000e+03    3.0110334500e-01    7.0728333333e-01
       245   -7.4326123286e+00    5.7186956089e+01   -1.4561145390e+01    7.1285330613e+00    2.2742477957e+00   -1.6835393186e+01    3.0000000000e+03    3.0306329200e-01    7.0894166667e-01
       246   -7.5557422605e+00    5.9050811868e+01   -1.6106591581e+01    8.5508493207e+00    2.2405465231e+00   -1.8347138104e+01    3.0000000000e+03    2.9233575400e-01    7.0633333333e-01
       247   -7.5388754736e+00    5.8567210553e+01   -1.4930337603e+01    7.3914621293e+00    2.2741298476e+00   -1.7204467451e+01    3.0000000000e+03    3.1818503100e-01    7.0712500000e-01
       248   -7.4736056533e+00    5.8079449840e+01   -1.4442719407e+01    6.9691137536e+00    2.2683380315e+00   -1.6711057438e+01    3.0000000000e+03    2.9047185400e-01    7.0915833333e-01
       249   -7.3839926417e+00    5.8721896843e+01   -1.5449410578e+01    8.0654179360e+00    2.3580142053e+00   -1.7807424783e+01    3.0000000000e+03    3.3196611200e-01    7.0922500000e-01
       250   -7.4205585309e+00    5.7561641510e+01   -1.4625589528e+01    7.2050309967e+00    2.2625433912e+00   -1.6888132919e+01    3.0000000000e+03    3.1380866100e-01    7.0910833333e-01
       251   -7.5519890161e+00    5.9488153670e+01   -1.5230238385e+01    7.6782493688e+00    2.3384709872e+00   -1.7568709372e+01    3.0000000000e+03    2.9406851200e-01    7.0305833333e-01
       252   -7.5912463386e+00    5.9495450029e+01   -1.4489480990e+01    6.8982346512e+00    2.2352542610e+00   -1.6724735251e+01    3.0000000000e+03    2.8243852500e-01    7.0805000000e-01
       253   -7.5293966150e+00    5.9846536399e+01   -1.5138618332e+01    7.6092217168e+00    2.2815296511e+00   -1.7420147983e+01    3.0000000000e+03    2.8685417200e-01    7.0795833333e-01
       254   -7.4432108467e+00    5.8706400749e+01   -1.5205082981e+01    7.7618721344e+00    2.2459609974e+00   -1.7451043978e+01    3.0000000000e+03    3.2194379900e-01    7.0649166667e-01
       255   -7.5512018000e+00    5.8770838734e+01   -1.4707965326e+01    7.1567635265e+00    2.2309525856e+00   -1.6938917912e+01    3.0000000000e+03    2.8710875300e-01    7.0896666667e-01
       256   -7.5729690878e+00    7.2946761742e+01   -1.4274999949e+01    6.7020308609e+00    2.3276633224e+00   -1.6602663271e+01    3.0000000000e+03    2.8887941800e-01    7.1079166667e-01
       257   -7.5545055316e+00    5.8920320675e+01   -1.4596641721e+01    7.0421361894e+00    2.2337459957e+00   -1.6830387717e+01    3.0000000000e+03    2.9876004900e-01    7.0802500000e-01
       258   -7.4707937702e+00    5.8258336600e+01   -1.4647704543e+01    7.1769107726e+00    2.2920889819e+00   -1.6939793525e+01    3.0000000000e+03    2.9216677700e-01    7.0653333333e-01
       259   -7.5732992129e+00    5.9573711894e+01   -1.5184813611e+01    7.6115143980e+00    2.2440045852e+00   -1.7428818196e+01    3.0000000000e+03    3.0053144400e-01    7.0622500000e-01
       260   -7.5448568092e+00    5.8910259455e+01   -1.4797440609e+01    7.2525837995e+00    2.2683128462e+00   -1.7065753455e+01    3.0000000000e+03    3.0809378000e-01    7.0810000000e-01
       261   -7.4665274022e+00    5.8845913933e+01   -1.5351418904e+01    7.8848915017e+00    2.2672513656e+00   -1.7618670270e+01    3.0000000000e+03    3.0676672900e-01    7.0673333333e-01
       262   -7.4920500080e+00    5.7542377023e+01   -1.4056258364e+01    6.5642083565e+00    2.2411257105e+00   -1.6297384075e+01    3.0000000000e+03    2.9287780700e-01    7.0862500000e-01
       263   -7.5148003737e+00    5.8981912942e+01   -1.5776979947e+01    8.2621795731e+00    2.3424721710e+00   -1.8119452118e+01    3.0000000000e+03    2.9949371000e-01    7.0860833333e-01
       264   -7.5686909030e+00    5.8773891240e+01   -1.4895330482e+01    7.3266395786e+00    2.2584876635e+00   -1.7153818145e+01    3.0000000000e+03    3.1351001900e-01    7.0879166667e-01
       265   -7.5084585667e+00    5.8651066685e+01   -1.4524092674e+01    7.0156341072e+00    2.2879438076e+00   -1.6812036482e+01    3.0000000000e+03    2.8780639300e-01    7.0980000000e-01
       266   -7.5443364476e+00    5.8391628728e+01   -1.4349445839e+01    6.8051093909e+00    2.2043132296e+00   -1.6553759068e+01    3.0000000000e+03    2.7595624800e-01    7.0750833333e-01
       267   -7.5359299741e+00    5.8468138241e+01   -1.4734614617e+01    7.1986846432e+00    2.2566779862e+00   -1.6991292603e+01    3.0000000000e+03    3.0757241700e-01    7.0787500000e-01
       268   -7.5554233998e+00    5.9414100556e+01   -1.5372799169e+01    7.8173757691e+00    2.3227718285e+00   -1.7695570997e+01    3.0000000000e+03    2.8276244800e-01    7.0466666667e-01
       269   -7.5706675944e+00    5.8679555720e+01   -1.4842777530e+01    7.2721099357e+00    2.2645020110e+00   -1.7107279541e+01    3.0000000000e+03    3.1348762400e-01    7.1000000000e-01
       270   -7.5063019359e+00    5.8827716994e+01   -1.4530752803e+01    7.0244508676e+00    2.3016957395e+00   -1.6832448543e+01    3.0000000000e+03    3.2440666300e-01    7.0885833333e-01
       271   -7.4518926536e+00    5.8253566449e+01   -1.4993314467e+01    7.5414218134e+00    2.3494952068e+00   -1.7342809674e+01    3.0000000000e+03    2.8717643200e-01    7.0680000000e-01
       272   -7.5935289723e+00    6.0120866332e+01   -1.5440917962e+01    7.8473889900e+00    2.2744169921e+00   -1.7715334954e+01    3.0000000000e+03    3.0753971000e-01    7.0733333333e-01
       273   -7.4553969423e+00    5.9017839375e+01   -1.5209033157e+01    7.7536362151e+00    2.2766544483e+00   -1.7485687606e+01    3.0000000000e+03    3.2678258000e-01    7.0686666667e-01
       274   -7.5573758306e+00    5.9300137922e+01   -1.5025088256e+01    7.4677124251e+00    2.3038130763e+00   -1.7328901332e+01    3.0000000000e+03    3.4216951800e-01    7.0492500000e-01
       275   -7.5126621447e+00    5.8103176877e+01   -1.4334523554e+01    6.8218614096e+00    2.2992753959e+00   -1.6633798950e+01    3.0000000000e+03    2.8200230200e-01    7.0915833333e-01
       276   -7.5152037436e+00    5.7952224230e+01   -1.4428796216e+01    6.9135924724e+00    2.2427344390e+00   -1.6671530655e+01    3.0000000000e+03    2.9833957700e-01    7.0891666667e-01
       277   -7.5401788763e+00    7.1263005921e+01   -1.5691722316e+01    8.1515434398e+00    2.3487991254e+00   -1.8040521442e+01    3.0000000000e+03    2.8236562900e-01    7.0564166667e-01
       278   -7.4979523495e+00    5.8632060558e+01   -1.4675100235e+01    7.1771478855e+00    2.2534427993e+00   -1.6928543034e+01    3.0000000000e+03    2.8423869600e-01    7.0937500000e-01
       279   -7.5189799301e+00    5.9156261741e+01   -1.5103892881e+01    7.5849129507e+00    2.3032056523e+00   -1.7407098533e+01    3.0000000000e+03    3.0627791800e-01    7.0855833333e-01
       280   -7.5051375847e+00    5.9002831595e+01   -1.4795105954e+01    7.2899683695e+00    2.3543916641e+00   -1.7149497618e+01    3.0000000000e+03    3.0242120200e-01    7.0806666667e-01
       281   -7.5399665411e+00    5.9024913088e+01   -1.5174911249e+01    7.6349447079e+00    2.2951975528e+00   -1.7470108802e+01    3.0000000000e+03    2.8017820400e-01    7.0865833333e-01
       282   -7.5359578299e+00    5.8838130454e+01   -1.5408247553e+01    7.8722897235e+00    2.2868664024e+00   -1.7695113956e+01    3.0000000000e+03    2.8430252300e-01    7.0579166667e-01
       283   -7.5636058215e+00    5.9814013811e+01   -1.5071045059e+01    7.5074392377e+00    2.2863835508e+00   -1.7357428610e+01    3.0000000000e+03    3.0918001300e-01    7.0856666667e-01
       284   -7.4388713533e+00    5.7788741602e+01   -1.3977618548e+01    6.5387471949e+00    2.2766864876e+00   -1.6254305036e+01    3.0000000000e+03    2.9562488300e-01    7.1031666667e-01
       285   -7.5971052066e+00    6.0172316851e+01   -1.5658336410e+01    8.0612312034e+00    2.3050363078e+00   -1.7963372718e+01    3.0000000000e+03    3.0084099000e-01    7.0834166667e-01
       286   -7.5138659693e+00    5.8284276162e+01   -1.4597208466e+01    7.0833424964e+00    2.2350866293e+00   -1.6832295095e+01    3.0000000000e+03    3.0821282000e-01    7.0932500000e-01
       287   -7.4959900410e+00    5.8412972705e+01   -1.4616098377e+01    7.1201083360e+00    2.2744069647e+00   -1.6890505342e+01    3.0000000000e+03    2.8586329000e-01    7.0821666667e-01
       288   -7.6863270247e+00    6.4870857180e+01   -1.5129879097e+01    7.4435520722e+00    2.3181609395e+00   -1.7448040036e+01    3.0000000000e+03    2.8203509300e-01    7.0765000000e-01
       289   -7.4835584544e+00    5.7597618668e+01   -1.4378573874e+01    6.8950154200e+00    2.2099315128e+00   -1.6588505387e+01    3.0000000000e+03    3.4039171200e-01    7.1069166667e-01
       290   -7.5399622104e+00    5.9151070981e+01   -1.4559034807e+01    7.0190725963e+00    2.2940116391e+00   -1.6853046446e+01    3.0000000000e+03    2.8392353400e-01    7.0897500000e-01
       291   -7.5370129013e+00    5.8569817333e+01   -1.4476817412e+01    6.9398045110e+00    2.2840297271e+00   -1.6760847139e+01    3.0000000000e+03    3.2270687800e-01    7.0903333333e-01
       292   -7.5503114494e+00    5.9183040401e+01   -1.4715872766e+01    7.1655613165e+00    2.2775879718e+00   -1.6993460738e+01    3.0000000000e+03    3.1886132800e-01    7.0980000000e-01
       293   -7.4804657338e+00    5.7513020800e+01   -1.4368003386e+01    6.8875376524e+00    2.2099917501e+00   -1.6577995136e+01    3.0000000000e+03    3.1017018200e-01    7.1017500000e-01
       294   -7.5858352154e+00    5.9780886171e+01   -1.5132892891e+01    7.5470576756e+00    2.2327935191e+00   -1.7365686410e+01    3.0000000000e+03    2.8737885700e-01    7.1030833333e-01
       295   -7.4825428686e+00    5.8079245915e+01   -1.5428870140e+01    7.9463272715e+00    2.2999912548e+00   -1.7728861395e+01    3.0000000000e+03    3.1875002300e-01    7.0745833333e-01
       296   -7.4808434680e+00    5.8623134357e+01   -1.5496866839e+01    8.0160233707e+00    2.3240426523e+00   -1.7820909491e+01    3.0000000000e+03    3.0457123700e-01    7.0719166667e-01
       297   -7.4236384304e+00    6.0432736845e+01   -1.6904412699e+01    9.4807742681e+00    2.2673963299e+00   -1.9171809028e+01    3.0000000000e+03    2.9802510600e-01    7.0673333333e-01
       298   -7.5087002315e+00    5.8122613835e+01   -1.4525356217e+01    7.0166559855e+00    2.2729219280e+00   -1.6798278145e+01    3.0000000000e+03    3.2267541400e-01    7.0954166667e-01
       299   -7.4995090783e+00    5.8265154461e+01   -1.5402850389e+01    7.9033413103e+00    2.2987351121e+00   -1.7701585501e+01    3.0000000000e+03    3.0307214000e-01    7.0655000000e-01
       300   -7.5308258057e+00    5.8257157521e+01   -1.4812138659e+01    7.2813128537e+00    2.2820763529e+00   -1.7094215012e+01    3.0000000000e+03    3.1231092100e-01    7.0755833333e-01
       301   -7.4615215101e+00    5.7439940177e+01   -1.5065970559e+01    7.6044490489e+00    2.3539015165e+00   -1.7419872075e+01    3.0000000000e+03    3.1941927600e-01    7.0706666667e-01
       302   -7.6020354021e+00    5.9326977663e+01   -1.4844001683e+01    7.2419662811e+00    2.2272129750e+00   -1.7071214658e+01    3.0000000000e+03    2.8219172000e-01    7.0805000000e-01
       303   -7.5642048509e+00    6.0034898953e+01   -1.5574222172e+01    8.0100173214e+00    2.3139371931e+00   -1.7888159365e+01    3.0000000000e+03    2.8603608000e-01    7.0717500000e-01
       304   -7.3952961065e+00    5.8964183367e+01   -1.6118525544e+01    8.7232294373e+00    2.3705749567e+00   -1.8489100501e+01    3.0000000000e+03    3.2803920900e-01    7.0560833333e-01
       305   -7.5231481673e+00    5.8677248072e+01   -1.4744490241e+01    7.2213420740e+00    2.3087479717e+00   -1.7053238213e+01    3.0000000000e+03    2.9692924100e-01    7.0830000000e-01
       306   -7.5942157905e+00    6.1997529037e+01   -1.4992055532e+01    7.3978397417e+00    2.2503121683e+00   -1.7242367700e+01    3.0000000000e+03    3.1407700500e-01    7.0955000000e-01
       307   -7.4759753294e+00    5.7818999056e+01   -1.4358768639e+01    6.8827933100e+00    2.2687648082e+00   -1.6627533448e+01    3.0000000000e+03    3.4809179100e-01    7.1034166667e-01
       308   -7.5931486696e+00    6.0071521891e+01   -1.5151485441e+01    7.5583367712e+00    2.2358997262e+00   -1.7387385167e+01    3.0000000000e+03    3.3082585700e-01    7.0970000000e-01
       309   -7.4701412531e+00    5.7798661091e+01   -1.4698953210e+01    7.2288119569e+00    2.3179731316e+00   -1.7016926342e+01    3.0000000000e+03    2.8964783000e-01    7.0637500000e-01
       310   -7.3679948985e+00    5.8586526556e+01   -1.5086964859e+01    7.7189699604e+00    2.3643345954e+00   -1.7451299454e+01    3.0000000000e+03    2.9837803600e-01    7.0721666667e-01
       311   -7.4851840930e+00    5.7960212231e+01   -1.4572943218e+01    7.0877591246e+00    2.2619087747e+00   -1.6834851992e+01    3.0000000000e+03    3.1814149500e-01    7.0954166667e-01
       312   -7.5105784308e+00    5.8765394962e+01   -1.4501639230e+01    6.9910607992e+00    2.2454583844e+00   -1.6747097615e+01    3.0000000000e+03    2.9111594900e-01    7.1054166667e-01
       313   -7.4446210846e+00    5.7976569799e+01   -1.4810560750e+01    7.3659396651e+00    2.3757185934e+00   -1.7186279343e+01    3.0000000000e+03    3.1294846200e-01    7.0776666667e-01
       314   -7.4914792817e+00    5.9816297109e+01   -1.5240070946e+01    7.7485916647e+00    2.2998672508e+00   -1.7539938197e+01    3.0000000000e+03    3.0888260500e-01    7.0921666667e-01
       315   -7.5313592861e+00    5.9126188349e+01   -1.4923288626e+01    7.3919293402e+00    2.2762815606e+00   -1.7199570187e+01    3.0000000000e+03    2.8961515900e-01    7.0922500000e-01
       316   -7.5416083068e+00    5.8540051144e+01   -1.4372462619e+01    6.8308543120e+00    2.2132733579e+00   -1.6585735977e+01    3.0000000000e+03    3.0292219200e-01    7.0808333333e-01
       317   -7.6332088349e+00    6.0612547660e+01   -1.5534426254e+01    7.9012174191e+00    2.2574107407e+00   -1.7791836995e+01    3.0000000000e+03    3.1568633700e-01    7.0752500000e-01
       318   -7.4746835491e+00    5.8820746672e+01   -1.4501805088e+01    7.0271215392e+00    2.2883818627e+00   -1.6790186951e+01    3.0000000000e+03    2.9411323700e-01    7.0673333333e-01
       319   -7.6290857765e+00    8.7742466829e+01   -1.6112048870e+01    8.4829630935e+00    2.2776798104e+00   -1.8389728680e+01    3.0000000000e+03    3.5351636100e-01    7.0766666667e-01
       320   -7.5649368470e+00    5.9253586108e+01   -1.4787989634e+01    7.2230527866e+00    2.2294859501e+00   -1.7017475584e+01    3.0000000000e+03    3.3714657200e-01    7.0774166667e-01
       321   -7.5464486028e+00    5.8638187567e+01   -1.4362512996e+01    6.8160643927e+00    2.2866487246e+00   -1.6649161720e+01    3.0000000000e+03    3.1343277900e-01    7.0740000000e-01
       322   -7.5325557544e+00    5.8970342137e+01   -1.4533179091e+01    7.0006233370e+00    2.2201559933e+00   -1.6753335085e+01    3.0000000000e+03    3.1206419600e-01    7.0850833333e-01
       323   -7.5131136160e+00    5.8076813133e+01   -1.4535466528e+01    7.0223529125e+00    2.2867021063e+00   -1.6822168635e+01    3.0000000000e+03    2.8986524100e-01    7.0741666667e-01
       324   -7.5044362626e+00    5.7938025082e+01   -1.5173811259e+01    7.6693749960e+00    2.2679719096e+00   -1.7441783168e+01    3.0000000000e+03    2.8005856200e-01    7.0826666667e-01
       325   -7.3687191983e+00    5.7650570142e+01   -1.4163382700e+01    6.7946635019e+00    2.3360929154e+00   -1.6499475616e+01    3.0000000000e+03    3.4125215200e-01    7.0849166667e-01
       326   -7.5051723249e+00    5.8869119610e+01   -1.5072515575e+01    7.5673432496e+00    2.2759639254e+00   -1.7348479500e+01    3.0000000000e+03    3.4288476500e-01    7.0768333333e-01
       327   -7.5589048294e+00    5.8962398407e+01   -1.4978539451e+01    7.4196346213e+00    2.2021066219e+00   -1.7180646073e+01    3.0000000000e+03    2.9920022600e-01    7.1015000000e-01
       328   -7.4417479135e+00    5.7948183623e+01   -1.4987841731e+01    7.5460938179e+00    2.2761451259e+00   -1.7263986857e+01    3.0000000000e+03    3.2428380100e-01    7.0811666667e-01
       329   -7.4968129871e+00    5.9144997848e+01   -1.4999198240e+01    7.5023852525e+00    2.2790119680e+00   -1.7278210208e+01    3.0000000000e+03    3.6095017000e-01    7.0655833333e-01
       330   -7.4629394578e+00    5.8860421308e+01   -1.5084965315e+01    7.6220258576e+00    2.2748052651e+00   -1.7359770581e+01    3.0000000000e+03    3.4912459400e-01    7.0874166667e-01
       331   -7.5303317272e+00    5.9165583842e+01   -1.5479574369e+01    7.9492426417e+00    2.2930459566e+00   -1.7772620325e+01    3.0000000000e+03    3.0286596400e-01    7.0626666667e-01
       332   -7.5083201029e+00    5.9802334214e+01   -1.5010123967e+01    7.5018038642e+00    2.3507587025e+00   -1.7360882670e+01    3.0000000000e+03    2.8168927600e-01    7.0695000000e-01
       333   -7.3977595312e+00    5.7785343466e+01   -1.5212006651e+01    7.8142471199e+00    2.3286908016e+00   -1.7540697453e+01    3.0000000000e+03    3.0016356200e-01    7.0709166667e-01
       334   -7.5030822336e+00    5.8067238509e+01   -1.4504107671e+01    7.0010254371e+00    2.2898179364e+00   -1.6793925607e+01    3.0000000000e+03    2.9598828500e-01    7.0731666667e-01
       335   -7.5454894547e+00    5.8710269946e+01   -1.4958855391e+01    7.4133659358e+00    2.2510926948e+00   -1.7209948085e+01    3.0000000000e+03    3.1694580000e-01    7.1001666667e-01
       336   -7.4145737342e+00    5.7419429559e+01   -1.5138876290e+01    7.7243025558e+00    2.3436415122e+00   -1.7482517802e+01    3.0000000000e+03    3.0520330600e-01    7.0646666667e-01
       337   -7.5197781472e+00    5.8806770591e+01   -1.5792971203e+01    8.2731930562e+00    2.2844011455e+00   -1.8077372349e+01    3.0000000000e+03    2.9467197100e-01    7.0516666667e-01
       338   -7.5210590562e+00    5.8871026169e+01   -1.4722502645e+01    7.2014435892e+00    2.3676330172e+00   -1.7090135663e+01    3.0000000000e+03    3.4670549000e-01    7.0565833333e-01
       339   -7.5446310305e+00    5.8725516139e+01   -1.4821059119e+01    7.2764280890e+00    2.2551471726e+00   -1.7076206292e+01    3.0000000000e+03    3.7526584400e-01    7.0482500000e-01
       340   -7.4962692618e+00    5.8424350697e+01   -1.4817696250e+01    7.3214269883e+00    2.3252332692e+00   -1.7142929519e+01    3.0000000000e+03    2.8368801200e-01    7.0875833333e-01
       341   -7.5390168133e+00    5.8020319562e+01   -1.3863374365e+01    6.3243575519e+00    2.1768839096e+00   -1.6040258275e+01    3.0000000000e+03    3.0715129000e-01    7.1272500000e-01
       342   -7.5630707545e+00    6.0238757466e+01   -1.5314031070e+01    7.7509603158e+00    2.2537084835e+00   -1.7567739554e+01    3.0000000000e+03    3.0098054400e-01    7.0394166667e-01
       343   -7.5400630363e+00    5.9265859696e+01   -1.5297251625e+01    7.7571885883e+00    2.3272556396e+00   -1.7624507264e+01    3.0000000000e+03    3.1719524800e-01    7.0794166667e-01
       344   -7.5397604686e+00    5.8630392515e+01   -1.5135196268e+01    7.5954357998e+00    2.2779091005e+00   -1.7413105369e+01    3.0000000000e+03    3.4045661100e-01    7.0667500000e-01
       345   -7.4620509892e+00    5.7414099257e+01   -1.4068641196e+01    6.6065902072e+00    2.2854149469e+00   -1.6354056143e+01    3.0000000000e+03    2.9402882200e-01    7.1159166667e-01
       346   -7.5652098526e+00    5.9791811324e+01   -1.4696911367e+01    7.1317015147e+00    2.2738084532e+00   -1.6970719820e+01    3.0000000000e+03    2.8800889800e-01    7.0775000000e-01
       347   -7.5007004034e+00    5.8780363636e+01   -1.5024306311e+01    7.5236059078e+00    2.3551657639e+00   -1.7379472075e+01    3.0000000000e+03    3.5795911000e-01    7.0364166667e-01
       348   -7.5370842411e+00    5.8725136235e+01   -1.4713704851e+01    7.1766206102e+00    2.3143846826e+00   -1.7028089534e+01    3.0000000000e+03    3.4997461800e-01    7.0932500000e-01
       349   -7.5649163580e+00    5.8506743856e+01   -1.4413614229e+01    6.8486978712e+00    2.2247958082e+00   -1.6638410037e+01    3.0000000000e+03    3.3194865600e-01    7.0927500000e-01
       350   -7.6168637996e+00    5.9893825562e+01   -1.5179510818e+01    7.5626470179e+00    2.3196866035e+00   -1.7499197421e+01    3.0000000000e+03    3.2341806700e-01    7.0705833333e-01
       351   -7.5784864852e+00    5.9562784594e+01   -1.4950893109e+01    7.3724066234e+00    2.2849594238e+00   -1.7235852532e+01    3.0000000000e+03    3.4224889900e-01    7.0695833333e-01
       352   -7.5361120935e+00    5.8590372708e+01   -1.3911056955e+01    6.3749448611e+00    2.2585177294e+00   -1.6169574684e+01    3.0000000000e+03    3.7115854400e-01    7.0971666667e-01
       353   -7.5592658140e+00    5.9090446701e+01   -1.5050984534e+01    7.4917187203e+00    2.3077925664e+00   -1.7358777101e+01    3.0000000000e+03    4.1930104100e-01    7.0470000000e-01
       354   -7.5368191883e+00    5.8573570233e+01   -1.4877141676e+01    7.3403224877e+00    2.3442969165e+00   -1.7221438593e+01    3.0000000000e+03    3.4579827100e-01    7.0699166667e-01
       355   -7.5043622690e+00    5.8839144468e+01   -1.4873828050e+01    7.3694657812e+00    2.2516019885e+00   -1.7125430039e+01    3.0000000000e+03    4.7116777300e-01    7.0983333333e-01
       356   -7.4882470615e+00    5.8287093946e+01   -1.5264171760e+01    7.7759246989e+00    2.3331165473e+00   -1.7597288308e+01    3.0000000000e+03    2.8902467800e-01    7.0627500000e-01
       357   -7.5741766055e+00    5.9019915555e+01   -1.4763475834e+01    7.1892992284e+00    2.2253324943e+00   -1.6988808328e+01    3.0000000000e+03    3.1415381200e-01    7.1030000000e-01
       358   -7.5164475525e+00    5.9438984180e+01   -1.4806092901e+01    7.2896453481e+00    2.2780081564e+00   -1.7084101057e+01    3.0000000000e+03    3.4742544500e-01    7.1015000000e-01
       359   -7.5176955168e+00    5.8393444452e+01   -1.4156960779e+01    6.6392652625e+00    2.2555168773e+00   -1.6412477657e+01    3.0000000000e+03    3.3600279200e-01    7.1001666667e-01
       360   -7.4558489780e+00    5.8687314724e+01   -1.4655774048e+01    7.1999250695e+00    2.3453116658e+00   -1.7001085713e+01    3.0000000000e+03    3.1023301400e-01    7.0570833333e-01
       361   -7.5798907615e+00    6.0056106252e+01   -1.5682744064e+01    8.1028533027e+00    2.3124564545e+00   -1.7995200519e+01    3.0000000000e+03    3.2250486300e-01    7.0611666667e-01
       362   -7.5478729302e+00    5.9091202284e+01   -1.5405711734e+01    7.8578388036e+00    2.2875334220e+00   -1.7693245156e+01    3.0000000000e+03    3.1597895100e-01    7.0720000000e-01
       363   -7.5476752435e+00    5.8485735889e+01   -1.4995305091e+01    7.4476298478e+00    2.2698240522e+00   -1.7265129143e+01    3.0000000000e+03    2.9585071400e-01    7.0704166667e-01
       364   -7.5194710061e+00    5.8333597838e+01   -1.4897800028e+01    7.3783290219e+00    2.2294439396e+00   -1.7127243968e+01    3.0000000000e+03    3.1478640700e-01    7.0949166667e-01
       365   -7.4529839754e+00    5.8373627841e+01   -1.5578465842e+01    8.1254818661e+00    2.3365614785e+00   -1.7915027320e+01    3.0000000000e+03    3.1873487800e-01    7.0610000000e-01
       366   -7.4198932603e+00    5.9823700632e+01   -1.4861713357e+01    7.4418200970e+00    2.3605921327e+00   -1.7222305490e+01    3.0000000000e+03    3.3290531500e-01    7.0759166667e-01
       367   -7.5200136789e+00    5.8216921384e+01   -1.4809975175e+01    7.2899614964e+00    2.2785097814e+00   -1.7088484957e+01    3.0000000000e+03    3.4568049200e-01    7.0875000000e-01
       368   -8.0867675469e+00    1.3014232222e+02   -1.6721052501e+01    8.6342849546e+00    2.2413820592e+00   -1.8962434561e+01    3.0000000000e+03    3.2476987600e-01    7.0764166667e-01
       369   -7.5295714362e+00    5.9698329315e+01   -1.4502127550e+01    6.9725561136e+00    2.2745550474e+00   -1.6776682597e+01    3.0000000000e+03    3.1102744700e-01    7.0882500000e-01
       370   -7.5343275401e+00    5.8788098930e+01   -1.4842781932e+01    7.3084543920e+00    2.2823486043e+00   -1.7125130536e+01    3.0000000000e+03    3.4392000300e-01    7.0985000000e-01
       371   -7.4880391566e+00    6.0816229925e+01   -1.4119105985e+01    6.6310668285e+00    2.3238279598e+00   -1.6442933945e+01    3.0000000000e+03    3.6042145900e-01    7.0885000000e-01
       372   -7.5962562028e+00    8.4050711736e+01   -1.4435308873e+01    6.8390526699e+00    2.2595742168e+00   -1.6694883089e+01    3.0000000000e+03    3.6527066100e-01    7.1174166667e-01
       373   -7.5124742166e+00    5.8760238521e+01   -1.4687420484e+01    7.1749462679e+00    2.2440897257e+00   -1.6931510210e+01    3.0000000000e+03    3.5292671600e-01    7.0980000000e-01
       374   -7.5157598700e+00    5.9214924337e+01   -1.4966693386e+01    7.4509335157e+00    2.3195627606e+00   -1.7286256146e+01    3.0000000000e+03    3.6654039200e-01    7.0904166667e-01
       375   -7.4665875488e+00    5.8969953617e+01   -1.4936429698e+01    7.4698421487e+00    2.2678870885e+00   -1.7204316786e+01    3.0000000000e+03    3.3852011500e-01    7.1005833333e-01
       376   -7.4820809093e+00    5.9271447544e+01   -1.4727654737e+01    7.2455738274e+00    2.2948982068e+00   -1.7022552944e+01    3.0000000000e+03    3.1452912900e-01    7.0627500000e-01
       377   -7.5584572687e+00    6.0887936896e+01   -1.6126827987e+01    8.5683707184e+00    2.2568667563e+00   -1.8383694743e+01    3.0000000000e+03    3.0044760000e-01    7.0489166667e-01
       378   -7.4698746807e+00    5.8673040539e+01   -1.4540037434e+01    7.0701627537e+00    2.2569338186e+00   -1.6796971253e+01    3.0000000000e+03    3.0618536600e-01    7.0904166667e-01
       379   -7.5452705912e+00    5.8581985996e+01   -1.4653285969e+01    7.1080153774e+00    2.2712993120e+00   -1.6924585281e+01    3.0000000000e+03    3.3158123800e-01    7.0666666667e-01
       380   -7.5346583036e+00    5.8206357904e+01   -1.4498760700e+01    6.9641023968e+00    2.2863764014e+00   -1.6785137102e+01    3.0000000000e+03    3.7961620500e-01    7.0605833333e-01
       381   -7.4302471197e+00    5.8423014925e+01   -1.5496684813e+01    8.0664376931e+00    2.2658958575e+00   -1.7762580670e+01    3.0000000000e+03    3.4697052900e-01    7.0765833333e-01
       382   -7.5316746849e+00    5.8630096782e+01   -1.4899066129e+01    7.3673914439e+00    2.3005387524e+00   -1.7199604881e+01    3.0000000000e+03    3.1493275100e-01    7.0904166667e-01
       383   -7.4130766112e+00    5.7754197990e+01   -1.5060804464e+01    7.6477278531e+00    2.2437363220e+00   -1.7304540786e+01    3.0000000000e+03    2.9483685700e-01    7.0979166667e-01
       384   -7.4116407200e+00    5.9938134948e+01   -1.6058445533e+01    8.6468048134e+00    2.3484715255e+00   -1.8406917059e+01    3.0000000000e+03    2.9888717300e-01    7.0510000000e-01
       385   -7.5167696625e+00    5.8759466470e+01   -1.4661132857e+01    7.1443631946e+00    2.2359466417e+00   -1.6897079499e+01    3.0000000000e+03    3.1370932100e-01    7.1019166667e-01
       386   -7.4901695002e+00    5.9917668767e+01   -1.6023411864e+01    8.5332423639e+00    2.3661286128e+00   -1.8389540477e+01    3.0000000000e+03    2.8833048700e-01    7.0436666667e-01
       387   -7.5701260661e+00    5.8861276110e+01   -1.4409466885e+01    6.8393408190e+00    2.2565365881e+00   -1.6666003473e+01    3.0000000000e+03    2.9493930700e-01    7.1020833333e-01
       388   -7.4813029130e+00    5.8524358043e+01   -1.5373270727e+01    7.8919678140e+00    2.3350795029e+00   -1.7708350230e+01    3.0000000000e+03    3.2523678400e-01    7.0549166667e-01
       389   -7.4998338443e+00    5.8413209738e+01   -1.4775311773e+01    7.2754779287e+00    2.2981081520e+00   -1.7073419925e+01    3.0000000000e+03    2.9763871200e-01    7.0841666667e-01
       390   -7.5530276275e+00    5.9316110498e+01   -1.4809672230e+01    7.2566446028e+00    2.2896981335e+00   -1.7099370364e+01    3.0000000000e+03    2.9516413300e-01    7.1040833333e-01
       391   -7.4662316669e+00    5.8412573841e+01   -1.4958107412e+01    7.4918757453e+00    2.3706757280e+00   -1.7328783140e+01    3.0000000000e+03    3.2215796800e-01    7.0665000000e-01
       392   -7.4241403897e+00    5.8085992751e+01   -1.4620624793e+01    7.1964844030e+00    2.2797486396e+00   -1.6900373432e+01    3.0000000000e+03    3.2164848800e-01    7.0978333333e-01
       393   -7.5450823691e+00    5.8927128076e+01   -1.5323450698e+01    7.7783683293e+00    2.2999994322e+00   -1.7623450131e+01    3.0000000000e+03    3.2675345400e-01    7.0681666667e-01
       394   -7.5769693223e+00    6.0669654531e+01   -1.6019518314e+01    8.4425489916e+00    2.3042069774e+00   -1.8323725291e+01    3.0000000000e+03    3.6385265500e-01    7.0700833333e-01
       395   -7.5814178720e+00    5.9453951321e+01   -1.4818662710e+01    7.2372448384e+00    2.2743946097e+00   -1.7093057320e+01    3.0000000000e+03    3.0893426500e-01    7.0885833333e-01
       396   -7.5034995188e+00    5.8303507081e+01   -1.4570607452e+01    7.0671079332e+00    2.2541057371e+00   -1.6824713189e+01    3.0000000000e+03    2.9288995900e-01    7.0973333333e-01
       397   -7.5081956021e+00    5.8620637252e+01   -1.4499371493e+01    6.9911758905e+00    2.2523946971e+00   -1.6751766190e+01    3.0000000000e+03    2.9766838000e-01    7.0750000000e-01
       398   -7.3471549734e+00    5.7912399039e+01   -1.5989623579e+01    8.6424686059e+00    2.2761179422e+00   -1.8265741521e+01    3.0000000000e+03    3.3182785200e-01    7.0721666667e-01
       399   -7.5394595216e+00    5.8264725481e+01   -1.4546509502e+01    7.0070499807e+00    2.2740177749e+00   -1.6820527277e+01    3.0000000000e+03    3.4145422000e-01    7.0740000000e-01
       400   -7.4877461039e+00    5.9490051109e+01   -1.5000546021e+01    7.5127999173e+00    2.2602959377e+00   -1.7260841959e+01    3.0000000000e+03    3.7845952800e-01    7.0685000000e-01
       401   -7.4694057990e+00    5.8027454294e+01   -1.4584287054e+01    7.1148812552e+00    2.2612585459e+00   -1.6845545600e+01    3.0000000000e+03    3.2382184600e-01    7.1205000000e-01
       402   -7.5181662746e+00    6.1544445401e+01   -1.5768062671e+01    8.2498963961e+00    2.2791128003e+00   -1.8047175471e+01    3.0000000000e+03    3.1303096200e-01    7.0783333333e-01
       403   -7.6779334064e+00    6.0943257389e+01   -1.5407328358e+01    7.7293949520e+00    2.3198430703e+00   -1.7727171429e+01    3.0000000000e+03    3.3532116800e-01    7.0616666667e-01
       404   -7.5219795116e+00    5.8359938985e+01   -1.4374118136e+01    6.8521386240e+00    2.2404776042e+00   -1.6614595740e+01    3.0000000000e+03    2.9074778900e-01    7.1254166667e-01
       405   -7.4539006360e+00    5.7468101672e+01   -1.4143208202e+01    6.6893075660e+00    2.2792256421e+00   -1.6422433844e+01    3.0000000000e+03    2.8812468000e-01    7.1130000000e-01
       406   -7.3879659892e+00    5.7717919870e+01   -1.4912811696e+01    7.5248457070e+00    2.3104289983e+00   -1.7223240695e+01    3.0000000000e+03    3.2779032600e-01    7.0811666667e-01
       407   -7.4712290095e+00    5.8402065644e+01   -1.4717468512e+01    7.2462395022e+00    2.2677868272e+00   -1.6985255339e+01    3.0000000000e+03    3.1521685800e-01    7.0709166667e-01
       408   -7.4898253424e+00    5.8005983698e+01   -1.4712947225e+01    7.2231218828e+00    2.2654099740e+00   -1.6978357199e+01    3.0000000000e+03    3.0194487500e-01    7.0780833333e-01
       409   -7.4743529654e+00    5.7762501695e+01   -1.5233321667e+01    7.7589687018e+00    2.3293102678e+00   -1.7562631935e+01    3.0000000000e+03    3.1606509000e-01    7.0575833333e-01
       410   -7.5107728977e+00    5.8030517904e+01   -1.4515454405e+01    7.0046815078e+00    2.2654369444e+00   -1.6780891350e+01    3.0000000000e+03    3.3749822000e-01    7.0744166667e-01
       411   -7.5687493930e+00    5.9729813252e+01   -1.5196484878e+01    7.6277354847e+00    2.3208041750e+00   -1.7517289053e+01    3.0000000000e+03    2.8978008600e-01    7.0826666667e-01
       412   -7.4569935862e+00    5.8744807676e+01   -1.4591090877e+01    7.1340972903e+00    2.2604036057e+00   -1.6851494482e+01    3.0000000000e+03    3.1305591000e-01    7.0976666667e-01
       413   -7.5230481918e+00    5.8595221082e+01   -1.4900574104e+01    7.3775259121e+00    2.3395195483e+00   -1.7240093652e+01    3.0000000000e+03    2.8596401900e-01    7.0565000000e-01
       414   -7.4899676873e+00    5.9547581846e+01   -1.4790303952e+01    7.3003362646e+00    2.3659086066e+00   -1.7156212559e+01    3.0000000000e+03    3.0570621700e-01    7.0935833333e-01
       415   -7.5770649300e+00    6.0481600317e+01   -1.5222608430e+01    7.6455435001e+00    2.2645023830e+00   -1.7487110813e+01    3.0000000000e+03    3.0741902100e-01    7.0771666667e-01
       416   -7.4766827902e+00    5.8597799200e+01   -1.4829073051e+01    7.3523902607e+00    2.3025902858e+00   -1.7131663337e+01    3.0000000000e+03    2.8539093900e-01    7.0745000000e-01
       417   -7.5208865630e+00    5.8429039241e+01   -1.4983069780e+01    7.4621832170e+00    2.3295839948e+00   -1.7312653775e+01    3.0000000000e+03    3.4978788300e-01    7.0498333333e-01
       418   -7.5038479325e+00    5.8711221070e+01   -1.5231963248e+01    7.7281153152e+00    2.3314537156e+00   -1.7563416963e+01    3.0000000000e+03    3.1677759900e-01    7.0745000000e-01
       419   -7.4747342252e+00    5.8111669473e+01   -1.4634429979e+01    7.1596957540e+00    2.3147904317e+00   -1.6949220411e+01    3.0000000000e+03    3.3776559000e-01    7.0685000000e-01
       420   -7.5893807109e+00    5.9439550536e+01   -1.5172025003e+01    7.5826442918e+00    2.2995307399e+00   -1.7471555743e+01    3.0000000000e+03    3.7774953500e-01    7.0590833333e-01
       421   -7.5287753853e+00    5.8663677051e+01   -1.4443869183e+01    6.9150937980e+00    2.2578039331e+00   -1.6701673116e+01    3.0000000000e+03    3.6829211500e-01    7.0991666667e-01
       422   -7.4682281529e+00    5.8682814080e+01   -1.4677904339e+01    7.2096761863e+00    2.3469024960e+00   -1.7024806835e+01    3.0000000000e+03    3.7890939100e-01    7.0750833333e-01
       423   -7.6215440767e+00    6.0315008929e+01   -1.4901656377e+01    7.2801123003e+00    2.2559009071e+00   -1.7157557284e+01    3.0000000000e+03    3.5704254000e-01    7.0835833333e-01
       424   -7.4297144846e+00    5.7669444924e+01   -1.4943302007e+01    7.5135875219e+00    2.2839069622e+00   -1.7227208969e+01    3.0000000000e+03    3.1807781000e-01    7.0797500000e-01
       425   -7.5118752645e+00    5.8578421493e+01   -1.4849106151e+01    7.3372308862e+00    2.2820702780e+00   -1.7131176429e+01    3.0000000000e+03    3.3415108800e-01    7.0823333333e-01
       426   -7.5323164585e+00    5.9140545658e+01   -1.4993937467e+01    7.4616210089e+00    2.2804570277e+00   -1.7274394495e+01    3.0000000000e+03    3.3374469000e-01    7.0716666667e-01
       427   -7.5209287767e+00    5.8621365857e+01   -1.5648993902e+01    8.1280651254e+00    2.3242339216e+00   -1.7973227824e+01    3.0000000000e+03    2.9046158200e-01    7.0645000000e-01
       428   -7.5220533542e+00    5.9635059811e+01   -1.5648771666e+01    8.1267183118e+00    2.2823126774e+00   -1.7931084343e+01    3.0000000000e+03    2.8457516600e-01    7.0491666667e-01
       429   -7.5714127729e+00    5.9504408507e+01   -1.5352322187e+01    7.7809094139e+00    2.2850083518e+00   -1.7637330539e+01    3.0000000000e+03    3.0154611000e-01    7.0685833333e-01
       430   -7.5168766103e+00    7.3901923763e+01   -1.5231527973e+01    7.7146513631e+00    2.2221559347e+00   -1.7453683908e+01    3.0000000000e+03    3.3938652300e-01    7.0875833333e-01
       431   -7.4436629583e+00    5.8928910507e+01   -1.5003138625e+01    7.5594756667e+00    2.2690021187e+00   -1.7272140744e+01    3.0000000000e+03    2.9815507800e-01    7.0858333333e-01
       432   -7.4959827261e+00    5.8368394773e+01   -1.5095140004e+01    7.5991572781e+00    2.3377404483e+00   -1.7432880452e+01    3.0000000000e+03    3.0360589200e-01    7.0612500000e-01
       433   -7.4403981712e+00    6.8308865534e+01   -1.5439377920e+01    7.9989797485e+00    2.2648420791e+00   -1.7704219999e+01    3.0000000000e+03    3.1183442200e-01    7.0672500000e-01
       434   -7.9081313552e+00    8.6103101157e+01   -1.6651147607e+01    8.7430162518e+00    2.2579418404e+00   -1.8909089447e+01    3.0000000000e+03    3.0855511200e-01    7.0803333333e-01
       435   -7.4405897812e+00    5.7605481891e+01   -1.4199850782e+01    6.7592610005e+00    2.3289996744e+00   -1.6528850456e+01    3.0000000000e+03    3.2480533100e-01    7.0898333333e-01
       436   -7.3568523802e+00    5.8488810719e+01   -1.5578721176e+01    8.2218687955e+00    2.3383917844e+00   -1.7917112960e+01    3.0000000000e+03    3.2528288400e-01    7.0705000000e-01
       437   -7.4852612500e+00    5.8158663513e+01   -1.4784308119e+01    7.2990468694e+00    2.2691792482e+00   -1.7053487368e+01    3.0000000000e+03    3.2661198600e-01    7.1004166667e-01
       438   -7.4515428143e+00    5.7946823483e+01   -1.4446863561e+01    6.9953207470e+00    2.2562075431e+00   -1.6703071104e+01    3.0000000000e+03    3.3585860200e-01    7.1095833333e-01
       439   -7.5243659269e+00    5.9127256318e+01   -1.5042796178e+01    7.5184302511e+00    2.3137783814e+00   -1.7356574559e+01    3.0000000000e+03    3.6065172400e-01    7.0835833333e-01
       440   -7.4888755509e+00    6.6762665611e+01   -1.4245483134e+01    6.7566075835e+00    2.2968139986e+00   -1.6542297133e+01    3.0000000000e+03    3.3135108500e-01    7.0939166667e-01
       441   -7.5642194861e+00    5.9190463799e+01   -1.5108374940e+01    7.5441554537e+00    2.3085173202e+00   -1.7416892260e+01    3.0000000000e+03    3.0286890800e-01    7.0575833333e-01
       442   -7.4290302159e+00    5.9177296202e+01   -1.5896804662e+01    8.4677744458e+00    2.2650536089e+00   -1.8161858271e+01    3.0000000000e+03    3.6244438300e-01    7.0828333333e-01
       443   -7.5365357303e+00    5.8827084141e+01   -1.4657004212e+01    7.1204684814e+00    2.2445828065e+00   -1.6901587018e+01    3.0000000000e+03    2.9996346700e-01    7.0860000000e-01
       444   -7.5246506102e+00    5.9084997307e+01   -1.5850867489e+01    8.3262168788e+00    2.3170493453e+00   -1.8167916834e+01    3.0000000000e+03    3.0211405100e-01    7.0727500000e-01
       445   -7.5663797104e+00    5.9139102991e+01   -1.4893915035e+01    7.3275353244e+00    2.2747782216e+00   -1.7168693256e+01    3.0000000000e+03    3.4782044300e-01    7.0907500000e-01
       446   -7.5530743207e+00    5.9945725430e+01   -1.5104360741e+01    7.5512864208e+00    2.3105924027e+00   -1.7414953144e+01    3.0000000000e+03    3.4667922700e-01    7.1111666667e-01
       447   -7.5365563344e+00    5.9327692068e+01   -1.5712215267e+01    8.1756589327e+00    2.2314332884e+00   -1.7943648555e+01    3.0000000000e+03    3.2573103200e-01    7.0560000000e-01
       448   -7.5115444296e+00    5.7986923823e+01   -1.4604238100e+01    7.0926936699e+00    2.2417292208e+00   -1.6845967320e+01    3.0000000000e+03    3.4219491900e-01    7.0864166667e-01
       449   -7.4893179070e+00    5.8769726125e+01   -1.4177201369e+01    6.6878834619e+00    2.3022982910e+00   -1.6479499660e+01    3.0000000000e+03    3.0470149600e-01    7.0805000000e-01
       450   -7.5242199880e+00    5.8868860945e+01   -1.4452970483e+01    6.9287504946e+00    2.2653116804e+00   -1.6718282163e+01    3.0000000000e+03    3.0658372900e-01    7.0962500000e-01
       451   -7.4903500150e+00    5.8317438271e+01   -1.4354048980e+01    6.8636989645e+00    2.2432474055e+00   -1.6597296385e+01    3.0000000000e+03    3.2655072400e-01    7.0947500000e-01
       452   -7.4899390377e+00    5.8525269821e+01   -1.4854482040e+01    7.3645430027e+00    2.2431595448e+00   -1.7097641585e+01    3.0000000000e+03    3.0726569900e-01    7.0935000000e-01
       453   -7.4792439905e+00    5.8805054391e+01   -1.5032343359e+01    7.5530993684e+00    2.2843538103e+00   -1.7316697169e+01    3.0000000000e+03    3.3579434400e-01    7.0632500000e-01
       454   -7.4733972739e+00    5.8209080435e+01   -1.4947177831e+01    7.4737805573e+00    2.3423403090e+00   -1.7289518140e+01    3.0000000000e+03    3.1675631900e-01    7.0829166667e-01
       455   -7.5405076382e+00    5.9486266041e+01   -1.5513960113e+01    7.9734524746e+00    2.3131321711e+00   -1.7827092284e+01    3.0000000000e+03    3.2288901200e-01    7.0906666667e-01
       456   -7.5751150200e+00    5.8716623544e+01   -1.4827112457e+01    7.2519974366e+00    2.2194373397e+00   -1.7046549796e+01    3.0000000000e+03    3.0614240800e-01    7.1074166667e-01
       457   -7.4822961520e+00    5.7342142170e+01   -1.4513260916e+01    7.0309647643e+00    2.3032728883e+00   -1.6816533805e+01    3.0000000000e+03    3.0769379000e-01    7.0680000000e-01
       458   -7.4799640228e+00    5.7478102186e+01   -1.4198599611e+01    6.7186355883e+00    2.2357613964e+00   -1.6434361007e+01    3.0000000000e+03    3.1235619000e-01    7.0969166667e-01
       459   -7.5340110611e+00    5.8348520599e+01   -1.4426783798e+01    6.8927727365e+00    2.2597898407e+00   -1.6686573638e+01    3.0000000000e+03    3.2367939100e-01    7.0893333333e-01
       460   -7.9664064781e+00    1.0696918249e+02   -1.5878803369e+01    7.9123968904e+00    2.2460051574e+00   -1.8124808526e+01    3.0000000000e+03    3.4911698600e-01    7.0960833333e-01
       461   -7.5200030255e+00    5.9398359431e+01   -1.5321097016e+01    7.8010939908e+00    2.2899921175e+00   -1.7611089134e+01    3.0000000000e+03    2.9315944800e-01    7.0869166667e-01
       462   -7.5697047709e+00    5.9113530521e+01   -1.5011586106e+01    7.4418813349e+00    2.3054996197e+00   -1.7317085725e+01    3.0000000000e+03    2.7784975100e-01    7.0708333333e-01
       463   -7.5983138382e+00    6.9070602610e+01   -1.5453773020e+01    7.8554591816e+00    2.2632797751e+00   -1.7717052795e+01    3.0000000000e+03    3.0563011400e-01    7.0919166667e-01
       464   -7.4938740087e+00    5.7871729954e+01   -1.4566964001e+01    7.0730899927e+00    2.2383838736e+00   -1.6805347875e+01    3.0000000000e+03    3.3893872900e-01    7.0832500000e-01
       465   -7.5397225547e+00    5.9590205777e+01   -1.5722235921e+01    8.1825133667e+00    2.2949729916e+00   -1.8017208913e+01    3.0000000000e+03    2.9688679500e-01    7.0656666667e-01
       466   -7.5469399065e+00    5.8577980248e+01   -1.4789648852e+01    7.2427089455e+00    2.3040128232e+00   -1.7093661675e+01    3.0000000000e+03    4.6116112500e-01    7.0622500000e-01
       467   -7.5199106647e+00    5.9941485020e+01   -1.4784166343e+01    7.2642556787e+00    2.2891936454e+00   -1.7073359989e+01    3.0000000000e+03    3.0823109400e-01    7.1040833333e-01
       468   -7.7217151102e+00    7.3474040583e+01   -1.4803116035e+01    7.0814009246e+00    2.2478555131e+00   -1.7050971548e+01    3.0000000000e+03    3.1997495600e-01    7.1015833333e-01
       469   -7.4862732348e+00    5.7935148621e+01   -1.4673865552e+01    7.1875923176e+00    2.2864066321e+00   -1.6960272184e+01    3.0000000000e+03    3.2576333700e-01    7.0618333333e-01
       470   -7.5269418738e+00    5.8417984222e+01   -1.4417517218e+01    6.8905753446e+00    2.2284999758e+00   -1.6646017194e+01    3.0000000000e+03    3.1555758100e-01    7.0833333333e-01
       471   -7.5061651898e+00    5.8963651415e+01   -1.4787663959e+01    7.2814987690e+00    2.2311857237e+00   -1.7018849683e+01    3.0000000000e+03    3.2996332000e-01    7.0630833333e-01
       472   -7.4910855663e+00    5.7679475585e+01   -1.5403347507e+01    7.9122619405e+00    2.2753388474e+00   -1.7678686354e+01    3.0000000000e+03    3.0277059300e-01    7.0770000000e-01
       473   -7.5504801189e+00    5.9147709273e+01   -1.4906394812e+01    7.3559146932e+00    2.2662648260e+00   -1.7172659638e+01    3.0000000000e+03    2.9637299600e-01    7.0803333333e-01
       474   -7.4146482042e+00    5.8804756894e+01   -1.5655078963e+01    8.2404307591e+00    2.3371924050e+00   -1.7992271368e+01    3.0000000000e+03    2.8298796600e-01    7.0618333333e-01
       475   -7.4330212696e+00    5.8664376002e+01   -1.5237177878e+01    7.8041566084e+00    2.2708707066e+00   -1.7508048585e+01    3.0000000000e+03    3.1329497400e-01    7.0907500000e-01
       476   -7.5650099721e+00    5.9104259979e+01   -1.4548350261e+01    6.9833402888e+00    2.2562735981e+00   -1.6804623859e+01    3.0000000000e+03    2.8129669600e-01    7.0913333333e-01
       477   -7.7903754025e+00    7.6430559186e+01   -1.5336814290e+01    7.5464388871e+00    2.2500681493e+00   -1.7586882439e+01    3.0000000000e+03    2.8828293700e-01    7.0781666667e-01
       478   -7.4711663711e+00    6.5754119731e+01   -1.5693298638e+01    8.2221322670e+00    2.2855185929e+00   -1.7978817231e+01    3.0000000000e+03    3.7715047200e-01    7.0934166667e-01
       479   -7.5242201454e+00    6.2574280685e+01   -1.5158749887e+01    7.6345297416e+00    2.2806339704e+00   -1.7439383857e+01    3.0000000000e+03    3.6184285200e-01    7.0840000000e-01
       480   -7.5018643834e+00    5.8598665690e+01   -1.4301449357e+01    6.7995849733e+00    2.2501271862e+00   -1.6551576543e+01    3.0000000000e+03    3.2033502900e-01    7.0967500000e-01
       481   -7.6304847804e+00    5.9664095410e+01   -1.5275451774e+01    7.6449669938e+00    2.2663976263e+00   -1.7541849400e+01    3.0000000000e+03    3.6455073200e-01    7.0704166667e-01
       482   -7.5038726703e+00    5.9436729565e+01   -1.4613744003e+01    7.1098713328e+00    2.3019393427e+00   -1.6915683346e+01    3.0000000000e+03    3.3329168900e-01    7.0947500000e-01
       483   -7.4729699702e+00    5.7561389267e+01   -1.4866459272e+01    7.3934893016e+00    2.2720841120e+00   -1.7138543384e+01    3.0000000000e+03    3.3174664600e-01    7.0811666667e-01
       484   -7.5693234714e+00    5.9658367888e+01   -1.5914355283e+01    8.3450318116e+00    2.3226166803e+00   -1.8236971963e+01    3.0000000000e+03    4.7686502600e-01    7.0596666667e-01
       485   -7.4958873334e+00    5.8827144207e+01   -1.4835852818e+01    7.3399654849e+00    2.2552464628e+00   -1.7091099281e+01    3.0000000000e+03    3.2730579500e-01    7.0965000000e-01
       486   -7.5226924902e+00    5.8656697291e+01   -1.4309532334e+01    6.7868398435e+00    2.2448243638e+00   -1.6554356697e+01    3.0000000000e+03    3.4609315000e-01    7.0810833333e-01
       487   -7.4761081789e+00    5.7331450646e+01   -1.4731345389e+01    7.2552372102e+00    2.2507118751e+00   -1.6982057264e+01    3.0000000000e+03    3.5882556100e-01    7.0628333333e-01
       488   -7.4881056876e+00    5.9002072551e+01   -1.5082984534e+01    7.5948788462e+00    2.3071113445e+00   -1.7390095878e+01    3.0000000000e+03    4.6180653400e-01    7.0829166667e-01
       489   -7.5424389998e+00    6.0888735538e+01   -1.6253795757e+01    8.7113567576e+00    2.2504463327e+00   -1.8504242090e+01    3.0000000000e+03    3.6337620000e-01    7.0775000000e-01
       490   -7.4365421956e+00    5.8532066085e+01   -1.5391505860e+01    7.9549636644e+00    2.3069023104e+00   -1.7698408170e+01    3.0000000000e+03    3.8305013400e-01    7.0720000000e-01
       491   -7.4636952078e+00    5.8349824187e+01   -1.4532179125e+01    7.0684839173e+00    2.3220657006e+00   -1.6854244826e+01    3.0000000000e+03    3.5541483700e-01    7.0806666667e-01
       492   -7.4246024254e+00    5.9715893789e+01   -1.5074393870e+01    7.6497914448e+00    2.3153680802e+00   -1.7389761950e+01    3.0000000000e+03    3.4750710700e-01    7.0823333333e-01
       493   -7.3585831540e+00    9.4011689706e+01   -1.5708563808e+01    8.3499806536e+00    2.4044981619e+00   -1.8113061969e+01    3.0000000000e+03    3.1776077800e-01    7.0849166667e-01
       494   -7.3824282224e+00    5.6882778429e+01   -1.4731853855e+01    7.3494256323e+00    2.3103923889e+00   -1.7042246244e+01    3.0000000000e+03    3.3444297900e-01    7.0754166667e-01
       495   -7.6286749197e+00    6.0698783625e+01   -1.5346729663e+01    7.7180547429e+00    2.2881469529e+00   -1.7634876615e+01    3.0000000000e+03    3.2188004600e-01    7.0628333333e-01
       496   -7.4561242392e+00    5.9791123272e+01   -1.5878569757e+01    8.4224455182e+00    2.3087726648e+00   -1.8187342422e+01    3.0000000000e+03    2.8118439700e-01    7.0764166667e-01
       497   -7.5578183125e+00    5.8979265450e+01   -1.4945133006e+01    7.3873146934e+00    2.2596634320e+00   -1.7204796438e+01    3.0000000000e+03    2.8000991900e-01    7.1011666667e-01
       498   -7.4473527871e+00    5.7802663146e+01   -1.4824293235e+01    7.3769404481e+00    2.2745031244e+00   -1.7098796360e+01    3.0000000000e+03    3.6669119000e-01    7.0913333333e-01
       499   -7.5550721943e+00    5.9009409433e+01   -1.5321437029e+01    7.7663648348e+00    2.2839011791e+00   -1.7605338208e+01    3.0000000000e+03    2.8758517600e-01    7.0717500000e-01
