     -125.7847529829        -63.8003001888        -13.5990661777         -6.7579230499         -2.9030423391         -1.2869615381         -0.4663926942          0.0000000000          0.0000000000          0.0000000000          0.0000000000          0.0000000000          0.0000000000          0.0000000000          0.0000000000          0.0000000000  
      -63.8003001888        -52.6742111623        -17.3839772800         -9.0564896648         -3.9746081581         -1.7741783020         -0.6446458432          0.0000000000          0.0000000000          0.0000000000          0.0000000000          0.0000000000          0.0000000000          0.0000000000          0.0000000000          0.0000000000  
      -13.5990661777        -17.3839772800        -16.4257421031        -11.5870751155         -6.0886773722         -2.9043350613         -1.0836802064          0.0000000000          0.0000000000          0.0000000000          0.0000000000          0.0000000000          0.0000000000          0.0000000000          0.0000000000          0.0000000000  
       -6.7579230499         -9.0564896648        -11.5870751155        -10.1862662202         -6.5757835079         -3.4666180727         -1.3531292923          0.0000000000          0.0000000000          0.0000000000          0.0000000000          0.0000000000          0.0000000000          0.0000000000          0.0000000000          0.0000000000  
       -2.9030423391         -3.9746081581         -6.0886773722         -6.5757835079         -5.7702561104         -3.8175804768         -1.7001589746          0.0000000000          0.0000000000          0.0000000000          0.0000000000          0.0000000000          0.0000000000          0.0000000000          0.0000000000          0.0000000000  
       -1.2869615381         -1.7741783020         -2.9043350613         -3.4666180727         -3.8175804768         -3.3495157388         -1.9279924334          0.0000000000          0.0000000000          0.0000000000          0.0000000000          0.0000000000          0.0000000000          0.0000000000          0.0000000000          0.0000000000  
       -0.4663926942         -0.6446458432         -1.0836802064         -1.3531292923         -1.7001589746         -1.9279924334         -1.7015556969          0.0000000000          0.0000000000          0.0000000000          0.0000000000          0.0000000000          0.0000000000          0.0000000000          0.0000000000          0.0000000000  
        0.0000000000          0.0000000000          0.0000000000          0.0000000000          0.0000000000          0.0000000000          0.0000000000         -4.1581305274          0.0000000000          0.0000000000         -1.5865486428          0.0000000000          0.0000000000         -0.5254560387          0.0000000000          0.0000000000  
        0.0000000000          0.0000000000          0.0000000000          0.0000000000          0.0000000000          0.0000000000          0.0000000000          0.0000000000         -4.1581305274          0.0000000000          0.0000000000         -1.5865486428          0.0000000000          0.0000000000         -0.5254560387          0.0000000000  
        0.0000000000          0.0000000000          0.0000000000          0.0000000000          0.0000000000          0.0000000000          0.0000000000          0.0000000000          0.0000000000         -4.1581305274          0.0000000000          0.0000000000         -1.5865486428          0.0000000000          0.0000000000         -0.5254560387  
        0.0000000000          0.0000000000          0.0000000000          0.0000000000          0.0000000000          0.0000000000          0.0000000000         -1.5865486428          0.0000000000          0.0000000000         -1.7935971892          0.0000000000          0.0000000000         -1.0221293626          0.0000000000          0.0000000000  
        0.0000000000          0.0000000000          0.0000000000          0.0000000000          0.0000000000          0.0000000000          0.0000000000          0.0000000000         -1.5865486428          0.0000000000          0.0000000000         -1.7935971892          0.0000000000          0.0000000000         -1.0221293626          0.0000000000  
        0.0000000000          0.0000000000          0.0000000000          0.0000000000          0.0000000000          0.0000000000          0.0000000000          0.0000000000          0.0000000000         -1.5865486428          0.0000000000          0.0000000000         -1.7935971892          0.0000000000          0.0000000000         -1.0221293626  
        0.0000000000          0.0000000000          0.0000000000          0.0000000000          0.0000000000          0.0000000000          0.0000000000         -0.5254560387          0.0000000000          0.0000000000         -1.0221293626          0.0000000000          0.0000000000         -1.0355338200          0.0000000000          0.0000000000  
        0.0000000000          0.0000000000          0.0000000000          0.0000000000          0.0000000000          0.0000000000          0.0000000000          0.0000000000         -0.5254560387          0.0000000000          0.0000000000         -1.0221293626          0.0000000000          0.0000000000         -1.0355338200          0.0000000000  
        0.0000000000          0.0000000000          0.0000000000          0.0000000000          0.0000000000          0.0000000000          0.0000000000          0.0000000000          0.0000000000         -0.5254560387          0.0000000000          0.0000000000         -1.0221293626          0.0000000000          0.0000000000         -1.0355338200  
