        0.7746059439
        0.1344253808
        0.0358488784
        0.3429375077
        0.1344253808
        0.7746059439
        0.0296269296
        0.0087106469
        0.0283486049
        0.0073125924
        0.0283486049
        0.0087106469
        0.0296269296
        0.0071993848
        0.0073125924
        0.5319835307
        0.1607600236
        0.5319835307
        0.1717919559
        0.1717919559
        4.7850654047
        0.3063507990
        0.0691701827
        0.2073636712
        0.0219048690
        0.0212188788
        0.4036389194
        0.1613979054
        0.2073636712
        0.0691701827
        0.3063507990
        0.0212188788
        0.0219048690
        0.4036389194
        0.1320363168
        0.1613979054
        0.1254655906
        0.0376337933
        0.1254655906
        0.0314339083
        0.0314339083
        0.7413803520
        0.0936726522
        0.0936726522
        0.1368733854
        0.5032737154
        0.1426495529
        0.5032737154
        0.0585101685
        0.0585101685
        1.1189468663
        0.3285826747
        0.3285826747
        0.2566333947
        0.8172063215
        0.2564399295
        0.0436345355
        0.0914853218
        0.0129373742
        0.0114165763
        0.2249809437
        0.1182593251
        0.0664178831
        0.0529046870
        0.1982119159
        0.1091271225
       -0.0914853218
       -0.0436345355
       -0.2564399295
       -0.0114165763
       -0.0129373742
       -0.2249809437
       -0.0664178831
       -0.1182593251
       -0.0529046870
       -0.1982119159
       -0.0152638708
        0.1091271225
        0.0099099727
       -0.0000000000
       -0.0099099727
        0.0011430986
       -0.0011430986
        0.0000000000
        0.0055384830
       -0.0055384830
        0.0000000000
        0.0000000000
        0.0127256153
        0.0127256153
        0.0244774123
        0.1016626172
        0.0000000000
       -0.1016626172
        0.0021336306
       -0.0021336306
        0.0000000000
        0.0417021253
       -0.0417021253
        0.0000000000
        0.0000000000
        0.0813692761
        0.0813692761
        0.0378086074
        0.1805183921
        0.5208496318
        0.1421942943
        0.5208496318
        0.0586119005
        0.0586119005
        1.1158138122
        0.3331729825
        0.3331729825
        0.2566839858
        0.8170226053
        0.2125648688
       -0.2125648688
        0.0000000000
        0.0000000000
        0.8801590934
        0.0000000000
        0.0000000000
        0.0000000000
        0.0000000000
        0.0000000000
        0.0000000000
        0.0000000000
        0.0000000000
        0.0000000000
        0.0000000000
        0.0000000000
        0.0000000000
        0.0000000000
        0.0000000000
        0.0000000000
        0.0234400588
        0.0000000000
        0.0000000000
        0.0000000000
        0.0000000000
        0.0000000000
        0.0000000000
        0.0000000000
        0.0000000000
        0.0000000000
        0.0000000000
        0.0000000000
        0.0000000000
        0.0000000000
        0.0000000000
        0.0000000000
        0.0185778070
        0.0234400588
        0.0000000000
        0.0000000000
        0.0000000000
        0.0000000000
        0.0000000000
        0.0000000000
        0.0000000000
        0.0000000000
        0.0000000000
        0.0000000000
        0.0000000000
        0.0000000000
        0.0000000000
        0.0000000000
        0.0000000000
        0.0099729608
        0.0099729608
        0.0244774123
        0.0000000000
        0.0000000000
        0.0000000000
        0.0000000000
        0.0000000000
        0.0000000000
        0.0000000000
        0.0000000000
        0.0000000000
        0.0000000000
        0.0000000000
        0.0000000000
        0.0000000000
        0.0000000000
        0.0000000000
        0.0574277374
        0.0574277374
        0.0378086074
        0.1805183921
        0.0000000000
        0.0000000000
        0.0000000000
        0.0000000000
        0.0000000000
        0.0000000000
        0.0000000000
        0.0000000000
        0.0000000000
        0.0000000000
        0.0000000000
        0.0000000000
        0.0000000000
        0.0000000000
        0.0000000000
        0.0087405843
       -0.0087405843
        0.0000000000
        0.0000000000
        0.0474444451
        0.4827748459
        0.1393888240
        0.4827748459
        0.0583993311
        0.0583993311
        1.1158138122
        0.3231242834
        0.3231242834
        0.2566839858
        0.8170226053
        0.1891489682
       -0.1891489682
        0.0000000000
        0.0000000000
        0.7852702031
        0.0000000000
        0.0000000000
        0.0000000000
        0.0000000000
        0.0000000000
        0.8801590934
       -0.1984780668
       -0.0440947699
       -0.1255699789
       -0.0100132028
       -0.0097056045
       -0.1741296016
       -0.0915297484
       -0.0728386872
       -0.0409468994
       -0.1534110462
       -0.0663196359
        0.0357824112
       -0.0021304855
       -0.0185301498
       -0.1509898858
        0.0000000000
        0.0000000000
        0.0000000000
        0.0000000000
        0.0000000000
       -0.1463965522
        0.0747697918
       -0.1255699789
       -0.0440947699
       -0.1984780668
       -0.0097056045
       -0.0100132028
       -0.1741296016
       -0.0728386872
       -0.0915297484
       -0.0409468994
       -0.1534110462
       -0.0357824112
        0.0663196359
        0.0021304855
        0.0185301498
       -0.1509898858
        0.0000000000
        0.0000000000
        0.0000000000
        0.0000000000
        0.0000000000
       -0.1463965522
        0.0581445348
        0.0747697918
       -0.0076700700
       -0.0027385919
       -0.0076700700
       -0.0008847296
       -0.0008847296
        0.0000000000
       -0.0042866468
       -0.0042866468
        0.0000000000
        0.0000000000
       -0.0021304855
        0.0021304855
        0.0000000000
        0.0000000000
        0.0000000000
        0.0000000000
        0.0000000000
        0.0000000000
        0.0000000000
        0.0000000000
        0.0000000000
        0.0116219031
        0.0116219031
        0.0244774123
       -0.0786843132
       -0.0242288213
       -0.0786843132
       -0.0016513765
       -0.0016513765
        0.0000000000
       -0.0322763979
       -0.0322763979
        0.0000000000
        0.0000000000
       -0.0185301498
        0.0185301498
        0.0000000000
        0.0000000000
        0.0000000000
        0.0000000000
        0.0000000000
        0.0000000000
        0.0000000000
        0.0000000000
        0.0000000000
        0.0717696081
        0.0717696081
        0.0378086074
        0.1805183921
       -0.0294689283
        0.0000000000
        0.0294689283
       -0.0001645234
        0.0001645234
        0.0000000000
       -0.0077774408
        0.0077774408
        0.0000000000
        0.0000000000
       -0.0113583264
       -0.0113583264
        0.0000000000
        0.0000000000
        0.0000000000
        0.0000000000
        0.0000000000
        0.0000000000
        0.0000000000
        0.0000000000
        0.0000000000
        0.0122957091
       -0.0122957091
        0.0000000000
        0.0000000000
        0.0474444451
        0.0000000000
        0.0000000000
        0.0000000000
        0.0000000000
        0.0000000000
        0.0000000000
        0.0000000000
        0.0000000000
        0.0000000000
        0.0000000000
        0.0000000000
        0.0000000000
        0.0000000000
        0.0000000000
        0.0000000000
       -0.0067649928
       -0.0067649928
        0.0000000000
        0.0000000000
        0.0000000000
        0.0000000000
        0.0000000000
        0.0000000000
        0.0000000000
        0.0000000000
        0.0000000000
        0.0474444451
        0.5055830565
        0.1462137844
        0.5055830565
        0.0585266681
        0.0585266681
        1.1158138122
        0.3291438273
        0.3291438273
        0.2566839858
        0.8170226053
        0.1927040931
       -0.1927040931
        0.0000000000
        0.0000000000
        0.7852702031
        0.0000000000
        0.0000000000
        0.0000000000
        0.0000000000
        0.0000000000
        0.7852702031
       -0.1626781151
       -0.1626781151
        0.0000000000
        0.0000000000
        0.0000000000
        0.0000000000
        0.8801590934
