#   index    LocalEnergy         LocalEnergy_sq      LocalPotential      Kinetic             ElecElec            IonElec             BlockWeight         BlockCPU            AcceptRatio         
         0   -7.3579053741e+00    5.4898065665e+01   -1.3407484863e+01    6.0495794887e+00    2.4076024853e+00   -1.5815087348e+01    3.0000000000e+03    3.5823422800e-01    6.6982291667e-01
         1   -7.3822070992e+00    5.5304819136e+01   -1.4618089032e+01    7.2358819326e+00    2.4239829808e+00   -1.7042072013e+01    3.0000000000e+03    3.5440867600e-01    6.6765625000e-01
         2   -7.3806044639e+00    5.5276402165e+01   -1.3197852850e+01    5.8172483859e+00    2.4389466260e+00   -1.5636799476e+01    3.0000000000e+03    3.5223499300e-01    6.6732291667e-01
         3   -7.3917644617e+00    5.5482326782e+01   -1.3656849887e+01    6.2650854251e+00    2.4939176653e+00   -1.6150767552e+01    3.0000000000e+03    3.5160583400e-01    6.6677083333e-01
         4   -7.3518948495e+00    5.4829238245e+01   -1.3655919355e+01    6.3040245057e+00    2.4309844624e+00   -1.6086903818e+01    3.0000000000e+03    3.5881677900e-01    6.7085416667e-01
         5   -7.4077730484e+00    5.5675650987e+01   -1.3778731211e+01    6.3709581624e+00    2.4441452925e+00   -1.6222876503e+01    3.0000000000e+03    3.5155285300e-01    6.6539583333e-01
         6   -7.4015551374e+00    5.5576715409e+01   -1.4348776429e+01    6.9472212918e+00    2.4350877138e+00   -1.6783864143e+01    3.0000000000e+03    3.5226389000e-01    6.6702083333e-01
         7   -7.4035947336e+00    5.5625890241e+01   -1.4532276026e+01    7.1286812920e+00    2.4809643055e+00   -1.7013240331e+01    3.0000000000e+03    3.4938802800e-01    6.6651041667e-01
         8   -7.3716503461e+00    5.5099261239e+01   -1.3295587909e+01    5.9239375625e+00    2.4445242948e+00   -1.5740112203e+01    3.0000000000e+03    3.4863358500e-01    6.6500000000e-01
         9   -7.3535571535e+00    5.4881662564e+01   -1.2939669209e+01    5.5861120551e+00    2.4152751130e+00   -1.5354944322e+01    3.0000000000e+03    3.5922638000e-01    6.6926041667e-01
        10   -7.3501998691e+00    5.4785928464e+01   -1.4839711995e+01    7.4895121261e+00    2.4353213557e+00   -1.7275033351e+01    3.0000000000e+03    3.4899381300e-01    6.6976041667e-01
        11   -7.3484065460e+00    5.4726118597e+01   -1.3030999007e+01    5.6825924614e+00    2.4233254189e+00   -1.5454324426e+01    3.0000000000e+03    3.4992584900e-01    6.6653125000e-01
        12   -7.3510993280e+00    5.4814430796e+01   -1.3009740246e+01    5.6586409185e+00    2.3950158450e+00   -1.5404756091e+01    3.0000000000e+03    3.5473675600e-01    6.7151041667e-01
        13   -7.3957339522e+00    5.5500117185e+01   -1.3468039561e+01    6.0723056092e+00    2.4469861401e+00   -1.5915025702e+01    3.0000000000e+03    3.5050731100e-01    6.6637500000e-01
        14   -7.3765604995e+00    5.5230134882e+01   -1.3690922862e+01    6.3143623620e+00    2.4604442437e+00   -1.6151367105e+01    3.0000000000e+03    3.4910511600e-01    6.6850000000e-01
        15   -7.3705057028e+00    5.5105365232e+01   -1.3448421539e+01    6.0779158365e+00    2.4709105417e+00   -1.5919332081e+01    3.0000000000e+03    3.5092210700e-01    6.6654166667e-01
        16   -7.3791475732e+00    5.5241299708e+01   -1.3310462595e+01    5.9313150219e+00    2.4350650779e+00   -1.5745527673e+01    3.0000000000e+03    3.5483117400e-01    6.6929166667e-01
        17   -7.3897568549e+00    5.5424581025e+01   -1.3246802238e+01    5.8570453827e+00    2.4625291058e+00   -1.5709331343e+01    3.0000000000e+03    3.5411635200e-01    6.6845833333e-01
        18   -7.3542680669e+00    5.4817820562e+01   -1.3160429342e+01    5.8061612754e+00    2.4773471055e+00   -1.5637776448e+01    3.0000000000e+03    3.6848129400e-01    6.6815625000e-01
        19   -7.3969162848e+00    5.5511689220e+01   -1.3515799962e+01    6.1188836768e+00    2.4704872099e+00   -1.5986287172e+01    3.0000000000e+03    3.5503539900e-01    6.6766666667e-01
        20   -7.3567911224e+00    5.4944922526e+01   -1.3531434677e+01    6.1746435548e+00    2.4323436661e+00   -1.5963778343e+01    3.0000000000e+03    3.5177123100e-01    6.6957291667e-01
        21   -7.3462917665e+00    5.4747915916e+01   -1.2946611241e+01    5.6003194744e+00    2.4454175869e+00   -1.5392028828e+01    3.0000000000e+03    3.6239399200e-01    6.7328125000e-01
        22   -7.4500717652e+00    5.6386620770e+01   -1.4309996202e+01    6.8599244367e+00    2.5327685776e+00   -1.6842764780e+01    3.0000000000e+03    3.5196476200e-01    6.6541666667e-01
        23   -7.3786613723e+00    5.5253022102e+01   -1.3672818005e+01    6.2941566323e+00    2.4830641689e+00   -1.6155882173e+01    3.0000000000e+03    3.5180007400e-01    6.6731250000e-01
        24   -7.3645807929e+00    5.5032328928e+01   -1.3363935645e+01    5.9993548521e+00    2.4413681749e+00   -1.5805303820e+01    3.0000000000e+03    3.5325822500e-01    6.6975000000e-01
        25   -7.4178381957e+00    5.5868696510e+01   -1.4104528832e+01    6.6866906358e+00    2.4763325566e+00   -1.6580861388e+01    3.0000000000e+03    3.4801519800e-01    6.6520833333e-01
        26   -7.3384287326e+00    5.4593800724e+01   -1.3429775709e+01    6.0913469761e+00    2.4415595148e+00   -1.5871335223e+01    3.0000000000e+03    3.4887339900e-01    6.6809375000e-01
        27   -7.3832842087e+00    5.5299510673e+01   -1.3857714401e+01    6.4744301923e+00    2.4791494653e+00   -1.6336863866e+01    3.0000000000e+03    3.5462666700e-01    6.6717708333e-01
        28   -7.3875351452e+00    5.5392307088e+01   -1.3457238703e+01    6.0697035580e+00    2.4541113209e+00   -1.5911350024e+01    3.0000000000e+03    3.4890344900e-01    6.6633333333e-01
        29   -7.3750475243e+00    5.5163058778e+01   -1.3474472322e+01    6.0994247978e+00    2.4539710268e+00   -1.5928443349e+01    3.0000000000e+03    3.5027333400e-01    6.6754166667e-01
        30   -7.4131401085e+00    5.5770383436e+01   -1.3398152074e+01    5.9850119658e+00    2.4442250835e+00   -1.5842377158e+01    3.0000000000e+03    3.5177051800e-01    6.6962500000e-01
        31   -7.3803982622e+00    5.5237170126e+01   -1.3574557054e+01    6.1941587920e+00    2.4382078893e+00   -1.6012764943e+01    3.0000000000e+03    3.4932166600e-01    6.6836458333e-01
        32   -7.4216503035e+00    5.5929364684e+01   -1.3845190919e+01    6.4235406152e+00    2.4641802072e+00   -1.6309371126e+01    3.0000000000e+03    3.5004624800e-01    6.6468750000e-01
        33   -7.3695386902e+00    5.5114313839e+01   -1.3434475624e+01    6.0649369338e+00    2.4795207711e+00   -1.5913996395e+01    3.0000000000e+03    3.5450434100e-01    6.6621875000e-01
        34   -7.3894862625e+00    5.5378344499e+01   -1.3716187072e+01    6.3267008091e+00    2.4531771707e+00   -1.6169364242e+01    3.0000000000e+03    3.4748965800e-01    6.6600000000e-01
        35   -7.3948897891e+00    5.5523107243e+01   -1.4249916699e+01    6.8550269102e+00    2.4549027410e+00   -1.6704819440e+01    3.0000000000e+03    3.4868422500e-01    6.6618750000e-01
        36   -7.3833130186e+00    5.5337653241e+01   -1.3180434461e+01    5.7971214425e+00    2.4457694432e+00   -1.5626203904e+01    3.0000000000e+03    3.5112607500e-01    6.7082291667e-01
        37   -7.3597011581e+00    5.4960313043e+01   -1.3222223300e+01    5.8625221418e+00    2.4439436862e+00   -1.5666166986e+01    3.0000000000e+03    3.4878268500e-01    6.6889583333e-01
        38   -7.3728735165e+00    5.5133980469e+01   -1.3762912070e+01    6.3900385538e+00    2.4448528692e+00   -1.6207764939e+01    3.0000000000e+03    3.4970083000e-01    6.6981250000e-01
        39   -7.3518957776e+00    5.4795072468e+01   -1.4018561403e+01    6.6666656250e+00    2.4020175791e+00   -1.6420578982e+01    3.0000000000e+03    3.5024033900e-01    6.6905208333e-01
        40   -7.3651078512e+00    5.5060042016e+01   -1.3591835525e+01    6.2267276742e+00    2.4254331135e+00   -1.6017268639e+01    3.0000000000e+03    3.4930296300e-01    6.6661458333e-01
        41   -7.3868742743e+00    5.5402575638e+01   -1.3826930535e+01    6.4400562604e+00    2.4471552658e+00   -1.6274085800e+01    3.0000000000e+03    3.5298562800e-01    6.6709375000e-01
        42   -7.3754535076e+00    5.5230796305e+01   -1.3973528115e+01    6.5980746072e+00    2.4581110753e+00   -1.6431639190e+01    3.0000000000e+03    3.5940539700e-01    6.6796875000e-01
        43   -7.3159577897e+00    5.4270551363e+01   -1.2856624890e+01    5.5406671002e+00    2.3833316392e+00   -1.5239956529e+01    3.0000000000e+03    3.8788054200e-01    6.7287500000e-01
        44   -7.3852145927e+00    5.5344833523e+01   -1.3714413031e+01    6.3291984381e+00    2.4507959056e+00   -1.6165208936e+01    3.0000000000e+03    3.5638975400e-01    6.6805208333e-01
        45   -7.4009312057e+00    5.5612541301e+01   -1.3508047526e+01    6.1071163204e+00    2.4703972334e+00   -1.5978444760e+01    3.0000000000e+03    3.5124365300e-01    6.6453125000e-01
        46   -7.3977606578e+00    5.5509950257e+01   -1.3416349837e+01    6.0185891790e+00    2.4680655255e+00   -1.5884415362e+01    3.0000000000e+03    3.5087950700e-01    6.6606250000e-01
        47   -7.3638568121e+00    5.5031319185e+01   -1.3567385813e+01    6.2035290006e+00    2.4346830191e+00   -1.6002068832e+01    3.0000000000e+03    3.5058221000e-01    6.7101041667e-01
        48   -7.3468312450e+00    5.4711602051e+01   -1.3182742947e+01    5.8359117025e+00    2.4386144368e+00   -1.5621357384e+01    3.0000000000e+03    3.4973351100e-01    6.6840625000e-01
        49   -7.3759232036e+00    5.5214525905e+01   -1.3274537241e+01    5.8986140376e+00    2.4622795511e+00   -1.5736816792e+01    3.0000000000e+03    3.5184633800e-01    6.7060416667e-01
        50   -7.3635009818e+00    5.5026810640e+01   -1.4034579512e+01    6.6710785307e+00    2.4311605121e+00   -1.6465740025e+01    3.0000000000e+03    3.5116498900e-01    6.6964583333e-01
        51   -7.3385702987e+00    5.4609673892e+01   -1.3181454099e+01    5.8428838005e+00    2.4266960237e+00   -1.5608150123e+01    3.0000000000e+03    3.5124845000e-01    6.6906250000e-01
        52   -7.3192547838e+00    5.4317669993e+01   -1.3174771364e+01    5.8555165803e+00    2.4257167496e+00   -1.5600488114e+01    3.0000000000e+03    3.5290964200e-01    6.7016666667e-01
        53   -7.3874347777e+00    5.5328762938e+01   -1.3623043137e+01    6.2356083593e+00    2.4416387449e+00   -1.6064681882e+01    3.0000000000e+03    3.4970844700e-01    6.6381250000e-01
        54   -7.3367635965e+00    5.4584861698e+01   -1.3273630187e+01    5.9368665904e+00    2.4180162207e+00   -1.5691646408e+01    3.0000000000e+03    3.5304347500e-01    6.6997916667e-01
        55   -7.4066927573e+00    5.5673995880e+01   -1.3491459431e+01    6.0847666741e+00    2.4824820159e+00   -1.5973941447e+01    3.0000000000e+03    3.5060902600e-01    6.6472916667e-01
        56   -7.3965367196e+00    5.5506202491e+01   -1.3988394773e+01    6.5918580539e+00    2.4229276493e+00   -1.6411322423e+01    3.0000000000e+03    3.5021889400e-01    6.6667708333e-01
        57   -7.3725245948e+00    5.5166442873e+01   -1.3180747222e+01    5.8082226273e+00    2.4292652162e+00   -1.5610012438e+01    3.0000000000e+03    3.5675144400e-01    6.6896875000e-01
        58   -7.3555799134e+00    5.4847723008e+01   -1.3596437911e+01    6.2408579972e+00    2.4205398724e+00   -1.6016977783e+01    3.0000000000e+03    3.6825709500e-01    6.6897916667e-01
        59   -7.3428301425e+00    5.4666092940e+01   -1.2960315381e+01    5.6174852389e+00    2.4033542697e+00   -1.5363669651e+01    3.0000000000e+03    3.5785142100e-01    6.6752083333e-01
        60   -7.3859883774e+00    5.5374624198e+01   -1.3874055871e+01    6.4880674938e+00    2.4568476990e+00   -1.6330903570e+01    3.0000000000e+03    3.5489687600e-01    6.6853125000e-01
        61   -7.3847975923e+00    5.5359743811e+01   -1.3708239091e+01    6.3234414990e+00    2.4447686470e+00   -1.6153007738e+01    3.0000000000e+03    3.4998689500e-01    6.6693750000e-01
        62   -7.3570009149e+00    5.4888341525e+01   -1.3181795907e+01    5.8247949923e+00    2.4480994987e+00   -1.5629895406e+01    3.0000000000e+03    3.4945072300e-01    6.6663541667e-01
        63   -7.4359781022e+00    5.6154288025e+01   -1.4901871524e+01    7.4658934218e+00    2.4823990554e+00   -1.7384270579e+01    3.0000000000e+03    3.5222324700e-01    6.6547916667e-01
        64   -7.3465559454e+00    5.4762639947e+01   -1.2858774308e+01    5.5122183628e+00    2.4769411579e+00   -1.5335715466e+01    3.0000000000e+03    3.5215522100e-01    6.6941666667e-01
        65   -7.3633096152e+00    5.4997357301e+01   -1.3923792700e+01    6.5604830847e+00    2.4880630089e+00   -1.6411855709e+01    3.0000000000e+03    3.5131244300e-01    6.6742708333e-01
        66   -7.3635324863e+00    5.5000066673e+01   -1.3759360758e+01    6.3958282713e+00    2.4710105616e+00   -1.6230371319e+01    3.0000000000e+03    3.6752991000e-01    6.6881250000e-01
        67   -7.3521607080e+00    5.4831822388e+01   -1.3697520014e+01    6.3453593059e+00    2.4418254430e+00   -1.6139345457e+01    3.0000000000e+03    3.5406377000e-01    6.6915625000e-01
        68   -7.3640374750e+00    5.5045796597e+01   -1.3234102894e+01    5.8700654193e+00    2.4117878401e+00   -1.5645890734e+01    3.0000000000e+03    3.5313166900e-01    6.7254166667e-01
        69   -7.3682949937e+00    5.5100259292e+01   -1.3284208116e+01    5.9159131226e+00    2.3812259682e+00   -1.5665434085e+01    3.0000000000e+03    3.6778781800e-01    6.7032291667e-01
        70   -7.3640441737e+00    5.5029808192e+01   -1.3664090698e+01    6.3000465242e+00    2.4503922367e+00   -1.6114482935e+01    3.0000000000e+03    3.5469133100e-01    6.6902083333e-01
        71   -7.3797273279e+00    5.5246331124e+01   -1.3425595135e+01    6.0458678068e+00    2.4350937772e+00   -1.5860688912e+01    3.0000000000e+03    3.5537202700e-01    6.7065625000e-01
        72   -7.3649155704e+00    5.5027644732e+01   -1.3167292973e+01    5.8023774022e+00    2.4839124049e+00   -1.5651205378e+01    3.0000000000e+03    3.6447477600e-01    6.6819791667e-01
        73   -7.3380661978e+00    5.4582435132e+01   -1.3065569633e+01    5.7275034353e+00    2.3755908705e+00   -1.5441160504e+01    3.0000000000e+03    3.5126328300e-01    6.6919791667e-01
        74   -7.3351146799e+00    5.4567377291e+01   -1.2852510290e+01    5.5173956104e+00    2.4384212727e+00   -1.5290931563e+01    3.0000000000e+03    3.5634365600e-01    6.6738541667e-01
        75   -7.3626763909e+00    5.4990882359e+01   -1.4126160985e+01    6.7634845936e+00    2.4197441846e+00   -1.6545905169e+01    3.0000000000e+03    3.5272253800e-01    6.6670833333e-01
        76   -7.3889391605e+00    5.5436719986e+01   -1.3094260498e+01    5.7053213370e+00    2.4578564824e+00   -1.5552116980e+01    3.0000000000e+03    3.5553014800e-01    6.6846875000e-01
        77   -7.3437119802e+00    5.4672892512e+01   -1.3389155290e+01    6.0454433095e+00    2.4603449649e+00   -1.5849500255e+01    3.0000000000e+03    3.5893503700e-01    6.6854166667e-01
        78   -7.3987239678e+00    5.5537105339e+01   -1.3401168229e+01    6.0024442615e+00    2.4241674935e+00   -1.5825335723e+01    3.0000000000e+03    3.4951024900e-01    6.6820833333e-01
        79   -7.4015521849e+00    5.5621545652e+01   -1.3712065958e+01    6.3105137726e+00    2.4608694642e+00   -1.6172935422e+01    3.0000000000e+03    3.5421644300e-01    6.6882291667e-01
        80   -7.4035654566e+00    5.5612920408e+01   -1.3904105637e+01    6.5005401806e+00    2.4681011891e+00   -1.6372206826e+01    3.0000000000e+03    3.5361415000e-01    6.6718750000e-01
        81   -7.3571278537e+00    5.4884768415e+01   -1.3122046314e+01    5.7649184600e+00    2.4326020236e+00   -1.5554648337e+01    3.0000000000e+03    3.4994971800e-01    6.6687500000e-01
        82   -7.3279043735e+00    5.4444758005e+01   -1.2994731820e+01    5.6668274461e+00    2.4300814189e+00   -1.5424813238e+01    3.0000000000e+03    3.5015521100e-01    6.6620833333e-01
        83   -7.4019087892e+00    5.5643103322e+01   -1.4145667352e+01    6.7437585631e+00    2.5012590709e+00   -1.6646926423e+01    3.0000000000e+03    3.5111379800e-01    6.6628125000e-01
        84   -7.3734345819e+00    5.5164514180e+01   -1.3527088777e+01    6.1536541949e+00    2.4871601158e+00   -1.6014248893e+01    3.0000000000e+03    3.4982704200e-01    6.6620833333e-01
        85   -7.3529755555e+00    5.4871901727e+01   -1.3327176343e+01    5.9742007873e+00    2.3998151105e+00   -1.5726991453e+01    3.0000000000e+03    3.5056479000e-01    6.6986458333e-01
        86   -7.3911221163e+00    5.5466894346e+01   -1.4017905739e+01    6.6267836229e+00    2.4246988148e+00   -1.6442604554e+01    3.0000000000e+03    3.5050218300e-01    6.6697916667e-01
        87   -7.3223037126e+00    5.4383440356e+01   -1.2995730869e+01    5.6734271561e+00    2.4289565839e+00   -1.5424687453e+01    3.0000000000e+03    3.5005543100e-01    6.7025000000e-01
        88   -7.4020772282e+00    5.5601407108e+01   -1.3710504466e+01    6.3084272378e+00    2.4719320232e+00   -1.6182436489e+01    3.0000000000e+03    3.4890516000e-01    6.6555208333e-01
        89   -7.3937256005e+00    5.5462985972e+01   -1.3208792884e+01    5.8150672832e+00    2.4698973519e+00   -1.5678690236e+01    3.0000000000e+03    3.4974110200e-01    6.6696875000e-01
        90   -7.3502557951e+00    5.4815316406e+01   -1.3010864568e+01    5.6606087728e+00    2.4166091027e+00   -1.5427473671e+01    3.0000000000e+03    3.5037994700e-01    6.7229166667e-01
        91   -7.3692781368e+00    5.5113736976e+01   -1.3541328053e+01    6.1720499158e+00    2.4574315440e+00   -1.5998759597e+01    3.0000000000e+03    3.5074540900e-01    6.6634375000e-01
        92   -7.3740679540e+00    5.5163841117e+01   -1.3067745596e+01    5.6936776419e+00    2.3897359234e+00   -1.5457481519e+01    3.0000000000e+03    3.5219480000e-01    6.6936458333e-01
        93   -7.3982591057e+00    5.5579105875e+01   -1.4475265878e+01    7.0770067727e+00    2.4742321084e+00   -1.6949497987e+01    3.0000000000e+03    3.4760645900e-01    6.6532291667e-01
        94   -7.3765507869e+00    5.5162801916e+01   -1.3441573762e+01    6.0650229749e+00    2.4496366945e+00   -1.5891210456e+01    3.0000000000e+03    3.5173553800e-01    6.6673958333e-01
        95   -7.3621093776e+00    5.4965529738e+01   -1.3640601405e+01    6.2784920278e+00    2.4010105537e+00   -1.6041611959e+01    3.0000000000e+03    3.5196942700e-01    6.6653125000e-01
        96   -7.3087338067e+00    5.4161674894e+01   -1.2653705039e+01    5.3449712326e+00    2.4111821846e+00   -1.5064887224e+01    3.0000000000e+03    3.4874488200e-01    6.7123958333e-01
        97   -7.3594329092e+00    5.4946327330e+01   -1.3440677846e+01    6.0812449370e+00    2.4379605777e+00   -1.5878638424e+01    3.0000000000e+03    3.4923683900e-01    6.6845833333e-01
        98   -7.3324920573e+00    5.4515987026e+01   -1.3090577742e+01    5.7580856848e+00    2.4534738564e+00   -1.5544051599e+01    3.0000000000e+03    3.5009017200e-01    6.6929166667e-01
        99   -7.3590651913e+00    5.4930006640e+01   -1.3568652885e+01    6.2095876941e+00    2.4240992352e+00   -1.5992752121e+01    3.0000000000e+03    3.4802416900e-01    6.6910416667e-01
       100   -7.3832239954e+00    5.5247594509e+01   -1.3664193614e+01    6.2809696184e+00    2.4548344049e+00   -1.6119028019e+01    3.0000000000e+03    3.4962504800e-01    6.6514583333e-01
       101   -7.3722269110e+00    5.5118528721e+01   -1.3870688883e+01    6.4984619724e+00    2.4476396861e+00   -1.6318328570e+01    3.0000000000e+03    3.5134430700e-01    6.6784375000e-01
       102   -7.3628788882e+00    5.5018446457e+01   -1.3219933367e+01    5.8570544786e+00    2.4445062773e+00   -1.5664439644e+01    3.0000000000e+03    3.5101173300e-01    6.6935416667e-01
       103   -7.3309265820e+00    5.4478551754e+01   -1.3307648142e+01    5.9767215604e+00    2.4197405162e+00   -1.5727388659e+01    3.0000000000e+03    3.4983891400e-01    6.6753125000e-01
       104   -7.3652900414e+00    5.5076905976e+01   -1.3653254164e+01    6.2879641223e+00    2.4352897468e+00   -1.6088543910e+01    3.0000000000e+03    3.4988969300e-01    6.6746875000e-01
       105   -7.3846003718e+00    5.5346727950e+01   -1.3522883033e+01    6.1382826614e+00    2.4212121705e+00   -1.5944095204e+01    3.0000000000e+03    3.5127090300e-01    6.7037500000e-01
       106   -7.3758005083e+00    5.5188446534e+01   -1.3450308320e+01    6.0745078116e+00    2.5141217014e+00   -1.5964430021e+01    3.0000000000e+03    3.5494283700e-01    6.6832291667e-01
       107   -7.3587007910e+00    5.4884707782e+01   -1.3502386827e+01    6.1436860356e+00    2.4598151611e+00   -1.5962201988e+01    3.0000000000e+03    3.6160150200e-01    6.6765625000e-01
       108   -7.3430767446e+00    5.4656136755e+01   -1.3299014863e+01    5.9559381184e+00    2.4432397443e+00   -1.5742254607e+01    3.0000000000e+03    3.7799494600e-01    6.6697916667e-01
       109   -7.3294256125e+00    5.4459026608e+01   -1.3246395328e+01    5.9169697154e+00    2.4130393257e+00   -1.5659434654e+01    3.0000000000e+03    4.1217019900e-01    6.7048958333e-01
       110   -7.4182794943e+00    5.5841147185e+01   -1.3736500012e+01    6.3182205176e+00    2.4819741243e+00   -1.6218474136e+01    3.0000000000e+03    3.8147892700e-01    6.6446875000e-01
       111   -7.3671489159e+00    5.5053430637e+01   -1.3392420246e+01    6.0252713301e+00    2.4705650925e+00   -1.5862985339e+01    3.0000000000e+03    4.2029809700e-01    6.6955208333e-01
       112   -7.3628092735e+00    5.5019023084e+01   -1.3667757939e+01    6.3049486655e+00    2.4038913676e+00   -1.6071649307e+01    3.0000000000e+03    3.6187749900e-01    6.6737500000e-01
       113   -7.3430264215e+00    5.4739129524e+01   -1.3013360502e+01    5.6703340809e+00    2.4738784377e+00   -1.5487238940e+01    3.0000000000e+03    4.2499910700e-01    6.6868750000e-01
       114   -7.3598143504e+00    5.4931648897e+01   -1.3044801290e+01    5.6849869395e+00    2.4442506538e+00   -1.5489051944e+01    3.0000000000e+03    3.6913078800e-01    6.6718750000e-01
       115   -7.3737692370e+00    5.5170321445e+01   -1.3551872161e+01    6.1781029238e+00    2.4341713921e+00   -1.5986043553e+01    3.0000000000e+03    4.1743981700e-01    6.7053125000e-01
       116   -7.3234814705e+00    5.4378873573e+01   -1.2945989522e+01    5.6225080515e+00    2.4288432796e+00   -1.5374832802e+01    3.0000000000e+03    4.4766095300e-01    6.6739583333e-01
       117   -7.3269064453e+00    5.4434258635e+01   -1.3177035401e+01    5.8501289555e+00    2.4263949647e+00   -1.5603430365e+01    3.0000000000e+03    3.9647152700e-01    6.7177083333e-01
       118   -7.3658824009e+00    5.5020267719e+01   -1.3284083646e+01    5.9182012455e+00    2.4491952205e+00   -1.5733278867e+01    3.0000000000e+03    4.1440062700e-01    6.7084375000e-01
       119   -7.3926086244e+00    5.5496122050e+01   -1.3973176165e+01    6.5805675405e+00    2.4708126516e+00   -1.6443988817e+01    3.0000000000e+03    3.7479471700e-01    6.6394791667e-01
       120   -7.3936137838e+00    5.5481165530e+01   -1.3612848276e+01    6.2192344926e+00    2.4586650925e+00   -1.6071513369e+01    3.0000000000e+03    3.8806905700e-01    6.6453125000e-01
       121   -7.3508226778e+00    5.4774708821e+01   -1.3050639257e+01    5.6998165795e+00    2.4443196152e+00   -1.5494958873e+01    3.0000000000e+03    4.0519324100e-01    6.6688541667e-01
       122   -7.3771310731e+00    5.5239760611e+01   -1.3460818330e+01    6.0836872571e+00    2.4225679012e+00   -1.5883386231e+01    3.0000000000e+03    4.0919553800e-01    6.7053125000e-01
       123   -7.4015783709e+00    5.5640794763e+01   -1.3716517609e+01    6.3149392377e+00    2.4560919324e+00   -1.6172609541e+01    3.0000000000e+03    4.2461366700e-01    6.6817708333e-01
       124   -7.4001114671e+00    5.5620096313e+01   -1.3628395638e+01    6.2282841712e+00    2.3927523012e+00   -1.6021147940e+01    3.0000000000e+03    3.5579799300e-01    6.7106250000e-01
       125   -7.3583515762e+00    5.4959349440e+01   -1.3759346173e+01    6.4009945965e+00    2.4374056727e+00   -1.6196751845e+01    3.0000000000e+03    3.4892319100e-01    6.7085416667e-01
       126   -7.3381583965e+00    5.4603863216e+01   -1.3027230436e+01    5.6890720396e+00    2.4372799262e+00   -1.5464510362e+01    3.0000000000e+03    3.5723358600e-01    6.6757291667e-01
       127   -7.3614048556e+00    5.4963829624e+01   -1.3256710185e+01    5.8953053297e+00    2.4322961231e+00   -1.5689006308e+01    3.0000000000e+03    3.5553778600e-01    6.6670833333e-01
       128   -7.3523892858e+00    5.4800769590e+01   -1.3192787137e+01    5.8403978514e+00    2.3997228828e+00   -1.5592510020e+01    3.0000000000e+03    3.7297506100e-01    6.6950000000e-01
       129   -7.3505156563e+00    5.4789908767e+01   -1.3724245901e+01    6.3737302446e+00    2.4174375517e+00   -1.6141683453e+01    3.0000000000e+03    3.9005098700e-01    6.6743750000e-01
       130   -7.4198840519e+00    5.5888943326e+01   -1.4077294953e+01    6.6574109010e+00    2.4436863803e+00   -1.6520981333e+01    3.0000000000e+03    3.6716575400e-01    6.6438541667e-01
       131   -7.3441885794e+00    5.4667542482e+01   -1.2927717583e+01    5.5835290032e+00    2.4215033221e+00   -1.5349220905e+01    3.0000000000e+03    3.6903027800e-01    6.6871875000e-01
       132   -7.4102928338e+00    5.5769977319e+01   -1.3559743695e+01    6.1494508616e+00    2.4952532310e+00   -1.6054996926e+01    3.0000000000e+03    3.9106508000e-01    6.6756250000e-01
       133   -7.3821016305e+00    5.5275981161e+01   -1.3415273509e+01    6.0331718783e+00    2.4572874995e+00   -1.5872561008e+01    3.0000000000e+03    4.2594919500e-01    6.6605208333e-01
       134   -7.3373885143e+00    5.4564846521e+01   -1.2806309061e+01    5.4689205468e+00    2.4474355830e+00   -1.5253744644e+01    3.0000000000e+03    3.9114366800e-01    6.6787500000e-01
       135   -7.3744277555e+00    5.5206461272e+01   -1.3350055943e+01    5.9756281871e+00    2.4384535989e+00   -1.5788509542e+01    3.0000000000e+03    3.8594712900e-01    6.6865625000e-01
       136   -7.3515136574e+00    5.4830976291e+01   -1.3496365300e+01    6.1448516431e+00    2.3941924798e+00   -1.5890557780e+01    3.0000000000e+03    4.4271015000e-01    6.6973958333e-01
       137   -7.3695858392e+00    5.5093791699e+01   -1.3334288714e+01    5.9647028747e+00    2.4598183847e+00   -1.5794107099e+01    3.0000000000e+03    3.9702199100e-01    6.6857291667e-01
       138   -7.4098850208e+00    5.5734162362e+01   -1.3685699117e+01    6.2758140961e+00    2.4467406834e+00   -1.6132439800e+01    3.0000000000e+03    3.7051079000e-01    6.6506250000e-01
       139   -7.3601481825e+00    5.4983587462e+01   -1.3449384946e+01    6.0892367632e+00    2.4157515203e+00   -1.5865136466e+01    3.0000000000e+03    3.7484686100e-01    6.7018750000e-01
       140   -7.3623202279e+00    5.4985465232e+01   -1.3180771388e+01    5.8184511600e+00    2.4561066773e+00   -1.5636878065e+01    3.0000000000e+03    3.6353775900e-01    6.6816666667e-01
       141   -7.3437966984e+00    5.4699453453e+01   -1.3405175990e+01    6.0613792917e+00    2.4091200442e+00   -1.5814296034e+01    3.0000000000e+03    3.7075997800e-01    6.7268750000e-01
       142   -7.3670532837e+00    5.5043794640e+01   -1.3645359583e+01    6.2783062998e+00    2.4647722648e+00   -1.6110131848e+01    3.0000000000e+03    3.8003810200e-01    6.6761458333e-01
       143   -7.3250833683e+00    5.4362434235e+01   -1.2574862632e+01    5.2497792641e+00    2.4245263835e+00   -1.4999389016e+01    3.0000000000e+03    3.7051083900e-01    6.6995833333e-01
       144   -7.3684821863e+00    5.5111057852e+01   -1.3817418351e+01    6.4489361646e+00    2.4513443326e+00   -1.6268762683e+01    3.0000000000e+03    3.5992021200e-01    6.6934375000e-01
       145   -7.3878578475e+00    5.5428534161e+01   -1.3345537636e+01    5.9576797881e+00    2.5011407344e+00   -1.5846678370e+01    3.0000000000e+03    3.7201785400e-01    6.6952083333e-01
       146   -7.3600985104e+00    5.4973227401e+01   -1.3140770691e+01    5.7806721802e+00    2.4220394805e+00   -1.5562810171e+01    3.0000000000e+03    3.5856802400e-01    6.6942708333e-01
       147   -7.3878108600e+00    5.5389828539e+01   -1.3756990409e+01    6.3691795486e+00    2.4450467470e+00   -1.6202037156e+01    3.0000000000e+03    3.8951658900e-01    6.7087500000e-01
       148   -7.3632997829e+00    5.4973004939e+01   -1.3425713156e+01    6.0624133736e+00    2.4263428414e+00   -1.5852055998e+01    3.0000000000e+03    3.6594419000e-01    6.6981250000e-01
       149   -7.3778635735e+00    5.5197528971e+01   -1.3438239531e+01    6.0603759573e+00    2.4629123869e+00   -1.5901151918e+01    3.0000000000e+03    3.6648674100e-01    6.6735416667e-01
       150   -7.3431476787e+00    5.4692542143e+01   -1.3239690748e+01    5.8965430691e+00    2.4060650987e+00   -1.5645755846e+01    3.0000000000e+03    3.5930264700e-01    6.7158333333e-01
       151   -7.3663506564e+00    5.5070751546e+01   -1.3671196478e+01    6.3048458217e+00    2.4623470889e+00   -1.6133543567e+01    3.0000000000e+03    3.6219716000e-01    6.6983333333e-01
       152   -7.3081588491e+00    5.4098600282e+01   -1.3491242090e+01    6.1830832413e+00    2.4136320908e+00   -1.5904874181e+01    3.0000000000e+03    3.6852816600e-01    6.6933333333e-01
       153   -7.4260747033e+00    5.5982463757e+01   -1.3700484085e+01    6.2744093821e+00    2.4709357648e+00   -1.6171419850e+01    3.0000000000e+03    3.6677255400e-01    6.6510416667e-01
       154   -7.3462915587e+00    5.4728219600e+01   -1.3208810667e+01    5.8625191087e+00    2.4166170388e+00   -1.5625427706e+01    3.0000000000e+03    3.6156699300e-01    6.6666666667e-01
       155   -7.3664472005e+00    5.5028349296e+01   -1.3203451680e+01    5.8370044790e+00    2.4364887839e+00   -1.5639940463e+01    3.0000000000e+03    3.6504513900e-01    6.6726041667e-01
       156   -7.3659132573e+00    5.5030585477e+01   -1.3595447694e+01    6.2295344364e+00    2.4503766746e+00   -1.6045824368e+01    3.0000000000e+03    3.6138808000e-01    6.6860416667e-01
       157   -7.4100334723e+00    5.5712583822e+01   -1.3728716736e+01    6.3186832634e+00    2.4743892482e+00   -1.6203105984e+01    3.0000000000e+03    3.7827463300e-01    6.6665625000e-01
       158   -7.3662685655e+00    5.5029735794e+01   -1.3792377937e+01    6.4261093713e+00    2.4569604848e+00   -1.6249338422e+01    3.0000000000e+03    3.7237234600e-01    6.6494791667e-01
       159   -7.3621907088e+00    5.5008029344e+01   -1.4129129809e+01    6.7669391001e+00    2.4894612244e+00   -1.6618591033e+01    3.0000000000e+03    3.6994392200e-01    6.6752083333e-01
       160   -7.3827020943e+00    5.5293916267e+01   -1.3833087904e+01    6.4503858093e+00    2.4594924214e+00   -1.6292580325e+01    3.0000000000e+03    3.6888129900e-01    6.6800000000e-01
       161   -7.3459384723e+00    5.4727658493e+01   -1.3505112987e+01    6.1591745146e+00    2.4346450539e+00   -1.5939758041e+01    3.0000000000e+03    3.6007682200e-01    6.7075000000e-01
       162   -7.3861739155e+00    5.5347239385e+01   -1.3218451242e+01    5.8322773268e+00    2.4464753204e+00   -1.5664926563e+01    3.0000000000e+03    3.5817031400e-01    6.6596875000e-01
       163   -7.4118323895e+00    5.5798470519e+01   -1.3818261069e+01    6.4064286796e+00    2.4937623081e+00   -1.6312023377e+01    3.0000000000e+03    3.5721710700e-01    6.6566666667e-01
       164   -7.3923599012e+00    5.5446373519e+01   -1.3909358517e+01    6.5169986159e+00    2.4243936361e+00   -1.6333752153e+01    3.0000000000e+03    3.5964777100e-01    6.6842708333e-01
       165   -7.3763217759e+00    5.5192680031e+01   -1.3592133741e+01    6.2158119656e+00    2.4518001392e+00   -1.6043933881e+01    3.0000000000e+03    3.5884562400e-01    6.6810416667e-01
       166   -7.3970437103e+00    5.5532222217e+01   -1.3938097801e+01    6.5410540910e+00    2.4436367518e+00   -1.6381734553e+01    3.0000000000e+03    4.1452656400e-01    6.6573958333e-01
       167   -7.3343665460e+00    5.4571131418e+01   -1.3242724700e+01    5.9083581540e+00    2.4375520835e+00   -1.5680276784e+01    3.0000000000e+03    3.7002583100e-01    6.7133333333e-01
       168   -7.3905496247e+00    5.5391358742e+01   -1.3596950569e+01    6.2064009446e+00    2.4738003527e+00   -1.6070750922e+01    3.0000000000e+03    3.8922682000e-01    6.6932291667e-01
       169   -7.3782291100e+00    5.5269767670e+01   -1.3630025124e+01    6.2517960137e+00    2.4618488628e+00   -1.6091873986e+01    3.0000000000e+03    3.5845136300e-01    6.6975000000e-01
       170   -7.3903208271e+00    5.5426858434e+01   -1.3285898233e+01    5.8955774055e+00    2.4504931309e+00   -1.5736391363e+01    3.0000000000e+03    3.5755161800e-01    6.6836458333e-01
       171   -7.3522539807e+00    5.4834914485e+01   -1.3945871116e+01    6.5936171355e+00    2.4265586669e+00   -1.6372429783e+01    3.0000000000e+03    3.6949274800e-01    6.7111458333e-01
       172   -7.4287866413e+00    5.6045577434e+01   -1.3773547198e+01    6.3447605572e+00    2.4619991247e+00   -1.6235546323e+01    3.0000000000e+03    3.6933401100e-01    6.6738541667e-01
       173   -7.3301785392e+00    5.4478860287e+01   -1.2711658970e+01    5.3814804308e+00    2.4277523777e+00   -1.5139411348e+01    3.0000000000e+03    3.6042934600e-01    6.7058333333e-01
       174   -7.4189411934e+00    5.5909675816e+01   -1.4523093930e+01    7.1041527364e+00    2.4772559653e+00   -1.7000349895e+01    3.0000000000e+03    3.6712114000e-01    6.6558333333e-01
       175   -7.3754573720e+00    5.5183085630e+01   -1.3168900333e+01    5.7934429615e+00    2.4473604364e+00   -1.5616260770e+01    3.0000000000e+03    3.6514456500e-01    6.6732291667e-01
       176   -7.3572460480e+00    5.4865003948e+01   -1.3393670222e+01    6.0364241737e+00    2.4359254037e+00   -1.5829595625e+01    3.0000000000e+03    3.6391142700e-01    6.7115625000e-01
       177   -7.3798960982e+00    5.5219522071e+01   -1.3410004139e+01    6.0301080408e+00    2.4764459698e+00   -1.5886450109e+01    3.0000000000e+03    3.6281366300e-01    6.6731250000e-01
       178   -7.3791357047e+00    5.5196318008e+01   -1.3702688655e+01    6.3235529502e+00    2.4509296149e+00   -1.6153618270e+01    3.0000000000e+03    3.7121225600e-01    6.6633333333e-01
       179   -7.3825323080e+00    5.5317433230e+01   -1.3377111668e+01    5.9945793597e+00    2.4543064564e+00   -1.5831418124e+01    3.0000000000e+03    3.6765305700e-01    6.6813541667e-01
       180   -7.3597576628e+00    5.4936518475e+01   -1.3182155324e+01    5.8223976612e+00    2.4461331392e+00   -1.5628288463e+01    3.0000000000e+03    3.7846081900e-01    6.6748958333e-01
       181   -7.3793325070e+00    5.5282419069e+01   -1.3334455852e+01    5.9551233446e+00    2.4428761821e+00   -1.5777332034e+01    3.0000000000e+03    3.6356490700e-01    6.6919791667e-01
       182   -7.4073607540e+00    5.5744903365e+01   -1.3829857480e+01    6.4224967259e+00    2.4442726882e+00   -1.6274130168e+01    3.0000000000e+03    3.9073662500e-01    6.6637500000e-01
       183   -7.3477930594e+00    5.4772614102e+01   -1.3382608569e+01    6.0348155091e+00    2.4221472333e+00   -1.5804755802e+01    3.0000000000e+03    3.9262045200e-01    6.6897916667e-01
       184   -7.3518422416e+00    5.4839175522e+01   -1.3150098509e+01    5.7982562676e+00    2.4510537004e+00   -1.5601152210e+01    3.0000000000e+03    3.9044280200e-01    6.6808333333e-01
       185   -7.4354880996e+00    5.6177159008e+01   -1.4081282284e+01    6.6457941840e+00    2.4932665912e+00   -1.6574548875e+01    3.0000000000e+03    3.6565641300e-01    6.6366666667e-01
       186   -7.3752841550e+00    5.5197897935e+01   -1.3687880494e+01    6.3125963394e+00    2.4933768347e+00   -1.6181257329e+01    3.0000000000e+03    3.7312756200e-01    6.6969791667e-01
       187   -7.3473544555e+00    5.4784753827e+01   -1.3019508601e+01    5.6721541457e+00    2.4213208088e+00   -1.5440829410e+01    3.0000000000e+03    3.7008258000e-01    6.7300000000e-01
       188   -7.3456160835e+00    5.4717003238e+01   -1.3795072038e+01    6.4494559543e+00    2.4472778236e+00   -1.6242349861e+01    3.0000000000e+03    3.9370450300e-01    6.6878125000e-01
       189   -7.4136150326e+00    5.5802500843e+01   -1.4020632738e+01    6.6070177055e+00    2.4067622383e+00   -1.6427394976e+01    3.0000000000e+03    3.8871569300e-01    6.6890625000e-01
       190   -7.3321066227e+00    5.4502121572e+01   -1.2934565082e+01    5.6024584593e+00    2.4046826040e+00   -1.5339247686e+01    3.0000000000e+03    3.6212967100e-01    6.7285416667e-01
       191   -7.3790469568e+00    5.5252457207e+01   -1.3260437919e+01    5.8813909623e+00    2.4183138663e+00   -1.5678751785e+01    3.0000000000e+03    3.7528613500e-01    6.6805208333e-01
       192   -7.3950355472e+00    5.5480953042e+01   -1.3788697870e+01    6.3936623226e+00    2.4621699271e+00   -1.6250867797e+01    3.0000000000e+03    3.6414162600e-01    6.6494791667e-01
       193   -7.3354206128e+00    5.4589271166e+01   -1.3057673590e+01    5.7222529777e+00    2.4297818873e+00   -1.5487455478e+01    3.0000000000e+03    3.6444032800e-01    6.7095833333e-01
       194   -7.3816299009e+00    5.5278096792e+01   -1.4111403268e+01    6.7297733669e+00    2.4485706327e+00   -1.6559973901e+01    3.0000000000e+03    3.9571318700e-01    6.6644791667e-01
       195   -7.4088102987e+00    5.5752602164e+01   -1.3981861406e+01    6.5730511078e+00    2.4996610188e+00   -1.6481522425e+01    3.0000000000e+03    4.3639059700e-01    6.6722916667e-01
       196   -7.3409350045e+00    5.4660071777e+01   -1.3120494455e+01    5.7795594504e+00    2.4153836900e+00   -1.5535878145e+01    3.0000000000e+03    3.6378933600e-01    6.7089583333e-01
       197   -7.3642198625e+00    5.4972928266e+01   -1.2996102414e+01    5.6318825511e+00    2.4069378101e+00   -1.5403040224e+01    3.0000000000e+03    3.7522536300e-01    6.6935416667e-01
       198   -7.3708656785e+00    5.5170524390e+01   -1.3538620112e+01    6.1677544338e+00    2.4396524388e+00   -1.5978272551e+01    3.0000000000e+03    3.8213319700e-01    6.7068750000e-01
       199   -7.3555401787e+00    5.4899315237e+01   -1.3421054910e+01    6.0655147314e+00    2.4686942246e+00   -1.5889749135e+01    3.0000000000e+03    3.7527550300e-01    6.6817708333e-01
       200   -7.3750762680e+00    5.5216927448e+01   -1.3514174788e+01    6.1390985203e+00    2.4354059447e+00   -1.5949580733e+01    3.0000000000e+03    3.7062955400e-01    6.6798958333e-01
       201   -7.3911931796e+00    5.5430270323e+01   -1.3298021076e+01    5.9068278964e+00    2.4460954952e+00   -1.5744116571e+01    3.0000000000e+03    3.7244439100e-01    6.6662500000e-01
       202   -7.3815768672e+00    5.5274404140e+01   -1.3486546454e+01    6.1049695865e+00    2.4210142037e+00   -1.5907560657e+01    3.0000000000e+03    4.0120911800e-01    6.6768750000e-01
       203   -7.3913145467e+00    5.5453031296e+01   -1.5544376903e+01    8.1530623566e+00    2.4586796727e+00   -1.8003056576e+01    3.0000000000e+03    3.7322001400e-01    6.6718750000e-01
       204   -7.3253366923e+00    5.4420871051e+01   -1.3512726462e+01    6.1873897695e+00    2.4437947136e+00   -1.5956521175e+01    3.0000000000e+03    3.6538268800e-01    6.7022916667e-01
       205   -7.3860775885e+00    5.5317518520e+01   -1.3511076853e+01    6.1249992649e+00    2.4432912241e+00   -1.5954368078e+01    3.0000000000e+03    3.6461113400e-01    6.6880208333e-01
       206   -7.3835529502e+00    5.5249525728e+01   -1.3256846217e+01    5.8732932667e+00    2.4371872904e+00   -1.5694033507e+01    3.0000000000e+03    3.6663813300e-01    6.6531250000e-01
       207   -7.3647272522e+00    5.5023400437e+01   -1.3159931855e+01    5.7952046032e+00    2.4340253154e+00   -1.5593957171e+01    3.0000000000e+03    3.6254576500e-01    6.7122916667e-01
       208   -7.3858755227e+00    5.5373041546e+01   -1.3439615863e+01    6.0537403407e+00    2.4260977180e+00   -1.5865713581e+01    3.0000000000e+03    3.7743095600e-01    6.6958333333e-01
       209   -7.4156328840e+00    5.5798790431e+01   -1.5151228008e+01    7.7355951237e+00    2.4669928398e+00   -1.7618220848e+01    3.0000000000e+03    3.6487928900e-01    6.6364583333e-01
       210   -7.3761568601e+00    5.5207615930e+01   -1.3309201644e+01    5.9330447835e+00    2.4366926495e+00   -1.5745894293e+01    3.0000000000e+03    3.6279191200e-01    6.6818750000e-01
       211   -7.3833922841e+00    5.5334162069e+01   -1.3936537396e+01    6.5531451116e+00    2.4821961001e+00   -1.6418733496e+01    3.0000000000e+03    3.6159034300e-01    6.6691666667e-01
       212   -7.3510569628e+00    5.4801399050e+01   -1.3319158771e+01    5.9681018085e+00    2.4623951410e+00   -1.5781553912e+01    3.0000000000e+03    3.6993824000e-01    6.6690625000e-01
       213   -7.4074352913e+00    5.5748456663e+01   -1.3928091560e+01    6.5206562692e+00    2.4750410860e+00   -1.6403132646e+01    3.0000000000e+03    3.5624728900e-01    6.6695833333e-01
       214   -7.3889198287e+00    5.5434920617e+01   -1.3861800597e+01    6.4728807680e+00    2.4763533713e+00   -1.6338153968e+01    3.0000000000e+03    3.7481488200e-01    6.6715625000e-01
       215   -7.3722198375e+00    5.5154483969e+01   -1.3107871631e+01    5.7356517938e+00    2.4389189071e+00   -1.5546790538e+01    3.0000000000e+03    3.7462355600e-01    6.7028125000e-01
       216   -7.3918335430e+00    5.5505930692e+01   -1.3452922322e+01    6.0610887793e+00    2.4693306994e+00   -1.5922253022e+01    3.0000000000e+03    3.6154868600e-01    6.6772916667e-01
       217   -7.3420602973e+00    5.4679919466e+01   -1.3359633735e+01    6.0175734372e+00    2.4244219665e+00   -1.5784055701e+01    3.0000000000e+03    3.6368798800e-01    6.6884375000e-01
       218   -7.3780323816e+00    5.5232460581e+01   -1.3660023536e+01    6.2819911546e+00    2.4271167784e+00   -1.6087140315e+01    3.0000000000e+03    3.6242816100e-01    6.6526041667e-01
       219   -7.3634434741e+00    5.5024868256e+01   -1.3161966908e+01    5.7985234334e+00    2.4666994356e+00   -1.5628666343e+01    3.0000000000e+03    3.6395925000e-01    6.6814583333e-01
       220   -7.4462994134e+00    5.6304389464e+01   -1.4026340244e+01    6.5800408307e+00    2.4856853399e+00   -1.6512025584e+01    3.0000000000e+03    3.6248610100e-01    6.6411458333e-01
       221   -7.3700099885e+00    5.5120599721e+01   -1.3118341564e+01    5.7483315752e+00    2.4262401838e+00   -1.5544581747e+01    3.0000000000e+03    3.6577870800e-01    6.6850000000e-01
       222   -7.3598765913e+00    5.4902792647e+01   -1.3142170407e+01    5.7822938162e+00    2.4197630094e+00   -1.5561933417e+01    3.0000000000e+03    3.6421450800e-01    6.6810416667e-01
       223   -7.3594699520e+00    5.4906076937e+01   -1.3652740223e+01    6.2932702711e+00    2.4548327352e+00   -1.6107572958e+01    3.0000000000e+03    3.7615392200e-01    6.6833333333e-01
       224   -7.3508594445e+00    5.4825808612e+01   -1.3428588949e+01    6.0777295044e+00    2.4520566509e+00   -1.5880645600e+01    3.0000000000e+03    3.6715993400e-01    6.6747916667e-01
       225   -7.3551956765e+00    5.4898444958e+01   -1.3231614519e+01    5.8764188423e+00    2.4078881415e+00   -1.5639502660e+01    3.0000000000e+03    3.6618387300e-01    6.6725000000e-01
       226   -7.3931652893e+00    5.5497708857e+01   -1.4150758940e+01    6.7575936510e+00    2.4676174220e+00   -1.6618376362e+01    3.0000000000e+03    4.0316430900e-01    6.6642708333e-01
       227   -7.3885175614e+00    5.5418117062e+01   -1.3567948588e+01    6.1794310264e+00    2.4714207937e+00   -1.6039369382e+01    3.0000000000e+03    3.7800962300e-01    6.6857291667e-01
       228   -7.3672061329e+00    5.5075195333e+01   -1.3150410609e+01    5.7832044761e+00    2.4606180629e+00   -1.5611028672e+01    3.0000000000e+03    3.7422290800e-01    6.6952083333e-01
       229   -7.3316848950e+00    5.4487645487e+01   -1.3257736478e+01    5.9260515833e+00    2.4156527246e+00   -1.5673389203e+01    3.0000000000e+03    3.7405824700e-01    6.6691666667e-01
       230   -7.3508293866e+00    5.4792769017e+01   -1.3268236864e+01    5.9174074770e+00    2.4391693111e+00   -1.5707406175e+01    3.0000000000e+03    3.6699295500e-01    6.6718750000e-01
       231   -7.3733280014e+00    5.5142875632e+01   -1.3696413962e+01    6.3230859610e+00    2.4689166958e+00   -1.6165330658e+01    3.0000000000e+03    3.8157820300e-01    6.6493750000e-01
       232   -7.3986852127e+00    5.5598214327e+01   -1.3837829285e+01    6.4391440727e+00    2.4555873344e+00   -1.6293416620e+01    3.0000000000e+03    3.8376852600e-01    6.6788541667e-01
       233   -7.3448957356e+00    5.4712546660e+01   -1.3619123858e+01    6.2742281227e+00    2.3970815229e+00   -1.6016205381e+01    3.0000000000e+03    3.8037794400e-01    6.6935416667e-01
       234   -7.3741918393e+00    5.5219565228e+01   -1.4085587717e+01    6.7113958773e+00    2.4631733447e+00   -1.6548761061e+01    3.0000000000e+03    3.7118529400e-01    6.6577083333e-01
       235   -7.3751971446e+00    5.5207946100e+01   -1.3508581825e+01    6.1333846801e+00    2.4890559855e+00   -1.5997637810e+01    3.0000000000e+03    3.6645409300e-01    6.6689583333e-01
       236   -7.3979315148e+00    5.5511660930e+01   -1.4017319722e+01    6.6193882068e+00    2.4355216617e+00   -1.6452841383e+01    3.0000000000e+03    3.7629079900e-01    6.6725000000e-01
       237   -7.3454314537e+00    5.4752203469e+01   -1.3601569571e+01    6.2561381175e+00    2.4072778218e+00   -1.6008847393e+01    3.0000000000e+03    3.6802811100e-01    6.6941666667e-01
       238   -7.3727834608e+00    5.5150193097e+01   -1.3518349679e+01    6.1455662183e+00    2.4345158809e+00   -1.5952865560e+01    3.0000000000e+03    3.7906894800e-01    6.6881250000e-01
       239   -7.4244029663e+00    5.5994661069e+01   -1.3854166683e+01    6.4297637162e+00    2.4654562658e+00   -1.6319622948e+01    3.0000000000e+03    3.8911289800e-01    6.6582291667e-01
       240   -7.3255319690e+00    5.4369843270e+01   -1.3534106360e+01    6.2085743912e+00    2.4203014342e+00   -1.5954407794e+01    3.0000000000e+03    3.7892098100e-01    6.6991666667e-01
       241   -7.3878587102e+00    5.5418878289e+01   -1.3600498010e+01    6.2126392995e+00    2.4192626729e+00   -1.6019760683e+01    3.0000000000e+03    3.6463105900e-01    6.6832291667e-01
       242   -7.3279094892e+00    5.4451649901e+01   -1.2804773002e+01    5.4768635131e+00    2.4060154022e+00   -1.5210788404e+01    3.0000000000e+03    3.6451457800e-01    6.7187500000e-01
       243   -7.3975597759e+00    5.5560046178e+01   -1.3858108044e+01    6.4605482680e+00    2.5076044278e+00   -1.6365712472e+01    3.0000000000e+03    3.9015536400e-01    6.6681250000e-01
       244   -7.3564121849e+00    5.4918582423e+01   -1.3513028006e+01    6.1566158210e+00    2.4230770689e+00   -1.5936105075e+01    3.0000000000e+03    3.5907824400e-01    6.6907291667e-01
       245   -7.3169170183e+00    5.4298999564e+01   -1.2974452342e+01    5.6575353235e+00    2.4456522116e+00   -1.5420104553e+01    3.0000000000e+03    3.5867980500e-01    6.6885416667e-01
       246   -7.3742843243e+00    5.5195461393e+01   -1.3387244770e+01    6.0129604457e+00    2.4475975463e+00   -1.5834842316e+01    3.0000000000e+03    3.6746861500e-01    6.7084375000e-01
       247   -7.3922004501e+00    5.5433546756e+01   -1.3507514037e+01    6.1153135867e+00    2.4607697580e+00   -1.5968283795e+01    3.0000000000e+03    3.5973418400e-01    6.6753125000e-01
       248   -7.4116309240e+00    5.5777990874e+01   -1.3824549174e+01    6.4129182502e+00    2.5138229623e+00   -1.6338372137e+01    3.0000000000e+03    3.6289336400e-01    6.6553125000e-01
       249   -7.3557061970e+00    5.4923869318e+01   -1.4660423028e+01    7.3047168307e+00    2.4411400951e+00   -1.7101563123e+01    3.0000000000e+03    3.6001823300e-01    6.6690625000e-01
       250   -7.3806932763e+00    5.5274526324e+01   -1.3534812971e+01    6.1541196949e+00    2.4545071638e+00   -1.5989320135e+01    3.0000000000e+03    3.5557936200e-01    6.6787500000e-01
       251   -7.3494580920e+00    5.4797571287e+01   -1.3224244966e+01    5.8747868738e+00    2.4168968050e+00   -1.5641141771e+01    3.0000000000e+03    3.5954717400e-01    6.6997916667e-01
       252   -7.3944408894e+00    5.5505776475e+01   -1.4120339919e+01    6.7258990293e+00    2.4502803368e+00   -1.6570620256e+01    3.0000000000e+03    3.6045688200e-01    6.6776041667e-01
       253   -7.3183204157e+00    5.4325354735e+01   -1.2782332089e+01    5.4640116733e+00    2.4033922215e+00   -1.5185724311e+01    3.0000000000e+03    3.6000573300e-01    6.7252083333e-01
       254   -7.3441911169e+00    5.4698726986e+01   -1.3234528320e+01    5.8903372035e+00    2.4340404982e+00   -1.5668568819e+01    3.0000000000e+03    3.6326411000e-01    6.6952083333e-01
       255   -7.3847140182e+00    5.5326395118e+01   -1.3233243781e+01    5.8485297628e+00    2.4197431176e+00   -1.5652986899e+01    3.0000000000e+03    3.6933004800e-01    6.6945833333e-01
       256   -7.3883497787e+00    5.5390180364e+01   -1.3281126663e+01    5.8927768843e+00    2.4318955223e+00   -1.5713022185e+01    3.0000000000e+03    3.9001344400e-01    6.6850000000e-01
       257   -7.3773535889e+00    5.5206412211e+01   -1.3329853768e+01    5.9525001795e+00    2.4238758770e+00   -1.5753729645e+01    3.0000000000e+03    3.5927062800e-01    6.6752083333e-01
       258   -7.3541186915e+00    5.4888296327e+01   -1.3259804824e+01    5.9056861321e+00    2.4800738477e+00   -1.5739878671e+01    3.0000000000e+03    3.7390155700e-01    6.7011458333e-01
       259   -7.3880139582e+00    5.5403453265e+01   -1.4062672415e+01    6.6746584568e+00    2.4478281616e+00   -1.6510500577e+01    3.0000000000e+03    3.5907304700e-01    6.6802083333e-01
       260   -7.3621473471e+00    5.4948680397e+01   -1.3259339809e+01    5.8971924623e+00    2.4803838643e+00   -1.5739723674e+01    3.0000000000e+03    3.5971673000e-01    6.6788541667e-01
       261   -7.3361233770e+00    5.4589567043e+01   -1.2818529135e+01    5.4824057580e+00    2.4324865201e+00   -1.5251015655e+01    3.0000000000e+03    3.6055718000e-01    6.6658333333e-01
       262   -7.3839200629e+00    5.5313596831e+01   -1.3757605422e+01    6.3736853591e+00    2.4768984760e+00   -1.6234503898e+01    3.0000000000e+03    4.2925006600e-01    6.6533333333e-01
       263   -7.3889136323e+00    5.5438567585e+01   -1.3788100765e+01    6.3991871329e+00    2.4574552424e+00   -1.6245556008e+01    3.0000000000e+03    3.9040041800e-01    6.6833333333e-01
       264   -7.3491741620e+00    5.4756803537e+01   -1.2950124923e+01    5.6009507612e+00    2.4543057486e+00   -1.5404430672e+01    3.0000000000e+03    3.5563770300e-01    6.7021875000e-01
       265   -7.3319292350e+00    5.4483445555e+01   -1.2864168105e+01    5.5322388697e+00    2.4219638688e+00   -1.5286131974e+01    3.0000000000e+03    3.5978770600e-01    6.6945833333e-01
       266   -7.3228766081e+00    5.4391516397e+01   -1.3127850331e+01    5.8049737231e+00    2.3931055233e+00   -1.5520955855e+01    3.0000000000e+03    3.7022930900e-01    6.7003125000e-01
       267   -7.4110798145e+00    5.5820214137e+01   -1.4152526390e+01    6.7414465752e+00    2.4790267530e+00   -1.6631553143e+01    3.0000000000e+03    3.6336084000e-01    6.6670833333e-01
       268   -7.3561675194e+00    5.4911734663e+01   -1.3291148340e+01    5.9349808207e+00    2.4387306939e+00   -1.5729879034e+01    3.0000000000e+03    3.7839601500e-01    6.6901041667e-01
       269   -7.3936197565e+00    5.5479301044e+01   -1.7574671523e+01    1.0181051767e+01    2.4314540403e+00   -2.0006125564e+01    3.0000000000e+03    3.7192935500e-01    6.6855208333e-01
       270   -7.3481013636e+00    5.4733800641e+01   -1.2953434914e+01    5.6053335499e+00    2.4165421524e+00   -1.5369977066e+01    3.0000000000e+03    3.6307613500e-01    6.6957291667e-01
       271   -7.3871049920e+00    5.5402469284e+01   -1.3499738567e+01    6.1126335750e+00    2.4660493131e+00   -1.5965787880e+01    3.0000000000e+03    3.6230964100e-01    6.6872916667e-01
       272   -7.3655544400e+00    5.5056351194e+01   -1.3529147004e+01    6.1635925636e+00    2.4574752632e+00   -1.5986622267e+01    3.0000000000e+03    3.7230802200e-01    6.7100000000e-01
       273   -7.3836499990e+00    5.5333064183e+01   -1.3789527854e+01    6.4058778550e+00    2.4521073931e+00   -1.6241635247e+01    3.0000000000e+03    3.6829377200e-01    6.6735416667e-01
       274   -7.4202047996e+00    5.5937655584e+01   -1.4189383018e+01    6.7691782186e+00    2.4953024830e+00   -1.6684685501e+01    3.0000000000e+03    3.6105385300e-01    6.6255208333e-01
       275   -7.3489488174e+00    5.4799840709e+01   -1.3026110805e+01    5.6771619873e+00    2.4374367176e+00   -1.5463547522e+01    3.0000000000e+03    3.7088607400e-01    6.7019791667e-01
       276   -7.3532829686e+00    5.4871641606e+01   -1.3482699891e+01    6.1294169221e+00    2.4610825417e+00   -1.5943782432e+01    3.0000000000e+03    3.6186428400e-01    6.6914583333e-01
       277   -7.3750146499e+00    5.5135996481e+01   -1.3389035786e+01    6.0140211366e+00    2.4786095758e+00   -1.5867645362e+01    3.0000000000e+03    3.9164451900e-01    6.6545833333e-01
       278   -7.3790893045e+00    5.5176597155e+01   -1.3636544025e+01    6.2574547204e+00    2.4280067276e+00   -1.6064550753e+01    3.0000000000e+03    3.6601863800e-01    6.6827083333e-01
       279   -7.4079581989e+00    5.5693809569e+01   -1.4142981434e+01    6.7350232351e+00    2.4590181514e+00   -1.6601999585e+01    3.0000000000e+03    3.6264652800e-01    6.6740625000e-01
       280   -7.3595501172e+00    5.4969856429e+01   -1.3597577189e+01    6.2380270715e+00    2.4337523797e+00   -1.6031329568e+01    3.0000000000e+03    3.7121466700e-01    6.6921875000e-01
       281   -7.3298857702e+00    5.4490984125e+01   -1.3467402153e+01    6.1375163832e+00    2.4366535454e+00   -1.5904055699e+01    3.0000000000e+03    3.6056227900e-01    6.7004166667e-01
       282   -7.3781515159e+00    5.5206931146e+01   -1.3495259711e+01    6.1171081948e+00    2.4927556350e+00   -1.5988015346e+01    3.0000000000e+03    3.7497826900e-01    6.6763541667e-01
       283   -7.3755340057e+00    5.5239334944e+01   -1.3231219778e+01    5.8556857726e+00    2.4584015934e+00   -1.5689621372e+01    3.0000000000e+03    3.6975337000e-01    6.6882291667e-01
       284   -7.3620971594e+00    5.4953651593e+01   -1.3849807870e+01    6.4877107109e+00    2.4540928281e+00   -1.6303900698e+01    3.0000000000e+03    3.5951834100e-01    6.6666666667e-01
       285   -7.3965873124e+00    5.5536304650e+01   -1.3801775109e+01    6.4051877962e+00    2.4953970864e+00   -1.6297172195e+01    3.0000000000e+03    3.7730592700e-01    6.6763541667e-01
       286   -7.3298085829e+00    5.4495116873e+01   -1.3097213031e+01    5.7674044486e+00    2.3905324307e+00   -1.5487745462e+01    3.0000000000e+03    4.2659690500e-01    6.7010416667e-01
       287   -7.3484651916e+00    5.4784701726e+01   -1.2984558559e+01    5.6360933669e+00    2.4637656782e+00   -1.5448324237e+01    3.0000000000e+03    3.6707034400e-01    6.7163541667e-01
       288   -7.3667418125e+00    5.5062371457e+01   -1.3771630354e+01    6.4048885415e+00    2.4079776282e+00   -1.6179607982e+01    3.0000000000e+03    3.6577238500e-01    6.7136458333e-01
       289   -7.3726427084e+00    5.5133515455e+01   -1.3155711639e+01    5.7830689308e+00    2.4531837627e+00   -1.5608895402e+01    3.0000000000e+03    3.6381072500e-01    6.6529166667e-01
       290   -7.3676345577e+00    5.5119845734e+01   -1.4040943578e+01    6.6733090202e+00    2.4117405635e+00   -1.6452684141e+01    3.0000000000e+03    3.6339601300e-01    6.7103125000e-01
       291   -7.4075669147e+00    5.5697907470e+01   -1.3593031186e+01    6.1854642715e+00    2.4814872866e+00   -1.6074518473e+01    3.0000000000e+03    3.8458408400e-01    6.6847916667e-01
       292   -7.3407553245e+00    5.4636376640e+01   -1.2892323881e+01    5.5515685562e+00    2.4391877338e+00   -1.5331511614e+01    3.0000000000e+03    3.5949735800e-01    6.6673958333e-01
       293   -7.3628037724e+00    5.5013125690e+01   -1.3312887957e+01    5.9500841844e+00    2.4447104928e+00   -1.5757598450e+01    3.0000000000e+03    3.7241505900e-01    6.6825000000e-01
       294   -7.3880351820e+00    5.5424702518e+01   -1.3400001104e+01    6.0119659217e+00    2.4661736573e+00   -1.5866174761e+01    3.0000000000e+03    3.6222993700e-01    6.6896875000e-01
       295   -7.3561654117e+00    5.4897688241e+01   -1.2881430699e+01    5.5252652878e+00    2.4749388919e+00   -1.5356369591e+01    3.0000000000e+03    3.7089899000e-01    6.7037500000e-01
       296   -7.3511691125e+00    5.4825702731e+01   -1.3407650593e+01    6.0564814808e+00    2.5222374727e+00   -1.5929888066e+01    3.0000000000e+03    3.6706654400e-01    6.6827083333e-01
       297   -7.3613242420e+00    5.4946262521e+01   -1.3434930910e+01    6.0736066684e+00    2.4544511264e+00   -1.5889382037e+01    3.0000000000e+03    3.7470586800e-01    6.6784375000e-01
       298   -7.3943582097e+00    5.5539812016e+01   -1.3501393994e+01    6.1070357841e+00    2.4565078346e+00   -1.5957901828e+01    3.0000000000e+03    4.2293966300e-01    6.6664583333e-01
       299   -7.3568536580e+00    5.4910919346e+01   -1.3289978259e+01    5.9331246014e+00    2.4738213717e+00   -1.5763799631e+01    3.0000000000e+03    4.3041947900e-01    6.6812500000e-01
       300   -7.4186157426e+00    5.5883806671e+01   -1.3895041586e+01    6.4764258430e+00    2.4745603361e+00   -1.6369601922e+01    3.0000000000e+03    4.2929664800e-01    6.6559375000e-01
       301   -7.3584640358e+00    5.4914928538e+01   -1.3268126969e+01    5.9096629328e+00    2.4729352970e+00   -1.5741062266e+01    3.0000000000e+03    4.2302680500e-01    6.6838541667e-01
       302   -7.4203748976e+00    5.5909958998e+01   -1.4014485949e+01    6.5941110518e+00    2.4839854222e+00   -1.6498471371e+01    3.0000000000e+03    3.7746342100e-01    6.6521875000e-01
       303   -7.3823097911e+00    5.5296127936e+01   -1.3440796642e+01    6.0584868513e+00    2.4278234355e+00   -1.5868620078e+01    3.0000000000e+03    3.7333573600e-01    6.6812500000e-01
       304   -7.3396224824e+00    5.4633439113e+01   -1.2992624858e+01    5.6530023759e+00    2.4085425533e+00   -1.5401167412e+01    3.0000000000e+03    3.6541523600e-01    6.7003125000e-01
       305   -7.3490548213e+00    5.4809525012e+01   -1.3420671283e+01    6.0716164618e+00    2.4210846823e+00   -1.5841755965e+01    3.0000000000e+03    3.6813801400e-01    6.7204166667e-01
       306   -7.3981097467e+00    5.5563571102e+01   -1.4123053067e+01    6.7249433208e+00    2.4900195485e+00   -1.6613072616e+01    3.0000000000e+03    3.6260084100e-01    6.6734375000e-01
       307   -7.3740100380e+00    5.5175591592e+01   -1.3745803731e+01    6.3717936935e+00    2.4091798959e+00   -1.6154983627e+01    3.0000000000e+03    3.7031956000e-01    6.6819791667e-01
       308   -7.3871921748e+00    5.5361917660e+01   -1.4009615948e+01    6.6224237735e+00    2.4514062239e+00   -1.6461022172e+01    3.0000000000e+03    3.7006990800e-01    6.6457291667e-01
       309   -7.3462680446e+00    5.4797015356e+01   -1.3816061204e+01    6.4697931589e+00    2.4342968943e+00   -1.6250358098e+01    3.0000000000e+03    3.6065551300e-01    6.7020833333e-01
       310   -7.3887646192e+00    5.5371035823e+01   -1.3654692464e+01    6.2659278444e+00    2.4813831822e+00   -1.6136075646e+01    3.0000000000e+03    3.5765724500e-01    6.6763541667e-01
       311   -7.4044588140e+00    5.5667667890e+01   -1.3503228841e+01    6.0987700270e+00    2.4810039399e+00   -1.5984232781e+01    3.0000000000e+03    3.6067162400e-01    6.6719791667e-01
       312   -7.3491651149e+00    5.4789911832e+01   -1.3545357685e+01    6.1961925702e+00    2.4191511113e+00   -1.5964508796e+01    3.0000000000e+03    3.6680683300e-01    6.6781250000e-01
       313   -7.4263320852e+00    5.5995501441e+01   -1.4053159692e+01    6.6268276067e+00    2.5075511689e+00   -1.6560710861e+01    3.0000000000e+03    3.6555586200e-01    6.6286458333e-01
       314   -7.3820731447e+00    5.5310016925e+01   -1.3232158906e+01    5.8500857611e+00    2.4209314486e+00   -1.5653090354e+01    3.0000000000e+03    3.8028368000e-01    6.6854166667e-01
       315   -7.3346292350e+00    5.4536839291e+01   -1.3327394756e+01    5.9927655212e+00    2.4489486408e+00   -1.5776343397e+01    3.0000000000e+03    3.6686601400e-01    6.7091666667e-01
       316   -7.3692147495e+00    5.5089033129e+01   -1.3283899308e+01    5.9146845589e+00    2.4654961867e+00   -1.5749395495e+01    3.0000000000e+03    3.7800778000e-01    6.6597916667e-01
       317   -7.3425704018e+00    5.4681700914e+01   -1.3311765220e+01    5.9691948184e+00    2.4186541054e+00   -1.5730419326e+01    3.0000000000e+03    3.6901301000e-01    6.7047916667e-01
       318   -7.3630921297e+00    5.5002738772e+01   -1.3592416297e+01    6.2293241671e+00    2.4242050595e+00   -1.6016621356e+01    3.0000000000e+03    3.8025590500e-01    6.6928125000e-01
       319   -7.4116960586e+00    5.5798428741e+01   -1.3865514595e+01    6.4538185369e+00    2.4985729637e+00   -1.6364087559e+01    3.0000000000e+03    3.8731773100e-01    6.6523958333e-01
       320   -7.3767247035e+00    5.5190756364e+01   -1.3325655788e+01    5.9489310847e+00    2.4374505219e+00   -1.5763106310e+01    3.0000000000e+03    3.6868817200e-01    6.6947916667e-01
       321   -7.3612307360e+00    5.4958488462e+01   -1.3322969004e+01    5.9617382680e+00    2.4589967879e+00   -1.5781965792e+01    3.0000000000e+03    3.6498075000e-01    6.6837500000e-01
       322   -7.3396037734e+00    5.4586307121e+01   -1.3455007727e+01    6.1154039538e+00    2.4117805210e+00   -1.5866788248e+01    3.0000000000e+03    3.6141186300e-01    6.6696875000e-01
       323   -7.4125943768e+00    5.5796603970e+01   -1.4043209158e+01    6.6306147812e+00    2.4336738788e+00   -1.6476883037e+01    3.0000000000e+03    3.6944080800e-01    6.6540625000e-01
       324   -7.3582331446e+00    5.4926254070e+01   -1.3392734192e+01    6.0345010474e+00    2.4808476904e+00   -1.5873581882e+01    3.0000000000e+03    3.6990010900e-01    6.7161458333e-01
       325   -7.3540565356e+00    5.4872094830e+01   -1.3010500294e+01    5.6564437585e+00    2.4477819388e+00   -1.5458282233e+01    3.0000000000e+03    3.6808361200e-01    6.7188541667e-01
       326   -7.3866092543e+00    5.5357623467e+01   -1.3592362250e+01    6.2057529960e+00    2.4586836407e+00   -1.6051045891e+01    3.0000000000e+03    3.6389058600e-01    6.6804166667e-01
       327   -7.3384305029e+00    5.4624640607e+01   -1.3037194612e+01    5.6987641095e+00    2.4154113894e+00   -1.5452606002e+01    3.0000000000e+03    3.7862616200e-01    6.6781250000e-01
       328   -7.3549280393e+00    5.4881944304e+01   -1.3293638267e+01    5.9387102276e+00    2.4402604778e+00   -1.5733898745e+01    3.0000000000e+03    3.5979099300e-01    6.6884375000e-01
       329   -7.3970345560e+00    5.5557153253e+01   -1.4914540387e+01    7.5175058309e+00    2.4818485673e+00   -1.7396388954e+01    3.0000000000e+03    3.6082593400e-01    6.6625000000e-01
       330   -7.3625367422e+00    5.4976395599e+01   -1.3141659293e+01    5.7791225509e+00    2.4622992381e+00   -1.5603958531e+01    3.0000000000e+03    3.6570119100e-01    6.6801041667e-01
       331   -7.4098579790e+00    5.5662466703e+01   -1.3807135535e+01    6.3972775560e+00    2.4547265577e+00   -1.6261862093e+01    3.0000000000e+03    3.6569495600e-01    6.6451041667e-01
       332   -7.3574952584e+00    5.4893146098e+01   -1.3108701814e+01    5.7512065557e+00    2.4634988825e+00   -1.5572200697e+01    3.0000000000e+03    3.6764920600e-01    6.6607291667e-01
       333   -7.3815725459e+00    5.5295119150e+01   -1.3268733734e+01    5.8871611881e+00    2.4520978778e+00   -1.5720831612e+01    3.0000000000e+03    3.7687776500e-01    6.6809375000e-01
       334   -7.3747790370e+00    5.5182156329e+01   -1.3237828156e+01    5.8630491190e+00    2.4704054411e+00   -1.5708233597e+01    3.0000000000e+03    3.7186174300e-01    6.6746875000e-01
       335   -7.4317787244e+00    5.6140369357e+01   -1.4043943756e+01    6.6121650312e+00    2.4826005422e+00   -1.6526544298e+01    3.0000000000e+03    3.7025587300e-01    6.6880208333e-01
       336   -7.3830921549e+00    5.5302657704e+01   -1.3586797774e+01    6.2037056188e+00    2.4185138162e+00   -1.6005311590e+01    3.0000000000e+03    3.6699804900e-01    6.6819791667e-01
       337   -7.3549112156e+00    5.4854808205e+01   -1.2987037888e+01    5.6321266727e+00    2.4195953467e+00   -1.5406633235e+01    3.0000000000e+03    3.7694559500e-01    6.6642708333e-01
       338   -7.3840329204e+00    5.5312535247e+01   -1.5331492079e+01    7.9474591589e+00    2.4744589480e+00   -1.7805951027e+01    3.0000000000e+03    4.5472334300e-01    6.6755208333e-01
       339   -7.4048958663e+00    5.5663409701e+01   -1.3672475736e+01    6.2675798700e+00    2.4788956785e+00   -1.6151371415e+01    3.0000000000e+03    4.1173844100e-01    6.6845833333e-01
       340   -7.3645977115e+00    5.4997000591e+01   -1.3227200578e+01    5.8626028667e+00    2.4359716601e+00   -1.5663172238e+01    3.0000000000e+03    3.7608428000e-01    6.7128125000e-01
       341   -7.3796925302e+00    5.5294647964e+01   -1.3595132875e+01    6.2154403445e+00    2.4728929999e+00   -1.6068025875e+01    3.0000000000e+03    3.6651027600e-01    6.6796875000e-01
       342   -7.3260970066e+00    5.4456752729e+01   -1.3287036161e+01    5.9609391542e+00    2.4372937616e+00   -1.5724329922e+01    3.0000000000e+03    3.6696782600e-01    6.6888541667e-01
       343   -7.3476962166e+00    5.4726781727e+01   -1.3193555769e+01    5.8458595528e+00    2.3716625148e+00   -1.5565218284e+01    3.0000000000e+03    3.9004390600e-01    6.7157291667e-01
       344   -7.3574080525e+00    5.4903313885e+01   -1.3408015148e+01    6.0506070952e+00    2.4341519269e+00   -1.5842167075e+01    3.0000000000e+03    3.6964797300e-01    6.6922916667e-01
       345   -7.3171195732e+00    5.4303708655e+01   -1.2782958235e+01    5.4658386617e+00    2.4571169917e+00   -1.5240075227e+01    3.0000000000e+03    3.7209505500e-01    6.6975000000e-01
       346   -7.3289075765e+00    5.4451860174e+01   -1.3226664817e+01    5.8977572404e+00    2.4387092430e+00   -1.5665374060e+01    3.0000000000e+03    3.8949241200e-01    6.6546875000e-01
       347   -7.3699946935e+00    5.5104078941e+01   -1.3514040351e+01    6.1440456579e+00    2.4722771933e+00   -1.5986317545e+01    3.0000000000e+03    4.1094130400e-01    6.6790625000e-01
       348   -7.3572901734e+00    5.4923673423e+01   -1.3594571437e+01    6.2372812633e+00    2.4577835240e+00   -1.6052354961e+01    3.0000000000e+03    3.6406146700e-01    6.6529166667e-01
       349   -7.4141357343e+00    5.5795657660e+01   -1.3666075627e+01    6.2519398924e+00    2.5180472723e+00   -1.6184122899e+01    3.0000000000e+03    3.6668280200e-01    6.6567708333e-01
       350   -7.3834754522e+00    5.5315282035e+01   -1.3972298037e+01    6.5888225850e+00    2.4803012995e+00   -1.6452599337e+01    3.0000000000e+03    3.6267468800e-01    6.6575000000e-01
       351   -7.3548753079e+00    5.4854941058e+01   -1.3395552180e+01    6.0406768719e+00    2.4478803679e+00   -1.5843432548e+01    3.0000000000e+03    3.6798617900e-01    6.6366666667e-01
       352   -7.3851514099e+00    5.5341789123e+01   -1.3599063038e+01    6.2139116285e+00    2.4533598423e+00   -1.6052422881e+01    3.0000000000e+03    3.7008320200e-01    6.6825000000e-01
       353   -7.3936265744e+00    5.5475460407e+01   -1.3442656621e+01    6.0490300468e+00    2.4320863921e+00   -1.5874743013e+01    3.0000000000e+03    3.6350938900e-01    6.6746875000e-01
       354   -7.3266228344e+00    5.4373345513e+01   -1.3102758043e+01    5.7761352087e+00    2.3694323084e+00   -1.5472190351e+01    3.0000000000e+03    3.7763272500e-01    6.6907291667e-01
       355   -7.3174012614e+00    5.4304672890e+01   -1.2877182705e+01    5.5597814433e+00    2.4374234102e+00   -1.5314606115e+01    3.0000000000e+03    3.9718958600e-01    6.7020833333e-01
       356   -7.3562167741e+00    5.4906077394e+01   -1.3026333648e+01    5.6701168740e+00    2.4290685039e+00   -1.5455402152e+01    3.0000000000e+03    3.9649242900e-01    6.6981250000e-01
       357   -7.3671352742e+00    5.5062556452e+01   -1.3174817091e+01    5.8076818168e+00    2.4414574260e+00   -1.5616274517e+01    3.0000000000e+03    3.8425629100e-01    6.6727083333e-01
       358   -7.4201406335e+00    5.5882271933e+01   -1.3864502317e+01    6.4443616838e+00    2.4279355553e+00   -1.6292437873e+01    3.0000000000e+03    4.3919018900e-01    6.6821875000e-01
       359   -7.3601778921e+00    5.4992736539e+01   -1.3210870093e+01    5.8506922013e+00    2.3826064998e+00   -1.5593476593e+01    3.0000000000e+03    4.3609256200e-01    6.7135416667e-01
       360   -7.3749955072e+00    5.5160542887e+01   -1.4294839226e+01    6.9198437191e+00    2.4378048697e+00   -1.6732644096e+01    3.0000000000e+03    4.0843027100e-01    6.6980208333e-01
       361   -7.3982399055e+00    5.5556187447e+01   -1.3903571834e+01    6.5053319280e+00    2.4283845991e+00   -1.6331956433e+01    3.0000000000e+03    3.8514412000e-01    6.6515625000e-01
       362   -7.4026141281e+00    5.5616624989e+01   -1.3406629444e+01    6.0040153156e+00    2.4317956773e+00   -1.5838425121e+01    3.0000000000e+03    3.6425810900e-01    6.6691666667e-01
       363   -7.3647793017e+00    5.5034084032e+01   -1.3841903417e+01    6.4771241155e+00    2.4221687700e+00   -1.6264072187e+01    3.0000000000e+03    3.6345165200e-01    6.6832291667e-01
       364   -7.3848411238e+00    5.5361400215e+01   -1.3731974792e+01    6.3471336681e+00    2.4762422648e+00   -1.6208217057e+01    3.0000000000e+03    3.6519189400e-01    6.6586458333e-01
       365   -7.3528667966e+00    5.4872064220e+01   -1.3811956074e+01    6.4590892769e+00    2.4066682826e+00   -1.6218624356e+01    3.0000000000e+03    3.5745614900e-01    6.6655208333e-01
       366   -7.3900056960e+00    5.5392417537e+01   -1.3887224591e+01    6.4972188955e+00    2.4752097723e+00   -1.6362434364e+01    3.0000000000e+03    3.5954119200e-01    6.6500000000e-01
       367   -7.3796580238e+00    5.5242755831e+01   -1.3239804530e+01    5.8601465065e+00    2.4523219008e+00   -1.5692126431e+01    3.0000000000e+03    3.7991853700e-01    6.6978125000e-01
       368   -7.3784942496e+00    5.5214447069e+01   -1.3091319674e+01    5.7128254245e+00    2.4326199733e+00   -1.5523939647e+01    3.0000000000e+03    3.6983352700e-01    6.6866666667e-01
       369   -7.3637028899e+00    5.5054966989e+01   -1.4115449626e+01    6.7517467362e+00    2.4840732581e+00   -1.6599522884e+01    3.0000000000e+03    3.9366271100e-01    6.6663541667e-01
       370   -7.3648262122e+00    5.5006167464e+01   -1.3615938474e+01    6.2511122615e+00    2.4457553078e+00   -1.6061693782e+01    3.0000000000e+03    3.8041517300e-01    6.6869791667e-01
       371   -7.3942574712e+00    5.5499659775e+01   -1.3544856290e+01    6.1505988185e+00    2.4874915362e+00   -1.6032347826e+01    3.0000000000e+03    3.8695784600e-01    6.6906250000e-01
       372   -7.4124805686e+00    5.5773514374e+01   -1.3980330907e+01    6.5678503381e+00    2.4815107907e+00   -1.6461841697e+01    3.0000000000e+03    3.7614076100e-01    6.6471875000e-01
       373   -7.3739783109e+00    5.5154316013e+01   -1.3692687560e+01    6.3187092490e+00    2.4836467058e+00   -1.6176334266e+01    3.0000000000e+03    3.5433082000e-01    6.6531250000e-01
       374   -7.3534809642e+00    5.4854769022e+01   -1.3508244212e+01    6.1547632479e+00    2.4802207694e+00   -1.5988464981e+01    3.0000000000e+03    3.8420237100e-01    6.7037500000e-01
       375   -7.4228890704e+00    5.5973179316e+01   -1.3896494987e+01    6.4736059163e+00    2.4293172832e+00   -1.6325812270e+01    3.0000000000e+03    3.9038076800e-01    6.6682291667e-01
       376   -7.3714649243e+00    5.5112991291e+01   -1.3370692708e+01    5.9992277833e+00    2.4659742911e+00   -1.5836666999e+01    3.0000000000e+03    3.7974800200e-01    6.6955208333e-01
       377   -7.3662882532e+00    5.5034363850e+01   -1.3558607329e+01    6.1923190758e+00    2.4503114002e+00   -1.6008918729e+01    3.0000000000e+03    3.7962713100e-01    6.6768750000e-01
       378   -7.3507774919e+00    5.4824873222e+01   -1.3192685895e+01    5.8419084027e+00    2.4163904666e+00   -1.5609076361e+01    3.0000000000e+03    3.6210414300e-01    6.7080208333e-01
       379   -7.4130058012e+00    5.5788245788e+01   -1.4907260852e+01    7.4942550505e+00    2.5117130670e+00   -1.7418973919e+01    3.0000000000e+03    3.5927176500e-01    6.6716666667e-01
       380   -7.3640042037e+00    5.5027088872e+01   -1.3070349825e+01    5.7063456214e+00    2.4172359960e+00   -1.5487585821e+01    3.0000000000e+03    3.7357342800e-01    6.6829166667e-01
       381   -7.3395839590e+00    5.4599864469e+01   -1.3274189773e+01    5.9346058143e+00    2.4289362119e+00   -1.5703125985e+01    3.0000000000e+03    3.6009902000e-01    6.7126041667e-01
       382   -7.3328620462e+00    5.4552484155e+01   -1.3777342716e+01    6.4444806694e+00    2.4449381886e+00   -1.6222280904e+01    3.0000000000e+03    3.8613170100e-01    6.6976041667e-01
       383   -7.3729215129e+00    5.5096064628e+01   -1.3281435770e+01    5.9085142569e+00    2.4443460190e+00   -1.5725781789e+01    3.0000000000e+03    3.8514476400e-01    6.6619791667e-01
       384   -7.4047251620e+00    5.5625187698e+01   -1.5428452255e+01    8.0237270935e+00    2.4275016271e+00   -1.7855953883e+01    3.0000000000e+03    3.5539485800e-01    6.6655208333e-01
       385   -7.3926203558e+00    5.5463006343e+01   -1.3753565894e+01    6.3609455380e+00    2.4585839880e+00   -1.6212149882e+01    3.0000000000e+03    3.5895218700e-01    6.6827083333e-01
       386   -7.4171041947e+00    5.5873826510e+01   -1.5092367917e+01    7.6752637220e+00    2.4689876691e+00   -1.7561355586e+01    3.0000000000e+03    3.5787740100e-01    6.6451041667e-01
       387   -7.3206259786e+00    5.4319612999e+01   -1.4188280016e+01    6.8676540374e+00    2.4005158571e+00   -1.6588795873e+01    3.0000000000e+03    3.5953897200e-01    6.7126041667e-01
       388   -7.3742516376e+00    5.5171282480e+01   -1.3388245031e+01    6.0139933931e+00    2.4630573830e+00   -1.5851302414e+01    3.0000000000e+03    4.2568287300e-01    6.6712500000e-01
       389   -7.3943129567e+00    5.5521987475e+01   -1.3394303266e+01    5.9999903095e+00    2.4087030753e+00   -1.5803006342e+01    3.0000000000e+03    3.6609794000e-01    6.7240625000e-01
       390   -7.3805574699e+00    5.5238994583e+01   -1.3504880010e+01    6.1243225404e+00    2.4633053792e+00   -1.5968185389e+01    3.0000000000e+03    3.7767671200e-01    6.6553125000e-01
       391   -7.3832198610e+00    5.5327618509e+01   -1.4213319628e+01    6.8300997671e+00    2.4724255642e+00   -1.6685745192e+01    3.0000000000e+03    4.1610337400e-01    6.6681250000e-01
       392   -7.3523946043e+00    5.4837134536e+01   -1.3377680197e+01    6.0252855922e+00    2.4508936878e+00   -1.5828573884e+01    3.0000000000e+03    4.0929071500e-01    6.7017708333e-01
       393   -7.4200510227e+00    5.5927432784e+01   -1.4017492539e+01    6.5974415159e+00    2.4559654147e+00   -1.6473457953e+01    3.0000000000e+03    4.0009007000e-01    6.6697916667e-01
       394   -7.3989261988e+00    5.5576318607e+01   -1.3934473649e+01    6.5355474506e+00    2.4857258284e+00   -1.6420199478e+01    3.0000000000e+03    3.6843687900e-01    6.6581250000e-01
       395   -7.3904149999e+00    5.5442936378e+01   -1.3908143555e+01    6.5177285554e+00    2.4702853991e+00   -1.6378428954e+01    3.0000000000e+03    3.8793043100e-01    6.6520833333e-01
       396   -7.3919884786e+00    5.5483051665e+01   -1.3725044201e+01    6.3330557221e+00    2.4313988579e+00   -1.6156443059e+01    3.0000000000e+03    4.1127808900e-01    6.6901041667e-01
       397   -7.3400037468e+00    5.4630003818e+01   -1.3106132027e+01    5.7661282803e+00    2.4515590142e+00   -1.5557691041e+01    3.0000000000e+03    3.9175543700e-01    6.7256250000e-01
       398   -7.3677011691e+00    5.5074713754e+01   -1.3532500603e+01    6.1647994337e+00    2.4413156860e+00   -1.5973816289e+01    3.0000000000e+03    3.6569216200e-01    6.6789583333e-01
       399   -7.3819779236e+00    5.5339949448e+01   -1.3400345657e+01    6.0183677339e+00    2.4760953337e+00   -1.5876440991e+01    3.0000000000e+03    3.5674287900e-01    6.6747916667e-01
       400   -7.3368851606e+00    5.4575445489e+01   -1.3256535936e+01    5.9196507753e+00    2.4493474397e+00   -1.5705883376e+01    3.0000000000e+03    3.6089635200e-01    6.6716666667e-01
       401   -7.4125086178e+00    5.5777345424e+01   -1.3428638218e+01    6.0161296000e+00    2.5020070739e+00   -1.5930645292e+01    3.0000000000e+03    3.7294802500e-01    6.6532291667e-01
       402   -7.3919393610e+00    5.5467881122e+01   -1.3356122307e+01    5.9641829455e+00    2.4887409105e+00   -1.5844863217e+01    3.0000000000e+03    3.6399320500e-01    6.6861458333e-01
       403   -7.3811796778e+00    5.5243986567e+01   -1.3395866378e+01    6.0146867006e+00    2.4502332676e+00   -1.5846099646e+01    3.0000000000e+03    3.6130765800e-01    6.6633333333e-01
       404   -7.4140439240e+00    5.5813636913e+01   -1.3350530171e+01    5.9364862466e+00    2.4859925630e+00   -1.5836522734e+01    3.0000000000e+03    3.6630558700e-01    6.6790625000e-01
       405   -7.3443802090e+00    5.4697649486e+01   -1.3092958434e+01    5.7485782251e+00    2.4066413091e+00   -1.5499599743e+01    3.0000000000e+03    3.6134540300e-01    6.6941666667e-01
       406   -7.4087951634e+00    5.5760722565e+01   -1.3715183579e+01    6.3063884151e+00    2.4910323233e+00   -1.6206215902e+01    3.0000000000e+03    3.7137345000e-01    6.6511458333e-01
       407   -7.4001081647e+00    5.5563605705e+01   -1.3668683058e+01    6.2685748931e+00    2.4673585601e+00   -1.6136041618e+01    3.0000000000e+03    3.7071513900e-01    6.6664583333e-01
       408   -7.3472477704e+00    5.4758827963e+01   -1.2898663343e+01    5.5514155723e+00    2.4155911028e+00   -1.5314254445e+01    3.0000000000e+03    3.6106894800e-01    6.7054166667e-01
       409   -7.3502682769e+00    5.4785315960e+01   -1.2853957283e+01    5.5036890064e+00    2.3906470451e+00   -1.5244604328e+01    3.0000000000e+03    3.7019694600e-01    6.7397916667e-01
       410   -7.3389790878e+00    5.4554620017e+01   -1.3054684664e+01    5.7157055761e+00    2.4407099886e+00   -1.5495394653e+01    3.0000000000e+03    3.6850103400e-01    6.6987500000e-01
       411   -7.3726766057e+00    5.5128352278e+01   -1.3049286459e+01    5.6766098536e+00    2.4287889014e+00   -1.5478075361e+01    3.0000000000e+03    3.6312861300e-01    6.6735416667e-01
       412   -7.3529669538e+00    5.4798748619e+01   -1.3323444557e+01    5.9704776035e+00    2.4575462629e+00   -1.5780990820e+01    3.0000000000e+03    3.6577518700e-01    6.6687500000e-01
       413   -7.4228659626e+00    5.5973323052e+01   -1.5342803084e+01    7.9199371210e+00    2.4471519170e+00   -1.7789955001e+01    3.0000000000e+03    3.6087200500e-01    6.6413541667e-01
       414   -7.3829612032e+00    5.5323067528e+01   -1.3179377477e+01    5.7964162737e+00    2.4502788008e+00   -1.5629656278e+01    3.0000000000e+03    3.7825104600e-01    6.6832291667e-01
       415   -7.3496786224e+00    5.4809137756e+01   -1.3349169899e+01    5.9994912770e+00    2.4757725818e+00   -1.5824942481e+01    3.0000000000e+03    3.6580246300e-01    6.6698958333e-01
       416   -7.3900869786e+00    5.5466769467e+01   -1.3761558658e+01    6.3714716794e+00    2.4894709260e+00   -1.6251029584e+01    3.0000000000e+03    3.6614014800e-01    6.6453125000e-01
       417   -7.4015026755e+00    5.5644715026e+01   -1.3223935316e+01    5.8224326401e+00    2.4388072712e+00   -1.5662742587e+01    3.0000000000e+03    3.6216325900e-01    6.7026041667e-01
       418   -7.3660441576e+00    5.5036898695e+01   -1.2858243586e+01    5.4921994282e+00    2.5040336624e+00   -1.5362277248e+01    3.0000000000e+03    3.7244134700e-01    6.7061458333e-01
       419   -7.4012865604e+00    5.5554977369e+01   -1.3273634970e+01    5.8723484098e+00    2.4943731426e+00   -1.5768008113e+01    3.0000000000e+03    3.6184181400e-01    6.6475000000e-01
       420   -7.4033188384e+00    5.5657495899e+01   -1.3570544419e+01    6.1672255802e+00    2.4353082148e+00   -1.6005852633e+01    3.0000000000e+03    3.6723663800e-01    6.6570833333e-01
       421   -7.3942525415e+00    5.5475402469e+01   -1.4382986432e+01    6.9887338908e+00    2.4566908347e+00   -1.6839677267e+01    3.0000000000e+03    3.7048751800e-01    6.6665625000e-01
       422   -7.3481694278e+00    5.4776397276e+01   -1.3152770912e+01    5.8046014847e+00    2.4575325180e+00   -1.5610303430e+01    3.0000000000e+03    3.6511801400e-01    6.7046875000e-01
       423   -7.3202196916e+00    5.4299003143e+01   -1.2854318460e+01    5.5340987682e+00    2.4320443045e+00   -1.5286362764e+01    3.0000000000e+03    3.6940924000e-01    6.7039583333e-01
       424   -7.3835166093e+00    5.5298249018e+01   -1.4766540307e+01    7.3830236972e+00    2.4606440732e+00   -1.7227184380e+01    3.0000000000e+03    3.6186321200e-01    6.6511458333e-01
       425   -7.3566640343e+00    5.4934003016e+01   -1.3236018223e+01    5.8793541890e+00    2.4306185288e+00   -1.5666636752e+01    3.0000000000e+03    3.6508367700e-01    6.7055208333e-01
       426   -7.3595076041e+00    5.4923337361e+01   -1.3353201744e+01    5.9936941401e+00    2.4243430187e+00   -1.5777544763e+01    3.0000000000e+03    3.7250318000e-01    6.6934375000e-01
       427   -7.3774322252e+00    5.5232789712e+01   -1.3346768476e+01    5.9693362506e+00    2.4911758610e+00   -1.5837944337e+01    3.0000000000e+03    3.6095891500e-01    6.6906250000e-01
       428   -7.3879196379e+00    5.5381592773e+01   -1.3564190675e+01    6.1762710366e+00    2.4754205953e+00   -1.6039611270e+01    3.0000000000e+03    3.6908316200e-01    6.6643750000e-01
       429   -7.3709333065e+00    5.5137963758e+01   -1.3288611581e+01    5.9176782746e+00    2.4021435958e+00   -1.5690755177e+01    3.0000000000e+03    3.6338107500e-01    6.7092708333e-01
       430   -7.3890428359e+00    5.5432263780e+01   -1.4235052013e+01    6.8460091776e+00    2.4480258924e+00   -1.6683077906e+01    3.0000000000e+03    3.6492568200e-01    6.6853125000e-01
       431   -7.3723802432e+00    5.5150056072e+01   -1.3242867542e+01    5.8704872988e+00    2.4271707304e+00   -1.5670038272e+01    3.0000000000e+03    3.7289784900e-01    6.6611458333e-01
       432   -7.3458369579e+00    5.4718304192e+01   -1.3066547829e+01    5.7207108708e+00    2.4282732188e+00   -1.5494821047e+01    3.0000000000e+03    3.6475646500e-01    6.7066666667e-01
       433   -7.3916779676e+00    5.5468466841e+01   -1.3663134450e+01    6.2714564821e+00    2.4626237951e+00   -1.6125758245e+01    3.0000000000e+03    3.6827985500e-01    6.6711458333e-01
       434   -7.3790391966e+00    5.5279058267e+01   -1.3407589093e+01    6.0285498959e+00    2.4229060570e+00   -1.5830495150e+01    3.0000000000e+03    3.6581129200e-01    6.6916666667e-01
       435   -7.3244885876e+00    5.4381585275e+01   -1.2968315812e+01    5.6438272245e+00    2.4408222320e+00   -1.5409138044e+01    3.0000000000e+03    3.6465792900e-01    6.6969791667e-01
       436   -7.3946515921e+00    5.5506599927e+01   -1.3542173220e+01    6.1475216282e+00    2.4869505654e+00   -1.6029123786e+01    3.0000000000e+03    3.6895349300e-01    6.6889583333e-01
       437   -7.3524278573e+00    5.4788776640e+01   -1.3353861615e+01    6.0014337582e+00    2.4196920165e+00   -1.5773553632e+01    3.0000000000e+03    3.7020731400e-01    6.6576041667e-01
       438   -7.3735428391e+00    5.5158178767e+01   -1.3494981817e+01    6.1214389782e+00    2.4602405761e+00   -1.5955222393e+01    3.0000000000e+03    3.6241141700e-01    6.6737500000e-01
       439   -7.3932185365e+00    5.5470140083e+01   -1.3141324771e+01    5.7481062341e+00    2.4663454833e+00   -1.5607670254e+01    3.0000000000e+03    3.6237300600e-01    6.6882291667e-01
       440   -7.3911110285e+00    5.5438395308e+01   -1.3963106028e+01    6.5719949993e+00    2.4348662203e+00   -1.6397972248e+01    3.0000000000e+03    3.6247136100e-01    6.6964583333e-01
       441   -7.3981696929e+00    5.5549777962e+01   -1.3729137297e+01    6.3309676042e+00    2.4429896762e+00   -1.6172126973e+01    3.0000000000e+03    3.6207492700e-01    6.6850000000e-01
       442   -7.4210513589e+00    5.5936576412e+01   -1.4211499915e+01    6.7904485565e+00    2.4757044112e+00   -1.6687204327e+01    3.0000000000e+03    3.8021741300e-01    6.6540625000e-01
       443   -7.3899274162e+00    5.5393364222e+01   -1.3371382195e+01    5.9814547792e+00    2.4296181236e+00   -1.5801000319e+01    3.0000000000e+03    3.6119385300e-01    6.6686458333e-01
       444   -7.3727579134e+00    5.5165364592e+01   -1.3643783073e+01    6.2710251594e+00    2.5170260422e+00   -1.6160809115e+01    3.0000000000e+03    3.6192170500e-01    6.6572916667e-01
       445   -7.3420575211e+00    5.4686118654e+01   -1.2789276016e+01    5.4472184944e+00    2.4314959822e+00   -1.5220771998e+01    3.0000000000e+03    3.6489015300e-01    6.7044791667e-01
       446   -7.3980984819e+00    5.5541346414e+01   -1.3788435569e+01    6.3903370870e+00    2.4782516303e+00   -1.6266687199e+01    3.0000000000e+03    3.5749526400e-01    6.6657291667e-01
       447   -7.3939435396e+00    5.5540015335e+01   -1.3629973186e+01    6.2360296464e+00    2.4846199652e+00   -1.6114593151e+01    3.0000000000e+03    3.5927755800e-01    6.6914583333e-01
       448   -7.3451594315e+00    5.4713366752e+01   -1.3410416030e+01    6.0652565985e+00    2.4812791289e+00   -1.5891695159e+01    3.0000000000e+03    3.6210551800e-01    6.6802083333e-01
       449   -7.3420573938e+00    5.4664620324e+01   -1.3050234227e+01    5.7081768333e+00    2.4190323250e+00   -1.5469266552e+01    3.0000000000e+03    3.6688465200e-01    6.6925000000e-01
       450   -7.3747944608e+00    5.5226326070e+01   -1.3658587209e+01    6.2837927487e+00    2.4226072652e+00   -1.6081194475e+01    3.0000000000e+03    3.7595201200e-01    6.6592708333e-01
       451   -7.4287987446e+00    5.6018726771e+01   -1.4080490864e+01    6.6516921198e+00    2.4697342839e+00   -1.6550225148e+01    3.0000000000e+03    3.6612979100e-01    6.6475000000e-01
       452   -7.3736499200e+00    5.5152717885e+01   -1.3314677385e+01    5.9410274651e+00    2.4181893609e+00   -1.5732866746e+01    3.0000000000e+03    3.5684287300e-01    6.7023958333e-01
       453   -7.3432583756e+00    5.4670338246e+01   -1.2865886127e+01    5.5226277517e+00    2.4331564629e+00   -1.5299042590e+01    3.0000000000e+03    3.5771761000e-01    6.7018750000e-01
       454   -7.3505037011e+00    5.4786103674e+01   -1.3461714925e+01    6.1112112239e+00    2.4250591795e+00   -1.5886774104e+01    3.0000000000e+03    3.5361246100e-01    6.6671875000e-01
       455   -7.3557421665e+00    5.4866618722e+01   -1.3802201667e+01    6.4464595006e+00    2.4429946503e+00   -1.6245196317e+01    3.0000000000e+03    3.6096847100e-01    6.6993750000e-01
       456   -7.3863937719e+00    5.5412319539e+01   -1.3609398767e+01    6.2230049956e+00    2.4443019002e+00   -1.6053700668e+01    3.0000000000e+03    3.6712189900e-01    6.6895833333e-01
       457   -7.3967357598e+00    5.5594624060e+01   -1.3769724755e+01    6.3729889950e+00    2.4494286362e+00   -1.6219153391e+01    3.0000000000e+03    3.6524698800e-01    6.6826041667e-01
       458   -7.3839013635e+00    5.5371759234e+01   -1.3454697934e+01    6.0707965702e+00    2.4637698437e+00   -1.5918467777e+01    3.0000000000e+03    3.5648138800e-01    6.6717708333e-01
       459   -7.3603698458e+00    5.4937150895e+01   -1.3104280658e+01    5.7439108125e+00    2.4425328079e+00   -1.5546813466e+01    3.0000000000e+03    3.5853582400e-01    6.6893750000e-01
       460   -7.3534312799e+00    5.4853336006e+01   -1.3267543437e+01    5.9141121575e+00    2.4373569062e+00   -1.5704900344e+01    3.0000000000e+03    3.6581840100e-01    6.6732291667e-01
       461   -7.3918341641e+00    5.5456189165e+01   -1.3483257082e+01    6.0914229182e+00    2.4145780719e+00   -1.5897835154e+01    3.0000000000e+03    3.5679473500e-01    6.6522916667e-01
       462   -7.3472127618e+00    5.4762443020e+01   -1.3097550614e+01    5.7503378522e+00    2.4232371502e+00   -1.5520787764e+01    3.0000000000e+03    3.6299428800e-01    6.7041666667e-01
       463   -7.3515017851e+00    5.4840127160e+01   -1.3202105341e+01    5.8506035562e+00    2.4470095000e+00   -1.5649114841e+01    3.0000000000e+03    3.7412172800e-01    6.6977083333e-01
       464   -7.4082896140e+00    5.5714309940e+01   -1.4140439493e+01    6.7321498785e+00    2.4856907074e+00   -1.6626130200e+01    3.0000000000e+03    3.6671311000e-01    6.6191666667e-01
       465   -7.3946479381e+00    5.5504182894e+01   -1.3596579385e+01    6.2019314468e+00    2.4434470802e+00   -1.6040026465e+01    3.0000000000e+03    3.6114311400e-01    6.6897916667e-01
       466   -7.4085561016e+00    5.5672843151e+01   -1.3628802220e+01    6.2202461181e+00    2.4472455094e+00   -1.6076047729e+01    3.0000000000e+03    3.6580611600e-01    6.6611458333e-01
       467   -7.3854032085e+00    5.5381100840e+01   -1.3361633188e+01    5.9762299791e+00    2.4697351744e+00   -1.5831368362e+01    3.0000000000e+03    3.6579048700e-01    6.6575000000e-01
       468   -7.3542048953e+00    5.4902872503e+01   -1.2968472580e+01    5.6142676847e+00    2.4222036584e+00   -1.5390676238e+01    3.0000000000e+03    3.5865830900e-01    6.7056250000e-01
       469   -7.3726391521e+00    5.5152376790e+01   -1.3741353499e+01    6.3687143473e+00    2.4112422823e+00   -1.6152595782e+01    3.0000000000e+03    3.7327481600e-01    6.6848958333e-01
       470   -7.3788592784e+00    5.5217332532e+01   -1.3641152085e+01    6.2622928067e+00    2.4467160256e+00   -1.6087868111e+01    3.0000000000e+03    3.5469498700e-01    6.6732291667e-01
       471   -7.3842491201e+00    5.5327048612e+01   -1.3607218325e+01    6.2229692051e+00    2.4456967662e+00   -1.6052915091e+01    3.0000000000e+03    3.5880110000e-01    6.6503125000e-01
       472   -7.3871321691e+00    5.5415182120e+01   -1.3596888784e+01    6.2097566153e+00    2.4578794384e+00   -1.6054768223e+01    3.0000000000e+03    3.5828582300e-01    6.6721875000e-01
       473   -7.3495260095e+00    5.4800563666e+01   -1.3052276514e+01    5.7027505045e+00    2.4609831353e+00   -1.5513259649e+01    3.0000000000e+03    3.5260286000e-01    6.6988541667e-01
       474   -7.3718889399e+00    5.5145866730e+01   -1.3426811544e+01    6.0549226036e+00    2.4288921724e+00   -1.5855703716e+01    3.0000000000e+03    3.6785096100e-01    6.6892708333e-01
       475   -7.3937483842e+00    5.5506739157e+01   -1.3410251417e+01    6.0165030331e+00    2.4427938402e+00   -1.5853045258e+01    3.0000000000e+03    3.8914864200e-01    6.6802083333e-01
       476   -7.3913055104e+00    5.5412623621e+01   -1.7543751922e+01    1.0152446412e+01    2.4631852790e+00   -2.0006937201e+01    3.0000000000e+03    3.6009094500e-01    6.6676041667e-01
       477   -7.3160830472e+00    5.4253840920e+01   -1.2932445198e+01    5.6163621512e+00    2.4178551274e+00   -1.5350300326e+01    3.0000000000e+03    3.6215940200e-01    6.7041666667e-01
       478   -7.3728960642e+00    5.5138914061e+01   -1.3391844190e+01    6.0189481261e+00    2.4949949142e+00   -1.5886839105e+01    3.0000000000e+03    3.5966105200e-01    6.6570833333e-01
       479   -7.3489397737e+00    5.4774516089e+01   -1.3179010231e+01    5.8300704570e+00    2.4630459067e+00   -1.5642056137e+01    3.0000000000e+03    3.6278298500e-01    6.6878125000e-01
       480   -7.3859396963e+00    5.5325411951e+01   -1.3754881039e+01    6.3689413432e+00    2.4268924126e+00   -1.6181773452e+01    3.0000000000e+03    3.6666166300e-01    6.6577083333e-01
       481   -7.3691859214e+00    5.5090333066e+01   -1.3494244186e+01    6.1250582646e+00    2.4689471987e+00   -1.5963191385e+01    3.0000000000e+03    3.7597924400e-01    6.6552083333e-01
       482   -7.4107104983e+00    5.5735459214e+01   -1.3811700960e+01    6.4009904621e+00    2.4923461634e+00   -1.6304047124e+01    3.0000000000e+03    3.6617426400e-01    6.6685416667e-01
       483   -7.3702103307e+00    5.5128318540e+01   -1.3313927189e+01    5.9437168578e+00    2.4474708372e+00   -1.5761398026e+01    3.0000000000e+03    3.6021163400e-01    6.6747916667e-01
       484   -7.3970643050e+00    5.5531312944e+01   -1.3619754395e+01    6.2226900903e+00    2.4860482329e+00   -1.6105802628e+01    3.0000000000e+03    3.6092427800e-01    6.6564583333e-01
       485   -7.3558062361e+00    5.4885058931e+01   -1.3178100583e+01    5.8222943467e+00    2.4535071996e+00   -1.5631607782e+01    3.0000000000e+03    3.5716590800e-01    6.6592708333e-01
       486   -7.3579361231e+00    5.4881749932e+01   -1.3973690915e+01    6.6157547918e+00    2.3878128784e+00   -1.6361503793e+01    3.0000000000e+03    3.9337837100e-01    6.6842708333e-01
       487   -7.3863149467e+00    5.5350204587e+01   -1.3354411410e+01    5.9680964633e+00    2.4187324193e+00   -1.5773143829e+01    3.0000000000e+03    3.5706740000e-01    6.6559375000e-01
       488   -7.3725490115e+00    5.5087020701e+01   -1.3435741892e+01    6.0631928802e+00    2.4490365600e+00   -1.5884778452e+01    3.0000000000e+03    3.6267017600e-01    6.6472916667e-01
       489   -7.3842256057e+00    5.5341516351e+01   -1.3393145972e+01    6.0089203660e+00    2.4564932214e+00   -1.5849639193e+01    3.0000000000e+03    3.6404448000e-01    6.6778125000e-01
       490   -7.4138994142e+00    5.5778720987e+01   -1.3833564635e+01    6.4196652212e+00    2.4727603616e+00   -1.6306324997e+01    3.0000000000e+03    3.5633345200e-01    6.6587500000e-01
       491   -7.3820989577e+00    5.5321148254e+01   -1.3033647092e+01    5.6515481342e+00    2.4355023087e+00   -1.5469149401e+01    3.0000000000e+03    3.7023664200e-01    6.7107291667e-01
       492   -7.3886637482e+00    5.5392457399e+01   -1.3623968367e+01    6.2353046184e+00    2.4356270164e+00   -1.6059595383e+01    3.0000000000e+03    3.7291016600e-01    6.6552083333e-01
       493   -7.3783984654e+00    5.5260458948e+01   -1.3258281826e+01    5.8798833603e+00    2.4348663688e+00   -1.5693148195e+01    3.0000000000e+03    3.8184150700e-01    6.7051041667e-01
       494   -7.3456797888e+00    5.4690623161e+01   -1.3249739138e+01    5.9040593490e+00    2.4376182959e+00   -1.5687357434e+01    3.0000000000e+03    3.9256867300e-01    6.7076041667e-01
       495   -7.3674290545e+00    5.5065955087e+01   -1.2956983273e+01    5.5895542186e+00    2.4203331762e+00   -1.5377316449e+01    3.0000000000e+03    3.6921559100e-01    6.7107291667e-01
       496   -7.3780072799e+00    5.5240177241e+01   -1.3043597493e+01    5.6655902130e+00    2.4634417908e+00   -1.5507039284e+01    3.0000000000e+03    3.6245075700e-01    6.7005208333e-01
       497   -7.3535984664e+00    5.4806604689e+01   -1.3279369112e+01    5.9257706454e+00    2.4153159845e+00   -1.5694685096e+01    3.0000000000e+03    3.9767887600e-01    6.6971875000e-01
       498   -7.3708097697e+00    5.5191370397e+01   -1.3847272631e+01    6.4764628616e+00    2.4259809953e+00   -1.6273253627e+01    3.0000000000e+03    3.7181176600e-01    6.6825000000e-01
       499   -7.3812451404e+00    5.5280369031e+01   -1.3381342740e+01    6.0000975995e+00    2.4945688385e+00   -1.5875911578e+01    3.0000000000e+03    3.7661484500e-01    6.6713541667e-01
