#   index    LocalEnergy         LocalEnergy_sq      LocalPotential      Kinetic             ElecElec            IonElec             BlockWeight         BlockCPU            AcceptRatio         
         0   -6.9288866930e+00    4.8338567433e+01   -1.0542124093e+01    3.6132374004e+00    2.3932676228e+00   -1.2935391716e+01    3.2000000000e+01    2.0623199998e-03    6.6796875000e-01
         1   -7.8827318903e+00    6.2895650630e+01   -2.6314741747e+01    1.8432009856e+01    2.5547199353e+00   -2.8869461682e+01    3.2000000000e+01    2.0903659997e-03    6.4062500000e-01
         2   -7.5518988614e+00    5.7666133851e+01   -1.6190360515e+01    8.6384616533e+00    2.8155798231e+00   -1.9005940338e+01    3.2000000000e+01    1.9812099999e-03    6.4257812500e-01
         3   -7.8580132996e+00    6.2645221687e+01   -1.3820635649e+01    5.9626223492e+00    2.7286606139e+00   -1.6549296263e+01    3.2000000000e+01    1.9789270000e-03    6.4843750000e-01
         4   -7.0322446923e+00    5.0026951752e+01   -1.1545955752e+01    4.5137110600e+00    2.4669334453e+00   -1.4012889198e+01    3.2000000000e+01    2.7477439999e-03    6.7382812500e-01
         5   -7.2293479990e+00    5.2624106321e+01   -1.0522191290e+01    3.2928432906e+00    2.2762765430e+00   -1.2798467833e+01    3.2000000000e+01    3.0177529998e-03    6.9531250000e-01
         6   -7.6573858648e+00    5.9962879576e+01   -1.2405230866e+01    4.7478450011e+00    2.3248646500e+00   -1.4730095516e+01    3.2000000000e+01    3.0274700002e-03    6.9921875000e-01
         7   -8.1203163068e+00    6.7792677876e+01   -1.6080381159e+01    7.9600648523e+00    3.0326277259e+00   -1.9113008885e+01    3.2000000000e+01    1.9916540004e-03    6.4453125000e-01
         8   -7.4999368760e+00    5.6672609085e+01   -1.0997778714e+01    3.4978418382e+00    2.5469834928e+00   -1.3544762207e+01    3.2000000000e+01    2.2160159997e-03    6.9726562500e-01
         9   -7.1793433552e+00    5.2207151103e+01   -1.4833869739e+01    7.6545263840e+00    2.3881328973e+00   -1.7222002637e+01    3.2000000000e+01    2.0067550004e-03    6.5234375000e-01
        10   -7.0191018841e+00    4.9549866705e+01   -1.1376401875e+01    4.3572999914e+00    2.2998785556e+00   -1.3676280431e+01    3.2000000000e+01    1.9927899993e-03    6.7773437500e-01
        11   -7.2414910929e+00    5.2700618924e+01   -1.0789061216e+01    3.5475701227e+00    2.4613988359e+00   -1.3250460051e+01    3.2000000000e+01    2.0032150005e-03    6.6601562500e-01
        12   -7.0197778955e+00    4.9639606527e+01   -1.0849778908e+01    3.8300010129e+00    2.2265012261e+00   -1.3076280134e+01    3.2000000000e+01    2.2528000000e-03    6.8359375000e-01
        13   -8.3001764059e+00    6.9879494311e+01   -1.9940782935e+01    1.1640606529e+01    2.7060417931e+00   -2.2646824728e+01    3.2000000000e+01    1.9273309999e-03    5.9960937500e-01
        14   -7.3805536342e+00    5.5185422107e+01   -1.1031840487e+01    3.6512868530e+00    2.3169657294e+00   -1.3348806217e+01    3.2000000000e+01    2.0125369992e-03    6.8554687500e-01
        15   -7.0667179351e+00    5.0377307326e+01   -1.0648091129e+01    3.5813731934e+00    2.2478946467e+00   -1.2895985775e+01    3.2000000000e+01    2.0235870006e-03    6.9335937500e-01
        16   -6.9836198802e+00    4.9314920233e+01   -1.0344444571e+01    3.3608246904e+00    2.5568871953e+00   -1.2901331766e+01    3.2000000000e+01    1.9786949997e-03    6.5820312500e-01
        17   -6.9852313440e+00    4.9172422598e+01   -1.0794869545e+01    3.8096382006e+00    2.1125420448e+00   -1.2907411589e+01    3.2000000000e+01    1.9906289999e-03    6.7187500000e-01
        18   -7.4485320810e+00    5.6088709634e+01   -1.2743509130e+01    5.2949770494e+00    2.1160373502e+00   -1.4859546481e+01    3.2000000000e+01    2.0250650005e-03    6.6601562500e-01
        19   -7.2252804273e+00    5.2918075329e+01   -1.4179057073e+01    6.9537766454e+00    2.6059142812e+00   -1.6784971354e+01    3.2000000000e+01    2.1870250002e-03    6.5820312500e-01
        20   -7.2550207897e+00    5.2929749976e+01   -1.1839863094e+01    4.5848423040e+00    2.5236241908e+00   -1.4363487285e+01    3.2000000000e+01    2.3107349998e-03    6.9726562500e-01
        21   -7.5463578324e+00    5.7532805724e+01   -1.4715554817e+01    7.1691969842e+00    2.6337488613e+00   -1.7349303678e+01    3.2000000000e+01    3.2282650000e-03    6.3867187500e-01
        22   -7.1499224140e+00    5.1449227519e+01   -1.0724402296e+01    3.5744798818e+00    1.9934570955e+00   -1.2717859391e+01    3.2000000000e+01    2.0081989996e-03    6.9531250000e-01
        23   -8.0097596941e+00    6.5319347122e+01   -1.5812177766e+01    7.8024180718e+00    2.5564871738e+00   -1.8368664940e+01    3.2000000000e+01    1.9810399999e-03    6.3671875000e-01
        24   -7.0686465750e+00    5.0332677392e+01   -1.1082169843e+01    4.0135232678e+00    2.3563947761e+00   -1.3438564619e+01    3.2000000000e+01    2.0091189999e-03    6.8359375000e-01
        25   -7.3690978393e+00    5.4805685512e+01   -1.2648962154e+01    5.2798643148e+00    2.1960595074e+00   -1.4845021662e+01    3.2000000000e+01    2.0208200003e-03    7.0117187500e-01
        26   -7.7996976355e+00    6.2045333708e+01   -1.3401777447e+01    5.6020798114e+00    3.2034992944e+00   -1.6605276741e+01    3.2000000000e+01    1.9902149998e-03    6.4648437500e-01
        27   -6.9217546261e+00    4.8218172822e+01   -1.0323096607e+01    3.4013419813e+00    1.8599969814e+00   -1.2183093589e+01    3.2000000000e+01    1.9630809993e-03    6.8164062500e-01
        28   -7.0122406774e+00    4.9456807769e+01   -1.0367757776e+01    3.3555170984e+00    2.1941596429e+00   -1.2561917419e+01    3.2000000000e+01    2.3856130001e-03    7.0507812500e-01
        29   -7.3617217479e+00    5.4751603191e+01   -1.2700261592e+01    5.3385398437e+00    2.5088615976e+00   -1.5209123189e+01    3.2000000000e+01    2.0850510000e-03    6.6601562500e-01
        30   -7.2834850634e+00    5.3711460030e+01   -1.1255337968e+01    3.9718529047e+00    2.2790531371e+00   -1.3534391105e+01    3.2000000000e+01    2.0016239996e-03    6.8554687500e-01
        31   -8.6119416028e+00    7.5184541334e+01   -2.3735719589e+01    1.5123777986e+01    3.3574457340e+00   -2.7093165323e+01    3.2000000000e+01    1.9487159998e-03    6.0351562500e-01
        32   -7.3069127123e+00    5.3991549482e+01   -1.4873831443e+01    7.5669187311e+00    2.3730272343e+00   -1.7246858678e+01    3.2000000000e+01    1.9953889996e-03    6.6601562500e-01
        33   -7.5852676477e+00    5.8210411201e+01   -1.4798035663e+01    7.2127680155e+00    3.0243208459e+00   -1.7822356509e+01    3.2000000000e+01    1.9702079999e-03    6.4453125000e-01
        34   -7.2242399105e+00    5.2715456904e+01   -1.9599611959e+01    1.2375372049e+01    1.9649528617e+00   -2.1564564821e+01    3.2000000000e+01    2.1021860002e-03    7.0507812500e-01
        35   -7.4632396885e+00    5.6758763652e+01   -1.1955151731e+01    4.4919120422e+00    2.3813736464e+00   -1.4336525377e+01    3.2000000000e+01    3.3916800003e-03    6.8750000000e-01
        36   -7.1441029282e+00    5.1741314922e+01   -1.2314653559e+01    5.1705506306e+00    2.3737016099e+00   -1.4688355169e+01    3.2000000000e+01    3.1542930001e-03    6.6210937500e-01
        37   -7.5345106409e+00    5.7641592502e+01   -2.0199252386e+01    1.2664741745e+01    2.7285194835e+00   -2.2927771870e+01    3.2000000000e+01    2.0053500002e-03    6.7382812500e-01
        38   -7.3059836620e+00    5.4086342598e+01   -1.0873419171e+01    3.5674355094e+00    2.7969871070e+00   -1.3670406278e+01    3.2000000000e+01    2.0079309998e-03    6.7773437500e-01
        39   -7.0362006047e+00    4.9758446548e+01   -1.0273834730e+01    3.2376341251e+00    2.4715321384e+00   -1.2745366868e+01    3.2000000000e+01    2.0072190000e-03    6.6601562500e-01
        40   -7.6808657737e+00    5.9599796890e+01   -1.5162412474e+01    7.4815467007e+00    2.9165158809e+00   -1.8078928355e+01    3.2000000000e+01    1.9775929995e-03    6.5625000000e-01
        41   -6.9010578201e+00    4.8032642342e+01   -8.9475160528e+00    2.0464582327e+00    2.2836815934e+00   -1.1231197646e+01    3.2000000000e+01    2.0408239998e-03    7.1093750000e-01
        42   -7.4625818645e+00    5.6852866657e+01   -1.2212270091e+01    4.7496882264e+00    1.9521580506e+00   -1.4164428141e+01    3.2000000000e+01    1.9930300004e-03    6.9726562500e-01
        43   -7.7092534793e+00    6.0288877246e+01   -1.6525494097e+01    8.8162406175e+00    2.6695813419e+00   -1.9195075439e+01    3.2000000000e+01    2.2098289992e-03    6.3867187500e-01
        44   -7.8502069425e+00    6.2731417969e+01   -1.8684622214e+01    1.0834415271e+01    2.5157246157e+00   -2.1200346829e+01    3.2000000000e+01    1.9865069999e-03    6.5429687500e-01
        45   -6.9678056211e+00    4.9218954530e+01   -2.1267815394e+01    1.4300009773e+01    2.1379294256e+00   -2.3405744820e+01    3.2000000000e+01    2.0154500007e-03    6.9726562500e-01
        46   -7.4861206097e+00    5.7198894803e+01   -1.4188313973e+01    6.7021933629e+00    2.5738874790e+00   -1.6762201452e+01    3.2000000000e+01    2.0244919997e-03    6.9531250000e-01
        47   -7.3391476504e+00    5.5138774214e+01   -1.1472553420e+01    4.1334057693e+00    2.8116678302e+00   -1.4284221250e+01    3.2000000000e+01    2.0259299999e-03    6.9140625000e-01
        48   -7.5331095312e+00    5.7501017156e+01   -1.5464719504e+01    7.9316099733e+00    2.5570098916e+00   -1.8021729396e+01    3.2000000000e+01    1.9770629997e-03    6.5625000000e-01
        49   -8.0874953712e+00    6.6639179832e+01   -1.8727966208e+01    1.0640470837e+01    2.7912338340e+00   -2.1519200042e+01    3.2000000000e+01    2.0129160002e-03    6.5039062500e-01
        50   -7.4006934571e+00    5.5943534985e+01   -1.3031032658e+01    5.6303392005e+00    2.4428561631e+00   -1.5473888821e+01    3.2000000000e+01    2.1624480005e-03    6.7968750000e-01
        51   -6.9622081131e+00    4.8781458236e+01   -1.0453555151e+01    3.4913470383e+00    2.2042946109e+00   -1.2657849762e+01    3.2000000000e+01    3.3215169997e-03    6.8164062500e-01
        52   -7.2191528733e+00    5.2483285967e+01   -1.1679135753e+01    4.4599828800e+00    2.2862829516e+00   -1.3965418705e+01    3.2000000000e+01    2.2017080000e-03    6.5234375000e-01
        53   -7.2671557092e+00    5.3372570840e+01   -1.0822635584e+01    3.5554798746e+00    2.1556144993e+00   -1.2978250083e+01    3.2000000000e+01    2.0151050003e-03    6.9140625000e-01
        54   -7.5731204392e+00    5.8582093213e+01   -1.4035637060e+01    6.4625166204e+00    2.7042115426e+00   -1.6739848602e+01    3.2000000000e+01    2.2941600000e-03    6.6015625000e-01
        55   -6.8795982767e+00    4.7531669359e+01   -9.2887656185e+00    2.4091673418e+00    2.1473247694e+00   -1.1436090388e+01    3.2000000000e+01    2.0390800000e-03    6.9531250000e-01
        56   -7.6877618608e+00    6.0307700904e+01   -1.3433795521e+01    5.7460336601e+00    2.8351613878e+00   -1.6268956909e+01    3.2000000000e+01    1.9979649996e-03    6.5039062500e-01
        57   -7.4855646636e+00    5.6845439065e+01   -2.2629196916e+01    1.5143632252e+01    2.2663309094e+00   -2.4895527825e+01    3.2000000000e+01    2.0079360002e-03    6.7968750000e-01
        58   -7.1028305818e+00    5.0815124159e+01   -1.1645546111e+01    4.5427155292e+00    2.2729921116e+00   -1.3918538223e+01    3.2000000000e+01    2.2430850004e-03    6.7578125000e-01
        59   -7.3178220543e+00    5.3868412128e+01   -1.3298872376e+01    5.9810503214e+00    2.5639971144e+00   -1.5862869490e+01    3.2000000000e+01    1.9853510003e-03    6.4453125000e-01
        60   -7.2383915927e+00    5.2872276648e+01   -1.1013329160e+01    3.7749375677e+00    2.2288854965e+00   -1.3242214657e+01    3.2000000000e+01    2.0310830005e-03    6.9335937500e-01
        61   -7.4477787584e+00    5.6880317989e+01   -1.2916398349e+01    5.4686195907e+00    2.4966822744e+00   -1.5413080623e+01    3.2000000000e+01    2.0040090003e-03    6.6406250000e-01
        62   -7.6491155554e+00    5.9993130664e+01   -1.4359246151e+01    6.7101305952e+00    2.3750722659e+00   -1.6734318417e+01    3.2000000000e+01    1.9881720000e-03    6.6015625000e-01
        63   -7.1055499146e+00    5.1593316261e+01   -1.0439180062e+01    3.3336301474e+00    2.3212617027e+00   -1.2760441765e+01    3.2000000000e+01    2.0096469998e-03    6.7382812500e-01
        64   -7.0782869681e+00    5.0395632313e+01   -1.0264152270e+01    3.1858653018e+00    2.2551956676e+00   -1.2519347937e+01    3.2000000000e+01    1.9810790000e-03    6.3476562500e-01
        65   -7.3446476570e+00    5.4701370744e+01   -1.1655713609e+01    4.3110659522e+00    2.2382719871e+00   -1.3893985596e+01    3.2000000000e+01    3.1019010003e-03    6.6015625000e-01
        66   -7.5377055279e+00    5.7216181023e+01   -1.2921688472e+01    5.3839829438e+00    2.7048618881e+00   -1.5626550360e+01    3.2000000000e+01    2.0476549998e-03    6.4648437500e-01
        67   -7.3705253738e+00    5.4732363982e+01   -1.2481867388e+01    5.1113420138e+00    2.7784559379e+00   -1.5260323326e+01    3.2000000000e+01    2.1362199996e-03    6.8750000000e-01
        68   -7.1991111794e+00    5.2275775535e+01   -1.1344411922e+01    4.1453007423e+00    2.0464974173e+00   -1.3390909339e+01    3.2000000000e+01    2.0016600001e-03    6.7578125000e-01
        69   -7.0064729767e+00    4.9455333610e+01   -1.0103125368e+01    3.0966523917e+00    2.1450738726e+00   -1.2248199241e+01    3.2000000000e+01    2.0468130006e-03    7.0898437500e-01
        70   -7.2345972482e+00    5.2906286934e+01   -1.1760473982e+01    4.5258767334e+00    2.7903475050e+00   -1.4550821487e+01    3.2000000000e+01    2.0744550002e-03    6.6015625000e-01
        71   -7.2958185373e+00    5.3643641950e+01   -1.1138013697e+01    3.8421951599e+00    2.3313961071e+00   -1.3469409804e+01    3.2000000000e+01    2.0464939998e-03    6.8359375000e-01
        72   -7.8842694796e+00    6.3002107418e+01   -1.4425491660e+01    6.5412221805e+00    2.7306919690e+00   -1.7156183629e+01    3.2000000000e+01    1.9958929997e-03    6.5234375000e-01
        73   -7.3289433602e+00    5.4423274430e+01   -1.2720577794e+01    5.3916344336e+00    2.6522841073e+00   -1.5372861901e+01    3.2000000000e+01    2.0119190003e-03    6.6601562500e-01
        74   -6.9495954079e+00    4.8681036584e+01   -1.0290988611e+01    3.3413932032e+00    2.1110528400e+00   -1.2402041451e+01    3.2000000000e+01    2.0909180002e-03    6.4843750000e-01
        75   -7.1551237758e+00    5.1694029491e+01   -1.0817930767e+01    3.6628069911e+00    2.4681593171e+00   -1.3286090084e+01    3.2000000000e+01    2.4779919995e-03    6.7578125000e-01
        76   -7.3078378471e+00    5.3984012375e+01   -1.3177135074e+01    5.8692972274e+00    2.4865126299e+00   -1.5663647704e+01    3.2000000000e+01    1.9885109996e-03    6.5820312500e-01
        77   -6.8733928079e+00    4.7545073643e+01   -9.6912350233e+00    2.8178422154e+00    2.2256314205e+00   -1.1916866444e+01    3.2000000000e+01    2.2437289999e-03    7.2851562500e-01
        78   -7.6197610868e+00    5.9385012984e+01   -1.3027836632e+01    5.4080755453e+00    2.2438953231e+00   -1.5271731955e+01    3.2000000000e+01    2.0129959994e-03    6.7187500000e-01
        79   -7.1767176817e+00    5.2210734221e+01   -1.0236291086e+01    3.0595734042e+00    2.7317013630e+00   -1.2967992449e+01    3.2000000000e+01    1.9956359993e-03    6.5820312500e-01
        80   -7.4949337729e+00    5.7152360326e+01   -1.1835504038e+01    4.3405702650e+00    3.2446226878e+00   -1.5080126726e+01    3.2000000000e+01    2.0451149994e-03    7.0117187500e-01
        81   -7.3889572969e+00    5.5349703570e+01   -1.2483166708e+01    5.0942094112e+00    2.4615622671e+00   -1.4944728975e+01    3.2000000000e+01    2.0964750001e-03    6.8945312500e-01
        82   -7.2269822196e+00    5.2589757661e+01   -1.3022053736e+01    5.7950715164e+00    2.6102283663e+00   -1.5632282102e+01    3.2000000000e+01    2.0909440000e-03    6.4257812500e-01
        83   -7.2570051900e+00    5.3301838673e+01   -1.1918340336e+01    4.6613351460e+00    2.4029095276e+00   -1.4321249864e+01    3.2000000000e+01    2.0140070001e-03    6.6601562500e-01
        84   -7.8889381836e+00    6.2771822009e+01   -1.5898328586e+01    8.0093904022e+00    2.9111536758e+00   -1.8809482262e+01    3.2000000000e+01    2.0709600003e-03    6.5625000000e-01
        85   -7.4861800764e+00    5.6434056675e+01   -1.3578800922e+01    6.0926208453e+00    2.6813070733e+00   -1.6260107995e+01    3.2000000000e+01    2.2018539994e-03    6.2109375000e-01
        86   -7.1066468706e+00    5.1023567316e+01   -1.0765239472e+01    3.6585926011e+00    2.0624642911e+00   -1.2827703763e+01    3.2000000000e+01    2.0182830003e-03    6.9140625000e-01
        87   -7.5718908655e+00    5.8445685155e+01   -1.1638270262e+01    4.0663793965e+00    2.5886079161e+00   -1.4226878178e+01    3.2000000000e+01    1.9665040008e-03    6.4648437500e-01
        88   -7.0990798033e+00    5.1030510571e+01   -9.9785234155e+00    2.8794436123e+00    2.0392928700e+00   -1.2017816285e+01    3.2000000000e+01    2.0214440001e-03    6.8945312500e-01
        89   -7.6276110689e+00    5.9344495178e+01   -1.2932459650e+01    5.3048485814e+00    2.9031178350e+00   -1.5835577485e+01    3.2000000000e+01    2.0388909998e-03    6.4453125000e-01
        90   -7.8926026638e+00    6.3226347033e+01   -1.7020346542e+01    9.1277438783e+00    2.5819238032e+00   -1.9602270345e+01    3.2000000000e+01    1.9837509999e-03    6.0546875000e-01
        91   -7.6068417186e+00    5.8709231173e+01   -1.3116220945e+01    5.5093792267e+00    2.8936558726e+00   -1.6009876818e+01    3.2000000000e+01    1.9750339998e-03    6.3476562500e-01
        92   -7.7071470578e+00    6.0506746489e+01   -1.3580499074e+01    5.8733520159e+00    2.6229227672e+00   -1.6203421841e+01    3.2000000000e+01    1.9742019995e-03    6.4062500000e-01
        93   -7.6630201296e+00    5.9661361112e+01   -1.6563648632e+01    8.9006285019e+00    2.6443394876e+00   -1.9207988119e+01    3.2000000000e+01    2.0942840001e-03    6.3867187500e-01
        94   -7.1407784813e+00    5.1417990719e+01   -1.2431307476e+01    5.2905289947e+00    2.4987409475e+00   -1.4930048424e+01    3.2000000000e+01    2.0347410000e-03    6.9921875000e-01
        95   -7.8470153110e+00    6.2745558880e+01   -1.9928094035e+01    1.2081078724e+01    3.3081258032e+00   -2.3236219839e+01    3.2000000000e+01    1.9703150001e-03    6.4062500000e-01
        96   -7.4604470736e+00    5.6296463516e+01   -1.2739163022e+01    5.2787159487e+00    3.0145546264e+00   -1.5753717649e+01    3.2000000000e+01    2.3755869997e-03    6.2890625000e-01
        97   -7.4874390218e+00    5.7250036135e+01   -1.2504861897e+01    5.0174228755e+00    2.7101490635e+00   -1.5215010961e+01    3.2000000000e+01    2.9657249997e-03    6.5625000000e-01
        98   -7.7157869042e+00    6.0913121051e+01   -1.4153287873e+01    6.4375009687e+00    2.2762411628e+00   -1.6429529036e+01    3.2000000000e+01    3.2006100000e-03    6.7187500000e-01
        99   -7.5812532320e+00    5.8179157639e+01   -1.4746791334e+01    7.1655381018e+00    2.6869734044e+00   -1.7433764738e+01    3.2000000000e+01    1.9977129996e-03    6.5820312500e-01
       100   -7.3824932201e+00    5.5522428161e+01   -1.1770299547e+01    4.3878063268e+00    2.2012329931e+00   -1.3971532540e+01    3.2000000000e+01    2.2100679998e-03    6.7578125000e-01
       101   -7.5943443331e+00    5.8114864204e+01   -1.2705825998e+01    5.1114816649e+00    2.6448841452e+00   -1.5350710143e+01    3.2000000000e+01    2.0737139994e-03    6.4648437500e-01
       102   -7.5836028127e+00    5.7899733092e+01   -1.4682394458e+01    7.0987916457e+00    2.7027870734e+00   -1.7385181532e+01    3.2000000000e+01    1.9409329998e-03    6.1523437500e-01
       103   -7.5993914526e+00    5.8829227730e+01   -1.4270522027e+01    6.6711305748e+00    2.6051525366e+00   -1.6875674564e+01    3.2000000000e+01    1.9892230002e-03    6.5429687500e-01
       104   -7.5503019567e+00    5.7555655412e+01   -1.3630890302e+01    6.0805883456e+00    2.1467352567e+00   -1.5777625559e+01    3.2000000000e+01    2.1862579997e-03    6.6601562500e-01
       105   -7.2476788809e+00    5.3023930366e+01   -1.0086688078e+01    2.8390091972e+00    2.4011801048e+00   -1.2487868183e+01    3.2000000000e+01    2.0380759997e-03    7.0312500000e-01
       106   -7.4519090230e+00    5.6068586411e+01   -1.2626015294e+01    5.1741062711e+00    2.4117704058e+00   -1.5037785700e+01    3.2000000000e+01    2.0065529998e-03    6.6601562500e-01
       107   -7.1658040269e+00    5.1971772772e+01   -1.2911732809e+01    5.7459287818e+00    2.0142131242e+00   -1.4925945933e+01    3.2000000000e+01    1.9943389998e-03    6.8750000000e-01
       108   -7.6592754174e+00    5.9388394807e+01   -2.3726955652e+01    1.6067680234e+01    3.0169649251e+00   -2.6743920577e+01    3.2000000000e+01    2.1154590004e-03    6.0156250000e-01
       109   -7.6470652393e+00    5.9288554165e+01   -1.5695491406e+01    8.0484261668e+00    2.5258856320e+00   -1.8221377038e+01    3.2000000000e+01    2.0152759998e-03    6.8164062500e-01
       110   -7.1069523842e+00    5.0990037712e+01   -1.1127696046e+01    4.0207436620e+00    2.1822073360e+00   -1.3309903382e+01    3.2000000000e+01    1.9962490005e-03    6.8359375000e-01
       111   -7.2361409186e+00    5.2731955824e+01   -1.2826948422e+01    5.5908075031e+00    2.7381715571e+00   -1.5565119979e+01    3.2000000000e+01    2.1317589999e-03    6.2695312500e-01
       112   -7.5401445830e+00    5.7918163520e+01   -3.6599400959e+01    2.9059256376e+01    2.4921402457e+00   -3.9091541205e+01    3.2000000000e+01    2.0357590001e-03    6.7382812500e-01
       113   -7.6884780331e+00    5.9825703857e+01   -1.4316985464e+01    6.6285074311e+00    2.7073755400e+00   -1.7024361004e+01    3.2000000000e+01    1.9933269996e-03    6.3281250000e-01
       114   -7.7383248128e+00    6.0819794869e+01   -1.9722034849e+01    1.1983710036e+01    2.9316606573e+00   -2.2653695506e+01    3.2000000000e+01    1.9585800001e-03    6.0351562500e-01
       115   -7.2327170083e+00    5.2708566634e+01   -1.1675913036e+01    4.4431960274e+00    2.3767760553e+00   -1.4052689091e+01    3.2000000000e+01    1.9750600004e-03    6.4648437500e-01
       116   -7.2037654905e+00    5.2457858318e+01   -1.6619732100e+01    9.4159666091e+00    3.0675318655e+00   -1.9687263965e+01    3.2000000000e+01    2.1538629999e-03    6.8945312500e-01
       117   -7.7826133253e+00    6.1965092834e+01   -1.4152875980e+01    6.3702626545e+00    2.4429335339e+00   -1.6595809514e+01    3.2000000000e+01    2.0358049997e-03    6.3671875000e-01
       118   -7.2012197065e+00    5.2521677666e+01   -1.2142360492e+01    4.9411407851e+00    2.4953407827e+00   -1.4637701274e+01    3.2000000000e+01    1.9735440001e-03    6.4648437500e-01
       119   -7.2068622546e+00    5.2290720387e+01   -1.2080791961e+01    4.8739297066e+00    2.5830395480e+00   -1.4663831509e+01    3.2000000000e+01    1.9959350002e-03    6.4257812500e-01
       120   -8.0159588701e+00    6.5595356743e+01   -1.9520852414e+01    1.1504893544e+01    3.6104815621e+00   -2.3131333976e+01    3.2000000000e+01    1.9771300003e-03    6.0742187500e-01
       121   -7.2981574711e+00    5.4136730803e+01   -1.2878415687e+01    5.5802582162e+00    2.3637714276e+00   -1.5242187115e+01    3.2000000000e+01    2.0286400004e-03    6.3085937500e-01
       122   -7.3552463382e+00    5.5245274689e+01   -1.1630078373e+01    4.2748320347e+00    2.3346773809e+00   -1.3964755754e+01    3.2000000000e+01    2.0097520000e-03    6.8359375000e-01
       123   -7.0520972469e+00    5.0050969085e+01   -1.0672556833e+01    3.6204595862e+00    2.4169311826e+00   -1.3089488016e+01    3.2000000000e+01    2.1599850006e-03    6.8554687500e-01
       124   -7.4502461838e+00    5.6183981648e+01   -1.7292657250e+01    9.8424110664e+00    2.9748294114e+00   -2.0267486662e+01    3.2000000000e+01    2.0134589995e-03    6.1914062500e-01
       125   -7.7836273734e+00    6.1347317161e+01   -1.8368088630e+01    1.0584461257e+01    3.5139578134e+00   -2.1882046443e+01    3.2000000000e+01    2.0299450007e-03    6.1328125000e-01
       126   -7.4430111795e+00    5.6082231176e+01   -1.5347099607e+01    7.9040884279e+00    2.9125331897e+00   -1.8259632797e+01    3.2000000000e+01    2.0043690001e-03    6.7968750000e-01
       127   -7.0690513692e+00    5.0532552203e+01   -1.0454351520e+01    3.3853001511e+00    2.3427057410e+00   -1.2797057261e+01    3.2000000000e+01    2.1926189993e-03    6.8945312500e-01
       128   -7.8423818545e+00    6.2299805480e+01   -1.6057372756e+01    8.2149909010e+00    2.4511164261e+00   -1.8508489182e+01    3.2000000000e+01    1.9888320003e-03    6.2890625000e-01
       129   -7.4942652773e+00    5.6498177430e+01   -1.1139524952e+01    3.6452596748e+00    2.3920846194e+00   -1.3531609572e+01    3.2000000000e+01    2.1920580002e-03    6.3671875000e-01
       130   -7.4954401827e+00    5.6565125601e+01   -1.2278742451e+01    4.7833022684e+00    1.9973645604e+00   -1.4276107011e+01    3.2000000000e+01    2.0580889995e-03    6.4843750000e-01
       131   -7.2449409994e+00    5.3148355700e+01   -1.1651493700e+01    4.4065527010e+00    2.2361950102e+00   -1.3887688711e+01    3.2000000000e+01    1.9807090002e-03    6.6992187500e-01
       132   -6.7821889361e+00    4.6142290655e+01   -9.2215388939e+00    2.4393499578e+00    2.0292157884e+00   -1.1250754682e+01    3.2000000000e+01    2.7937489995e-03    6.5625000000e-01
       133   -8.1768181953e+00    6.7768946875e+01   -1.7489644448e+01    9.3128262532e+00    2.6342219360e+00   -2.0123866384e+01    3.2000000000e+01    2.3212149999e-03    6.3281250000e-01
       134   -7.3862854549e+00    5.4950420527e+01   -1.4873661848e+01    7.4873763933e+00    2.5311812596e+00   -1.7404843108e+01    3.2000000000e+01    1.9629069993e-03    6.2890625000e-01
       135   -7.0486588906e+00    4.9825715821e+01   -1.0753378017e+01    3.7047191265e+00    2.5386868123e+00   -1.3292064829e+01    3.2000000000e+01    2.0100749998e-03    6.6406250000e-01
       136   -7.1511337590e+00    5.1609908359e+01   -1.0665192362e+01    3.5140586034e+00    1.9952032052e+00   -1.2660395568e+01    3.2000000000e+01    2.1285020002e-03    7.0703125000e-01
       137   -7.4175798697e+00    5.5962418538e+01   -1.3149858777e+01    5.7322789071e+00    2.5947624028e+00   -1.5744621180e+01    3.2000000000e+01    1.9886959999e-03    6.6015625000e-01
       138   -7.2395662668e+00    5.3057721658e+01   -1.6706727770e+01    9.4671615030e+00    2.6594532200e+00   -1.9366180990e+01    3.2000000000e+01    1.9952220000e-03    6.6406250000e-01
       139   -7.1447487250e+00    5.1400606688e+01   -1.0811830549e+01    3.6670818241e+00    2.4812822484e+00   -1.3293112798e+01    3.2000000000e+01    1.9981689993e-03    6.6992187500e-01
       140   -7.1576924010e+00    5.1653730091e+01   -1.1042884895e+01    3.8851924939e+00    2.6055641401e+00   -1.3648449035e+01    3.2000000000e+01    2.1332639999e-03    6.5429687500e-01
       141   -7.2240265750e+00    5.2932043935e+01   -1.1244898788e+01    4.0208722134e+00    2.4544512151e+00   -1.3699350003e+01    3.2000000000e+01    1.9768669999e-03    6.5820312500e-01
       142   -7.4395649706e+00    5.5918195039e+01   -1.3454031431e+01    6.0144664600e+00    2.6015518277e+00   -1.6055583258e+01    3.2000000000e+01    1.9545320001e-03    6.3476562500e-01
       143   -6.9337635993e+00    4.8505795080e+01   -9.2436730437e+00    2.3099094445e+00    2.1998164538e+00   -1.1443489498e+01    3.2000000000e+01    2.1109569998e-03    6.7187500000e-01
       144   -7.1267738011e+00    5.1397592242e+01   -1.0710744617e+01    3.5839708159e+00    2.1736028026e+00   -1.2884347420e+01    3.2000000000e+01    2.0775500006e-03    6.8554687500e-01
       145   -7.5326686220e+00    5.7742279265e+01   -1.2414520309e+01    4.8818516871e+00    2.4723929262e+00   -1.4886913235e+01    3.2000000000e+01    2.1202700000e-03    6.6796875000e-01
       146   -7.2258873108e+00    5.3029802397e+01   -1.0398843697e+01    3.1729563858e+00    2.1978070764e+00   -1.2596650773e+01    3.2000000000e+01    2.0445069995e-03    7.1875000000e-01
       147   -7.0936726224e+00    5.0880056624e+01   -9.6688410500e+00    2.5751684276e+00    2.4662116672e+00   -1.2135052717e+01    3.2000000000e+01    2.0850350002e-03    6.8945312500e-01
       148   -7.7441493229e+00    6.0657437022e+01   -1.5619123246e+01    7.8749739234e+00    2.9105384440e+00   -1.8529661690e+01    3.2000000000e+01    2.3338580004e-03    6.4843750000e-01
       149   -7.1611964518e+00    5.1605290957e+01   -1.1054170320e+01    3.8929738677e+00    2.2048461791e+00   -1.3259016499e+01    3.2000000000e+01    2.0680950001e-03    6.6601562500e-01
       150   -7.2699495206e+00    5.4008813084e+01   -1.1305916550e+01    4.0359670292e+00    2.0353996480e+00   -1.3341316198e+01    3.2000000000e+01    2.0372360004e-03    7.0312500000e-01
       151   -7.1253161508e+00    5.1196488500e+01   -1.0407165451e+01    3.2818493003e+00    1.9319003442e+00   -1.2339065795e+01    3.2000000000e+01    1.9976109998e-03    6.7382812500e-01
       152   -7.1411917483e+00    5.1553899389e+01   -1.1283380926e+01    4.1421891778e+00    2.2279849150e+00   -1.3511365841e+01    3.2000000000e+01    2.0904630001e-03    6.6796875000e-01
       153   -7.1785188421e+00    5.1897616238e+01   -1.0510076841e+01    3.3315579988e+00    2.4071027450e+00   -1.2917179586e+01    3.2000000000e+01    2.0244389998e-03    6.9335937500e-01
       154   -7.0025198854e+00    4.9353361564e+01   -1.0091552203e+01    3.0890323180e+00    2.0977177189e+00   -1.2189269922e+01    3.2000000000e+01    1.9988969998e-03    6.6796875000e-01
       155   -7.7696754189e+00    6.1370235734e+01   -3.7160832812e+01    2.9391157393e+01    2.5063061796e+00   -3.9667138991e+01    3.2000000000e+01    1.9944989999e-03    6.6015625000e-01
       156   -7.7598823034e+00    6.1570894318e+01   -1.5247455940e+01    7.4875736363e+00    2.2193287734e+00   -1.7466784713e+01    3.2000000000e+01    2.2108300000e-03    6.7773437500e-01
       157   -7.0834575226e+00    5.0490741757e+01   -1.1022711256e+01    3.9392537331e+00    2.3074940984e+00   -1.3330205354e+01    3.2000000000e+01    2.0700880004e-03    6.7773437500e-01
       158   -7.4247035706e+00    5.5667765274e+01   -1.5021625218e+01    7.5969216474e+00    2.8142860811e+00   -1.7835911299e+01    3.2000000000e+01    1.9935820001e-03    6.3085937500e-01
       159   -7.0985291776e+00    5.1016273816e+01   -1.1539195722e+01    4.4406665448e+00    2.1914423641e+00   -1.3730638087e+01    3.2000000000e+01    2.3961369998e-03    6.6796875000e-01
       160   -7.1491557972e+00    5.1586623702e+01   -1.1815444957e+01    4.6662891597e+00    2.1453983368e+00   -1.3960843294e+01    3.2000000000e+01    2.1721399999e-03    6.6796875000e-01
       161   -7.0940177415e+00    5.0740679173e+01   -1.1441269420e+01    4.3472516789e+00    2.4398205727e+00   -1.3881089993e+01    3.2000000000e+01    2.1356359994e-03    6.4062500000e-01
       162   -7.1573619815e+00    5.1594882944e+01   -1.0488606470e+01    3.3312444887e+00    2.3007065435e+00   -1.2789313014e+01    3.2000000000e+01    2.0255599993e-03    7.0312500000e-01
       163   -7.4372053837e+00    5.5982881738e+01   -1.5153898145e+01    7.7166927611e+00    2.3459791147e+00   -1.7499877260e+01    3.2000000000e+01    1.9732500004e-03    6.3867187500e-01
       164   -7.6561740844e+00    5.9419723087e+01   -1.6573787596e+01    8.9176135112e+00    2.6444547901e+00   -1.9218242386e+01    3.2000000000e+01    2.1550570000e-03    6.3476562500e-01
       165   -7.2679297068e+00    5.3321708001e+01   -1.0686545710e+01    3.4186160034e+00    3.0967478165e+00   -1.3783293527e+01    3.2000000000e+01    1.9906130001e-03    6.4062500000e-01
       166   -7.0467126164e+00    5.0165602205e+01   -1.0285214418e+01    3.2385018017e+00    1.9399208724e+00   -1.2225135291e+01    3.2000000000e+01    2.0114529998e-03    6.8945312500e-01
       167   -6.9017877926e+00    4.7918693649e+01   -9.2528856331e+00    2.3510978404e+00    2.0163732522e+00   -1.1269258885e+01    3.2000000000e+01    2.0189959996e-03    6.9140625000e-01
       168   -7.5453377917e+00    5.8062253391e+01   -1.5561648411e+01    8.0163106192e+00    2.0774248206e+00   -1.7639073231e+01    3.2000000000e+01    2.0197459999e-03    6.4257812500e-01
       169   -7.4580750100e+00    5.6377698165e+01   -1.1937725501e+01    4.4796504908e+00    2.7953380263e+00   -1.4733063527e+01    3.2000000000e+01    2.2029960001e-03    6.7578125000e-01
       170   -7.4803260089e+00    5.7090651916e+01   -1.2299284215e+01    4.8189582057e+00    2.6363047560e+00   -1.4935588971e+01    3.2000000000e+01    2.0038499997e-03    6.7187500000e-01
       171   -7.2361072050e+00    5.2609303786e+01   -1.0502278924e+01    3.2661717187e+00    2.2543199527e+00   -1.2756598876e+01    3.2000000000e+01    2.2787220005e-03    6.9531250000e-01
       172   -7.3887761858e+00    5.5673821720e+01   -1.6927368909e+01    9.5385927229e+00    2.0231525280e+00   -1.8950521437e+01    3.2000000000e+01    2.1679749998e-03    6.9921875000e-01
       173   -7.6612437954e+00    5.9208040119e+01   -1.5037928440e+01    7.3766846451e+00    2.2627399708e+00   -1.7300668411e+01    3.2000000000e+01    1.9749459998e-03    6.4257812500e-01
       174   -6.9436808544e+00    4.8519922279e+01   -1.0639487213e+01    3.6958063581e+00    1.9297755431e+00   -1.2569262756e+01    3.2000000000e+01    2.1256190003e-03    6.7968750000e-01
       175   -7.1793972670e+00    5.2550919642e+01   -1.1972796807e+01    4.7933995400e+00    2.2415953224e+00   -1.4214392129e+01    3.2000000000e+01    2.0854400000e-03    6.9335937500e-01
       176   -6.9952827400e+00    4.9263650354e+01   -9.9303714624e+00    2.9350887224e+00    2.2421659447e+00   -1.2172537407e+01    3.2000000000e+01    2.1934580000e-03    6.6601562500e-01
       177   -7.5325576108e+00    5.7280530093e+01   -1.3043878469e+01    5.5113208582e+00    2.5650627823e+00   -1.5608941251e+01    3.2000000000e+01    2.2840629999e-03    6.6992187500e-01
       178   -7.4520956198e+00    5.6223241651e+01   -1.4309188176e+01    6.8570925565e+00    2.5448655307e+00   -1.6854053707e+01    3.2000000000e+01    2.1842859996e-03    6.7382812500e-01
       179   -7.3184605767e+00    5.3937082905e+01   -1.2574253569e+01    5.2557929927e+00    2.5486383461e+00   -1.5122891915e+01    3.2000000000e+01    2.1784640003e-03    6.1914062500e-01
       180   -7.4369776985e+00    5.5801058568e+01   -1.1932039949e+01    4.4950622508e+00    3.1683068749e+00   -1.5100346824e+01    3.2000000000e+01    1.9794950003e-03    6.2890625000e-01
       181   -7.0393400135e+00    4.9899908623e+01   -1.1459979851e+01    4.4206398376e+00    2.4632240799e+00   -1.3923203931e+01    3.2000000000e+01    1.9876860006e-03    6.5820312500e-01
       182   -7.0046165644e+00    4.9692179134e+01   -1.0817767104e+01    3.8131505395e+00    2.7470846577e+00   -1.3564851762e+01    3.2000000000e+01    1.9978450000e-03    6.6210937500e-01
       183   -7.5235771644e+00    5.7461993205e+01   -1.5645135101e+01    8.1215579368e+00    2.5094338767e+00   -1.8154568978e+01    3.2000000000e+01    2.0640769999e-03    6.9921875000e-01
       184   -7.8399545917e+00    6.2837099128e+01   -1.8799695867e+01    1.0959741275e+01    2.7829672613e+00   -2.1582663128e+01    3.2000000000e+01    1.9380909998e-03    6.0351562500e-01
       185   -7.4188509890e+00    5.5503431601e+01   -1.2732700464e+01    5.3138494750e+00    2.1511779902e+00   -1.4883878454e+01    3.2000000000e+01    2.0088350002e-03    6.5820312500e-01
       186   -7.1623093366e+00    5.1769961493e+01   -1.0170559835e+01    3.0082504986e+00    2.1457256482e+00   -1.2316285483e+01    3.2000000000e+01    1.9849060000e-03    6.8750000000e-01
       187   -7.7332865937e+00    6.1348497729e+01   -1.2569458871e+01    4.8361722772e+00    3.0099113468e+00   -1.5579370218e+01    3.2000000000e+01    2.1502190002e-03    6.9531250000e-01
       188   -7.5657483924e+00    5.8426759536e+01   -1.4123884335e+01    6.5581359431e+00    2.1930989432e+00   -1.6316983279e+01    3.2000000000e+01    1.9761240001e-03    6.4648437500e-01
       189   -7.4746314363e+00    5.6348116292e+01   -1.1639680098e+01    4.1650486612e+00    2.4266940103e+00   -1.4066374108e+01    3.2000000000e+01    1.9921429994e-03    6.6796875000e-01
       190   -7.2185634594e+00    5.2765654474e+01   -1.2200776516e+01    4.9822130570e+00    2.2441377382e+00   -1.4444914255e+01    3.2000000000e+01    2.1222039995e-03    6.9726562500e-01
       191   -7.3489716527e+00    5.4419369538e+01   -1.1501575808e+01    4.1526041556e+00    2.6694830701e+00   -1.4171058878e+01    3.2000000000e+01    2.1064650000e-03    6.3476562500e-01
       192   -6.9092600967e+00    4.7877552740e+01   -9.6106751688e+00    2.7014150721e+00    1.9524614936e+00   -1.1563136662e+01    3.2000000000e+01    1.9872670000e-03    6.5234375000e-01
       193   -7.2376899956e+00    5.3071818517e+01   -1.2024678655e+01    4.7869886591e+00    1.6099463049e+00   -1.3634624960e+01    3.2000000000e+01    2.1435580002e-03    7.0507812500e-01
       194   -7.0729472940e+00    5.0582732484e+01   -9.7437698837e+00    2.6708225897e+00    2.4009228965e+00   -1.2144692780e+01    3.2000000000e+01    2.0199810006e-03    6.8554687500e-01
       195   -7.5427803320e+00    5.7996960978e+01   -1.3646257766e+01    6.1034774341e+00    2.7745237556e+00   -1.6420781522e+01    3.2000000000e+01    2.0839670005e-03    7.0312500000e-01
       196   -7.5345119193e+00    5.7478993981e+01   -1.3144054983e+01    5.6095430633e+00    2.8406892133e+00   -1.5984744196e+01    3.2000000000e+01    2.1267459997e-03    6.3476562500e-01
       197   -7.2220617774e+00    5.2459979928e+01   -1.0833684275e+01    3.6116224974e+00    2.2549218469e+00   -1.3088606122e+01    3.2000000000e+01    2.2322679997e-03    6.5820312500e-01
       198   -6.9618833379e+00    4.8795216999e+01   -9.7680372642e+00    2.8061539263e+00    2.1800835542e+00   -1.1948120818e+01    3.2000000000e+01    2.0377450001e-03    6.9335937500e-01
       199   -7.1654181233e+00    5.1726979195e+01   -1.0388588565e+01    3.2231704417e+00    2.4718432741e+00   -1.2860431839e+01    3.2000000000e+01    2.0136109997e-03    6.8554687500e-01
       200   -7.2595853232e+00    5.3104433499e+01   -1.3759818659e+01    6.5002333354e+00    2.7481937702e+00   -1.6508012429e+01    3.2000000000e+01    1.9639889997e-03    6.2500000000e-01
       201   -7.3753792451e+00    5.5335288117e+01   -1.7484594352e+01    1.0109215107e+01    2.9110512108e+00   -2.0395645563e+01    3.2000000000e+01    2.0051649999e-03    6.7187500000e-01
       202   -7.3446762787e+00    5.4802287519e+01   -1.3011294320e+01    5.6666180413e+00    2.7973679404e+00   -1.5808662260e+01    3.2000000000e+01    2.0111819995e-03    6.9335937500e-01
       203   -7.3834480698e+00    5.5448459594e+01   -1.4008189535e+01    6.6247414656e+00    2.2068595210e+00   -1.6215049056e+01    3.2000000000e+01    2.1168359999e-03    6.9140625000e-01
       204   -7.1099552147e+00    5.0919964324e+01   -1.1141810184e+01    4.0318549696e+00    2.4814769509e+00   -1.3623287135e+01    3.2000000000e+01    2.0135820005e-03    6.8554687500e-01
       205   -7.5115960863e+00    5.7378103601e+01   -1.3385574396e+01    5.8739783095e+00    2.7329621253e+00   -1.6118536521e+01    3.2000000000e+01    1.9891669999e-03    6.6406250000e-01
       206   -6.8929956241e+00    4.7839714860e+01   -9.7974500368e+00    2.9044544126e+00    2.4087723064e+00   -1.2206222343e+01    3.2000000000e+01    2.1450430004e-03    6.6406250000e-01
       207   -7.3303509022e+00    5.4106541539e+01   -1.0655363091e+01    3.3250121885e+00    2.9055988875e+00   -1.3560961978e+01    3.2000000000e+01    2.0733980000e-03    6.7382812500e-01
       208   -7.6584716247e+00    6.0167468631e+01   -1.2486883561e+01    4.8284119363e+00    2.6300257895e+00   -1.5116909351e+01    3.2000000000e+01    3.2558700004e-03    6.5039062500e-01
       209   -6.9778905036e+00    4.9180228816e+01   -1.0311364913e+01    3.3334744093e+00    2.2799108758e+00   -1.2591275789e+01    3.2000000000e+01    2.2882510002e-03    6.7187500000e-01
       210   -6.9415025417e+00    4.8482685667e+01   -9.5302666880e+00    2.5887641463e+00    2.0871232900e+00   -1.1617389978e+01    3.2000000000e+01    1.9867179999e-03    6.6406250000e-01
       211   -7.4597421304e+00    5.6278605568e+01   -1.2859058804e+01    5.3993166736e+00    2.1439122776e+00   -1.5002971082e+01    3.2000000000e+01    2.1370869999e-03    6.3671875000e-01
       212   -7.2364694406e+00    5.2770297830e+01   -1.3334390476e+01    6.0979210355e+00    2.1052092686e+00   -1.5439599745e+01    3.2000000000e+01    2.1759370002e-03    6.8164062500e-01
       213   -7.6090099530e+00    5.8639852279e+01   -1.2872566571e+01    5.2635566182e+00    2.7398550367e+00   -1.5612421608e+01    3.2000000000e+01    1.9887140006e-03    6.4453125000e-01
       214   -6.9178320205e+00    4.8091028855e+01   -1.0386688715e+01    3.4688566949e+00    2.3686289366e+00   -1.2755317652e+01    3.2000000000e+01    2.0063410002e-03    6.8554687500e-01
       215   -7.6274341477e+00    5.9137763926e+01   -1.4209891455e+01    6.5824573073e+00    2.5145724290e+00   -1.6724463884e+01    3.2000000000e+01    2.1965000005e-03    6.3281250000e-01
       216   -6.9485498882e+00    4.8680782631e+01   -9.4359045164e+00    2.4873546282e+00    2.4497097462e+00   -1.1885614263e+01    3.2000000000e+01    2.0329650006e-03    7.0507812500e-01
       217   -7.7818458615e+00    6.1137823447e+01   -1.6399480765e+01    8.6176349037e+00    2.6493763630e+00   -1.9048857128e+01    3.2000000000e+01    1.9998159996e-03    6.6406250000e-01
       218   -7.5637261801e+00    5.7842520240e+01   -1.3864095996e+01    6.3003698162e+00    2.4403009953e+00   -1.6304396992e+01    3.2000000000e+01    1.9947100000e-03    6.6992187500e-01
       219   -7.1363007033e+00    5.1404416264e+01   -9.3072788447e+00    2.1709781413e+00    2.5621231915e+00   -1.1869402036e+01    3.2000000000e+01    2.1494049997e-03    6.8359375000e-01
       220   -7.1563889286e+00    5.1541346200e+01   -1.2108848265e+01    4.9524593362e+00    2.5546850619e+00   -1.4663533327e+01    3.2000000000e+01    1.9880260006e-03    6.5820312500e-01
       221   -7.3473509660e+00    5.4544846357e+01   -1.4438860050e+01    7.0915090844e+00    2.5697566708e+00   -1.7008616721e+01    3.2000000000e+01    1.9607209997e-03    6.1914062500e-01
       222   -7.6959358914e+00    6.0547375183e+01   -1.5158518191e+01    7.4625823001e+00    2.0367017965e+00   -1.7195219988e+01    3.2000000000e+01    2.2933119999e-03    6.5625000000e-01
       223   -7.1692712617e+00    5.2355709805e+01   -1.6156259688e+01    8.9869884264e+00    2.1908211027e+00   -1.8347080791e+01    3.2000000000e+01    2.0488980008e-03    6.9140625000e-01
       224   -6.9779290728e+00    4.9179225313e+01   -9.1569260164e+00    2.1789969436e+00    2.4569990746e+00   -1.1613925091e+01    3.2000000000e+01    2.1552589997e-03    7.0312500000e-01
       225   -7.0015223801e+00    4.9289435573e+01   -1.1116997894e+01    4.1154755141e+00    2.5057382388e+00   -1.3622736133e+01    3.2000000000e+01    2.0318050001e-03    6.6015625000e-01
       226   -7.2978275525e+00    5.3695500601e+01   -1.3668801985e+01    6.3709744329e+00    2.3569656653e+00   -1.6025767651e+01    3.2000000000e+01    1.9874709997e-03    6.5625000000e-01
       227   -6.9554727841e+00    4.8581071177e+01   -9.3547621245e+00    2.3992893404e+00    2.0587918725e+00   -1.1413553997e+01    3.2000000000e+01    2.2230009999e-03    6.9921875000e-01
       228   -7.2671486606e+00    5.3250949997e+01   -1.1808291689e+01    4.5411430284e+00    2.2318625649e+00   -1.4040154254e+01    3.2000000000e+01    2.0022340004e-03    6.8359375000e-01
       229   -7.2164117578e+00    5.2570903019e+01   -1.2291636024e+01    5.0752242666e+00    2.5763286882e+00   -1.4867964713e+01    3.2000000000e+01    2.0154289996e-03    6.7382812500e-01
       230   -9.1165989019e+00    8.4219319390e+01   -2.2332215112e+01    1.3215616210e+01    2.6619381477e+00   -2.4994153260e+01    3.2000000000e+01    1.9445799999e-03    6.0546875000e-01
       231   -7.3585858057e+00    5.4869882657e+01   -1.1849980708e+01    4.4913949025e+00    2.4483347359e+00   -1.4298315444e+01    3.2000000000e+01    2.0316700002e-03    7.0312500000e-01
       232   -7.7887543843e+00    6.1980253149e+01   -1.5552564839e+01    7.7638104549e+00    2.3382269497e+00   -1.7890791789e+01    3.2000000000e+01    1.9957149998e-03    6.6406250000e-01
       233   -6.8307985093e+00    4.6871906173e+01   -8.4607675665e+00    1.6299690571e+00    2.1129755393e+00   -1.0573743106e+01    3.2000000000e+01    2.0172039995e-03    6.9726562500e-01
       234   -7.2698646531e+00    5.3255166161e+01   -1.1002241836e+01    3.7323771825e+00    2.2050578681e+00   -1.3207299704e+01    3.2000000000e+01    1.9768759994e-03    6.6406250000e-01
       235   -7.6733575776e+00    5.9669293645e+01   -1.4922951230e+01    7.2495936520e+00    2.7096193286e+00   -1.7632570558e+01    3.2000000000e+01    2.1239739999e-03    6.7187500000e-01
       236   -7.3038436031e+00    5.4496724444e+01   -1.1832593412e+01    4.5287498087e+00    2.3404514122e+00   -1.4173044824e+01    3.2000000000e+01    2.0102250000e-03    6.8359375000e-01
       237   -7.3581595124e+00    5.4574828461e+01   -1.1873848938e+01    4.5156894260e+00    2.5521309723e+00   -1.4425979911e+01    3.2000000000e+01    2.0066229999e-03    6.6796875000e-01
       238   -7.2824071675e+00    5.3912748176e+01   -1.2303863437e+01    5.0214562694e+00    2.8379495785e+00   -1.5141813015e+01    3.2000000000e+01    2.3401019998e-03    6.7968750000e-01
       239   -7.5922752563e+00    5.7902470210e+01   -1.3245040778e+01    5.6527655214e+00    2.0847432541e+00   -1.5329784032e+01    3.2000000000e+01    2.0098989999e-03    6.5625000000e-01
       240   -7.4231835922e+00    5.5989409161e+01   -1.2060457291e+01    4.6372736989e+00    1.9463217558e+00   -1.4006779047e+01    3.2000000000e+01    2.0941670000e-03    6.5820312500e-01
       241   -7.7097287078e+00    6.0549638488e+01   -1.5052245417e+01    7.3425167088e+00    2.1854157080e+00   -1.7237661125e+01    3.2000000000e+01    1.9763020000e-03    6.9531250000e-01
       242   -7.4644044727e+00    5.6489489912e+01   -1.8032328197e+01    1.0567923724e+01    2.2156660953e+00   -2.0247994292e+01    3.2000000000e+01    2.0260159999e-03    6.9531250000e-01
       243   -7.3765601968e+00    5.5038221539e+01   -1.1196059511e+01    3.8194993143e+00    2.9904401019e+00   -1.4186499613e+01    3.2000000000e+01    2.4076299997e-03    6.4257812500e-01
       244   -7.4497698323e+00    5.6856474418e+01   -1.1397414911e+01    3.9476450787e+00    2.4000568867e+00   -1.3797471798e+01    3.2000000000e+01    2.2417679993e-03    7.1093750000e-01
       245   -7.8541301577e+00    6.2688384793e+01   -1.7326078235e+01    9.4719480771e+00    2.7981103822e+00   -2.0124188617e+01    3.2000000000e+01    2.0929590000e-03    6.1523437500e-01
       246   -7.0722884456e+00    5.0439378969e+01   -9.6263371343e+00    2.5540486887e+00    2.8528682744e+00   -1.2479205409e+01    3.2000000000e+01    2.0942800002e-03    6.9140625000e-01
       247   -7.5610949903e+00    5.8409082340e+01   -1.6402380222e+01    8.8412852321e+00    2.2133816224e+00   -1.8615761845e+01    3.2000000000e+01    2.1422640002e-03    7.1093750000e-01
       248   -7.4996598768e+00    5.7107501334e+01   -1.5118674824e+01    7.6190149474e+00    2.1959894416e+00   -1.7314664266e+01    3.2000000000e+01    1.9738780002e-03    6.6796875000e-01
       249   -7.1254466866e+00    5.1318246633e+01   -8.8107519546e+00    1.6853052679e+00    3.0720992112e+00   -1.1882851166e+01    3.2000000000e+01    2.0093620005e-03    6.7968750000e-01
       250   -7.1397721732e+00    5.1290900148e+01   -1.0740897910e+01    3.6011257365e+00    3.0073268263e+00   -1.3748224736e+01    3.2000000000e+01    2.0327929997e-03    6.6601562500e-01
       251   -6.8781341680e+00    4.7626624593e+01   -8.5345212925e+00    1.6563871245e+00    1.9923033991e+00   -1.0526824692e+01    3.2000000000e+01    2.0607420001e-03    7.2851562500e-01
       252   -7.1114143312e+00    5.0961123500e+01   -1.2892040719e+01    5.7806263878e+00    1.9446543099e+00   -1.4836695029e+01    3.2000000000e+01    2.0232329998e-03    7.0507812500e-01
       253   -7.5371907101e+00    5.7845321523e+01   -1.5921149921e+01    8.3839592104e+00    2.4907857151e+00   -1.8411935636e+01    3.2000000000e+01    2.2361659994e-03    6.7578125000e-01
       254   -7.2715773392e+00    5.3510484125e+01   -1.2127072783e+01    4.8554954440e+00    2.5697376816e+00   -1.4696810465e+01    3.2000000000e+01    2.1733680005e-03    6.5820312500e-01
       255   -7.6719137152e+00    6.0154581374e+01   -1.3748339330e+01    6.0764256146e+00    2.3084254439e+00   -1.6056764774e+01    3.2000000000e+01    2.0137020001e-03    6.4648437500e-01
       256   -7.3840819454e+00    5.4959095993e+01   -1.2630394553e+01    5.2463126074e+00    2.2639501636e+00   -1.4894344716e+01    3.2000000000e+01    2.1312170002e-03    6.6210937500e-01
       257   -7.1975668347e+00    5.2215132492e+01   -1.0087856339e+01    2.8902895044e+00    2.3477653503e+00   -1.2435621689e+01    3.2000000000e+01    2.0123610002e-03    6.7773437500e-01
       258   -7.0050806692e+00    4.9452687985e+01   -1.0297626511e+01    3.2925458418e+00    2.5434046790e+00   -1.2841031190e+01    3.2000000000e+01    2.0091220003e-03    6.4257812500e-01
       259   -7.3063278872e+00    5.3995018466e+01   -1.2248812734e+01    4.9424848471e+00    1.8933763250e+00   -1.4142189059e+01    3.2000000000e+01    1.9738840001e-03    6.7382812500e-01
       260   -7.5282146625e+00    5.7471098878e+01   -1.3966849318e+01    6.4386346555e+00    2.2255692440e+00   -1.6192418562e+01    3.2000000000e+01    1.9504599995e-03    6.4257812500e-01
       261   -7.5152522782e+00    5.6892404776e+01   -1.3386541868e+01    5.8712895899e+00    2.3964593453e+00   -1.5783001213e+01    3.2000000000e+01    1.9780360008e-03    6.3085937500e-01
       262   -7.2034887932e+00    5.2462888756e+01   -1.1099676841e+01    3.8961880477e+00    2.2555288955e+00   -1.3355205736e+01    3.2000000000e+01    1.9867190003e-03    6.6406250000e-01
       263   -8.0727468885e+00    6.6435576192e+01   -1.9520307143e+01    1.1447560255e+01    3.2519208072e+00   -2.2772227950e+01    3.2000000000e+01    1.9813690005e-03    6.4062500000e-01
       264   -7.4622084457e+00    5.6923133211e+01   -1.1959029115e+01    4.4968206689e+00    2.5256036946e+00   -1.4484632809e+01    3.2000000000e+01    2.0915409996e-03    6.7968750000e-01
       265   -7.0340582672e+00    4.9795808937e+01   -1.0846684072e+01    3.8126258050e+00    2.4622828641e+00   -1.3308966936e+01    3.2000000000e+01    1.9993870001e-03    6.5820312500e-01
       266   -7.1563790477e+00    5.2145803012e+01   -1.0153798855e+01    2.9974198073e+00    2.3303194469e+00   -1.2484118302e+01    3.2000000000e+01    2.0357249996e-03    6.8554687500e-01
       267   -7.2233883378e+00    5.2814581974e+01   -1.1263084079e+01    4.0396957417e+00    1.8117408312e+00   -1.3074824911e+01    3.2000000000e+01    2.2990779999e-03    7.0312500000e-01
       268   -7.4761686641e+00    5.6758581741e+01   -1.1607226701e+01    4.1310580372e+00    2.3521114708e+00   -1.3959338172e+01    3.2000000000e+01    1.9986709995e-03    6.7578125000e-01
       269   -7.0482921799e+00    4.9994066646e+01   -1.0741521986e+01    3.6932298065e+00    2.0715230579e+00   -1.2813045044e+01    3.2000000000e+01    2.1568769998e-03    6.9531250000e-01
       270   -7.5399862254e+00    5.7200286918e+01   -1.3223233230e+01    5.6832470045e+00    2.4500906607e+00   -1.5673323891e+01    3.2000000000e+01    1.9911610007e-03    6.6210937500e-01
       271   -7.7744274742e+00    6.1474724033e+01   -1.8304618458e+01    1.0530190983e+01    2.4385218725e+00   -2.0743140330e+01    3.2000000000e+01    2.0275260003e-03    6.6210937500e-01
       272   -7.0043959103e+00    4.9330897086e+01   -1.0531102852e+01    3.5267069416e+00    2.1139162428e+00   -1.2645019095e+01    3.2000000000e+01    2.1574570001e-03    6.7578125000e-01
       273   -7.1377916135e+00    5.1427134018e+01   -1.1007034339e+01    3.8692427254e+00    2.2976612643e+00   -1.3304695603e+01    3.2000000000e+01    2.0469190003e-03    6.8359375000e-01
       274   -7.6224885282e+00    5.9017612692e+01   -1.3706288877e+01    6.0838003490e+00    2.1887493076e+00   -1.5895038185e+01    3.2000000000e+01    2.0424389995e-03    6.7773437500e-01
       275   -7.2706310374e+00    5.3569254109e+01   -1.2222657564e+01    4.9520265268e+00    2.2321838887e+00   -1.4454841453e+01    3.2000000000e+01    2.0290299999e-03    6.9140625000e-01
       276   -7.6410082880e+00    6.0082506627e+01   -1.4082269628e+01    6.4412613403e+00    2.4856244380e+00   -1.6567894066e+01    3.2000000000e+01    1.9662620007e-03    6.3867187500e-01
       277   -7.1729958161e+00    5.2255301336e+01   -1.1604007082e+01    4.4310112662e+00    2.2887511185e+00   -1.3892758201e+01    3.2000000000e+01    2.0149989996e-03    6.5820312500e-01
       278   -7.5778046062e+00    5.8212144868e+01   -1.4804249692e+01    7.2264450855e+00    2.2756906794e+00   -1.7079940371e+01    3.2000000000e+01    2.0025770000e-03    6.8164062500e-01
       279   -7.4061235959e+00    5.5499015090e+01   -1.0826106815e+01    3.4199832195e+00    2.1422576782e+00   -1.2968364494e+01    3.2000000000e+01    2.0392650003e-03    7.1679687500e-01
       280   -7.1672409291e+00    5.1671230548e+01   -1.1220991485e+01    4.0537505561e+00    2.4643196584e+00   -1.3685311144e+01    3.2000000000e+01    1.9891719994e-03    6.6210937500e-01
       281   -7.4008901715e+00    5.5373456467e+01   -1.2028146543e+01    4.6272563719e+00    2.3334191595e+00   -1.4361565703e+01    3.2000000000e+01    2.0120959998e-03    6.8750000000e-01
       282   -7.3171469934e+00    5.3799626986e+01   -1.1807973626e+01    4.4908266325e+00    2.1395731367e+00   -1.3947546763e+01    3.2000000000e+01    1.9773049999e-03    6.5039062500e-01
       283   -7.2919061198e+00    5.3503434592e+01   -1.0795563989e+01    3.5036578689e+00    1.9957299789e+00   -1.2791293968e+01    3.2000000000e+01    2.0033279998e-03    6.9335937500e-01
       284   -7.0853771608e+00    5.0552242175e+01   -8.8953353916e+00    1.8099582308e+00    1.9059160456e+00   -1.0801251437e+01    3.2000000000e+01    1.9965799993e-03    7.1289062500e-01
       285   -6.9384452753e+00    4.8448161107e+01   -1.0023301823e+01    3.0848565473e+00    1.3545407383e+00   -1.1377842561e+01    3.2000000000e+01    1.9216739993e-03    6.7578125000e-01
       286   -7.4842487535e+00    5.7079505115e+01   -1.3559837833e+01    6.0755890794e+00    1.8743321493e+00   -1.5434169982e+01    3.2000000000e+01    2.9405240002e-03    7.1484375000e-01
       287   -7.3622544872e+00    5.4945525569e+01   -1.4280625693e+01    6.9183712061e+00    2.5151622278e+00   -1.6795787921e+01    3.2000000000e+01    1.9776889994e-03    6.4648437500e-01
       288   -7.2632163904e+00    5.3923214690e+01   -1.1596898336e+01    4.3336819457e+00    2.4910525638e+00   -1.4087950900e+01    3.2000000000e+01    2.1470680003e-03    6.6210937500e-01
       289   -7.2081174462e+00    5.3104139825e+01   -1.0693122428e+01    3.4850049823e+00    2.3674871045e+00   -1.3060609533e+01    3.2000000000e+01    2.0029089992e-03    6.7773437500e-01
       290   -7.2799722922e+00    5.3381640547e+01   -1.1370748249e+01    4.0907759569e+00    2.5185164391e+00   -1.3889264688e+01    3.2000000000e+01    2.0644299993e-03    6.9140625000e-01
       291   -7.2378105387e+00    5.3371401307e+01   -1.1425768895e+01    4.1879583562e+00    2.2673298676e+00   -1.3693098763e+01    3.2000000000e+01    2.0115210000e-03    6.7773437500e-01
       292   -6.9909721574e+00    4.9261627055e+01   -9.7630324210e+00    2.7720602635e+00    2.3309141062e+00   -1.2093946527e+01    3.2000000000e+01    2.0105530002e-03    6.9140625000e-01
       293   -7.3984806353e+00    5.5172758883e+01   -1.3476438879e+01    6.0779582439e+00    1.7478234782e+00   -1.5224262357e+01    3.2000000000e+01    1.9462909995e-03    6.6406250000e-01
       294   -7.3050185223e+00    5.4379827276e+01   -1.1698483744e+01    4.3934652218e+00    1.9856387366e+00   -1.3684122481e+01    3.2000000000e+01    2.0258420000e-03    6.9335937500e-01
       295   -7.5342033682e+00    5.7622798408e+01   -2.4902923881e+01    1.7368720513e+01    2.4483208660e+00   -2.7351244747e+01    3.2000000000e+01    1.9964869998e-03    6.7187500000e-01
       296   -6.9902212876e+00    4.9096957976e+01   -9.5566405040e+00    2.5664192163e+00    2.0607011113e+00   -1.1617341615e+01    3.2000000000e+01    2.0221870000e-03    6.9531250000e-01
       297   -7.0916302090e+00    5.0492677449e+01   -9.9690846605e+00    2.8774544514e+00    2.2164377899e+00   -1.2185522450e+01    3.2000000000e+01    2.0348099997e-03    7.1093750000e-01
       298   -7.0269337349e+00    4.9615339315e+01   -9.8690286611e+00    2.8420949263e+00    2.2958115285e+00   -1.2164840190e+01    3.2000000000e+01    2.0562110003e-03    7.0312500000e-01
       299   -7.2737288513e+00    5.3186494992e+01   -1.2729621334e+01    5.4558924827e+00    2.4776800305e+00   -1.5207301365e+01    3.2000000000e+01    1.9976789999e-03    6.6406250000e-01
       300   -7.2613126835e+00    5.3573984403e+01   -1.1686134760e+01    4.4248220766e+00    2.5696652641e+00   -1.4255800024e+01    3.2000000000e+01    2.0398619999e-03    7.1679687500e-01
       301   -7.0591557947e+00    5.0181116838e+01   -8.9545481502e+00    1.8953923555e+00    2.3800394038e+00   -1.1334587554e+01    3.2000000000e+01    2.0426689998e-03    7.1093750000e-01
       302   -7.2149852984e+00    5.2726406907e+01   -1.1408001960e+01    4.1930166612e+00    2.4613622243e+00   -1.3869364184e+01    3.2000000000e+01    2.0842320000e-03    6.7968750000e-01
       303   -7.1612622132e+00    5.1602901840e+01   -1.1135625153e+01    3.9743629400e+00    2.1998010143e+00   -1.3335426167e+01    3.2000000000e+01    2.0463819992e-03    6.8554687500e-01
       304   -7.5137105636e+00    5.7674933460e+01   -1.3577567429e+01    6.0638568650e+00    2.9123005271e+00   -1.6489867956e+01    3.2000000000e+01    2.1651429997e-03    6.8164062500e-01
       305   -7.6255742434e+00    5.9318465274e+01   -1.4503052693e+01    6.8774784494e+00    2.4330961415e+00   -1.6936148834e+01    3.2000000000e+01    1.9810169997e-03    6.4453125000e-01
       306   -7.6368399424e+00    5.9194795788e+01   -2.2983654922e+01    1.5346814979e+01    2.8508043305e+00   -2.5834459252e+01    3.2000000000e+01    1.9902940003e-03    6.4648437500e-01
       307   -7.0344037198e+00    4.9835822550e+01   -9.4594592196e+00    2.4250554998e+00    2.2328420021e+00   -1.1692301222e+01    3.2000000000e+01    2.0566849998e-03    6.9726562500e-01
       308   -7.3813139503e+00    5.4773327583e+01   -1.3348218451e+01    5.9669045009e+00    2.7518340867e+00   -1.6100052538e+01    3.2000000000e+01    1.9866860002e-03    6.4843750000e-01
       309   -7.6301778922e+00    5.8641382166e+01   -1.5204242312e+01    7.5740644194e+00    2.7246984686e+00   -1.7928940780e+01    3.2000000000e+01    1.9786220000e-03    6.3281250000e-01
       310   -7.1804342463e+00    5.1865625491e+01   -1.1273685941e+01    4.0932516946e+00    2.6042220860e+00   -1.3877908027e+01    3.2000000000e+01    1.9905259996e-03    6.6406250000e-01
       311   -7.2471762346e+00    5.2913286774e+01   -1.1063020908e+01    3.8158446730e+00    2.0655403392e+00   -1.3128561247e+01    3.2000000000e+01    2.0160530003e-03    7.0312500000e-01
       312   -7.0439272324e+00    4.9971414779e+01   -1.0482238321e+01    3.4383110886e+00    2.3132941555e+00   -1.2795532477e+01    3.2000000000e+01    2.0124880002e-03    6.8359375000e-01
       313   -7.4206099494e+00    5.5835934013e+01   -1.4830454707e+01    7.4098447572e+00    2.5024161769e+00   -1.7332870883e+01    3.2000000000e+01    1.9961689995e-03    6.6406250000e-01
       314   -8.6116112968e+00    7.5241644920e+01   -4.9736646539e+01    4.1125035242e+01    3.2124260967e+00   -5.2949072636e+01    3.2000000000e+01    1.9512210001e-03    6.2304687500e-01
       315   -7.5373648145e+00    5.7491110687e+01   -1.4807954373e+01    7.2705895581e+00    2.6149996561e+00   -1.7422954029e+01    3.2000000000e+01    1.9671239997e-03    6.0937500000e-01
       316   -7.5777827896e+00    5.8021146384e+01   -1.3620351072e+01    6.0425682824e+00    2.0165316910e+00   -1.5636882763e+01    3.2000000000e+01    2.1275979998e-03    6.7382812500e-01
       317   -7.7645195118e+00    6.0683158357e+01   -2.3729274131e+01    1.5964754619e+01    2.6357498037e+00   -2.6365023935e+01    3.2000000000e+01    2.0266880001e-03    6.4062500000e-01
       318   -6.8352217771e+00    4.6955298332e+01   -1.0225616118e+01    3.3903943412e+00    2.0785802502e+00   -1.2304196369e+01    3.2000000000e+01    2.9259120001e-03    7.0117187500e-01
       319   -7.5504992661e+00    5.7948347014e+01   -1.2046255507e+01    4.4957562407e+00    2.1806496590e+00   -1.4226905166e+01    3.2000000000e+01    2.0590230006e-03    6.5820312500e-01
       320   -7.6315314845e+00    5.8973105873e+01   -1.3282274530e+01    5.6507430459e+00    2.4312208834e+00   -1.5713495414e+01    3.2000000000e+01    2.1541169999e-03    6.6992187500e-01
       321   -7.1929570329e+00    5.2213924931e+01   -1.0407025333e+01    3.2140682996e+00    2.3535263127e+00   -1.2760551645e+01    3.2000000000e+01    2.0044789999e-03    6.7773437500e-01
       322   -7.9302283353e+00    6.3731977578e+01   -2.0208074699e+01    1.2277846364e+01    3.0292573150e+00   -2.3237332014e+01    3.2000000000e+01    1.9727700001e-03    6.0351562500e-01
       323   -7.4314599917e+00    5.5910966591e+01   -1.5440401359e+01    8.0089413668e+00    2.5331099269e+00   -1.7973511285e+01    3.2000000000e+01    1.9788049995e-03    6.2695312500e-01
       324   -7.6851756781e+00    5.9969218496e+01   -1.5706166166e+01    8.0209904877e+00    2.0400790210e+00   -1.7746245187e+01    3.2000000000e+01    1.9347799998e-03    6.5039062500e-01
       325   -7.5072317056e+00    5.6913856096e+01   -1.2428858653e+01    4.9216269473e+00    2.2356895950e+00   -1.4664548248e+01    3.2000000000e+01    1.9698619999e-03    6.6796875000e-01
       326   -7.1456621466e+00    5.1494427886e+01   -1.0803261519e+01    3.6575993725e+00    2.3941881069e+00   -1.3197449626e+01    3.2000000000e+01    2.0027459996e-03    6.9140625000e-01
       327   -6.7623087718e+00    4.5972812659e+01   -8.7830195199e+00    2.0207107481e+00    2.2215780765e+00   -1.1004597596e+01    3.2000000000e+01    2.0357359999e-03    7.0898437500e-01
       328   -8.0462371885e+00    6.6261528320e+01   -1.7279746190e+01    9.2335090020e+00    2.4657314095e+00   -1.9745477600e+01    3.2000000000e+01    1.9786559997e-03    6.4062500000e-01
       329   -6.9154915451e+00    4.8137165008e+01   -9.5985900560e+00    2.6830985108e+00    2.2923572574e+00   -1.1890947313e+01    3.2000000000e+01    2.0526610006e-03    6.8945312500e-01
       330   -7.3010023410e+00    5.3730898031e+01   -1.2515168534e+01    5.2141661931e+00    2.7194366078e+00   -1.5234605142e+01    3.2000000000e+01    2.8252000002e-03    6.4257812500e-01
       331   -7.2429823371e+00    5.3040638202e+01   -1.2062196461e+01    4.8192141237e+00    2.5182284878e+00   -1.4580424949e+01    3.2000000000e+01    2.1151149995e-03    6.7382812500e-01
       332   -7.5251607801e+00    5.7327553190e+01   -1.4223847642e+01    6.6986868621e+00    2.5509769639e+00   -1.6774824606e+01    3.2000000000e+01    2.1902270000e-03    6.4062500000e-01
       333   -7.8562681617e+00    6.2480153631e+01   -3.0801934936e+01    2.2945666775e+01    3.1045691492e+00   -3.3906504085e+01    3.2000000000e+01    2.1103859999e-03    5.8007812500e-01
       334   -7.0568776467e+00    5.0205340674e+01   -1.0115486277e+01    3.0586086308e+00    2.1386307382e+00   -1.2254117016e+01    3.2000000000e+01    2.3276540005e-03    7.2460937500e-01
       335   -7.7073418674e+00    6.0464957915e+01   -2.6691378929e+01    1.8984037062e+01    2.0631325297e+00   -2.8754511459e+01    3.2000000000e+01    2.1109979998e-03    6.5234375000e-01
       336   -7.9069618538e+00    6.3804124694e+01   -1.9812327174e+01    1.1905365320e+01    2.7688548863e+00   -2.2581182061e+01    3.2000000000e+01    1.9427610005e-03    6.3867187500e-01
       337   -7.4878785516e+00    5.6846584615e+01   -1.4933840853e+01    7.4459623010e+00    2.3557985321e+00   -1.7289639385e+01    3.2000000000e+01    1.9935900000e-03    6.5625000000e-01
       338   -7.6930533988e+00    6.0205095699e+01   -1.4918299838e+01    7.2252464391e+00    2.2644293167e+00   -1.7182729155e+01    3.2000000000e+01    2.0174649999e-03    6.6210937500e-01
       339   -7.4662511908e+00    5.6413308684e+01   -1.5870068020e+01    8.4038168291e+00    2.3480013296e+00   -1.8218069349e+01    3.2000000000e+01    1.9703050002e-03    6.4257812500e-01
       340   -7.3619027247e+00    5.5002089829e+01   -1.1989381498e+01    4.6274787735e+00    2.4452679551e+00   -1.4434649453e+01    3.2000000000e+01    2.0051619995e-03    6.7773437500e-01
       341   -7.6650150773e+00    5.9717963363e+01   -1.5161929613e+01    7.4969145360e+00    3.0157458866e+00   -1.8177675500e+01    3.2000000000e+01    2.0002439996e-03    6.5429687500e-01
       342   -6.9083466737e+00    4.8100789234e+01   -9.4612070304e+00    2.5528603567e+00    2.5391675516e+00   -1.2000374582e+01    3.2000000000e+01    2.5162769998e-03    6.7382812500e-01
       343   -7.7063796715e+00    6.0210741355e+01   -1.3424451675e+01    5.7180720038e+00    2.6245929899e+00   -1.6049044665e+01    3.2000000000e+01    2.1769850000e-03    6.8164062500e-01
       344   -7.4402181334e+00    5.5719751348e+01   -1.2552950522e+01    5.1127323886e+00    2.2707778486e+00   -1.4823728371e+01    3.2000000000e+01    2.0015849996e-03    6.5625000000e-01
       345   -7.4822930814e+00    5.7000006165e+01   -1.9007428899e+01    1.1525135818e+01    2.4443014143e+00   -2.1451730314e+01    3.2000000000e+01    2.0094069996e-03    6.6406250000e-01
       346   -7.3319855307e+00    5.4350566475e+01   -1.1838495194e+01    4.5065096629e+00    2.0244124199e+00   -1.3862907614e+01    3.2000000000e+01    2.1258349998e-03    6.8359375000e-01
       347   -7.1601875702e+00    5.1615010548e+01   -1.2818649744e+01    5.6584621743e+00    2.1333502596e+00   -1.4952000004e+01    3.2000000000e+01    2.0344209997e-03    6.9335937500e-01
       348   -7.8694258153e+00    6.3547097540e+01   -1.5391124167e+01    7.5216983520e+00    2.5186281344e+00   -1.7909752302e+01    3.2000000000e+01    1.9323509996e-03    6.0742187500e-01
       349   -6.8730122407e+00    4.7434607595e+01   -9.7364237015e+00    2.8634114608e+00    2.2406929232e+00   -1.1977116625e+01    3.2000000000e+01    2.9671550001e-03    6.9531250000e-01
       350   -7.6051358208e+00    5.8991807704e+01   -1.4945152625e+01    7.3400168043e+00    2.2874467858e+00   -1.7232599411e+01    3.2000000000e+01    2.2045719998e-03    6.6406250000e-01
       351   -7.7888016226e+00    6.1974556211e+01   -1.3379217495e+01    5.5904158720e+00    2.8262909797e+00   -1.6205508474e+01    3.2000000000e+01    2.3482849992e-03    6.6015625000e-01
       352   -8.0055821086e+00    6.5106536995e+01   -3.0268861430e+01    2.2263279322e+01    3.3478946383e+00   -3.3616756069e+01    3.2000000000e+01    2.0272470001e-03    6.5234375000e-01
       353   -6.8326511568e+00    4.6871117389e+01   -9.4082715280e+00    2.5756203712e+00    1.9738366713e+00   -1.1382108199e+01    3.2000000000e+01    2.1566300002e-03    6.8554687500e-01
       354   -7.1326325499e+00    5.1563360254e+01   -1.1221534659e+01    4.0889021092e+00    2.2863821508e+00   -1.3507916810e+01    3.2000000000e+01    2.0135620007e-03    6.8164062500e-01
       355   -7.0680509693e+00    5.0297329610e+01   -1.0619755430e+01    3.5517044606e+00    2.3278384103e+00   -1.2947593840e+01    3.2000000000e+01    1.9868129993e-03    6.6015625000e-01
       356   -6.8859468536e+00    4.7961468067e+01   -1.0194589040e+01    3.3086421862e+00    2.4984825010e+00   -1.2693071541e+01    3.2000000000e+01    2.0573390002e-03    7.1875000000e-01
       357   -7.6089787974e+00    5.8509211376e+01   -1.2925134599e+01    5.3161558018e+00    2.5450473755e+00   -1.5470181975e+01    3.2000000000e+01    2.1157159999e-03    6.7187500000e-01
       358   -6.8252176870e+00    4.6844580352e+01   -8.4483921018e+00    1.6231744148e+00    2.1114048544e+00   -1.0559796956e+01    3.2000000000e+01    2.0304430000e-03    7.0898437500e-01
       359   -7.0508758710e+00    5.0043542301e+01   -9.7564406218e+00    2.7055647508e+00    2.1847828535e+00   -1.1941223475e+01    3.2000000000e+01    2.0487350002e-03    7.1093750000e-01
       360   -7.4595096648e+00    5.6027144713e+01   -1.3313239654e+01    5.8537299893e+00    2.7694945688e+00   -1.6082734223e+01    3.2000000000e+01    1.9498800002e-03    6.1914062500e-01
       361   -7.7586075014e+00    6.1277486977e+01   -1.8057516994e+01    1.0298909492e+01    2.1785098251e+00   -2.0236026819e+01    3.2000000000e+01    2.1191179994e-03    6.6796875000e-01
       362   -8.0639699644e+00    6.6534978096e+01   -5.3867995425e+01    4.5804025461e+01    2.3032731536e+00   -5.6171268579e+01    3.2000000000e+01    2.0590710001e-03    6.7187500000e-01
       363   -7.4850357865e+00    5.6698826098e+01   -1.4920137621e+01    7.4351018348e+00    2.4393725513e+00   -1.7359510173e+01    3.2000000000e+01    2.1440539995e-03    6.7773437500e-01
       364   -6.8177548210e+00    4.6794867022e+01   -9.9979901982e+00    3.1802353772e+00    2.1144866287e+00   -1.2112476827e+01    3.2000000000e+01    2.2239629998e-03    7.1484375000e-01
       365   -7.4647031313e+00    5.6506053971e+01   -1.5255982444e+01    7.7912793131e+00    2.5518452056e+00   -1.7807827650e+01    3.2000000000e+01    2.0387499999e-03    6.4843750000e-01
       366   -6.9922495942e+00    4.9186234328e+01   -1.1206456976e+01    4.2142073819e+00    2.2267806250e+00   -1.3433237601e+01    3.2000000000e+01    2.0301380000e-03    6.8750000000e-01
       367   -7.2358382822e+00    5.3015288824e+01   -1.3730544313e+01    6.4947060305e+00    2.3402281515e+00   -1.6070772464e+01    3.2000000000e+01    2.0104380001e-03    6.3867187500e-01
       368   -7.5141147294e+00    5.6984430985e+01   -1.6466703532e+01    8.9525888022e+00    2.5378285426e+00   -1.9004532074e+01    3.2000000000e+01    1.9999369997e-03    6.3281250000e-01
       369   -7.2338740763e+00    5.2941221347e+01   -1.2736558558e+01    5.5026844813e+00    2.3193240929e+00   -1.5055882650e+01    3.2000000000e+01    2.1639240003e-03    6.9921875000e-01
       370   -7.4918873295e+00    5.6935304892e+01   -1.6076576565e+01    8.5846892357e+00    2.5802122453e+00   -1.8656788810e+01    3.2000000000e+01    2.0114230001e-03    6.7382812500e-01
       371   -7.8507681639e+00    6.2694384379e+01   -1.8455712270e+01    1.0604944106e+01    2.3323038909e+00   -2.0788016161e+01    3.2000000000e+01    1.9687069998e-03    6.3867187500e-01
       372   -7.2120938381e+00    5.2392970207e+01   -1.0839688581e+01    3.6275947434e+00    2.3998718839e+00   -1.3239560465e+01    3.2000000000e+01    2.0341769996e-03    7.0703125000e-01
       373   -6.9926411844e+00    4.9166222654e+01   -1.0107601139e+01    3.1149599546e+00    2.3003953278e+00   -1.2407996467e+01    3.2000000000e+01    2.0511059993e-03    6.9531250000e-01
       374   -7.3705232835e+00    5.5551614206e+01   -1.2966433982e+01    5.5959106988e+00    2.4608154793e+00   -1.5427249462e+01    3.2000000000e+01    1.9790670003e-03    6.6210937500e-01
       375   -7.7960218969e+00    6.1533754860e+01   -1.9200890136e+01    1.1404868239e+01    2.1173665203e+00   -2.1318256656e+01    3.2000000000e+01    1.9879869997e-03    6.5820312500e-01
       376   -7.1034431315e+00    5.1013743930e+01   -1.0502788148e+01    3.3993450162e+00    1.9329938804e+00   -1.2435782028e+01    3.2000000000e+01    2.0198830007e-03    7.1093750000e-01
       377   -6.9613794705e+00    4.8770956347e+01   -1.0041768750e+01    3.0803892799e+00    2.0487155102e+00   -1.2090484261e+01    3.2000000000e+01    2.1175269994e-03    6.7773437500e-01
       378   -7.9229556111e+00    6.3676838649e+01   -1.4164711491e+01    6.2417558800e+00    2.4633073610e+00   -1.6628018852e+01    3.2000000000e+01    1.9995169996e-03    6.4453125000e-01
       379   -7.1520147923e+00    5.1374727902e+01   -1.0322653623e+01    3.1706388305e+00    2.3386871660e+00   -1.2661340789e+01    3.2000000000e+01    2.0866039995e-03    6.9726562500e-01
       380   -7.1295162700e+00    5.1602761951e+01   -1.1958111915e+01    4.8285956452e+00    2.3947571162e+00   -1.4352869031e+01    3.2000000000e+01    2.2914280007e-03    6.8164062500e-01
       381   -7.1049152646e+00    5.0718835575e+01   -9.6912121132e+00    2.5862968486e+00    1.8865507732e+00   -1.1577762886e+01    3.2000000000e+01    2.7539109997e-03    6.9921875000e-01
       382   -7.6069021616e+00    5.8664999357e+01   -2.8429808902e+01    2.0822906741e+01    2.4484146869e+00   -3.0878223589e+01    3.2000000000e+01    1.9882839997e-03    6.3671875000e-01
       383   -7.7747447309e+00    6.1194631349e+01   -1.5173396485e+01    7.3986517541e+00    2.5272484327e+00   -1.7700644918e+01    3.2000000000e+01    2.0340560004e-03    6.2695312500e-01
       384   -7.5923605639e+00    5.8538422501e+01   -1.3076827656e+01    5.4844670923e+00    2.8358583150e+00   -1.5912685971e+01    3.2000000000e+01    1.9687250006e-03    6.4062500000e-01
       385   -7.8954234782e+00    6.3410453107e+01   -1.7058444559e+01    9.1630210809e+00    2.4575030403e+00   -1.9515947599e+01    3.2000000000e+01    2.0999959997e-03    6.3085937500e-01
       386   -7.1339226037e+00    5.1339878772e+01   -1.0601872467e+01    3.4679498631e+00    2.3960247998e+00   -1.2997897267e+01    3.2000000000e+01    2.0121900006e-03    6.8164062500e-01
       387   -7.1036537937e+00    5.0842105513e+01   -1.1302974428e+01    4.1993206344e+00    2.4318638932e+00   -1.3734838321e+01    3.2000000000e+01    1.9995060002e-03    6.7578125000e-01
       388   -7.1524748536e+00    5.1531841869e+01   -1.1422928233e+01    4.2704533794e+00    2.3479839243e+00   -1.3770912157e+01    3.2000000000e+01    2.0136790008e-03    6.6992187500e-01
       389   -7.5493250322e+00    5.7443170354e+01   -1.2671670670e+01    5.1223456376e+00    2.4447153862e+00   -1.5116386056e+01    3.2000000000e+01    2.2862000005e-03    6.5234375000e-01
       390   -6.8690638400e+00    4.7374180119e+01   -9.4402508304e+00    2.5711869904e+00    2.0429385807e+00   -1.1483189411e+01    3.2000000000e+01    2.0742620000e-03    6.7187500000e-01
       391   -7.1847220828e+00    5.2233924975e+01   -1.1348220424e+01    4.1634983408e+00    2.4769011086e+00   -1.3825121532e+01    3.2000000000e+01    2.0184400000e-03    6.6601562500e-01
       392   -7.1345069975e+00    5.1351254494e+01   -8.9587079214e+00    1.8242009239e+00    3.0153126341e+00   -1.1974020556e+01    3.2000000000e+01    2.0602610002e-03    7.3437500000e-01
       393   -6.7348670291e+00    4.5508715070e+01   -8.9121672928e+00    2.1773002637e+00    2.2010729621e+00   -1.1113240255e+01    3.2000000000e+01    2.1547520000e-03    7.0898437500e-01
       394   -7.4109337489e+00    5.5872893374e+01   -1.2463748634e+01    5.0528148854e+00    2.4283990068e+00   -1.4892147641e+01    3.2000000000e+01    2.0056759995e-03    6.7382812500e-01
       395   -7.9002036613e+00    6.2989121780e+01   -1.9859008263e+01    1.1958804602e+01    2.6010477909e+00   -2.2460056054e+01    3.2000000000e+01    1.9857339994e-03    6.4843750000e-01
       396   -7.1365542705e+00    5.1366722073e+01   -1.0577822448e+01    3.4412681775e+00    2.4227436115e+00   -1.3000566059e+01    3.2000000000e+01    2.2158479997e-03    6.8359375000e-01
       397   -7.0900280151e+00    5.0937437943e+01   -1.1611204000e+01    4.5211759851e+00    2.1755932868e+00   -1.3786797287e+01    3.2000000000e+01    2.1058499997e-03    7.0312500000e-01
       398   -7.3845487696e+00    5.5527783346e+01   -1.2690036176e+01    5.3054874064e+00    2.1820478685e+00   -1.4872084044e+01    3.2000000000e+01    2.1416250001e-03    6.6992187500e-01
       399   -7.8208483191e+00    6.1810877694e+01   -1.4593647281e+01    6.7727989617e+00    2.5063061982e+00   -1.7099953479e+01    3.2000000000e+01    2.0763960001e-03    6.2109375000e-01
       400   -6.9633026611e+00    4.8754448228e+01   -8.4475504403e+00    1.4842477792e+00    1.7764060272e+00   -1.0223956467e+01    3.2000000000e+01    2.0423589995e-03    7.5976562500e-01
       401   -7.1380596603e+00    5.1264663332e+01   -1.0290043988e+01    3.1519843277e+00    1.8641711490e+00   -1.2154215137e+01    3.2000000000e+01    2.0763340008e-03    6.8750000000e-01
       402   -7.3004188030e+00    5.4130592777e+01   -1.1339456802e+01    4.0390379988e+00    2.4624034699e+00   -1.3801860272e+01    3.2000000000e+01    2.0147670002e-03    6.8164062500e-01
       403   -7.2584610381e+00    5.3248345128e+01   -1.1813280010e+01    4.5548189723e+00    2.3276062747e+00   -1.4140886285e+01    3.2000000000e+01    2.0076760002e-03    6.6406250000e-01
       404   -7.0887599843e+00    5.0948372482e+01   -1.1220480125e+01    4.1317201405e+00    2.3536655815e+00   -1.3574145706e+01    3.2000000000e+01    2.0011659999e-03    6.8554687500e-01
       405   -7.0920331026e+00    5.0544617335e+01   -1.0071992232e+01    2.9799591297e+00    2.4923085135e+00   -1.2564300746e+01    3.2000000000e+01    2.0537509999e-03    6.9140625000e-01
       406   -7.0494654595e+00    5.0042359243e+01   -1.1028150381e+01    3.9786849213e+00    2.1384499755e+00   -1.3166600356e+01    3.2000000000e+01    2.1976590006e-03    7.1093750000e-01
       407   -7.0816670258e+00    5.0782273124e+01   -1.0025368421e+01    2.9437013952e+00    2.1912648245e+00   -1.2216633246e+01    3.2000000000e+01    2.0221630002e-03    6.8359375000e-01
       408   -7.5243033248e+00    5.7041807949e+01   -1.4430787631e+01    6.9064843062e+00    2.5861386457e+00   -1.7016926277e+01    3.2000000000e+01    2.0102039998e-03    6.7773437500e-01
       409   -7.3073263115e+00    5.4122983479e+01   -1.3011285590e+01    5.7039592787e+00    2.8127605913e+00   -1.5824046182e+01    3.2000000000e+01    2.1077570000e-03    6.3867187500e-01
       410   -7.4215837028e+00    5.5848511894e+01   -1.4846625721e+01    7.4250420187e+00    2.6628830729e+00   -1.7509508794e+01    3.2000000000e+01    1.9780639996e-03    6.3476562500e-01
       411   -7.0666698833e+00    5.0357638794e+01   -1.0907897531e+01    3.8412276478e+00    2.2257701016e+00   -1.3133667633e+01    3.2000000000e+01    1.9840760006e-03    6.4843750000e-01
       412   -7.2546782992e+00    5.3353155855e+01   -1.1964927802e+01    4.7102495027e+00    2.1607984754e+00   -1.4125726277e+01    3.2000000000e+01    3.1319930004e-03    6.7187500000e-01
       413   -7.3254006694e+00    5.4063470620e+01   -1.0391466037e+01    3.0660653678e+00    2.0534185289e+00   -1.2444884566e+01    3.2000000000e+01    2.1799130000e-03    6.9140625000e-01
       414   -7.5394506817e+00    5.7220584167e+01   -1.4344297285e+01    6.8048466035e+00    2.2740662093e+00   -1.6618363494e+01    3.2000000000e+01    2.0908759998e-03    6.3085937500e-01
       415   -7.3397441070e+00    5.5309219305e+01   -1.3651868466e+01    6.3121243586e+00    2.4211959281e+00   -1.6073064394e+01    3.2000000000e+01    2.1778909995e-03    6.9531250000e-01
       416   -7.2197002358e+00    5.2950188318e+01   -1.1854042078e+01    4.6343418425e+00    2.6086789605e+00   -1.4462721039e+01    3.2000000000e+01    2.1380849994e-03    6.6015625000e-01
       417   -7.2163879203e+00    5.2488684835e+01   -1.1114628313e+01    3.8982403929e+00    2.2067841381e+00   -1.3321412451e+01    3.2000000000e+01    2.0463709998e-03    6.9335937500e-01
       418   -7.6199202971e+00    5.8685412513e+01   -1.3873105124e+01    6.2531848273e+00    2.5714038036e+00   -1.6444508928e+01    3.2000000000e+01    1.9836540005e-03    6.5820312500e-01
       419   -7.3310328774e+00    5.4449160833e+01   -1.3225269367e+01    5.8942364894e+00    2.1573758681e+00   -1.5382645235e+01    3.2000000000e+01    2.0121110001e-03    6.8359375000e-01
       420   -7.6050056373e+00    5.8788456952e+01   -1.2672230013e+01    5.0672243758e+00    2.5096716175e+00   -1.5181901631e+01    3.2000000000e+01    2.1421419997e-03    6.7968750000e-01
       421   -7.0646696547e+00    5.0198924782e+01   -1.0348756652e+01    3.2840869973e+00    2.6834079658e+00   -1.3032164618e+01    3.2000000000e+01    2.4399880003e-03    6.5625000000e-01
       422   -7.6147982827e+00    5.8980753912e+01   -1.4992412336e+01    7.3776140530e+00    2.5275154912e+00   -1.7519927827e+01    3.2000000000e+01    2.4231660000e-03    6.4648437500e-01
       423   -7.2108445387e+00    5.2583009497e+01   -1.0608605973e+01    3.3977614338e+00    2.5183564404e+00   -1.3126962413e+01    3.2000000000e+01    2.0967889996e-03    7.1679687500e-01
       424   -6.8819367904e+00    4.7563924292e+01   -9.7226878684e+00    2.8407510780e+00    2.1512676794e+00   -1.1873955548e+01    3.2000000000e+01    2.1597730001e-03    6.8750000000e-01
       425   -7.2903895593e+00    5.3669056485e+01   -1.1980544449e+01    4.6901548898e+00    2.3994439111e+00   -1.4379988360e+01    3.2000000000e+01    2.3327939998e-03    6.6210937500e-01
       426   -7.9902933969e+00    6.5143358013e+01   -1.5036971172e+01    7.0466777755e+00    2.3315606054e+00   -1.7368531778e+01    3.2000000000e+01    2.1390969996e-03    6.6601562500e-01
       427   -7.9917890051e+00    6.5650936293e+01   -1.8911584412e+01    1.0919795407e+01    2.9050896131e+00   -2.1816674025e+01    3.2000000000e+01    1.9728460002e-03    6.2500000000e-01
       428   -7.4610861995e+00    5.6664840141e+01   -1.4667859818e+01    7.2067736188e+00    2.8597391400e+00   -1.7527598958e+01    3.2000000000e+01    2.1576770005e-03    6.6406250000e-01
       429   -7.4327624895e+00    5.5872047660e+01   -1.2118428223e+01    4.6856657336e+00    2.5894689955e+00   -1.4707897219e+01    3.2000000000e+01    2.0834260004e-03    6.6210937500e-01
       430   -7.5516197164e+00    5.7965289443e+01   -1.5663112194e+01    8.1114924777e+00    2.6934847877e+00   -1.8356596982e+01    3.2000000000e+01    2.1236110006e-03    6.8359375000e-01
       431   -7.2702659626e+00    5.3482835165e+01   -1.1276936214e+01    4.0066702515e+00    2.5649286396e+00   -1.3841864854e+01    3.2000000000e+01    2.0983149998e-03    6.6601562500e-01
       432   -7.6366513986e+00    5.9161487482e+01   -2.1732036030e+01    1.4095384631e+01    2.2549322479e+00   -2.3986968278e+01    3.2000000000e+01    2.0699900006e-03    6.9140625000e-01
       433   -7.9666940906e+00    6.4945473312e+01   -2.2994062957e+01    1.5027368866e+01    2.6764127549e+00   -2.5670475712e+01    3.2000000000e+01    1.9586199996e-03    6.2890625000e-01
       434   -7.1387348242e+00    5.1318267887e+01   -1.1480815294e+01    4.3420804700e+00    2.8594760037e+00   -1.4340291298e+01    3.2000000000e+01    1.9908320000e-03    6.5039062500e-01
       435   -7.1688921196e+00    5.2187064372e+01   -1.2039372826e+01    4.8704807061e+00    2.4454474639e+00   -1.4484820290e+01    3.2000000000e+01    2.1369560000e-03    6.7187500000e-01
       436   -8.0402405315e+00    6.6240225477e+01   -1.6033553590e+01    7.9933130585e+00    2.5063448062e+00   -1.8539898396e+01    3.2000000000e+01    2.1544159999e-03    6.6601562500e-01
       437   -7.6919904494e+00    6.0325093084e+01   -1.5615382662e+01    7.9233922129e+00    2.1596074551e+00   -1.7774990117e+01    3.2000000000e+01    2.0020729999e-03    6.5820312500e-01
       438   -8.2203997458e+00    6.9442961794e+01   -1.6612844028e+01    8.3924442819e+00    2.7888723451e+00   -1.9401716373e+01    3.2000000000e+01    1.9782079999e-03    6.5429687500e-01
       439   -6.9990983171e+00    4.9288263489e+01   -8.5283982855e+00    1.5292999685e+00    2.1883228635e+00   -1.0716721149e+01    3.2000000000e+01    2.1384690008e-03    7.2070312500e-01
       440   -7.3579988907e+00    5.4413808215e+01   -1.4715449706e+01    7.3574508148e+00    2.0832831085e+00   -1.6798732814e+01    3.2000000000e+01    2.0200059998e-03    6.5039062500e-01
       441   -7.3908118259e+00    5.5083904221e+01   -1.1808889254e+01    4.4180774280e+00    2.3201103237e+00   -1.4128999578e+01    3.2000000000e+01    1.9715310000e-03    6.5234375000e-01
       442   -7.0736107162e+00    5.0339979255e+01   -1.0552106130e+01    3.4784954141e+00    2.2213167784e+00   -1.2773422909e+01    3.2000000000e+01    2.0322060000e-03    6.7968750000e-01
       443   -7.2703174178e+00    5.3592700648e+01   -1.1292225587e+01    4.0219081694e+00    2.3154839256e+00   -1.3607709513e+01    3.2000000000e+01    2.6156969998e-03    6.8164062500e-01
       444   -7.4840146343e+00    5.6561179808e+01   -1.9596010684e+01    1.2111996049e+01    2.4313248540e+00   -2.2027335538e+01    3.2000000000e+01    3.9994059998e-03    6.6992187500e-01
       445   -7.1506659932e+00    5.1405739071e+01   -1.3402495891e+01    6.2518298979e+00    2.5394248649e+00   -1.5941920756e+01    3.2000000000e+01    3.1638609998e-03    6.3671875000e-01
       446   -7.5503868091e+00    5.8014745662e+01   -1.3746829069e+01    6.1964422599e+00    2.5044715148e+00   -1.6251300584e+01    3.2000000000e+01    2.1456329996e-03    6.7773437500e-01
       447   -7.7123358640e+00    6.0359824502e+01   -3.0272676031e+01    2.2560340167e+01    2.3935732647e+00   -3.2666249296e+01    3.2000000000e+01    2.1481199992e-03    6.4648437500e-01
       448   -7.0964851452e+00    5.0774791011e+01   -1.0137789518e+01    3.0413043730e+00    2.0160356074e+00   -1.2153825126e+01    3.2000000000e+01    2.0212939999e-03    6.8554687500e-01
       449   -7.3693867379e+00    5.4769147726e+01   -1.1102939591e+01    3.7335528529e+00    2.4852049893e+00   -1.3588144580e+01    3.2000000000e+01    2.0252280001e-03    6.9140625000e-01
       450   -7.6096736211e+00    5.8678528487e+01   -1.6481234679e+01    8.8715610580e+00    2.7489734884e+00   -1.9230208167e+01    3.2000000000e+01    2.8936710005e-03    6.3867187500e-01
       451   -7.1147545221e+00    5.1173411969e+01   -1.1654937370e+01    4.5401828475e+00    2.5638294062e+00   -1.4218766776e+01    3.2000000000e+01    4.1056390000e-03    6.9531250000e-01
       452   -7.9775486709e+00    6.4545037352e+01   -1.9968088944e+01    1.1990540273e+01    2.7728126022e+00   -2.2740901546e+01    3.2000000000e+01    2.1096149994e-03    6.3476562500e-01
       453   -7.3826502534e+00    5.4856568121e+01   -1.2788380797e+01    5.4057305435e+00    2.2493422297e+00   -1.5037723027e+01    3.2000000000e+01    2.0001499997e-03    6.5429687500e-01
       454   -7.4443274878e+00    5.5642851544e+01   -1.2423254606e+01    4.9789271185e+00    2.4789674031e+00   -1.4902222009e+01    3.2000000000e+01    1.9825420004e-03    6.6210937500e-01
       455   -6.8851914483e+00    4.7662200331e+01   -9.4409511294e+00    2.5557596811e+00    2.3532282914e+00   -1.1794179421e+01    3.2000000000e+01    2.4116630002e-03    7.1484375000e-01
       456   -7.3017800012e+00    5.3838977316e+01   -1.1520893904e+01    4.2191139023e+00    2.5657711832e+00   -1.4086665087e+01    3.2000000000e+01    2.9324600000e-03    6.3476562500e-01
       457   -8.4982680492e+00    7.3633983733e+01   -2.4796847267e+01    1.6298579218e+01    3.3341019979e+00   -2.8130949265e+01    3.2000000000e+01    3.8794419997e-03    5.5078125000e-01
       458   -7.4710123721e+00    5.6403106464e+01   -1.5008045106e+01    7.5370327340e+00    2.5834909317e+00   -1.7591536038e+01    3.2000000000e+01    2.5002750008e-03    6.4648437500e-01
       459   -7.0985636949e+00    5.0790305135e+01   -1.1815107918e+01    4.7165442226e+00    2.1331655419e+00   -1.3948273459e+01    3.2000000000e+01    2.1329920000e-03    6.8554687500e-01
       460   -7.1369058761e+00    5.1216132957e+01   -1.1075045643e+01    3.9381397672e+00    2.3879901676e+00   -1.3463035811e+01    3.2000000000e+01    1.9910730007e-03    6.6406250000e-01
       461   -7.4713070489e+00    5.6799983318e+01   -1.3025238090e+01    5.5539310413e+00    2.3635545868e+00   -1.5388792677e+01    3.2000000000e+01    2.0092000004e-03    6.6601562500e-01
       462   -7.0825831525e+00    5.0585812979e+01   -9.3119520020e+00    2.2293688495e+00    1.7068793394e+00   -1.1018831341e+01    3.2000000000e+01    1.9823819994e-03    6.8945312500e-01
       463   -7.5292237347e+00    5.7147325347e+01   -1.4386886114e+01    6.8576623798e+00    2.4684670818e+00   -1.6855353196e+01    3.2000000000e+01    3.1926399997e-03    6.8554687500e-01
       464   -7.9063651953e+00    6.3806319509e+01   -1.4820432562e+01    6.9140673663e+00    2.5563955439e+00   -1.7376828106e+01    3.2000000000e+01    4.0865289993e-03    6.6601562500e-01
       465   -7.5562448750e+00    5.7798289196e+01   -1.3472656376e+01    5.9164115006e+00    2.4423717407e+00   -1.5915028116e+01    3.2000000000e+01    2.5884850002e-03    7.0898437500e-01
       466   -8.4016661341e+00    7.1593271028e+01   -2.1111149322e+01    1.2709483188e+01    2.8777232519e+00   -2.3988872574e+01    3.2000000000e+01    1.9586419994e-03    6.0742187500e-01
       467   -7.3663061514e+00    5.4764520079e+01   -1.2314582680e+01    4.9482765288e+00    2.7471277206e+00   -1.5061710401e+01    3.2000000000e+01    2.0557030002e-03    6.4843750000e-01
       468   -6.9565718552e+00    4.8685400884e+01   -9.1103785695e+00    2.1538067143e+00    2.1651467133e+00   -1.1275525283e+01    3.2000000000e+01    2.0934830000e-03    7.1093750000e-01
       469   -7.3444455791e+00    5.4756066244e+01   -1.0311392179e+01    2.9669465999e+00    2.2875807689e+00   -1.2598972948e+01    3.2000000000e+01    3.3260179998e-03    6.9726562500e-01
       470   -7.1113403675e+00    5.0838828004e+01   -1.1110160570e+01    3.9988202022e+00    1.9566127131e+00   -1.3066773283e+01    3.2000000000e+01    3.8938839998e-03    6.8554687500e-01
       471   -7.1248926105e+00    5.1148754877e+01   -1.0226643731e+01    3.1017511206e+00    2.1382103897e+00   -1.2364854121e+01    3.2000000000e+01    2.1251780008e-03    6.7578125000e-01
       472   -7.6094210884e+00    5.8867996695e+01   -1.3889129119e+01    6.2797080306e+00    2.5561955403e+00   -1.6445324659e+01    3.2000000000e+01    1.9908679997e-03    6.3085937500e-01
       473   -7.4231660992e+00    5.5753709021e+01   -1.4234039037e+01    6.8108729379e+00    2.4605595265e+00   -1.6694598564e+01    3.2000000000e+01    2.0057020001e-03    6.7773437500e-01
       474   -7.2412486498e+00    5.3271126867e+01   -1.1328213024e+01    4.0869643745e+00    2.6528188239e+00   -1.3981031848e+01    3.2000000000e+01    2.0215659997e-03    6.9335937500e-01
       475   -7.2621547875e+00    5.3208692838e+01   -1.0577982743e+01    3.3158279554e+00    2.3125954930e+00   -1.2890578236e+01    3.2000000000e+01    2.0053270000e-03    6.7773437500e-01
       476   -7.3155494352e+00    5.3879413900e+01   -1.3845364714e+01    6.5298152786e+00    2.3853381091e+00   -1.6230702823e+01    3.2000000000e+01    3.9191940004e-03    6.3867187500e-01
       477   -6.9931605592e+00    4.9292886740e+01   -8.7100327683e+00    1.7168722091e+00    2.1858390873e+00   -1.0895871856e+01    3.2000000000e+01    3.0743509997e-03    6.9531250000e-01
       478   -7.0667756287e+00    5.0355728466e+01   -1.0706559066e+01    3.6397834374e+00    2.1681510360e+00   -1.2874710102e+01    3.2000000000e+01    2.1417759999e-03    6.9726562500e-01
       479   -7.6913759969e+00    5.9880188919e+01   -1.4150187776e+01    6.4588117796e+00    2.3883575334e+00   -1.6538545310e+01    3.2000000000e+01    2.0190679998e-03    6.7578125000e-01
       480   -6.9818804445e+00    4.9082530611e+01   -1.0649164388e+01    3.6672839434e+00    2.4403307275e+00   -1.3089495115e+01    3.2000000000e+01    1.9878769999e-03    6.6406250000e-01
       481   -7.2125666056e+00    5.2593233289e+01   -1.1300299255e+01    4.0877326490e+00    2.0125970648e+00   -1.3312896319e+01    3.2000000000e+01    2.1886169998e-03    7.1289062500e-01
       482   -7.1461348639e+00    5.1362408483e+01   -1.1025042878e+01    3.8789080140e+00    2.5183841644e+00   -1.3543427042e+01    3.2000000000e+01    2.2284159995e-03    6.5820312500e-01
       483   -6.9138954372e+00    4.8170316708e+01   -1.0380552609e+01    3.4666571713e+00    2.0781220653e+00   -1.2458674674e+01    3.2000000000e+01    4.0301019999e-03    6.8554687500e-01
       484   -7.2486409283e+00    5.3089985186e+01   -1.1035803356e+01    3.7871624277e+00    2.5945715063e+00   -1.3630374862e+01    3.2000000000e+01    3.0013039996e-03    6.4648437500e-01
       485   -8.3125659107e+00    7.0456702230e+01   -1.8934224558e+01    1.0621658648e+01    2.8645897011e+00   -2.1798814260e+01    3.2000000000e+01    2.0236119999e-03    6.3476562500e-01
       486   -7.1580931131e+00    5.2265255301e+01   -1.1145289320e+01    3.9871962067e+00    2.3186388621e+00   -1.3463928182e+01    3.2000000000e+01    2.1481249996e-03    6.7578125000e-01
       487   -7.5397939741e+00    5.7623599399e+01   -1.4473012015e+01    6.9332180408e+00    2.9671993388e+00   -1.7440211354e+01    3.2000000000e+01    1.9659070003e-03    6.2109375000e-01
       488   -7.4674197651e+00    5.6449202317e+01   -1.2976883200e+01    5.5094634351e+00    2.4208085178e+00   -1.5397691718e+01    3.2000000000e+01    1.9900470006e-03    6.5625000000e-01
       489   -7.0090979620e+00    4.9594729802e+01   -1.0247930087e+01    3.2388321253e+00    2.8425723775e+00   -1.3090502465e+01    3.2000000000e+01    3.8212720001e-03    6.5429687500e-01
       490   -7.3957676769e+00    5.5089011335e+01   -1.1464443603e+01    4.0686759264e+00    2.2620562191e+00   -1.3726499822e+01    3.2000000000e+01    2.9697990003e-03    6.5625000000e-01
       491   -7.3838534258e+00    5.5621880940e+01   -1.5787540230e+01    8.4036868037e+00    2.5680268161e+00   -1.8355567046e+01    3.2000000000e+01    2.1564019999e-03    6.6601562500e-01
       492   -7.6445216828e+00    5.9355804811e+01   -1.4871892382e+01    7.2273706993e+00    2.8794759749e+00   -1.7751368357e+01    3.2000000000e+01    1.9993910000e-03    6.3867187500e-01
       493   -7.6605363680e+00    6.0381104035e+01   -1.2440558209e+01    4.7800218415e+00    2.8048487318e+00   -1.5245406941e+01    3.2000000000e+01    2.0070139999e-03    6.7968750000e-01
       494   -6.8997836979e+00    4.7781162386e+01   -1.0434793174e+01    3.5350094762e+00    2.2568547311e+00   -1.2691647905e+01    3.2000000000e+01    2.2776759997e-03    6.5039062500e-01
       495   -7.5826691039e+00    5.8114082703e+01   -3.0807385393e+01    2.3224716289e+01    2.6440375908e+00   -3.3451422984e+01    3.2000000000e+01    2.6936620006e-03    6.4453125000e-01
       496   -7.1148401599e+00    5.0995514294e+01   -1.1345929942e+01    4.2310897821e+00    2.3441416663e+00   -1.3690071608e+01    3.2000000000e+01    4.0355980000e-03    6.6406250000e-01
       497   -7.5680864447e+00    5.8168342963e+01   -1.5826954145e+01    8.2588677000e+00    2.2839508238e+00   -1.8110904968e+01    3.2000000000e+01    3.3455820003e-03    6.8750000000e-01
       498   -7.1820546605e+00    5.2021361340e+01   -9.7488366516e+00    2.5667819911e+00    2.6990795753e+00   -1.2447916227e+01    3.2000000000e+01    2.5215969999e-03    6.8359375000e-01
       499   -7.7365646335e+00    6.0844743329e+01   -1.4111630376e+01    6.3750657425e+00    2.4255473992e+00   -1.6537177775e+01    3.2000000000e+01    3.4217640004e-03    6.3085937500e-01
