#   index    LocalEnergy         LocalEnergy_sq      LocalPotential      Kinetic             ElecElec            IonElec             BlockWeight         BlockCPU            AcceptRatio         
         0   -7.5288689721e+00    5.6784296666e+01   -1.0271010617e+01    2.7421416449e+00    1.8990408067e+00   -1.2170051424e+01    3.2000000000e+01    2.1188080000e-03    6.6015625000e-01
         1   -7.4741111205e+00    5.5976630703e+01   -1.5067014267e+01    7.5929031461e+00    2.6671522664e+00   -1.7734166533e+01    3.2000000000e+01    1.9071999996e-03    6.2890625000e-01
         2   -7.6186099906e+00    5.8328019874e+01   -1.5217928154e+01    7.5993181639e+00    2.7242877044e+00   -1.7942215859e+01    3.2000000000e+01    1.9845229999e-03    6.2109375000e-01
         3   -7.4961503216e+00    5.6531111985e+01   -1.3183792313e+01    5.6876419911e+00    2.7652561782e+00   -1.5949048491e+01    3.2000000000e+01    1.9778099995e-03    6.4648437500e-01
         4   -7.2979631326e+00    5.3329590023e+01   -1.2154067510e+01    4.8561043774e+00    2.4825828855e+00   -1.4636650395e+01    3.2000000000e+01    1.9862970003e-03    6.7382812500e-01
         5   -7.4173318398e+00    5.5099913235e+01   -1.0660455449e+01    3.2431236093e+00    2.2367094399e+00   -1.2897164889e+01    3.2000000000e+01    2.0030490005e-03    6.7968750000e-01
         6   -7.6090327930e+00    5.8139563459e+01   -1.4661474922e+01    7.0524421286e+00    3.0000584927e+00   -1.7661533414e+01    3.2000000000e+01    1.9638260001e-03    6.4453125000e-01
         7   -7.4080842131e+00    5.4975804159e+01   -9.6423764202e+00    2.2342922071e+00    2.1976671607e+00   -1.1840043581e+01    3.2000000000e+01    2.0666869996e-03    6.6796875000e-01
         8   -7.6449930006e+00    5.8643896685e+01   -5.1487999038e+01    4.3843006038e+01    2.0641632503e+00   -5.3552162289e+01    3.2000000000e+01    2.0694460000e-03    6.4843750000e-01
         9   -7.3769891097e+00    5.4549247497e+01   -1.8407774913e+01    1.1030785804e+01    2.3909655665e+00   -2.0798740480e+01    3.2000000000e+01    1.9334440003e-03    6.2109375000e-01
        10   -7.4656256653e+00    5.5870914908e+01   -1.0234491477e+01    2.7688658118e+00    2.4429123194e+00   -1.2677403796e+01    3.2000000000e+01    2.0347979998e-03    6.7578125000e-01
        11   -7.4061433702e+00    5.5070231681e+01   -3.1963210646e+01    2.4557067276e+01    3.2202141398e+00   -3.5183424786e+01    3.2000000000e+01    1.9747860006e-03    6.4257812500e-01
        12   -7.4835226248e+00    5.6132226420e+01   -1.7856663255e+01    1.0373140630e+01    3.0167303601e+00   -2.0873393615e+01    3.2000000000e+01    1.9466300000e-03    6.3281250000e-01
        13   -7.2056225544e+00    5.2069254635e+01   -1.2793658345e+01    5.5880357910e+00    2.7984078671e+00   -1.5592066212e+01    3.2000000000e+01    1.9869270000e-03    6.5429687500e-01
        14   -7.5676656574e+00    5.7553737977e+01   -1.2811833687e+01    5.2441680296e+00    2.8398123254e+00   -1.5651646012e+01    3.2000000000e+01    2.1254380008e-03    6.4843750000e-01
        15   -7.3459811745e+00    5.4091187862e+01   -1.0882688713e+01    3.5367075390e+00    2.4256559946e+00   -1.3308344708e+01    3.2000000000e+01    2.0246869999e-03    6.6015625000e-01
        16   -7.5442145806e+00    5.7243668693e+01   -1.3732272365e+01    6.1880577841e+00    2.9221892939e+00   -1.6654461659e+01    3.2000000000e+01    2.0490580000e-03    6.1914062500e-01
        17   -7.4457035573e+00    5.5630066353e+01   -1.0992512030e+01    3.5468084729e+00    2.6669335513e+00   -1.3659445581e+01    3.2000000000e+01    2.0056490002e-03    6.9140625000e-01
        18   -7.5720519217e+00    5.7542398756e+01   -1.6990804779e+01    9.4187528577e+00    3.1112684481e+00   -2.0102073228e+01    3.2000000000e+01    1.9659669997e-03    6.3671875000e-01
        19   -7.3580293433e+00    5.4247528857e+01   -1.1312909808e+01    3.9548804643e+00    2.1080332483e+00   -1.3420943056e+01    3.2000000000e+01    1.9743660005e-03    6.7187500000e-01
        20   -7.4075037463e+00    5.5186005430e+01   -1.3023074029e+01    5.6155702831e+00    2.7553571921e+00   -1.5778431221e+01    3.2000000000e+01    1.9692830001e-03    6.3867187500e-01
        21   -7.5755697806e+00    5.7727646038e+01   -1.5562217423e+01    7.9866476426e+00    2.3724899676e+00   -1.7934707391e+01    3.2000000000e+01    1.9655390006e-03    6.1914062500e-01
        22   -7.6640478282e+00    5.9067604833e+01   -2.7927241511e+01    2.0263193682e+01    2.5597080335e+00   -3.0486949544e+01    3.2000000000e+01    1.9499489999e-03    6.2304687500e-01
        23   -7.1111098638e+00    5.0752413908e+01   -1.7521084113e+01    1.0409974249e+01    2.6217265356e+00   -2.0142810648e+01    3.2000000000e+01    2.0693170000e-03    6.2500000000e-01
        24   -7.0769478920e+00    5.0248565036e+01   -8.8129927908e+00    1.7360448988e+00    1.9651760130e+00   -1.0778168804e+01    3.2000000000e+01    2.0235499996e-03    6.7968750000e-01
        25   -7.3335292043e+00    5.3879677155e+01   -1.0367266324e+01    3.0337371192e+00    2.2147971580e+00   -1.2582063482e+01    3.2000000000e+01    2.0137600004e-03    6.5234375000e-01
        26   -7.2781461801e+00    5.3080809195e+01   -1.1425422425e+01    4.1472762451e+00    2.2373424991e+00   -1.3662764924e+01    3.2000000000e+01    1.9632180001e-03    6.5234375000e-01
        27   -7.9887969138e+00    6.4408348518e+01   -1.5174871016e+01    7.1860741020e+00    2.5985184289e+00   -1.7773389445e+01    3.2000000000e+01    2.0156170003e-03    6.6601562500e-01
        28   -7.8202621798e+00    6.1575342390e+01   -1.7548998107e+01    9.7287359271e+00    2.7597567307e+00   -2.0308754838e+01    3.2000000000e+01    1.9612990000e-03    6.2304687500e-01
        29   -7.3605610507e+00    5.4290173526e+01   -1.1359063741e+01    3.9985026903e+00    2.7732884302e+00   -1.4132352171e+01    3.2000000000e+01    1.9920290006e-03    6.6015625000e-01
        30   -7.2906392306e+00    5.3294258656e+01   -1.1782309925e+01    4.4916706944e+00    2.4484961627e+00   -1.4230806088e+01    3.2000000000e+01    2.1102840001e-03    6.5039062500e-01
        31   -7.1579852567e+00    5.1372633157e+01   -1.3752439811e+01    6.5944545544e+00    2.7498626784e+00   -1.6502302490e+01    3.2000000000e+01    2.0596220002e-03    6.5625000000e-01
        32   -7.4259499991e+00    5.5458375905e+01   -2.3021265254e+01    1.5595315255e+01    3.3752226484e+00   -2.6396487902e+01    3.2000000000e+01    2.1325940006e-03    5.7031250000e-01
        33   -7.3297030331e+00    5.3800949205e+01   -1.0444608209e+01    3.1149051759e+00    2.3569716043e+00   -1.2801579813e+01    3.2000000000e+01    2.0619349998e-03    6.4453125000e-01
        34   -7.4077178892e+00    5.5012819155e+01   -1.4505450242e+01    7.0977323524e+00    2.9479977021e+00   -1.7453447944e+01    3.2000000000e+01    1.9661810002e-03    6.2890625000e-01
        35   -7.5324524993e+00    5.6957779487e+01   -2.4943041993e+01    1.7410589494e+01    2.8984937471e+00   -2.7841535740e+01    3.2000000000e+01    1.9637979995e-03    6.0742187500e-01
        36   -7.3858627235e+00    5.4696339229e+01   -2.2143128895e+01    1.4757266172e+01    3.1110005353e+00   -2.5254129431e+01    3.2000000000e+01    1.9370199998e-03    5.9960937500e-01
        37   -7.2101676534e+00    5.2150346465e+01   -1.3137165473e+01    5.9269978199e+00    2.8167288163e+00   -1.5953894290e+01    3.2000000000e+01    1.9362220000e-03    6.1328125000e-01
        38   -7.4017902869e+00    5.4864594773e+01   -9.4614707881e+00    2.0596805013e+00    2.5084749853e+00   -1.1969945773e+01    3.2000000000e+01    2.0008020001e-03    6.7773437500e-01
        39   -7.3838182012e+00    5.4741615627e+01   -1.1604316314e+01    4.2204981130e+00    2.5458963242e+00   -1.4150212638e+01    3.2000000000e+01    2.0889170000e-03    6.7382812500e-01
        40   -7.6737483649e+00    5.9161467683e+01   -1.5654566964e+01    7.9808185991e+00    2.4026036127e+00   -1.8057170577e+01    3.2000000000e+01    1.9404549994e-03    6.1132812500e-01
        41   -7.4937153033e+00    5.6370846551e+01   -1.6743899202e+01    9.2501838985e+00    3.1943557767e+00   -1.9938254978e+01    3.2000000000e+01    1.9405670000e-03    6.0546875000e-01
        42   -7.3006222642e+00    5.3392293189e+01   -1.4428028056e+01    7.1274057921e+00    3.0081069835e+00   -1.7436135040e+01    3.2000000000e+01    1.9242509998e-03    5.9960937500e-01
        43   -7.4120193150e+00    5.5198237830e+01   -1.3595368943e+01    6.1833496280e+00    2.5567143323e+00   -1.6152083275e+01    3.2000000000e+01    2.0030099995e-03    6.5820312500e-01
        44   -7.5598706777e+00    5.7445069894e+01   -2.4144651244e+01    1.6584780567e+01    2.7222829291e+00   -2.6866934173e+01    3.2000000000e+01    2.0035530006e-03    6.4453125000e-01
        45   -7.5138579220e+00    5.6623033791e+01   -2.1565608394e+01    1.4051750472e+01    2.5350615974e+00   -2.4100669991e+01    3.2000000000e+01    1.9337049998e-03    6.3085937500e-01
        46   -7.8432724332e+00    6.1930197937e+01   -1.7387480375e+01    9.5442079415e+00    2.8069688846e+00   -2.0194449259e+01    3.2000000000e+01    2.0831910006e-03    6.2304687500e-01
        47   -7.4623330745e+00    5.6083967494e+01   -1.4104240574e+01    6.6419074998e+00    2.2352395526e+00   -1.6339480127e+01    3.2000000000e+01    2.2062930002e-03    6.4453125000e-01
        48   -7.5731423189e+00    5.7495934061e+01   -1.1046452049e+01    3.4733097298e+00    2.4745017642e+00   -1.3520953813e+01    3.2000000000e+01    2.1258540000e-03    6.7187500000e-01
        49   -7.2902032907e+00    5.3249240360e+01   -1.4159584194e+01    6.8693809029e+00    2.7873922123e+00   -1.6946976406e+01    3.2000000000e+01    2.0741549997e-03    6.4453125000e-01
        50   -7.7750104830e+00    6.0863911823e+01   -1.4118413796e+01    6.3434033135e+00    2.4508816744e+00   -1.6569295471e+01    3.2000000000e+01    1.9667799997e-03    6.5039062500e-01
        51   -7.5130233278e+00    5.6749876294e+01   -1.1604720725e+01    4.0916973976e+00    2.3902480057e+00   -1.3994968731e+01    3.2000000000e+01    2.0113240007e-03    6.5039062500e-01
        52   -7.5032497362e+00    5.6440802428e+01   -1.3096062000e+01    5.5928122640e+00    2.6177645898e+00   -1.5713826590e+01    3.2000000000e+01    2.0021649998e-03    6.6601562500e-01
        53   -7.5570243932e+00    5.7256283978e+01   -1.1370783386e+01    3.8137589923e+00    2.2189505773e+00   -1.3589733963e+01    3.2000000000e+01    1.9693360000e-03    6.6601562500e-01
        54   -7.7158760431e+00    5.9835020047e+01   -2.5623675061e+01    1.7907799018e+01    3.6585454663e+00   -2.9282220527e+01    3.2000000000e+01    1.9115159994e-03    6.0351562500e-01
        55   -7.3828380657e+00    5.4653105475e+01   -1.4699377632e+01    7.3165395664e+00    2.7687788559e+00   -1.7468156488e+01    3.2000000000e+01    1.9878720004e-03    6.4843750000e-01
        56   -7.5143187770e+00    5.6688229340e+01   -1.4278617642e+01    6.7642988651e+00    2.8282798803e+00   -1.7106897522e+01    3.2000000000e+01    2.2270390000e-03    6.4843750000e-01
        57   -7.3770134723e+00    5.4488711189e+01   -1.3532286114e+01    6.1552726415e+00    2.6695520484e+00   -1.6201838162e+01    3.2000000000e+01    2.0137100000e-03    6.2304687500e-01
        58   -7.4243655249e+00    5.5214004313e+01   -1.0751911867e+01    3.3275463422e+00    2.6337207949e+00   -1.3385632662e+01    3.2000000000e+01    1.9712980002e-03    6.5039062500e-01
        59   -7.8298109442e+00    6.1861732065e+01   -1.7111860536e+01    9.2820495919e+00    2.9271586216e+00   -2.0039019158e+01    3.2000000000e+01    2.0091879996e-03    6.4257812500e-01
        60   -8.0227064227e+00    6.4809232320e+01   -1.5812364917e+01    7.7896584944e+00    3.7919520784e+00   -1.9604316995e+01    3.2000000000e+01    1.9427580000e-03    6.2109375000e-01
        61   -7.4857151637e+00    5.6172755094e+01   -1.5957642039e+01    8.4719268752e+00    3.1462080099e+00   -1.9103850049e+01    3.2000000000e+01    1.9225329997e-03    6.1132812500e-01
        62   -7.3707118321e+00    5.4482473684e+01   -1.0833589652e+01    3.4628778195e+00    1.9130275770e+00   -1.2746617229e+01    3.2000000000e+01    1.9977739994e-03    6.7578125000e-01
        63   -7.4133506532e+00    5.5165727187e+01   -9.8475837619e+00    2.4342331086e+00    2.2487488361e+00   -1.2096332598e+01    3.2000000000e+01    2.1111970000e-03    6.6601562500e-01
        64   -7.1816782360e+00    5.1720327730e+01   -9.8178462416e+00    2.6361680056e+00    2.3026666753e+00   -1.2120512917e+01    3.2000000000e+01    2.0745080001e-03    6.7578125000e-01
        65   -7.1985063589e+00    5.1970175198e+01   -1.2648857260e+01    5.4503509006e+00    2.5452603448e+00   -1.5194117604e+01    3.2000000000e+01    2.0659239999e-03    6.3476562500e-01
        66   -7.4868426649e+00    5.6283274187e+01   -1.4669638254e+01    7.1827955892e+00    2.2668258012e+00   -1.6936464055e+01    3.2000000000e+01    1.9856640001e-03    6.7382812500e-01
        67   -7.4263536955e+00    5.5307896891e+01   -1.0729850656e+01    3.3034969610e+00    2.9861291220e+00   -1.3715979778e+01    3.2000000000e+01    1.9683740002e-03    6.4648437500e-01
        68   -7.5062780318e+00    5.6421067099e+01   -2.3037625584e+01    1.5531347552e+01    2.2724883526e+00   -2.5310113936e+01    3.2000000000e+01    2.0424880004e-03    6.2890625000e-01
        69   -7.3895621138e+00    5.4792404931e+01   -1.3310859919e+01    5.9212978050e+00    2.7522461676e+00   -1.6063106086e+01    3.2000000000e+01    1.9666210001e-03    6.3085937500e-01
        70   -7.2846776000e+00    5.3218338507e+01   -1.1801390145e+01    4.5167125451e+00    2.4914089569e+00   -1.4292799102e+01    3.2000000000e+01    1.9660620001e-03    6.3476562500e-01
        71   -7.4803993023e+00    5.6043701296e+01   -1.3050964924e+01    5.5705656221e+00    2.3512316003e+00   -1.5402196525e+01    3.2000000000e+01    1.9672660001e-03    6.4648437500e-01
        72   -7.4504483368e+00    5.5653585961e+01   -1.1770223857e+01    4.3197755198e+00    2.1212944430e+00   -1.3891518300e+01    3.2000000000e+01    2.0455109998e-03    6.6992187500e-01
        73   -7.4687188612e+00    5.6066281633e+01   -1.3957490559e+01    6.4887716978e+00    2.1351276150e+00   -1.6092618174e+01    3.2000000000e+01    1.9206749994e-03    6.3085937500e-01
        74   -7.5490596476e+00    5.7262366564e+01   -1.5924330618e+01    8.3752709708e+00    2.7625243924e+00   -1.8686855011e+01    3.2000000000e+01    1.9386390004e-03    5.9960937500e-01
        75   -7.8647588216e+00    6.2299036894e+01   -1.8594793077e+01    1.0730034256e+01    2.5425320568e+00   -2.1137325134e+01    3.2000000000e+01    1.9409870001e-03    6.1718750000e-01
        76   -7.4380476717e+00    5.5480160702e+01   -1.3097939743e+01    5.6598920711e+00    2.8649081863e+00   -1.5962847929e+01    3.2000000000e+01    1.9762590000e-03    6.4257812500e-01
        77   -7.6976578857e+00    5.9579464280e+01   -2.0798658054e+01    1.3101000168e+01    2.6478946921e+00   -2.3446552746e+01    3.2000000000e+01    1.9769649998e-03    6.4648437500e-01
        78   -7.5919760407e+00    5.7873021085e+01   -2.7459989147e+01    1.9868013107e+01    2.7201872260e+00   -3.0180176373e+01    3.2000000000e+01    1.9463029994e-03    6.3476562500e-01
        79   -7.3441216406e+00    5.4094990790e+01   -1.2734114431e+01    5.3899927902e+00    2.3858484338e+00   -1.5119962865e+01    3.2000000000e+01    2.3130159998e-03    6.5625000000e-01
        80   -7.4541438512e+00    5.5712251064e+01   -1.5974011616e+01    8.5198677647e+00    2.5873762220e+00   -1.8561387838e+01    3.2000000000e+01    2.1752010007e-03    6.5625000000e-01
        81   -7.2384939371e+00    5.2478292226e+01   -1.1815791626e+01    4.5772976894e+00    2.3552281301e+00   -1.4171019757e+01    3.2000000000e+01    2.2783180002e-03    6.5429687500e-01
        82   -7.5316319608e+00    5.7002266914e+01   -1.0701958783e+01    3.1703268226e+00    2.5690347110e+00   -1.3270993494e+01    3.2000000000e+01    1.9996339997e-03    6.5820312500e-01
        83   -7.2961879896e+00    5.3307583237e+01   -1.4565803751e+01    7.2696157617e+00    2.8914103120e+00   -1.7457214063e+01    3.2000000000e+01    1.9562030002e-03    6.1328125000e-01
        84   -7.3901996090e+00    5.4712964255e+01   -1.6537774696e+01    9.1475750874e+00    2.7789341782e+00   -1.9316708875e+01    3.2000000000e+01    1.9865190006e-03    6.3085937500e-01
        85   -7.3228063348e+00    5.3738734782e+01   -1.1865672148e+01    4.5428658134e+00    2.6504295761e+00   -1.4516101724e+01    3.2000000000e+01    1.9831830004e-03    6.5234375000e-01
        86   -7.1738835777e+00    5.1631314311e+01   -1.2842069314e+01    5.6681857358e+00    2.4655503085e+00   -1.5307619622e+01    3.2000000000e+01    1.9552430003e-03    6.3281250000e-01
        87   -7.3386589840e+00    5.4023825171e+01   -1.2003624499e+01    4.6649655146e+00    2.6680949987e+00   -1.4671719497e+01    3.2000000000e+01    1.9566330002e-03    6.2500000000e-01
        88   -7.6414490812e+00    5.8779094233e+01   -1.4197994031e+01    6.5565449495e+00    3.1357378993e+00   -1.7333731930e+01    3.2000000000e+01    1.9749850007e-03    6.4843750000e-01
        89   -7.3117562506e+00    5.3641380932e+01   -1.2739103079e+01    5.4273468280e+00    2.4807880662e+00   -1.5219891145e+01    3.2000000000e+01    1.9590219999e-03    6.3867187500e-01
        90   -7.4824091293e+00    5.6141257281e+01   -1.2813434644e+01    5.3310255147e+00    2.4805593717e+00   -1.5293994016e+01    3.2000000000e+01    1.9810100002e-03    6.6992187500e-01
        91   -7.5017594287e+00    5.6507233783e+01   -2.0163261934e+01    1.2661502505e+01    2.5238743846e+00   -2.2687136318e+01    3.2000000000e+01    1.9598939998e-03    6.4648437500e-01
        92   -7.3374764395e+00    5.3920689163e+01   -1.0643826091e+01    3.3063496511e+00    2.4709462593e+00   -1.3114772350e+01    3.2000000000e+01    2.0142960002e-03    6.7382812500e-01
        93   -7.2998232843e+00    5.3380883192e+01   -1.1986094933e+01    4.6862716488e+00    2.3453952436e+00   -1.4331490177e+01    3.2000000000e+01    1.9978299997e-03    6.6992187500e-01
        94   -7.5914092609e+00    5.7805441700e+01   -2.1695063559e+01    1.4103654298e+01    2.5897358660e+00   -2.4284799425e+01    3.2000000000e+01    1.9704280003e-03    6.5039062500e-01
        95   -7.4606057227e+00    5.5922795725e+01   -2.2312170102e+01    1.4851564380e+01    3.2483036871e+00   -2.5560473789e+01    3.2000000000e+01    1.9135809998e-03    5.7812500000e-01
        96   -7.4776449254e+00    5.6104062303e+01   -1.8541735710e+01    1.1064090785e+01    2.5747173022e+00   -2.1116453013e+01    3.2000000000e+01    2.0412230006e-03    6.4062500000e-01
        97   -7.4272696874e+00    5.5332987072e+01   -1.4695050116e+01    7.2677804285e+00    2.6803569219e+00   -1.7375407038e+01    3.2000000000e+01    2.0220079996e-03    6.6796875000e-01
        98   -7.1827545128e+00    5.1690983230e+01   -1.7376147572e+01    1.0193393059e+01    3.3000130445e+00   -2.0676160617e+01    3.2000000000e+01    2.0508549997e-03    5.6054687500e-01
        99   -7.4516989130e+00    5.5659743197e+01   -1.2505885379e+01    5.0541864655e+00    2.4163764888e+00   -1.4922261867e+01    3.2000000000e+01    1.9854900002e-03    6.7382812500e-01
       100   -7.3536055589e+00    5.4180562349e+01   -1.3487981598e+01    6.1343760386e+00    2.6200056604e+00   -1.6107987258e+01    3.2000000000e+01    2.0044799994e-03    6.4453125000e-01
       101   -7.6776442928e+00    5.9556385916e+01   -1.8148502445e+01    1.0470858152e+01    3.1109766673e+00   -2.1259479112e+01    3.2000000000e+01    1.9370209993e-03    6.0937500000e-01
       102   -7.3517033256e+00    5.4346791882e+01   -1.6078844098e+01    8.7271407727e+00    3.1920671220e+00   -1.9270911220e+01    3.2000000000e+01    1.9357429992e-03    6.1132812500e-01
       103   -7.3264104832e+00    5.3792871480e+01   -1.2321027102e+01    4.9946166192e+00    2.6621580598e+00   -1.4983185162e+01    3.2000000000e+01    2.1260369995e-03    6.3281250000e-01
       104   -7.5187181857e+00    5.6678049273e+01   -1.0351152571e+01    2.8324343852e+00    2.4247552154e+00   -1.2775907786e+01    3.2000000000e+01    1.9910070005e-03    6.6601562500e-01
       105   -7.2310988144e+00    5.2406696204e+01   -1.2540935783e+01    5.3098369686e+00    2.4702841561e+00   -1.5011219939e+01    3.2000000000e+01    1.9633379998e-03    6.3085937500e-01
       106   -7.3332730617e+00    5.3872317746e+01   -1.2032018927e+01    4.6987458657e+00    2.5314613943e+00   -1.4563480322e+01    3.2000000000e+01    1.9618130000e-03    6.3476562500e-01
       107   -8.0184520700e+00    6.4509123815e+01   -2.5897713956e+01    1.7879261886e+01    9.7008557567e+00   -3.5598569713e+01    3.2000000000e+01    1.9134630002e-03    5.8398437500e-01
       108   -7.3399558731e+00    5.4002674715e+01   -1.6175367071e+01    8.8354111975e+00    3.0898352927e+00   -1.9265202363e+01    3.2000000000e+01    1.9399189996e-03    6.1328125000e-01
       109   -7.6006952787e+00    5.8556948174e+01   -3.8310888420e+01    3.0710193141e+01    2.6047641166e+00   -4.0915652536e+01    3.2000000000e+01    1.9393270004e-03    5.8984375000e-01
       110   -7.3270125211e+00    5.3778573677e+01   -1.3264847300e+01    5.9378347789e+00    2.6800252964e+00   -1.5944872596e+01    3.2000000000e+01    1.9807330000e-03    6.3867187500e-01
       111   -7.5570402586e+00    5.7268604553e+01   -1.9697529155e+01    1.2140488896e+01    2.5129149025e+00   -2.2210444057e+01    3.2000000000e+01    1.9347060006e-03    6.1914062500e-01
       112   -7.3756598169e+00    5.4470076277e+01   -1.1258766502e+01    3.8831066851e+00    2.2607220066e+00   -1.3519488509e+01    3.2000000000e+01    2.3138380002e-03    6.6992187500e-01
       113   -7.7990118576e+00    6.1517808857e+01   -1.8132147922e+01    1.0333136064e+01    3.2544615388e+00   -2.1386609461e+01    3.2000000000e+01    1.9620160001e-03    5.9960937500e-01
       114   -7.4481640611e+00    5.5573709160e+01   -1.1481508461e+01    4.0333443996e+00    2.3857250008e+00   -1.3867233461e+01    3.2000000000e+01    2.0395340007e-03    6.4453125000e-01
       115   -7.5750931881e+00    5.7465942505e+01   -1.8884087062e+01    1.1308993874e+01    2.7848623603e+00   -2.1668949422e+01    3.2000000000e+01    1.9845080005e-03    6.1132812500e-01
       116   -7.3240634967e+00    5.3918515128e+01   -1.7043562781e+01    9.7194992848e+00    3.1910445705e+00   -2.0234607352e+01    3.2000000000e+01    2.0097080005e-03    6.3476562500e-01
       117   -7.7248750823e+00    6.0215040879e+01   -2.0289655549e+01    1.2564780467e+01    3.6482964426e+00   -2.3937951992e+01    3.2000000000e+01    2.0297729998e-03    6.3476562500e-01
       118   -7.4297816534e+00    5.5289210579e+01   -1.6662852737e+01    9.2330710836e+00    2.7006895962e+00   -1.9363542333e+01    3.2000000000e+01    1.9798409994e-03    6.4648437500e-01
       119   -7.2979790916e+00    5.3420939750e+01   -1.2197652138e+01    4.8996730469e+00    2.4292173645e+00   -1.4626869503e+01    3.2000000000e+01    1.9860189996e-03    6.6992187500e-01
       120   -7.4621578002e+00    5.5955874159e+01   -2.7198159168e+01    1.9736001368e+01    3.2813148361e+00   -3.0479474004e+01    3.2000000000e+01    1.9505820001e-03    6.2304687500e-01
       121   -7.4416505690e+00    5.5565057456e+01   -1.4275313942e+01    6.8336633734e+00    2.5316864637e+00   -1.6807000406e+01    3.2000000000e+01    1.9444410000e-03    6.0937500000e-01
       122   -7.4016710639e+00    5.5013272843e+01   -1.1424391572e+01    4.0227205082e+00    2.2422848666e+00   -1.3666676439e+01    3.2000000000e+01    1.9820410007e-03    6.6601562500e-01
       123   -7.3824803976e+00    5.4688006870e+01   -1.5056105796e+01    7.6736253981e+00    2.6082885675e+00   -1.7664394363e+01    3.2000000000e+01    1.9385930000e-03    6.2109375000e-01
       124   -7.2371062441e+00    5.2424355793e+01   -9.8728751392e+00    2.6357688950e+00    1.8807630379e+00   -1.1753638177e+01    3.2000000000e+01    1.9491659996e-03    6.6796875000e-01
       125   -7.4116751348e+00    5.5167653102e+01   -1.1138493873e+01    3.7268187383e+00    2.0381664340e+00   -1.3176660307e+01    3.2000000000e+01    2.0483349999e-03    7.0703125000e-01
       126   -7.4155891458e+00    5.5066662632e+01   -1.3624716756e+01    6.2091276102e+00    3.0677787097e+00   -1.6692495466e+01    3.2000000000e+01    1.9593819998e-03    6.1914062500e-01
       127   -7.3602758909e+00    5.4344661294e+01   -1.7618684877e+01    1.0258408986e+01    2.8328070075e+00   -2.0451491885e+01    3.2000000000e+01    1.9149399996e-03    5.8984375000e-01
       128   -7.5087900839e+00    5.6482558761e+01   -1.1240115046e+01    3.7313249622e+00    2.3551314972e+00   -1.3595246543e+01    3.2000000000e+01    2.0548749999e-03    6.6406250000e-01
       129   -7.5841565067e+00    5.7679319200e+01   -1.6101907972e+01    8.5177514655e+00    2.6454979468e+00   -1.8747405919e+01    3.2000000000e+01    2.1935860004e-03    6.2304687500e-01
       130   -7.1759349987e+00    5.1799948543e+01   -1.2090479804e+01    4.9145448053e+00    2.1414238155e+00   -1.4231903619e+01    3.2000000000e+01    1.9758520002e-03    6.7968750000e-01
       131   -7.8410909338e+00    6.1772240947e+01   -2.2871010122e+01    1.5029919188e+01    3.0047696821e+00   -2.5875779804e+01    3.2000000000e+01    2.2426320002e-03    5.9960937500e-01
       132   -7.2467759350e+00    5.2724413440e+01   -1.4650416590e+01    7.4036406549e+00    3.5952191173e+00   -1.8245635707e+01    3.2000000000e+01    1.9449749998e-03    6.1523437500e-01
       133   -7.3257356829e+00    5.3777846840e+01   -1.0517579655e+01    3.1918439717e+00    2.7031466803e+00   -1.3220726335e+01    3.2000000000e+01    2.0269810002e-03    6.6015625000e-01
       134   -7.3473792522e+00    5.4072911524e+01   -9.4757496006e+00    2.1283703484e+00    2.1056239882e+00   -1.1581373589e+01    3.2000000000e+01    2.0151899998e-03    6.9140625000e-01
       135   -7.5401278447e+00    5.6958326771e+01   -1.2843211654e+01    5.3030838093e+00    2.1769105624e+00   -1.5020122216e+01    3.2000000000e+01    1.9479960001e-03    6.5429687500e-01
       136   -7.3903956751e+00    5.4696038699e+01   -1.3597557580e+01    6.2071619052e+00    2.6338920604e+00   -1.6231449641e+01    3.2000000000e+01    1.9339270002e-03    6.1523437500e-01
       137   -7.5751882629e+00    5.7787750555e+01   -1.2516175987e+01    4.9409877241e+00    2.6213074750e+00   -1.5137483462e+01    3.2000000000e+01    1.9759110000e-03    6.6210937500e-01
       138   -7.6110747130e+00    5.8297915574e+01   -1.3732758435e+01    6.1216837219e+00    2.6209776618e+00   -1.6353736097e+01    3.2000000000e+01    1.9827960004e-03    6.7187500000e-01
       139   -7.2719364168e+00    5.3030293666e+01   -2.2680451692e+01    1.5408515275e+01    2.3522517475e+00   -2.5032703439e+01    3.2000000000e+01    1.9524290001e-03    6.0937500000e-01
       140   -7.4711843867e+00    5.5990709131e+01   -1.6831202646e+01    9.3600182593e+00    2.1763965088e+00   -1.9007599155e+01    3.2000000000e+01    1.9583699996e-03    6.3867187500e-01
       141   -7.3335494888e+00    5.3942828295e+01   -1.2003937305e+01    4.6703878162e+00    1.9822435985e+00   -1.3986180903e+01    3.2000000000e+01    1.9422739997e-03    6.5429687500e-01
       142   -7.3531388582e+00    5.4231080494e+01   -1.6833158662e+01    9.4800198036e+00    2.9069734334e+00   -1.9740132095e+01    3.2000000000e+01    1.9801459994e-03    6.4062500000e-01
       143   -7.6441153924e+00    5.8547766660e+01   -1.8330824700e+01    1.0686709307e+01    2.2099538487e+00   -2.0540778549e+01    3.2000000000e+01    1.9388780001e-03    6.6210937500e-01
       144   -7.3939621237e+00    5.4958183213e+01   -1.5062001685e+01    7.6680395614e+00    2.4980977327e+00   -1.7560099418e+01    3.2000000000e+01    1.9432320005e-03    6.2304687500e-01
       145   -7.5491180473e+00    5.7218302052e+01   -1.3253887143e+01    5.7047690960e+00    2.5415818838e+00   -1.5795469027e+01    3.2000000000e+01    2.2757290008e-03    6.3867187500e-01
       146   -7.6039687747e+00    5.8163767804e+01   -1.3119335393e+01    5.5153666183e+00    3.1528696879e+00   -1.6272205081e+01    3.2000000000e+01    1.9742570003e-03    6.3281250000e-01
       147   -7.5851219119e+00    5.7734444815e+01   -1.8468100251e+01    1.0882978340e+01    2.2603817323e+00   -2.0728481984e+01    3.2000000000e+01    1.9724360000e-03    6.4843750000e-01
       148   -7.4804702366e+00    5.6174681539e+01   -1.6961805863e+01    9.4813356268e+00    3.4341028661e+00   -2.0395908730e+01    3.2000000000e+01    2.0700050000e-03    6.2109375000e-01
       149   -7.4196002539e+00    5.5258193227e+01   -1.5367551718e+01    7.9479514639e+00    2.3100891377e+00   -1.7677640855e+01    3.2000000000e+01    1.9624919996e-03    6.3671875000e-01
       150   -7.7906737122e+00    6.1042563629e+01   -1.5774925827e+01    7.9842521145e+00    2.2631951910e+00   -1.8038121018e+01    3.2000000000e+01    1.9693790000e-03    6.3671875000e-01
       151   -7.3302143908e+00    5.3832036573e+01   -1.1158605387e+01    3.8283909961e+00    3.0388949397e+00   -1.4197500327e+01    3.2000000000e+01    1.9726179999e-03    6.4257812500e-01
       152   -7.4104119917e+00    5.5028867880e+01   -1.1302912446e+01    3.8925004539e+00    2.4674913755e+00   -1.3770403821e+01    3.2000000000e+01    1.9467330003e-03    6.2695312500e-01
       153   -7.2939379006e+00    5.3323890838e+01   -1.2480411178e+01    5.1864732769e+00    2.4878633466e+00   -1.4968274524e+01    3.2000000000e+01    1.9769850005e-03    6.5039062500e-01
       154   -7.4201715125e+00    5.5223999830e+01   -1.2205626100e+01    4.7854545874e+00    2.2690207773e+00   -1.4474646877e+01    3.2000000000e+01    1.9499860000e-03    6.3671875000e-01
       155   -7.3965474228e+00    5.4890737872e+01   -1.4410247051e+01    7.0136996278e+00    2.5823710020e+00   -1.6992618053e+01    3.2000000000e+01    1.9185720002e-03    6.1914062500e-01
       156   -7.3484344488e+00    5.4188981490e+01   -1.2024946909e+01    4.6765124606e+00    2.7725437278e+00   -1.4797490637e+01    3.2000000000e+01    1.9690869995e-03    6.3085937500e-01
       157   -7.2161378683e+00    5.2180404645e+01   -1.0521124795e+01    3.3049869263e+00    2.4528321476e+00   -1.2973956942e+01    3.2000000000e+01    2.2747840003e-03    6.6015625000e-01
       158   -7.2248316496e+00    5.2322135703e+01   -1.1392967037e+01    4.1681353877e+00    2.1480503275e+00   -1.3541017365e+01    3.2000000000e+01    2.0138669997e-03    6.7382812500e-01
       159   -7.3015179976e+00    5.3393426470e+01   -9.2047938316e+00    1.9032758341e+00    2.2951966731e+00   -1.1499990505e+01    3.2000000000e+01    1.9971000002e-03    6.5820312500e-01
       160   -7.5139365861e+00    5.6629478940e+01   -2.6879227506e+01    1.9365290920e+01    2.6993906163e+00   -2.9578618123e+01    3.2000000000e+01    1.9544719999e-03    6.3671875000e-01
       161   -7.5701052417e+00    5.7855938374e+01   -1.4965962162e+01    7.3958569204e+00    2.9735400102e+00   -1.7939502172e+01    3.2000000000e+01    2.1433570000e-03    6.2500000000e-01
       162   -7.5009498214e+00    5.6436109253e+01   -1.2432651988e+01    4.9317021661e+00    2.3049697598e+00   -1.4737621747e+01    3.2000000000e+01    2.3425479994e-03    6.4843750000e-01
       163   -7.3514259462e+00    5.4481862986e+01   -1.5740789142e+01    8.3893631963e+00    2.9014773131e+00   -1.8642266456e+01    3.2000000000e+01    3.2267219995e-03    5.9570312500e-01
       164   -7.3401422798e+00    5.4029526610e+01   -1.4306162719e+01    6.9660204396e+00    2.8040043346e+00   -1.7110167054e+01    3.2000000000e+01    1.9548199998e-03    6.2500000000e-01
       165   -7.4654113779e+00    5.5890391361e+01   -1.8712102087e+01    1.1246690709e+01    3.6800715354e+00   -2.2392173622e+01    3.2000000000e+01    2.0637560001e-03    6.1914062500e-01
       166   -7.4760739903e+00    5.6145751530e+01   -1.5805068642e+01    8.3289946520e+00    2.8058258318e+00   -1.8610894474e+01    3.2000000000e+01    2.8631529995e-03    6.2500000000e-01
       167   -7.6399743455e+00    5.8752424924e+01   -1.1549861370e+01    3.9098870240e+00    2.9660075994e+00   -1.4515868969e+01    3.2000000000e+01    1.9865889999e-03    6.6992187500e-01
       168   -7.7451119709e+00    6.0139752870e+01   -1.6819074229e+01    9.0739622586e+00    3.2739913269e+00   -2.0093065556e+01    3.2000000000e+01    1.9604030003e-03    6.1914062500e-01
       169   -7.8184213977e+00    6.1397679754e+01   -1.8087142625e+01    1.0268721227e+01    2.2914111529e+00   -2.0378553778e+01    3.2000000000e+01    2.1897669994e-03    6.0156250000e-01
       170   -7.5225231644e+00    5.6756671040e+01   -1.2026208159e+01    4.5036849943e+00    2.6702377283e+00   -1.4696445887e+01    3.2000000000e+01    1.9361989998e-03    6.0937500000e-01
       171   -7.3731632965e+00    5.4504682762e+01   -1.4078193235e+01    6.7050299389e+00    2.7279164211e+00   -1.6806109656e+01    3.2000000000e+01    1.9432760000e-03    6.0937500000e-01
       172   -7.5981782353e+00    5.7879084336e+01   -1.4172931831e+01    6.5747535959e+00    2.3333173305e+00   -1.6506249162e+01    3.2000000000e+01    1.9558820004e-03    6.4453125000e-01
       173   -7.5992224906e+00    5.8225265273e+01   -1.4478696069e+01    6.8794735779e+00    2.3434717938e+00   -1.6822167862e+01    3.2000000000e+01    2.0006770001e-03    6.4257812500e-01
       174   -7.3087954991e+00    5.3512090766e+01   -1.2809651862e+01    5.5008563628e+00    2.8686982563e+00   -1.5678350118e+01    3.2000000000e+01    1.9628029995e-03    6.2890625000e-01
       175   -7.4194064820e+00    5.5225252780e+01   -1.2403206858e+01    4.9838003756e+00    2.8890092086e+00   -1.5292216066e+01    3.2000000000e+01    1.9334079998e-03    6.1132812500e-01
       176   -7.7272974581e+00    5.9980923302e+01   -1.6307670710e+01    8.5803732521e+00    2.3933671453e+00   -1.8701037855e+01    3.2000000000e+01    1.9621960000e-03    6.4062500000e-01
       177   -7.4787482485e+00    5.5989549078e+01   -9.4961300801e+00    2.0173818316e+00    2.1774180901e+00   -1.1673548170e+01    3.2000000000e+01    2.1666869998e-03    6.6601562500e-01
       178   -7.4856950289e+00    5.6193479717e+01   -1.2663404699e+01    5.1777096697e+00    2.4071324836e+00   -1.5070537182e+01    3.2000000000e+01    3.4345149998e-03    6.5429687500e-01
       179   -7.4523234206e+00    5.5593174795e+01   -9.8531524441e+00    2.4008290235e+00    2.6654304268e+00   -1.2518582871e+01    3.2000000000e+01    2.2398760002e-03    6.8945312500e-01
       180   -7.4546653917e+00    5.5750648487e+01   -1.6517348775e+01    9.0626833829e+00    2.7519652372e+00   -1.9269314012e+01    3.2000000000e+01    2.0321510001e-03    6.4257812500e-01
       181   -7.3693587437e+00    5.4446404932e+01   -1.0409772714e+01    3.0404139701e+00    2.8700752664e+00   -1.3279847980e+01    3.2000000000e+01    1.9961459993e-03    6.4648437500e-01
       182   -7.6196862807e+00    5.8610616575e+01   -1.4509605634e+01    6.8899193533e+00    2.4461884067e+00   -1.6955794041e+01    3.2000000000e+01    1.9525380003e-03    6.2890625000e-01
       183   -7.7602614164e+00    6.0425427854e+01   -1.9582948794e+01    1.1822687378e+01    2.6946153799e+00   -2.2277564174e+01    3.2000000000e+01    1.9646450000e-03    6.3085937500e-01
       184   -7.4154164116e+00    5.5184388173e+01   -1.1930766076e+01    4.5153496644e+00    2.3716502983e+00   -1.4302416374e+01    3.2000000000e+01    1.9747679999e-03    6.6406250000e-01
       185   -7.3361781868e+00    5.3914356127e+01   -1.1325654262e+01    3.9894760750e+00    2.2975854096e+00   -1.3623239671e+01    3.2000000000e+01    2.2347579998e-03    6.7187500000e-01
       186   -7.1566188627e+00    5.1303437000e+01   -1.4063219258e+01    6.9066003948e+00    2.7869589380e+00   -1.6850178196e+01    3.2000000000e+01    1.9434940004e-03    6.0742187500e-01
       187   -7.6045386191e+00    5.8066864508e+01   -1.3508516902e+01    5.9039782831e+00    2.4632624362e+00   -1.5971779338e+01    3.2000000000e+01    1.9698450005e-03    6.0742187500e-01
       188   -7.4677632155e+00    5.5885419212e+01   -1.3113634824e+01    5.6458716082e+00    2.4534156809e+00   -1.5567050505e+01    3.2000000000e+01    1.9463399994e-03    6.2304687500e-01
       189   -7.7861327339e+00    6.1353149711e+01   -2.4290535731e+01    1.6504402997e+01    4.7521641763e+00   -2.9042699907e+01    3.2000000000e+01    1.9321959999e-03    5.6445312500e-01
       190   -7.3234700583e+00    5.3831606935e+01   -1.4998450342e+01    7.6749802839e+00    2.7899838876e+00   -1.7788434230e+01    3.2000000000e+01    1.9776620002e-03    6.4843750000e-01
       191   -7.3811975255e+00    5.4701815670e+01   -1.4967541276e+01    7.5863437505e+00    2.5661870008e+00   -1.7533728277e+01    3.2000000000e+01    1.9563469996e-03    6.3085937500e-01
       192   -7.5914185647e+00    5.7775588256e+01   -1.2711028972e+01    5.1196104069e+00    2.4136582416e+00   -1.5124687213e+01    3.2000000000e+01    2.1200880001e-03    6.5625000000e-01
       193   -7.5519484935e+00    5.7151837882e+01   -1.6046563476e+01    8.4946149821e+00    3.0849710714e+00   -1.9131534547e+01    3.2000000000e+01    2.6251689997e-03    6.0351562500e-01
       194   -7.3617475345e+00    5.4393874408e+01   -1.2952700195e+01    5.5909526601e+00    2.3532782770e+00   -1.5305978472e+01    3.2000000000e+01    2.9131500005e-03    6.5234375000e-01
       195   -7.3995600422e+00    5.4930257674e+01   -1.1368656403e+01    3.9690963611e+00    3.3514703917e+00   -1.4720126795e+01    3.2000000000e+01    1.9442519997e-03    6.1328125000e-01
       196   -7.3050380679e+00    5.3458233146e+01   -1.0389731843e+01    3.0846937747e+00    2.5192137174e+00   -1.2908945560e+01    3.2000000000e+01    2.0792240002e-03    7.0898437500e-01
       197   -7.3108004747e+00    5.3542708870e+01   -1.0330977072e+01    3.0201765969e+00    2.3000581353e+00   -1.2631035207e+01    3.2000000000e+01    2.0146919996e-03    6.8164062500e-01
       198   -7.6035927017e+00    5.7964696218e+01   -1.1899133896e+01    4.2955411944e+00    2.8176365478e+00   -1.4716770444e+01    3.2000000000e+01    1.9497900003e-03    6.2109375000e-01
       199   -7.4386484467e+00    5.5432531893e+01   -1.5984633044e+01    8.5459845972e+00    2.8075697348e+00   -1.8792202779e+01    3.2000000000e+01    1.9985010003e-03    6.4453125000e-01
       200   -7.3117734713e+00    5.3665654120e+01   -1.6445977386e+01    9.1342039147e+00    3.1380206121e+00   -1.9583997998e+01    3.2000000000e+01    1.9851879997e-03    6.5429687500e-01
       201   -7.9012239719e+00    6.2926391316e+01   -1.8174582717e+01    1.0273358745e+01    2.6427864311e+00   -2.0817369148e+01    3.2000000000e+01    2.2163129997e-03    6.1914062500e-01
       202   -7.6157324848e+00    5.8469886003e+01   -1.3514803991e+01    5.8990715067e+00    2.8598055067e+00   -1.6374609498e+01    3.2000000000e+01    1.9668890000e-03    6.3867187500e-01
       203   -7.3572073331e+00    5.4411150349e+01   -1.5404819489e+01    8.0476121559e+00    2.2888428359e+00   -1.7693662325e+01    3.2000000000e+01    2.0058680002e-03    6.6015625000e-01
       204   -7.6731988744e+00    5.9238913169e+01   -1.6082906193e+01    8.4097073189e+00    3.0285141841e+00   -1.9111420377e+01    3.2000000000e+01    2.0547240001e-03    6.3281250000e-01
       205   -7.2177271924e+00    5.2184325342e+01   -1.2478906407e+01    5.2611792143e+00    2.9819165415e+00   -1.5460822948e+01    3.2000000000e+01    1.9701909996e-03    6.1718750000e-01
       206   -7.3053465379e+00    5.3551665800e+01   -1.3150960438e+01    5.8456138998e+00    2.4733604430e+00   -1.5624320881e+01    3.2000000000e+01    1.9708660002e-03    6.4062500000e-01
       207   -7.2928230784e+00    5.3327306019e+01   -1.0805367653e+01    3.5125445741e+00    2.6137494519e+00   -1.3419117104e+01    3.2000000000e+01    2.0100230004e-03    6.8359375000e-01
       208   -7.3720600437e+00    5.4470034366e+01   -1.3382902195e+01    6.0108421516e+00    3.0146686857e+00   -1.6397570881e+01    3.2000000000e+01    2.0822379993e-03    6.0937500000e-01
       209   -7.5535407682e+00    5.7426063675e+01   -1.2500200217e+01    4.9466594493e+00    2.9437464744e+00   -1.5443946692e+01    3.2000000000e+01    2.0854099994e-03    6.5820312500e-01
       210   -7.5393897077e+00    5.7119725162e+01   -1.0090188023e+01    2.5507983152e+00    2.8184811290e+00   -1.2908669152e+01    3.2000000000e+01    2.3683760000e-03    6.6015625000e-01
       211   -7.3573340789e+00    5.4331420787e+01   -1.3930111149e+01    6.5727770704e+00    2.9811157338e+00   -1.6911226883e+01    3.2000000000e+01    1.9602919992e-03    6.2695312500e-01
       212   -7.4689418439e+00    5.5922587846e+01   -1.4489445490e+01    7.0205036463e+00    2.5004734231e+00   -1.6989918913e+01    3.2000000000e+01    1.9870420001e-03    6.0546875000e-01
       213   -7.7918314353e+00    6.1218865266e+01   -1.6893787525e+01    9.1019560893e+00    2.8194192178e+00   -1.9713206742e+01    3.2000000000e+01    2.1870179999e-03    6.6210937500e-01
       214   -7.7374792631e+00    6.0188188549e+01   -2.1366622382e+01    1.3629143119e+01    2.5931001772e+00   -2.3959722559e+01    3.2000000000e+01    1.9529009996e-03    6.2109375000e-01
       215   -7.5435506304e+00    5.7415385955e+01   -1.4803886210e+01    7.2603355798e+00    2.6396399621e+00   -1.7443526172e+01    3.2000000000e+01    1.9683679993e-03    6.2695312500e-01
       216   -7.3610127444e+00    5.4307930192e+01   -1.3862169915e+01    6.5011571702e+00    3.0010009544e+00   -1.6863170869e+01    3.2000000000e+01    1.9737920002e-03    6.4648437500e-01
       217   -7.2870424403e+00    5.3214983251e+01   -1.4750518155e+01    7.4634757143e+00    2.8771491283e+00   -1.7627667283e+01    3.2000000000e+01    2.1548569994e-03    6.0351562500e-01
       218   -7.3948336970e+00    5.4837333200e+01   -1.0880716709e+01    3.4858830118e+00    2.6360527028e+00   -1.3516769412e+01    3.2000000000e+01    1.9705449995e-03    6.4062500000e-01
       219   -7.8073653329e+00    6.1184534626e+01   -2.3316488144e+01    1.5509122811e+01    3.1575159381e+00   -2.6474004082e+01    3.2000000000e+01    1.9337889998e-03    6.0742187500e-01
       220   -7.6437852557e+00    5.8605361816e+01   -1.9307277490e+01    1.1663492234e+01    2.4394146497e+00   -2.1746692139e+01    3.2000000000e+01    1.9583439998e-03    6.2890625000e-01
       221   -7.7796334520e+00    6.0687002294e+01   -1.4073861463e+01    6.2942280110e+00    2.6514414840e+00   -1.6725302947e+01    3.2000000000e+01    1.9524189993e-03    6.2500000000e-01
       222   -7.4861762811e+00    5.6129194047e+01   -1.0736845868e+01    3.2506695869e+00    2.4795814949e+00   -1.3216427363e+01    3.2000000000e+01    1.9966730006e-03    6.7773437500e-01
       223   -7.4883393977e+00    5.6251520190e+01   -1.3605095468e+01    6.1167560700e+00    2.2874205539e+00   -1.5892516022e+01    3.2000000000e+01    2.0800620005e-03    6.4648437500e-01
       224   -7.3556503718e+00    5.4178850199e+01   -9.2822877381e+00    1.9266373663e+00    2.1901001378e+00   -1.1472387876e+01    3.2000000000e+01    2.2862440001e-03    6.7187500000e-01
       225   -7.5398798407e+00    5.7114859864e+01   -1.2597263193e+01    5.0573833524e+00    2.4853716472e+00   -1.5082634840e+01    3.2000000000e+01    2.0609520006e-03    6.6992187500e-01
       226   -7.4591582978e+00    5.5984838723e+01   -1.5616160827e+01    8.1570025297e+00    2.7608656302e+00   -1.8377026458e+01    3.2000000000e+01    2.0396000000e-03    6.2109375000e-01
       227   -7.2283579442e+00    5.2325927927e+01   -1.4655938041e+01    7.4275800965e+00    2.3558495238e+00   -1.7011787564e+01    3.2000000000e+01    1.9391959995e-03    6.2500000000e-01
       228   -7.7515788633e+00    6.0533765803e+01   -1.6265510197e+01    8.5139313333e+00    2.6511215270e+00   -1.8916631724e+01    3.2000000000e+01    2.2886690003e-03    6.1523437500e-01
       229   -7.4539593237e+00    5.5700079994e+01   -1.4694281515e+01    7.2403221913e+00    2.5433675357e+00   -1.7237649051e+01    3.2000000000e+01    1.8945800002e-03    5.9570312500e-01
       230   -7.5304804685e+00    5.6855944364e+01   -1.4713855078e+01    7.1833746099e+00    2.2059397405e+00   -1.6919794819e+01    3.2000000000e+01    1.9688790007e-03    6.3671875000e-01
       231   -7.3858451866e+00    5.4636196165e+01   -1.0175959838e+01    2.7901146512e+00    2.3871692842e+00   -1.2563129122e+01    3.2000000000e+01    2.0013080002e-03    6.7773437500e-01
       232   -7.2633054602e+00    5.3060152678e+01   -1.3265443570e+01    6.0021381093e+00    2.7857344845e+00   -1.6051178054e+01    3.2000000000e+01    1.9515399999e-03    6.2695312500e-01
       233   -7.7306928916e+00    6.0042569326e+01   -1.3483684420e+01    5.7529915282e+00    2.2311579537e+00   -1.5714842373e+01    3.2000000000e+01    2.0253170005e-03    7.0117187500e-01
       234   -7.3365761525e+00    5.3965729983e+01   -1.1848285723e+01    4.5117095704e+00    2.4035474618e+00   -1.4251833185e+01    3.2000000000e+01    2.0009929995e-03    6.8359375000e-01
       235   -7.4569794025e+00    5.5839395938e+01   -1.3529001528e+01    6.0720221251e+00    2.0445357813e+00   -1.5573537309e+01    3.2000000000e+01    2.1216199993e-03    6.4062500000e-01
       236   -7.5146608621e+00    5.6689404339e+01   -1.6396076851e+01    8.8814159894e+00    3.0397924941e+00   -1.9435869346e+01    3.2000000000e+01    1.9762610000e-03    6.3476562500e-01
       237   -7.4098618441e+00    5.5084035014e+01   -1.8905481295e+01    1.1495619451e+01    2.6723639474e+00   -2.1577845243e+01    3.2000000000e+01    1.9692010001e-03    6.1914062500e-01
       238   -7.3844022584e+00    5.4763574256e+01   -3.7160539868e+01    2.9776137609e+01    2.5583103809e+00   -3.9718850248e+01    3.2000000000e+01    1.9411140001e-03    6.0937500000e-01
       239   -7.5774593385e+00    5.7766795693e+01   -2.0480249329e+01    1.2902789990e+01    2.6474867845e+00   -2.3127736113e+01    3.2000000000e+01    1.9622060008e-03    6.1523437500e-01
       240   -7.4548708600e+00    5.5657934714e+01   -1.0842674850e+01    3.3878039904e+00    2.6064077278e+00   -1.3449082578e+01    3.2000000000e+01    2.1501839992e-03    6.5039062500e-01
       241   -7.5608590812e+00    5.7454948267e+01   -1.2889836663e+01    5.3289775815e+00    2.5911121995e+00   -1.5480948862e+01    3.2000000000e+01    1.9805290003e-03    6.6210937500e-01
       242   -7.4468923967e+00    5.5569372180e+01   -9.7147177287e+00    2.2678253320e+00    1.8731535387e+00   -1.1587871267e+01    3.2000000000e+01    2.0372860008e-03    7.0703125000e-01
       243   -7.2866897829e+00    5.3226119616e+01   -1.4488989648e+01    7.2022998654e+00    3.9542704918e+00   -1.8443260140e+01    3.2000000000e+01    1.9661309998e-03    6.2500000000e-01
       244   -7.9130540106e+00    6.2902607157e+01   -1.5985161762e+01    8.0721077513e+00    3.4367150190e+00   -1.9421876781e+01    3.2000000000e+01    1.9674719997e-03    6.2500000000e-01
       245   -7.4997284890e+00    5.6356998663e+01   -1.2827553816e+01    5.3278253270e+00    2.4104012850e+00   -1.5237955101e+01    3.2000000000e+01    2.1094169997e-03    6.7968750000e-01
       246   -7.4167434236e+00    5.5399427981e+01   -1.2537798681e+01    5.1210552574e+00    2.6168519871e+00   -1.5154650668e+01    3.2000000000e+01    1.9860729999e-03    6.5039062500e-01
       247   -7.5429462350e+00    5.7200702104e+01   -3.1497706324e+01    2.3954760089e+01    3.3104580269e+00   -3.4808164351e+01    3.2000000000e+01    1.9270699995e-03    6.0156250000e-01
       248   -7.4273820299e+00    5.5562209321e+01   -1.7876332681e+01    1.0448950651e+01    2.9681454950e+00   -2.0844478176e+01    3.2000000000e+01    1.9870380002e-03    6.6601562500e-01
       249   -7.6232848990e+00    5.8360324855e+01   -4.5415308729e+01    3.7792023830e+01    2.3666908193e+00   -4.7781999548e+01    3.2000000000e+01    2.0072860007e-03    6.3085937500e-01
       250   -7.3947043941e+00    5.4833739197e+01   -1.1462956296e+01    4.0682519021e+00    2.7135864905e+00   -1.4176542787e+01    3.2000000000e+01    1.9571570001e-03    6.3671875000e-01
       251   -7.7889754980e+00    6.0952622527e+01   -1.8818841301e+01    1.1029865803e+01    2.7193015857e+00   -2.1538142887e+01    3.2000000000e+01    2.1052140000e-03    6.5039062500e-01
       252   -7.3137772486e+00    5.3575122322e+01   -1.3024147377e+01    5.7103701281e+00    3.0460573627e+00   -1.6070204739e+01    3.2000000000e+01    1.9397630003e-03    6.1328125000e-01
       253   -7.7327585669e+00    5.9996256982e+01   -1.3297871546e+01    5.5651129794e+00    2.6833607347e+00   -1.5981232281e+01    3.2000000000e+01    2.0223600004e-03    6.7968750000e-01
       254   -7.3726470849e+00    5.4573557800e+01   -1.4899466858e+01    7.5268197727e+00    2.7351951027e+00   -1.7634661960e+01    3.2000000000e+01    1.9958299999e-03    6.1328125000e-01
       255   -7.4151171318e+00    5.5088341981e+01   -1.1945298596e+01    4.5301814637e+00    2.4203769439e+00   -1.4365675539e+01    3.2000000000e+01    1.9508699997e-03    6.2500000000e-01
       256   -7.2489024960e+00    5.2624088977e+01   -9.4711275535e+00    2.2222250575e+00    2.6021563982e+00   -1.2073283952e+01    3.2000000000e+01    2.1975480004e-03    6.9140625000e-01
       257   -7.3669867507e+00    5.4429489305e+01   -9.9060383233e+00    2.5390515725e+00    2.5618833417e+00   -1.2467921665e+01    3.2000000000e+01    1.9837059999e-03    6.6796875000e-01
       258   -7.5184920692e+00    5.6965723227e+01   -1.4320539654e+01    6.8020475848e+00    2.9318560476e+00   -1.7252395702e+01    3.2000000000e+01    2.0044430003e-03    6.6015625000e-01
       259   -7.2792210755e+00    5.3326259682e+01   -1.4180635642e+01    6.9014145662e+00    2.8977646947e+00   -1.7078400336e+01    3.2000000000e+01    2.0122250007e-03    6.2500000000e-01
       260   -7.3807413281e+00    5.4595492114e+01   -1.0760099330e+01    3.3793580015e+00    2.5165727340e+00   -1.3276672064e+01    3.2000000000e+01    2.1222209998e-03    6.9531250000e-01
       261   -7.3321047550e+00    5.3936808419e+01   -1.1143977148e+01    3.8118723929e+00    2.8922402882e+00   -1.4036217436e+01    3.2000000000e+01    2.0008550000e-03    6.2890625000e-01
       262   -7.7025656130e+00    5.9448234324e+01   -1.3483872449e+01    5.7813068360e+00    2.5605520722e+00   -1.6044424521e+01    3.2000000000e+01    1.9746420003e-03    6.4453125000e-01
       263   -7.4289481093e+00    5.5303242573e+01   -1.1574858141e+01    4.1459100314e+00    2.4659814510e+00   -1.4040839592e+01    3.2000000000e+01    1.9488819999e-03    6.3476562500e-01
       264   -7.1510352261e+00    5.1236401667e+01   -9.4751771976e+00    2.3241419716e+00    2.0734277753e+00   -1.1548604973e+01    3.2000000000e+01    1.9872570001e-03    6.8750000000e-01
       265   -7.6997144230e+00    5.9487512406e+01   -1.7694225267e+01    9.9945108437e+00    2.9602029344e+00   -2.0654428201e+01    3.2000000000e+01    1.9210700002e-03    5.9375000000e-01
       266   -7.3896386557e+00    5.4728838587e+01   -1.0378479289e+01    2.9888406333e+00    2.3251597438e+00   -1.2703639033e+01    3.2000000000e+01    2.0293549996e-03    6.5429687500e-01
       267   -7.4628462941e+00    5.5836706672e+01   -1.2722874802e+01    5.2600285081e+00    2.9215646359e+00   -1.5644439438e+01    3.2000000000e+01    2.0962729996e-03    6.4453125000e-01
       268   -7.8261118514e+00    6.1815968921e+01   -1.6031995458e+01    8.2058836071e+00    2.2829449699e+00   -1.8314940428e+01    3.2000000000e+01    1.9135209996e-03    6.1914062500e-01
       269   -7.8590233972e+00    6.2022573316e+01   -1.5890498152e+01    8.0314747553e+00    2.8867842804e+00   -1.8777282433e+01    3.2000000000e+01    1.9958880002e-03    6.3476562500e-01
       270   -7.5348850913e+00    5.7073023879e+01   -1.5685472863e+01    8.1505877719e+00    2.8503286044e+00   -1.8535801468e+01    3.2000000000e+01    1.9380109998e-03    6.1328125000e-01
       271   -7.4671523441e+00    5.6062615055e+01   -1.5514904473e+01    8.0477521285e+00    2.6606207843e+00   -1.8175525257e+01    3.2000000000e+01    1.9659629997e-03    6.0351562500e-01
       272   -7.5799074286e+00    5.7845908385e+01   -1.5124954668e+01    7.5450472398e+00    2.7236095530e+00   -1.7848564221e+01    3.2000000000e+01    1.9591990003e-03    6.2890625000e-01
       273   -7.3383259070e+00    5.3915179340e+01   -1.1975719525e+01    4.6373936181e+00    2.3904719636e+00   -1.4366191489e+01    3.2000000000e+01    2.2547290000e-03    6.1914062500e-01
       274   -7.2852352451e+00    5.3205992776e+01   -1.1360955227e+01    4.0757199823e+00    2.9025618653e+00   -1.4263517093e+01    3.2000000000e+01    2.0011289998e-03    6.4843750000e-01
       275   -7.8311779488e+00    6.1756979221e+01   -1.4964854815e+01    7.1336768661e+00    2.0542159377e+00   -1.7019070753e+01    3.2000000000e+01    1.9999540000e-03    6.5039062500e-01
       276   -7.8639018452e+00    6.2086534988e+01   -1.6400559484e+01    8.5366576386e+00    3.2741647055e+00   -1.9674724189e+01    3.2000000000e+01    1.9393230004e-03    5.9960937500e-01
       277   -7.6955594981e+00    5.9455315929e+01   -1.9905689709e+01    1.2210130211e+01    2.9910251576e+00   -2.2896714867e+01    3.2000000000e+01    1.9675860003e-03    6.1914062500e-01
       278   -7.3148849741e+00    5.3702117961e+01   -9.1050054990e+00    1.7901205249e+00    2.3899695028e+00   -1.1494975002e+01    3.2000000000e+01    2.4242919999e-03    6.9531250000e-01
       279   -7.3422542953e+00    5.4108184380e+01   -1.8839746105e+01    1.1497491809e+01    2.6870521192e+00   -2.1526798224e+01    3.2000000000e+01    1.9890599997e-03    6.2109375000e-01
       280   -7.4966463544e+00    5.6335659028e+01   -1.6043601522e+01    8.5469551681e+00    2.6985214396e+00   -1.8742122962e+01    3.2000000000e+01    1.9873230003e-03    6.5625000000e-01
       281   -7.5310261163e+00    5.6973539034e+01   -1.3599928056e+01    6.0689019401e+00    2.5858749189e+00   -1.6185802975e+01    3.2000000000e+01    1.9752219996e-03    6.6015625000e-01
       282   -7.4116630317e+00    5.5142863097e+01   -1.2564961725e+01    5.1532986932e+00    2.4064817313e+00   -1.4971443456e+01    3.2000000000e+01    2.0009680002e-03    6.3867187500e-01
       283   -7.2144630060e+00    5.2170761848e+01   -1.4673567107e+01    7.4591041014e+00    2.5708479768e+00   -1.7244415084e+01    3.2000000000e+01    1.9894810002e-03    6.0937500000e-01
       284   -7.4560629870e+00    5.5655917613e+01   -1.0727763946e+01    3.2717009593e+00    2.1995898219e+00   -1.2927353768e+01    3.2000000000e+01    2.0567599995e-03    6.3867187500e-01
       285   -7.4485396474e+00    5.5978708967e+01   -1.4375707480e+01    6.9271678325e+00    2.9951396981e+00   -1.7370847178e+01    3.2000000000e+01    1.9886159998e-03    6.2695312500e-01
       286   -7.4758935992e+00    5.5994524692e+01   -1.1617739769e+01    4.1418461701e+00    2.3524748472e+00   -1.3970214617e+01    3.2000000000e+01    2.0009310001e-03    6.5234375000e-01
       287   -7.4737002926e+00    5.6101169985e+01   -2.0554633665e+01    1.3080933373e+01    2.7595922669e+00   -2.3314225932e+01    3.2000000000e+01    1.9727139997e-03    6.4062500000e-01
       288   -7.3312212039e+00    5.3862367436e+01   -1.0805052345e+01    3.4738311409e+00    2.0003656696e+00   -1.2805418014e+01    3.2000000000e+01    1.9518419995e-03    6.5820312500e-01
       289   -7.2994484658e+00    5.3393560044e+01   -1.9303039241e+01    1.2003590776e+01    2.4482767954e+00   -2.1751316037e+01    3.2000000000e+01    2.0462499997e-03    6.2890625000e-01
       290   -7.6038627419e+00    5.7992885898e+01   -4.8011463518e+01    4.0407600776e+01    3.1257411789e+00   -5.1137204697e+01    3.2000000000e+01    2.1011509998e-03    6.1132812500e-01
       291   -7.4764787473e+00    5.6219355362e+01   -1.1527115613e+01    4.0506368655e+00    2.0080870504e+00   -1.3535202663e+01    3.2000000000e+01    2.0655819999e-03    6.8164062500e-01
       292   -8.4134178967e+00    7.1777777847e+01   -2.3925240826e+01    1.5511822929e+01    4.5117843305e+00   -2.8437025156e+01    3.2000000000e+01    2.0645850000e-03    6.0742187500e-01
       293   -7.3890415521e+00    5.4756527987e+01   -1.0884080844e+01    3.4950392918e+00    2.3318581642e+00   -1.3215939008e+01    3.2000000000e+01    3.3894860007e-03    6.8164062500e-01
       294   -7.3535547802e+00    5.4139377686e+01   -1.2578703594e+01    5.2251488142e+00    2.0891226204e+00   -1.4667826215e+01    3.2000000000e+01    2.3351800000e-03    6.4453125000e-01
       295   -7.7541639514e+00    6.0435699358e+01   -3.5316787324e+01    2.7562623372e+01    3.9621229187e+00   -3.9278910243e+01    3.2000000000e+01    1.9662020004e-03    5.9375000000e-01
       296   -7.5003993752e+00    5.6438323042e+01   -1.1540604285e+01    4.0402049094e+00    2.6621459648e+00   -1.4202750249e+01    3.2000000000e+01    2.0079599999e-03    6.6015625000e-01
       297   -8.1852375054e+00    6.7731676110e+01   -2.2806528051e+01    1.4621290546e+01    3.5229496987e+00   -2.6329477750e+01    3.2000000000e+01    1.9414310000e-03    5.8203125000e-01
       298   -7.3142425594e+00    5.3754557732e+01   -1.8756289688e+01    1.1442047128e+01    3.0527964905e+00   -2.1809086178e+01    3.2000000000e+01    1.9756809997e-03    6.1328125000e-01
       299   -7.3064326129e+00    5.3531614318e+01   -1.3927522726e+01    6.6210901130e+00    3.0125086903e+00   -1.6940031416e+01    3.2000000000e+01    2.0666319997e-03    6.6406250000e-01
       300   -7.6874277890e+00    5.9496836534e+01   -1.8894729803e+01    1.1207302014e+01    2.5084863352e+00   -2.1403216138e+01    3.2000000000e+01    1.9744390002e-03    6.3671875000e-01
       301   -7.2412639392e+00    5.2534425674e+01   -1.1530500188e+01    4.2892362487e+00    2.3382282230e+00   -1.3868728411e+01    3.2000000000e+01    1.9427859997e-03    6.0937500000e-01
       302   -7.8126245755e+00    6.1476893147e+01   -1.5597881776e+01    7.7852572005e+00    2.5275120876e+00   -1.8125393864e+01    3.2000000000e+01    2.0475949996e-03    6.3671875000e-01
       303   -7.6519555542e+00    5.8831613287e+01   -1.1449639862e+01    3.7976843076e+00    2.9701004054e+00   -1.4419740267e+01    3.2000000000e+01    2.1061660000e-03    6.4062500000e-01
       304   -7.3581594987e+00    5.4265972336e+01   -1.2537324327e+01    5.1791648284e+00    2.4347773942e+00   -1.4972101721e+01    3.2000000000e+01    2.3049270003e-03    6.4257812500e-01
       305   -7.4517186313e+00    5.5608452052e+01   -1.3160678681e+01    5.7089600500e+00    2.5298224192e+00   -1.5690501101e+01    3.2000000000e+01    2.5739379998e-03    6.4062500000e-01
       306   -7.5230047823e+00    5.6684732544e+01   -1.1384360762e+01    3.8613559793e+00    2.7215015239e+00   -1.4105862286e+01    3.2000000000e+01    4.1136210002e-03    6.4843750000e-01
       307   -8.0000337336e+00    6.4279049500e+01   -2.6343471729e+01    1.8343437995e+01    4.5987912351e+00   -3.0942262964e+01    3.2000000000e+01    3.9308010000e-03    5.7226562500e-01
       308   -7.4838045288e+00    5.6184258237e+01   -3.5256961237e+01    2.7773156708e+01    2.5927503906e+00   -3.7849711628e+01    3.2000000000e+01    3.0365590001e-03    5.9179687500e-01
       309   -7.4896989940e+00    5.6263962729e+01   -1.1169873506e+01    3.6801745124e+00    2.7285172172e+00   -1.3898390724e+01    3.2000000000e+01    1.9866500006e-03    6.4648437500e-01
       310   -7.4447709992e+00    5.5570428691e+01   -1.2901154777e+01    5.4563837779e+00    2.7633251539e+00   -1.5664479931e+01    3.2000000000e+01    1.9537930002e-03    6.2890625000e-01
       311   -7.3829909155e+00    5.4662548083e+01   -1.3559241828e+01    6.1762509128e+00    2.7580936177e+00   -1.6317335446e+01    3.2000000000e+01    2.9171329998e-03    6.5625000000e-01
       312   -7.5527714089e+00    5.7333132056e+01   -1.7281908572e+01    9.7291371627e+00    2.0236860754e+00   -1.9305594647e+01    3.2000000000e+01    1.9877820005e-03    6.4648437500e-01
       313   -7.7388890111e+00    6.0142953353e+01   -1.9154192064e+01    1.1415303053e+01    2.7233627372e+00   -2.1877554801e+01    3.2000000000e+01    2.0233659998e-03    6.3476562500e-01
       314   -7.4167997048e+00    5.5077111518e+01   -1.0449253142e+01    3.0324534373e+00    2.3853672018e+00   -1.2834620344e+01    3.2000000000e+01    2.3003110000e-03    6.7773437500e-01
       315   -7.3601873893e+00    5.4349747248e+01   -1.1970031981e+01    4.6098445918e+00    2.4190833689e+00   -1.4389115350e+01    3.2000000000e+01    2.2260599999e-03    6.5429687500e-01
       316   -7.3413344208e+00    5.3932949388e+01   -9.5069852884e+00    2.1656508676e+00    2.2550875852e+00   -1.1762072874e+01    3.2000000000e+01    2.0410079997e-03    7.0898437500e-01
       317   -7.4511530946e+00    5.5606270769e+01   -1.2259308179e+01    4.8081550844e+00    2.3783992997e+00   -1.4637707479e+01    3.2000000000e+01    2.2281860001e-03    6.4453125000e-01
       318   -7.4850663387e+00    5.6129265943e+01   -9.3339794650e+00    1.8489131263e+00    2.0131424087e+00   -1.1347121874e+01    3.2000000000e+01    2.9110239993e-03    7.2460937500e-01
       319   -7.5712091391e+00    5.7664401001e+01   -1.3264219692e+01    5.6930105525e+00    2.7961809837e+00   -1.6060400675e+01    3.2000000000e+01    3.0744270007e-03    6.5429687500e-01
       320   -7.4828892307e+00    5.6160191364e+01   -1.2281462816e+01    4.7985735848e+00    2.6433652313e+00   -1.4924828047e+01    3.2000000000e+01    2.1260969997e-03    6.3085937500e-01
       321   -7.6145799801e+00    5.8098036991e+01   -1.3476554629e+01    5.8619746485e+00    2.4402284004e+00   -1.5916783029e+01    3.2000000000e+01    2.5480590002e-03    6.3476562500e-01
       322   -7.4712897717e+00    5.6042429625e+01   -3.2958141456e+01    2.5486851685e+01    3.7531787667e+00   -3.6711320223e+01    3.2000000000e+01    2.3263869998e-03    5.7617187500e-01
       323   -7.9528149775e+00    6.3731548299e+01   -1.8758181607e+01    1.0805366630e+01    2.9143354250e+00   -2.1672517032e+01    3.2000000000e+01    1.9919300003e-03    6.3476562500e-01
       324   -7.4864923258e+00    5.6282379758e+01   -1.3655517165e+01    6.1690248391e+00    2.7496201815e+00   -1.6405137346e+01    3.2000000000e+01    1.9525950001e-03    6.3281250000e-01
       325   -7.5169427235e+00    5.6782122202e+01   -1.2331639745e+01    4.8146970213e+00    1.8074591441e+00   -1.4139098889e+01    3.2000000000e+01    2.0502739999e-03    6.6601562500e-01
       326   -7.6279084981e+00    5.8286936155e+01   -1.3728369601e+01    6.1004611025e+00    3.0336650328e+00   -1.6762034633e+01    3.2000000000e+01    1.9575939996e-03    6.3085937500e-01
       327   -7.4556295862e+00    5.5830272681e+01   -1.3830133845e+01    6.3745042591e+00    2.9034071211e+00   -1.6733540966e+01    3.2000000000e+01    2.0259510002e-03    6.4257812500e-01
       328   -7.2680988031e+00    5.3047278099e+01   -1.3280399749e+01    6.0123009454e+00    2.6575047619e+00   -1.5937904510e+01    3.2000000000e+01    2.0723689995e-03    6.5039062500e-01
       329   -7.4852194486e+00    5.6129729189e+01   -2.4529363397e+01    1.7044143948e+01    2.6521318721e+00   -2.7181495269e+01    3.2000000000e+01    2.1379950003e-03    6.2695312500e-01
       330   -7.7846217212e+00    6.0915642494e+01   -2.0211563104e+01    1.2426941382e+01    2.4128183027e+00   -2.2624381406e+01    3.2000000000e+01    1.9647109993e-03    6.4453125000e-01
       331   -7.2541608270e+00    5.2921122528e+01   -1.4303588896e+01    7.0494280689e+00    2.7175655883e+00   -1.7021154484e+01    3.2000000000e+01    2.0479939994e-03    6.2109375000e-01
       332   -7.6571456806e+00    5.8953489785e+01   -1.4906792984e+01    7.2496473033e+00    2.6682650111e+00   -1.7575057995e+01    3.2000000000e+01    1.9729730002e-03    6.0546875000e-01
       333   -7.9819455519e+00    6.4155311805e+01   -1.7222741258e+01    9.2407957060e+00    2.5225953517e+00   -1.9745336610e+01    3.2000000000e+01    2.0922959993e-03    6.6015625000e-01
       334   -7.5620359258e+00    5.7572268600e+01   -1.6891139312e+01    9.3291033866e+00    2.9469476380e+00   -1.9838086950e+01    3.2000000000e+01    1.9840800005e-03    6.0351562500e-01
       335   -7.0727050527e+00    5.0140692134e+01   -1.4447265669e+01    7.3745606168e+00    2.6128934341e+00   -1.7060159104e+01    3.2000000000e+01    2.0417460000e-03    6.2304687500e-01
       336   -7.4543875304e+00    5.5628954243e+01   -1.0532790727e+01    3.0784031961e+00    2.3520644207e+00   -1.2884855147e+01    3.2000000000e+01    2.0524539996e-03    6.6406250000e-01
       337   -7.4950956479e+00    5.6354938696e+01   -1.1226195209e+01    3.7310995607e+00    3.2880044067e+00   -1.4514199615e+01    3.2000000000e+01    2.2006680001e-03    6.6015625000e-01
       338   -7.5590434359e+00    5.7394385026e+01   -1.3981854567e+01    6.4228111310e+00    2.1392751128e+00   -1.6121129680e+01    3.2000000000e+01    1.9140280001e-03    6.0351562500e-01
       339   -7.7555211916e+00    6.0405632702e+01   -1.8868733175e+01    1.1113211983e+01    2.8532465879e+00   -2.1721979763e+01    3.2000000000e+01    2.1907789996e-03    5.9375000000e-01
       340   -7.8044606592e+00    6.1282906638e+01   -1.5883239490e+01    8.0787788304e+00    2.5892765331e+00   -1.8472516023e+01    3.2000000000e+01    1.9496449995e-03    6.3085937500e-01
       341   -7.2022944430e+00    5.2053407946e+01   -1.3792565641e+01    6.5902711982e+00    2.6308277899e+00   -1.6423393431e+01    3.2000000000e+01    2.0542689999e-03    6.2500000000e-01
       342   -7.3471240723e+00    5.4112339393e+01   -1.3381145604e+01    6.0340215317e+00    2.4219024467e+00   -1.5803048051e+01    3.2000000000e+01    1.9951180002e-03    6.5625000000e-01
       343   -7.4373198867e+00    5.5464637492e+01   -1.1213357294e+01    3.7760374073e+00    2.5950264137e+00   -1.3808383708e+01    3.2000000000e+01    2.0384270001e-03    6.6796875000e-01
       344   -7.6515313857e+00    5.8683252778e+01   -1.5047649453e+01    7.3961180675e+00    2.5522404501e+00   -1.7599889903e+01    3.2000000000e+01    2.0081840003e-03    6.4062500000e-01
       345   -7.8692415930e+00    6.2254784047e+01   -2.2156066169e+01    1.4286824576e+01    2.2826108822e+00   -2.4438677051e+01    3.2000000000e+01    2.1596939996e-03    6.5625000000e-01
       346   -7.3342019429e+00    5.4018774224e+01   -1.3563768328e+01    6.2295663851e+00    2.6255172954e+00   -1.6189285623e+01    3.2000000000e+01    1.9617959997e-03    6.4062500000e-01
       347   -7.0634386625e+00    5.0085510794e+01   -1.1696200975e+01    4.6327623128e+00    2.4587214337e+00   -1.4154922409e+01    3.2000000000e+01    2.3321709996e-03    6.4453125000e-01
       348   -7.4819819732e+00    5.6195067747e+01   -1.9227514754e+01    1.1745532780e+01    3.1090704246e+00   -2.2336585178e+01    3.2000000000e+01    1.9167130004e-03    5.8007812500e-01
       349   -7.6263467008e+00    5.8281635362e+01   -1.2886504351e+01    5.2601576507e+00    2.3092322717e+00   -1.5195736623e+01    3.2000000000e+01    1.9747830002e-03    6.4257812500e-01
       350   -7.3331541127e+00    5.3844856279e+01   -9.6381671656e+00    2.3050130530e+00    2.3896724175e+00   -1.2027839583e+01    3.2000000000e+01    2.0507800000e-03    6.7382812500e-01
       351   -7.5428614388e+00    5.7104777152e+01   -2.2822414977e+01    1.5279553539e+01    1.9446179181e+00   -2.4767032896e+01    3.2000000000e+01    2.0198169996e-03    6.6992187500e-01
       352   -7.5327918009e+00    5.7237511547e+01   -1.4845798244e+01    7.3130064428e+00    2.9009614647e+00   -1.7746759708e+01    3.2000000000e+01    2.0467770000e-03    6.6015625000e-01
       353   -7.5482212112e+00    5.7203647607e+01   -2.2520865349e+01    1.4972644138e+01    3.0858949355e+00   -2.5606760284e+01    3.2000000000e+01    2.1701830001e-03    5.9960937500e-01
       354   -7.3491219234e+00    5.4123270176e+01   -1.1587000037e+01    4.2378781135e+00    3.0171138283e+00   -1.4604113865e+01    3.2000000000e+01    1.9602279999e-03    6.3671875000e-01
       355   -7.3855882369e+00    5.4662878381e+01   -1.1956426190e+01    4.5708379534e+00    2.6123847603e+00   -1.4568810951e+01    3.2000000000e+01    1.9663180001e-03    6.2304687500e-01
       356   -7.3327678903e+00    5.3844729039e+01   -1.2845506811e+01    5.5127389203e+00    2.8588929548e+00   -1.5704399765e+01    3.2000000000e+01    2.0195219995e-03    6.2695312500e-01
       357   -7.3041921030e+00    5.3475169710e+01   -1.1161580022e+01    3.8573879186e+00    2.0858908076e+00   -1.3247470829e+01    3.2000000000e+01    1.9918620001e-03    6.6992187500e-01
       358   -7.2473986332e+00    5.2615923789e+01   -1.2013175861e+01    4.7657772282e+00    2.2971107708e+00   -1.4310286632e+01    3.2000000000e+01    1.9693889999e-03    6.3281250000e-01
       359   -7.3337326174e+00    5.3899487735e+01   -1.3953003459e+01    6.6192708415e+00    3.0124799860e+00   -1.6965483445e+01    3.2000000000e+01    1.9876509996e-03    5.9375000000e-01
       360   -7.4218161898e+00    5.5136519271e+01   -1.5700618292e+01    8.2788021024e+00    2.7430402449e+00   -1.8443658537e+01    3.2000000000e+01    1.9804029998e-03    6.2695312500e-01
       361   -7.4358324758e+00    5.5401559064e+01   -1.2854789783e+01    5.4189573074e+00    2.0597942429e+00   -1.4914584026e+01    3.2000000000e+01    2.2093220005e-03    6.7187500000e-01
       362   -7.3091130045e+00    5.3589073227e+01   -1.2180298946e+01    4.8711859417e+00    2.7421286699e+00   -1.4922427616e+01    3.2000000000e+01    1.9983510001e-03    6.8359375000e-01
       363   -7.5958781686e+00    5.8041573298e+01   -1.4088436767e+01    6.4925585981e+00    2.5772556408e+00   -1.6665692408e+01    3.2000000000e+01    2.0410779998e-03    6.4453125000e-01
       364   -7.2326596090e+00    5.2402231369e+01   -1.3184098359e+01    5.9514387500e+00    2.7645168759e+00   -1.5948615235e+01    3.2000000000e+01    2.2059919993e-03    6.4453125000e-01
       365   -7.2452809049e+00    5.2660144914e+01   -1.3438825478e+01    6.1935445727e+00    2.4521563529e+00   -1.5890981831e+01    3.2000000000e+01    1.9693510003e-03    6.2500000000e-01
       366   -7.4436943717e+00    5.5536881191e+01   -1.2043505350e+01    4.5998109784e+00    2.7518865515e+00   -1.4795391902e+01    3.2000000000e+01    1.9579150003e-03    6.2109375000e-01
       367   -7.7352696562e+00    6.0124127557e+01   -1.6112563093e+01    8.3772934369e+00    2.6213787459e+00   -1.8733941839e+01    3.2000000000e+01    1.9902800004e-03    6.5625000000e-01
       368   -7.4802420681e+00    5.6136614011e+01   -1.2632873603e+01    5.1526315353e+00    2.4218919929e+00   -1.5054765596e+01    3.2000000000e+01    2.0219290000e-03    6.2500000000e-01
       369   -7.3847148250e+00    5.4756872037e+01   -2.8966356723e+01    2.1581641898e+01    2.9326409598e+00   -3.1898997683e+01    3.2000000000e+01    2.2169699996e-03    6.1328125000e-01
       370   -7.3111085450e+00    5.3628510030e+01   -1.9794424379e+01    1.2483315834e+01    2.8230203475e+00   -2.2617444727e+01    3.2000000000e+01    1.9916359997e-03    6.0546875000e-01
       371   -7.3854750167e+00    5.4668539922e+01   -1.6428201924e+01    9.0427269072e+00    3.1231759841e+00   -1.9551377908e+01    3.2000000000e+01    2.1890660000e-03    6.3476562500e-01
       372   -7.6597831333e+00    5.8872135667e+01   -1.6152170489e+01    8.4923873558e+00    2.3508466322e+00   -1.8503017121e+01    3.2000000000e+01    2.0084240005e-03    6.6601562500e-01
       373   -7.4716962463e+00    5.5921531635e+01   -1.1124929402e+01    3.6532331560e+00    2.8829802862e+00   -1.4007909688e+01    3.2000000000e+01    2.0891390004e-03    6.9726562500e-01
       374   -7.5086770285e+00    5.6477714322e+01   -1.0504563286e+01    2.9958862580e+00    2.3826217017e+00   -1.2887184988e+01    3.2000000000e+01    1.9966919999e-03    6.6601562500e-01
       375   -7.2810963356e+00    5.3123074409e+01   -1.0457856446e+01    3.1767601104e+00    2.4222880033e+00   -1.2880144449e+01    3.2000000000e+01    2.1200980009e-03    6.8945312500e-01
       376   -7.4106845881e+00    5.4987728548e+01   -1.2563633539e+01    5.1529489506e+00    2.3437762295e+00   -1.4907409768e+01    3.2000000000e+01    1.9755570002e-03    6.3476562500e-01
       377   -7.3936033094e+00    5.4751670765e+01   -1.2928365607e+01    5.5347622974e+00    2.5743772301e+00   -1.5502742837e+01    3.2000000000e+01    2.3717510003e-03    6.4843750000e-01
       378   -7.5188621454e+00    5.6695301339e+01   -2.2122208515e+01    1.4603346370e+01    2.8506739727e+00   -2.4972882488e+01    3.2000000000e+01    1.9978660002e-03    6.4062500000e-01
       379   -7.6714218313e+00    5.8990578979e+01   -1.8152378997e+01    1.0480957166e+01    2.1750466086e+00   -2.0327425606e+01    3.2000000000e+01    2.1008560007e-03    6.5820312500e-01
       380   -7.5462125776e+00    5.7182365680e+01   -1.2033519603e+01    4.4873070253e+00    2.5489062618e+00   -1.4582425865e+01    3.2000000000e+01    2.0590410004e-03    6.9921875000e-01
       381   -7.3336768283e+00    5.3870164035e+01   -1.3782740024e+01    6.4490631960e+00    3.2529836493e+00   -1.7035723674e+01    3.2000000000e+01    3.4759549999e-03    6.0156250000e-01
       382   -7.6478215845e+00    5.8645263576e+01   -1.3209766789e+01    5.5619452049e+00    2.5551767716e+00   -1.5764943561e+01    3.2000000000e+01    4.1059250007e-03    6.4648437500e-01
       383   -7.5631818228e+00    5.7341057471e+01   -1.6338096257e+01    8.7749144339e+00    3.4814735727e+00   -1.9819569829e+01    3.2000000000e+01    2.8888120005e-03    6.2500000000e-01
       384   -7.2864414617e+00    5.3219854791e+01   -1.3643980700e+01    6.3575392383e+00    2.8248031943e+00   -1.6468783894e+01    3.2000000000e+01    1.9655160004e-03    6.3281250000e-01
       385   -7.3442695514e+00    5.4056855682e+01   -1.4189909048e+01    6.8456394969e+00    2.4380090257e+00   -1.6627918074e+01    3.2000000000e+01    1.9976980002e-03    6.7187500000e-01
       386   -7.2282541412e+00    5.2408043103e+01   -1.2996464447e+01    5.7682103060e+00    3.1669179297e+00   -1.6163382377e+01    3.2000000000e+01    1.9340050003e-03    6.0742187500e-01
       387   -7.4709230152e+00    5.5980452753e+01   -1.4662242737e+01    7.1913197219e+00    2.4442039420e+00   -1.7106446679e+01    3.2000000000e+01    3.8699279994e-03    6.2695312500e-01
       388   -7.3855193535e+00    5.4624893979e+01   -1.2874268809e+01    5.4887494552e+00    2.3078400014e+00   -1.5182108810e+01    3.2000000000e+01    3.4898940003e-03    6.2890625000e-01
       389   -7.3801980581e+00    5.4543854632e+01   -1.0081839111e+01    2.7016410534e+00    2.3294039036e+00   -1.2411243015e+01    3.2000000000e+01    2.1174120002e-03    6.8359375000e-01
       390   -7.4166965294e+00    5.5110801245e+01   -1.2833252549e+01    5.4165560201e+00    2.8696346020e+00   -1.5702887151e+01    3.2000000000e+01    1.9659869995e-03    6.2890625000e-01
       391   -7.1269078590e+00    5.1052204701e+01   -1.4391414163e+01    7.2645063045e+00    2.7452462803e+00   -1.7136660444e+01    3.2000000000e+01    2.0009970003e-03    6.2109375000e-01
       392   -7.5700872089e+00    5.7769710965e+01   -1.4742873021e+01    7.1727858117e+00    2.3706766395e+00   -1.7113549660e+01    3.2000000000e+01    2.2160030003e-03    6.1718750000e-01
       393   -7.5288934459e+00    5.6849418946e+01   -1.4166470824e+01    6.6375773784e+00    2.7360928546e+00   -1.6902563679e+01    3.2000000000e+01    1.9735660007e-03    6.3867187500e-01
       394   -7.4559267907e+00    5.5768422505e+01   -1.1852306048e+01    4.3963792571e+00    2.5214593340e+00   -1.4373765382e+01    3.2000000000e+01    2.0405370005e-03    6.9531250000e-01
       395   -7.5170554630e+00    5.6690835087e+01   -1.2066963783e+01    4.5499083200e+00    2.5812762876e+00   -1.4648240071e+01    3.2000000000e+01    2.0239930000e-03    6.9140625000e-01
       396   -7.5653339993e+00    5.7430361399e+01   -1.3161604363e+01    5.5962703639e+00    2.4330488750e+00   -1.5594653238e+01    3.2000000000e+01    1.9959179999e-03    6.5820312500e-01
       397   -7.4644725670e+00    5.5937268258e+01   -2.3780603688e+01    1.6316131121e+01    3.2699452796e+00   -2.7050548967e+01    3.2000000000e+01    1.9266370000e-03    5.9570312500e-01
       398   -7.4750708820e+00    5.6021050197e+01   -1.4005562239e+01    6.5304913572e+00    3.0381447811e+00   -1.7043707020e+01    3.2000000000e+01    2.0940969998e-03    6.4257812500e-01
       399   -7.5097714804e+00    5.6459011728e+01   -1.2250384519e+01    4.7406130390e+00    2.4947150204e+00   -1.4745099540e+01    3.2000000000e+01    1.9934109996e-03    6.7578125000e-01
       400   -7.3483132498e+00    5.4215779060e+01   -1.3644249480e+01    6.2959362306e+00    2.4149750206e+00   -1.6059224501e+01    3.2000000000e+01    1.9775559995e-03    6.5429687500e-01
       401   -7.3552186135e+00    5.4191634275e+01   -1.0426736889e+01    3.0715182756e+00    2.3998627402e+00   -1.2826599629e+01    3.2000000000e+01    1.9861000001e-03    6.6210937500e-01
       402   -7.8232018674e+00    6.1682414970e+01   -1.8400411480e+01    1.0577209613e+01    2.9032809887e+00   -2.1303692469e+01    3.2000000000e+01    1.9464779998e-03    6.1523437500e-01
       403   -7.6876354328e+00    5.9323436692e+01   -1.3028964083e+01    5.3413286500e+00    2.6037296750e+00   -1.5632693758e+01    3.2000000000e+01    1.9731750008e-03    6.5039062500e-01
       404   -7.3603137943e+00    5.4372162903e+01   -1.2403056719e+01    5.0427429249e+00    2.5000203450e+00   -1.4903077064e+01    3.2000000000e+01    1.9633510001e-03    6.4453125000e-01
       405   -7.8281106391e+00    6.1608507714e+01   -1.6983747394e+01    9.1556367552e+00    2.7366070705e+00   -1.9720354465e+01    3.2000000000e+01    1.9615900001e-03    6.3281250000e-01
       406   -7.5881134610e+00    5.7737228421e+01   -1.3279367788e+01    5.6912543272e+00    2.1517185642e+00   -1.5431086352e+01    3.2000000000e+01    1.9601779995e-03    6.5234375000e-01
       407   -7.3307901126e+00    5.3893278596e+01   -1.2603132899e+01    5.2723427868e+00    3.1890750603e+00   -1.5792207960e+01    3.2000000000e+01    1.9188869992e-03    5.9179687500e-01
       408   -7.4292821366e+00    5.5443231537e+01   -1.6578961467e+01    9.1496793303e+00    2.6199133026e+00   -1.9198874769e+01    3.2000000000e+01    2.2279190007e-03    6.4062500000e-01
       409   -7.4839192240e+00    5.6139346093e+01   -1.1390932292e+01    3.9070130675e+00    2.5877222024e+00   -1.3978654494e+01    3.2000000000e+01    2.1365209996e-03    6.6015625000e-01
       410   -7.4427526200e+00    5.5562563307e+01   -1.1721875573e+01    4.2791229529e+00    2.8550110118e+00   -1.4576886585e+01    3.2000000000e+01    2.0147070009e-03    6.3085937500e-01
       411   -7.5349496186e+00    5.6944719070e+01   -1.3290570217e+01    5.7556205985e+00    2.6292154034e+00   -1.5919785621e+01    3.2000000000e+01    2.0638049991e-03    6.5039062500e-01
       412   -7.5122792161e+00    5.6821777341e+01   -1.4258544704e+01    6.7462654882e+00    2.4111482872e+00   -1.6669692992e+01    3.2000000000e+01    1.9592070003e-03    6.3085937500e-01
       413   -7.5524335130e+00    5.7300426965e+01   -1.9957749214e+01    1.2405315701e+01    3.0639128483e+00   -2.3021662062e+01    3.2000000000e+01    1.9641520003e-03    6.2695312500e-01
       414   -7.4334734903e+00    5.5302484854e+01   -1.2182674575e+01    4.7492010845e+00    1.9367645703e+00   -1.4119439145e+01    3.2000000000e+01    1.9543930002e-03    6.5820312500e-01
       415   -7.4976789533e+00    5.6529994979e+01   -2.0735132707e+01    1.3237453753e+01    2.7287167823e+00   -2.3463849489e+01    3.2000000000e+01    1.9405009998e-03    6.1132812500e-01
       416   -7.3656888727e+00    5.4349879543e+01   -1.1308279489e+01    3.9425906168e+00    2.5771595368e+00   -1.3885439026e+01    3.2000000000e+01    2.5749659999e-03    6.8750000000e-01
       417   -7.2147988383e+00    5.2148198431e+01   -1.1633800509e+01    4.4190016709e+00    2.4523129811e+00   -1.4086113490e+01    3.2000000000e+01    1.9712969997e-03    6.4648437500e-01
       418   -7.5449010454e+00    5.7334016636e+01   -1.4360183758e+01    6.8152827122e+00    2.9365881071e+00   -1.7296771865e+01    3.2000000000e+01    1.9649830001e-03    6.1523437500e-01
       419   -7.6919552534e+00    5.9481164119e+01   -1.6303796280e+01    8.6118410271e+00    2.3708727134e+00   -1.8674668994e+01    3.2000000000e+01    1.9921680005e-03    6.6406250000e-01
       420   -7.3371645443e+00    5.3984891105e+01   -1.1246771188e+01    3.9096066435e+00    2.3677257281e+00   -1.3614496916e+01    3.2000000000e+01    1.9720380005e-03    6.5429687500e-01
       421   -7.2963627817e+00    5.3417453133e+01   -1.3088171537e+01    5.7918087553e+00    2.7065046256e+00   -1.5794676163e+01    3.2000000000e+01    1.9809960004e-03    6.5234375000e-01
       422   -7.5325293633e+00    5.6940829464e+01   -1.6100428457e+01    8.5678990936e+00    2.6215469938e+00   -1.8721975451e+01    3.2000000000e+01    1.9459019995e-03    6.1718750000e-01
       423   -7.4327984794e+00    5.5347240466e+01   -9.8483258775e+00    2.4155273982e+00    2.2733377286e+00   -1.2121663606e+01    3.2000000000e+01    2.0075390003e-03    6.8359375000e-01
       424   -7.4323932214e+00    5.5401801923e+01   -1.2231024773e+01    4.7986315515e+00    1.6295642312e+00   -1.3860589004e+01    3.2000000000e+01    1.9421100005e-03    6.8164062500e-01
       425   -7.3758084262e+00    5.4565462112e+01   -1.3653385923e+01    6.2775774972e+00    2.5481820347e+00   -1.6201567958e+01    3.2000000000e+01    2.1978490004e-03    6.6406250000e-01
       426   -7.5274867530e+00    5.6973999620e+01   -1.4524218566e+01    6.9967318134e+00    2.6538066486e+00   -1.7178025215e+01    3.2000000000e+01    1.9729770002e-03    6.3281250000e-01
       427   -7.5027911409e+00    5.6435678753e+01   -2.2406416151e+01    1.4903625010e+01    2.8453276841e+00   -2.5251743835e+01    3.2000000000e+01    1.9826799999e-03    6.1914062500e-01
       428   -7.6678767104e+00    5.9107758106e+01   -1.9414136167e+01    1.1746259457e+01    2.6132549475e+00   -2.2027391115e+01    3.2000000000e+01    1.9535299998e-03    6.2109375000e-01
       429   -7.6085051452e+00    5.8220733312e+01   -2.0256582751e+01    1.2648077606e+01    3.4900026378e+00   -2.3746585389e+01    3.2000000000e+01    1.9492850006e-03    6.1328125000e-01
       430   -7.3910779409e+00    5.4902372656e+01   -2.1423826629e+01    1.4032748689e+01    2.6589586823e+00   -2.4082785312e+01    3.2000000000e+01    1.9605819998e-03    6.3281250000e-01
       431   -7.4207021866e+00    5.5194302840e+01   -1.1559985317e+01    4.1392831304e+00    2.5506422868e+00   -1.4110627604e+01    3.2000000000e+01    1.9379890000e-03    6.1718750000e-01
       432   -7.2295122346e+00    5.2400602817e+01   -1.3165857529e+01    5.9363452939e+00    2.4928414290e+00   -1.5658698958e+01    3.2000000000e+01    1.9416100004e-03    6.1132812500e-01
       433   -7.4611179963e+00    5.5739256963e+01   -1.1611821155e+01    4.1507031583e+00    2.4245255330e+00   -1.4036346688e+01    3.2000000000e+01    1.9802839997e-03    6.5820312500e-01
       434   -7.5680569035e+00    5.7575777549e+01   -1.8399550980e+01    1.0831494076e+01    2.6584231456e+00   -2.1057974126e+01    3.2000000000e+01    1.9896060003e-03    6.2890625000e-01
       435   -7.6074207018e+00    5.8066640922e+01   -1.3435189454e+01    5.8277687526e+00    2.4287650575e+00   -1.5863954512e+01    3.2000000000e+01    1.9784269998e-03    6.5625000000e-01
       436   -7.6174348390e+00    5.8185254197e+01   -1.9951717626e+01    1.2334282787e+01    3.7375330907e+00   -2.3689250717e+01    3.2000000000e+01    1.9213300002e-03    5.7031250000e-01
       437   -7.4852861109e+00    5.6227116793e+01   -1.5388958701e+01    7.9036725902e+00    2.6527342592e+00   -1.8041692960e+01    3.2000000000e+01    1.9679269999e-03    6.3085937500e-01
       438   -7.9223616391e+00    6.3304166565e+01   -1.9932117708e+01    1.2009756069e+01    2.7455685543e+00   -2.2677686263e+01    3.2000000000e+01    1.9279499993e-03    5.8984375000e-01
       439   -7.6219749078e+00    5.8415150528e+01   -1.3497189510e+01    5.8752146019e+00    3.1861589611e+00   -1.6683348471e+01    3.2000000000e+01    1.9783259995e-03    6.4453125000e-01
       440   -7.3283074660e+00    5.3847968101e+01   -1.1210689608e+01    3.8823821416e+00    2.2023761911e+00   -1.3413065799e+01    3.2000000000e+01    1.9892060000e-03    6.7187500000e-01
       441   -7.4321739002e+00    5.5448365056e+01   -1.2630704421e+01    5.1985305204e+00    2.9716567321e+00   -1.5602361153e+01    3.2000000000e+01    2.2131480000e-03    6.4257812500e-01
       442   -7.2329426490e+00    5.2423868924e+01   -1.2350584010e+01    5.1176413613e+00    2.4151506311e+00   -1.4765734641e+01    3.2000000000e+01    2.2535740000e-03    6.4843750000e-01
       443   -7.1884636901e+00    5.1849396108e+01   -1.8112032191e+01    1.0923568501e+01    3.3240376697e+00   -2.1436069860e+01    3.2000000000e+01    1.9572499996e-03    5.8789062500e-01
       444   -7.1676666930e+00    5.1531699032e+01   -1.0188075254e+01    3.0204085609e+00    2.4211851884e+00   -1.2609260442e+01    3.2000000000e+01    2.0067850000e-03    6.5625000000e-01
       445   -7.2034768503e+00    5.1986328673e+01   -1.1750378247e+01    4.5469013967e+00    2.3318861154e+00   -1.4082264362e+01    3.2000000000e+01    1.9740139996e-03    6.6406250000e-01
       446   -7.2597160678e+00    5.3068997430e+01   -1.6281740090e+01    9.0220240225e+00    2.8454300932e+00   -1.9127170183e+01    3.2000000000e+01    1.9282150006e-03    6.3085937500e-01
       447   -7.4485432763e+00    5.5706152105e+01   -1.2926693543e+01    5.4781502668e+00    2.8150033025e+00   -1.5741696846e+01    3.2000000000e+01    1.9668919995e-03    6.3867187500e-01
       448   -7.3617908368e+00    5.4270049408e+01   -1.0251853030e+01    2.8900621936e+00    2.7460786173e+00   -1.2997931648e+01    3.2000000000e+01    1.9903830007e-03    6.6406250000e-01
       449   -7.5395524856e+00    5.7208965268e+01   -1.0437048626e+01    2.8974961402e+00    2.7074079985e+00   -1.3144456624e+01    3.2000000000e+01    1.9945860004e-03    6.6406250000e-01
       450   -7.3939956618e+00    5.4816687062e+01   -1.2430586838e+01    5.0365911765e+00    2.5799842389e+00   -1.5010571077e+01    3.2000000000e+01    1.9937729994e-03    6.7773437500e-01
       451   -7.1219929471e+00    5.0925647717e+01   -2.1355315533e+01    1.4233322586e+01    2.8615369030e+00   -2.4216852436e+01    3.2000000000e+01    1.9501900006e-03    6.0937500000e-01
       452   -7.3372641828e+00    5.3932919454e+01   -1.5575385186e+01    8.2381210032e+00    2.6020698955e+00   -1.8177455082e+01    3.2000000000e+01    1.9352770005e-03    6.0156250000e-01
       453   -7.7791458305e+00    6.0671921621e+01   -3.4465005135e+01    2.6685859305e+01    2.7690581104e+00   -3.7234063245e+01    3.2000000000e+01    1.9807589997e-03    6.6406250000e-01
       454   -7.4760877421e+00    5.6208266420e+01   -1.1161405978e+01    3.6853182359e+00    2.3649676770e+00   -1.3526373655e+01    3.2000000000e+01    1.9887339995e-03    6.7578125000e-01
       455   -7.4096596535e+00    5.5084525751e+01   -1.2987677469e+01    5.5780178158e+00    2.8738323688e+00   -1.5861509838e+01    3.2000000000e+01    1.9447670002e-03    6.3281250000e-01
       456   -7.2162655186e+00    5.2181839646e+01   -1.4602710293e+01    7.3864447743e+00    2.6418626960e+00   -1.7244572989e+01    3.2000000000e+01    1.9415900006e-03    6.1132812500e-01
       457   -7.4960185335e+00    5.6640996782e+01   -1.5848732389e+01    8.3527138555e+00    2.8076509555e+00   -1.8656383345e+01    3.2000000000e+01    1.9381100001e-03    5.9960937500e-01
       458   -7.7149246312e+00    5.9825873058e+01   -1.5509872781e+01    7.7949481498e+00    2.7870807710e+00   -1.8296953552e+01    3.2000000000e+01    2.0967360006e-03    6.2500000000e-01
       459   -7.5477008597e+00    5.7257463905e+01   -1.2542356290e+01    4.9946554304e+00    2.4304845108e+00   -1.4972840801e+01    3.2000000000e+01    1.9896800004e-03    6.4843750000e-01
       460   -7.3883528829e+00    5.4658818040e+01   -1.1280078705e+01    3.8917258225e+00    2.5906888136e+00   -1.3870767519e+01    3.2000000000e+01    2.0190949999e-03    6.9140625000e-01
       461   -7.3955347892e+00    5.4766811532e+01   -1.1967754332e+01    4.5722195428e+00    2.0839453396e+00   -1.4051699672e+01    3.2000000000e+01    1.9708850004e-03    6.5429687500e-01
       462   -7.3814938320e+00    5.4654981514e+01   -1.8761217475e+01    1.1379723643e+01    2.6987417459e+00   -2.1459959221e+01    3.2000000000e+01    1.9545560008e-03    6.3476562500e-01
       463   -7.3013233947e+00    5.3410876432e+01   -1.0994529369e+01    3.6932059743e+00    2.3491910593e+00   -1.3343720428e+01    3.2000000000e+01    2.2533940000e-03    6.5039062500e-01
       464   -7.5476396457e+00    5.7224489539e+01   -1.3817122918e+01    6.2694832727e+00    2.8781306952e+00   -1.6695253614e+01    3.2000000000e+01    2.0236910004e-03    6.2890625000e-01
       465   -7.2676013913e+00    5.2938365336e+01   -1.4021571558e+01    6.7539701663e+00    2.7105848808e+00   -1.6732156438e+01    3.2000000000e+01    2.0318509996e-03    6.4062500000e-01
       466   -7.5901164062e+00    5.7800647465e+01   -1.7660264961e+01    1.0070148554e+01    3.6741256683e+00   -2.1334390629e+01    3.2000000000e+01    2.1097239996e-03    6.1132812500e-01
       467   -7.4153699265e+00    5.5071683504e+01   -1.1730566280e+01    4.3151963535e+00    2.3903335248e+00   -1.4120899805e+01    3.2000000000e+01    2.1353330003e-03    6.5234375000e-01
       468   -7.4033605416e+00    5.5017320085e+01   -1.8892447609e+01    1.1489087067e+01    2.7888048743e+00   -2.1681252483e+01    3.2000000000e+01    1.9460479998e-03    6.2304687500e-01
       469   -7.2210184035e+00    5.2326776345e+01   -1.3534324043e+01    6.3133056397e+00    2.3300704573e+00   -1.5864394501e+01    3.2000000000e+01    1.9148299998e-03    6.0351562500e-01
       470   -7.6024021985e+00    5.8013604020e+01   -2.2569208321e+01    1.4966806122e+01    2.3903112993e+00   -2.4959519620e+01    3.2000000000e+01    1.9295180000e-03    6.2695312500e-01
       471   -7.3772632820e+00    5.4558772407e+01   -1.6076977803e+01    8.6997145209e+00    2.1360684944e+00   -1.8213046297e+01    3.2000000000e+01    2.0619979996e-03    6.5429687500e-01
       472   -7.5363704562e+00    5.7048805216e+01   -3.1781957372e+01    2.4245586915e+01    3.1021841120e+00   -3.4884141484e+01    3.2000000000e+01    1.8688500004e-03    5.6445312500e-01
       473   -7.1542903844e+00    5.1346436782e+01   -1.3903299539e+01    6.7490091545e+00    2.2658719521e+00   -1.6169171491e+01    3.2000000000e+01    1.8807340002e-03    5.9570312500e-01
       474   -7.2292377663e+00    5.2375623746e+01   -1.2666953487e+01    5.4377157211e+00    2.7543476313e+00   -1.5421301119e+01    3.2000000000e+01    2.1819129997e-03    6.2500000000e-01
       475   -7.4253534358e+00    5.5294146943e+01   -1.1595183604e+01    4.1698301678e+00    2.6070900512e+00   -1.4202273655e+01    3.2000000000e+01    2.0877399993e-03    6.6796875000e-01
       476   -7.9294363193e+00    6.3678593355e+01   -1.5263791834e+01    7.3343555151e+00    2.5049026291e+00   -1.7768694464e+01    3.2000000000e+01    1.9912030002e-03    6.3867187500e-01
       477   -7.9633989279e+00    6.4409572941e+01   -1.8368245571e+01    1.0404846643e+01    4.1414486923e+00   -2.2509694264e+01    3.2000000000e+01    2.0271270005e-03    6.0546875000e-01
       478   -7.5021701784e+00    5.6533122640e+01   -1.5928962655e+01    8.4267924764e+00    2.8651738093e+00   -1.8794136464e+01    3.2000000000e+01    1.9774279999e-03    6.5234375000e-01
       479   -7.5970657617e+00    5.8092671607e+01   -1.4635124127e+01    7.0380583657e+00    2.1498695007e+00   -1.6784993628e+01    3.2000000000e+01    2.0455060003e-03    6.3476562500e-01
       480   -7.6355024396e+00    5.8385248545e+01   -4.2453783649e+01    3.4818281209e+01    2.6117416181e+00   -4.5065525267e+01    3.2000000000e+01    1.8916050003e-03    5.9179687500e-01
       481   -7.6782045418e+00    5.9192944755e+01   -7.2749777807e+01    6.5071573266e+01    2.6690856358e+00   -7.5418863443e+01    3.2000000000e+01    1.9289200000e-03    6.1523437500e-01
       482   -7.2501217509e+00    5.2756457771e+01   -1.4953417684e+01    7.7032959330e+00    2.6804741354e+00   -1.7633891819e+01    3.2000000000e+01    1.9485980001e-03    6.1132812500e-01
       483   -7.3531926765e+00    5.4146071299e+01   -1.3477630290e+01    6.1244376134e+00    2.8932358680e+00   -1.6370866158e+01    3.2000000000e+01    2.0090059998e-03    6.5039062500e-01
       484   -7.4322081820e+00    5.5326889649e+01   -1.3162578807e+01    5.7303706253e+00    2.6783445403e+00   -1.5840923348e+01    3.2000000000e+01    1.9277039992e-03    6.0937500000e-01
       485   -7.5385533039e+00    5.7069332484e+01   -2.4347076754e+01    1.6808523450e+01    2.8004644637e+00   -2.7147541218e+01    3.2000000000e+01    1.9707539996e-03    6.4648437500e-01
       486   -7.5998579963e+00    5.7831733633e+01   -1.2208716882e+01    4.6088588861e+00    3.1008324759e+00   -1.5309549358e+01    3.2000000000e+01    1.9745210002e-03    6.6210937500e-01
       487   -7.5657108202e+00    5.7325458234e+01   -1.0816899569e+01    3.2511887490e+00    2.7162430147e+00   -1.3533142584e+01    3.2000000000e+01    2.1048359995e-03    6.7968750000e-01
       488   -7.3826183651e+00    5.4616352582e+01   -1.3387945703e+01    6.0053273383e+00    3.1077682730e+00   -1.6495713976e+01    3.2000000000e+01    1.9604600002e-03    6.2890625000e-01
       489   -7.3130059537e+00    5.3589421882e+01   -1.2338497143e+01    5.0254911893e+00    3.6099145756e+00   -1.5948411719e+01    3.2000000000e+01    1.9681080003e-03    6.4843750000e-01
       490   -7.3864669878e+00    5.4726392559e+01   -1.0723392453e+01    3.3369254657e+00    2.6749976903e+00   -1.3398390144e+01    3.2000000000e+01    2.0364739994e-03    6.8164062500e-01
       491   -7.7438889657e+00    6.0235972388e+01   -3.0028570755e+01    2.2284681790e+01    3.5887163171e+00   -3.3617287073e+01    3.2000000000e+01    1.9533459999e-03    5.6445312500e-01
       492   -7.4475002116e+00    5.5561162532e+01   -1.1871323808e+01    4.4238235964e+00    2.4185343524e+00   -1.4289858160e+01    3.2000000000e+01    2.0007060002e-03    6.6015625000e-01
       493   -7.4013980051e+00    5.5106908490e+01   -1.5888595788e+01    8.4871977831e+00    2.7906100930e+00   -1.8679205881e+01    3.2000000000e+01    2.1093369996e-03    6.1132812500e-01
       494   -7.3679452080e+00    5.4606425138e+01   -1.5164535987e+01    7.7965907790e+00    3.9651216004e+00   -1.9129657587e+01    3.2000000000e+01    1.9690050003e-03    6.3867187500e-01
       495   -7.2916720191e+00    5.3303684695e+01   -1.1422872116e+01    4.1312000965e+00    2.3207440656e+00   -1.3743616181e+01    3.2000000000e+01    1.9932269997e-03    6.5234375000e-01
       496   -7.3847439694e+00    5.4658726083e+01   -1.2273745426e+01    4.8890014568e+00    2.8782838568e+00   -1.5152029283e+01    3.2000000000e+01    2.1006509996e-03    6.6992187500e-01
       497   -7.5484774636e+00    5.7079692573e+01   -1.0698428574e+01    3.1499511099e+00    2.2272279388e+00   -1.2925656512e+01    3.2000000000e+01    2.0027009996e-03    6.6406250000e-01
       498   -7.3850139351e+00    5.4647510369e+01   -9.8073165847e+00    2.4223026496e+00    1.8269437798e+00   -1.1634260364e+01    3.2000000000e+01    2.0363980002e-03    6.7578125000e-01
       499   -7.4749070900e+00    5.6141228241e+01   -5.2678005622e+01    4.5203098532e+01    2.7393789280e+00   -5.5417384550e+01    3.2000000000e+01    1.9794179998e-03    6.5429687500e-01
