#   index    LocalEnergy         LocalEnergy_sq      LocalPotential      Kinetic             ElecElec            IonElec             BlockWeight         BlockCPU            AcceptRatio         
         0   -7.5474843698e+00    5.7222976760e+01   -1.2457950392e+01    4.9104660220e+00    2.2804727070e+00   -1.4738423099e+01    1.2800000000e+02    8.0486100005e-03    6.5869140625e-01
         1   -7.4244690722e+00    5.5317672858e+01   -1.2481694912e+01    5.0572258400e+00    2.5103094345e+00   -1.4992004347e+01    1.2800000000e+02    8.0274120000e-03    6.4599609375e-01
         2   -7.7174351554e+00    5.9829672941e+01   -1.5603839660e+01    7.8864045041e+00    2.5416125216e+00   -1.8145452181e+01    1.2800000000e+02    8.2275389996e-03    6.4843750000e-01
         3   -7.4225964441e+00    5.5239874945e+01   -1.4338459337e+01    6.9158628926e+00    2.8480675271e+00   -1.7186526864e+01    1.2800000000e+02    7.8621679995e-03    6.2304687500e-01
         4   -7.4256005089e+00    5.5275614705e+01   -1.7926728605e+01    1.0501128096e+01    2.6424794267e+00   -2.0569208031e+01    1.2800000000e+02    7.8872360000e-03    6.4306640625e-01
         5   -7.3920962025e+00    5.4761779437e+01   -1.1970942131e+01    4.5788459287e+00    2.6536708554e+00   -1.4624612987e+01    1.2800000000e+02    8.2386270005e-03    6.5234375000e-01
         6   -7.4270919353e+00    5.5336930243e+01   -1.2943684813e+01    5.5165928780e+00    2.7479127934e+00   -1.5691597607e+01    1.2800000000e+02    8.5516320005e-03    6.4160156250e-01
         7   -7.4237764366e+00    5.5328796251e+01   -1.3425369956e+01    6.0015935199e+00    2.4948560917e+00   -1.5920226048e+01    1.2800000000e+02    7.9867450004e-03    6.7480468750e-01
         8   -7.3156002457e+00    5.3656452841e+01   -1.2243320561e+01    4.9277203157e+00    2.4383693339e+00   -1.4681689895e+01    1.2800000000e+02    8.2522690000e-03    6.4355468750e-01
         9   -7.5464173981e+00    5.7237085143e+01   -1.4243918205e+01    6.6975008065e+00    2.7051791987e+00   -1.6949097403e+01    1.2800000000e+02    7.8476600002e-03    6.2792968750e-01
        10   -7.4962942867e+00    5.6339677659e+01   -1.5304670545e+01    7.8083762584e+00    2.5339143731e+00   -1.7838584918e+01    1.2800000000e+02    8.2718110007e-03    6.4794921875e-01
        11   -7.4737422542e+00    5.6042814456e+01   -1.5537391809e+01    8.0636495548e+00    2.7471726480e+00   -1.8284564457e+01    1.2800000000e+02    7.9042670004e-03    6.3916015625e-01
        12   -7.2981028144e+00    5.3389873630e+01   -1.2859079533e+01    5.5609767184e+00    3.0424676286e+00   -1.5901547161e+01    1.2800000000e+02    8.0920720002e-03    6.3037109375e-01
        13   -7.4345581929e+00    5.5413983567e+01   -1.3699037971e+01    6.2644797785e+00    2.7768437363e+00   -1.6475881708e+01    1.2800000000e+02    7.8964320001e-03    6.3232421875e-01
        14   -7.5176883954e+00    5.6769941824e+01   -1.8105726566e+01    1.0588038171e+01    2.7229564726e+00   -2.0828683039e+01    1.2800000000e+02    8.2398269997e-03    6.2158203125e-01
        15   -7.3747018187e+00    5.4511924047e+01   -1.2626294537e+01    5.2515927180e+00    3.1685067655e+00   -1.5794801302e+01    1.2800000000e+02    8.0674669998e-03    6.4746093750e-01
        16   -7.5079922803e+00    5.6543548888e+01   -1.7718345515e+01    1.0210353235e+01    2.4092726027e+00   -2.0127618118e+01    1.2800000000e+02    8.0764410004e-03    6.3623046875e-01
        17   -7.5115788146e+00    5.6627854560e+01   -1.2898200332e+01    5.3866215169e+00    2.6966192569e+00   -1.5594819588e+01    1.2800000000e+02    7.9108629998e-03    6.4843750000e-01
        18   -7.5151366333e+00    5.6702422738e+01   -1.3478375010e+01    5.9632383771e+00    2.5668305620e+00   -1.6045205572e+01    1.2800000000e+02    9.0981880003e-03    6.6503906250e-01
        19   -7.3995642619e+00    5.4888469462e+01   -1.8119707932e+01    1.0720143670e+01    3.0284359072e+00   -2.1148143839e+01    1.2800000000e+02    7.7990460004e-03    6.2109375000e-01
        20   -7.3350241796e+00    5.3926691748e+01   -1.2748802088e+01    5.4137779080e+00    2.5484804084e+00   -1.5297282496e+01    1.2800000000e+02    8.8545259996e-03    6.4599609375e-01
        21   -7.3953863284e+00    5.4862157639e+01   -1.1345741676e+01    3.9503553473e+00    2.2549766582e+00   -1.3600718334e+01    1.2800000000e+02    7.8756550001e-03    6.4550781250e-01
        22   -7.2694560439e+00    5.3056669053e+01   -1.2996185444e+01    5.7267293999e+00    2.3744826051e+00   -1.5370668049e+01    1.2800000000e+02    8.1735799995e-03    6.3720703125e-01
        23   -7.4371627822e+00    5.5419897800e+01   -1.3033792207e+01    5.5966294250e+00    2.3235551788e+00   -1.5357347386e+01    1.2800000000e+02    7.8134850000e-03    6.3671875000e-01
        24   -7.3928249182e+00    5.4797259215e+01   -1.4495600476e+01    7.1027755582e+00    2.5029704832e+00   -1.6998570960e+01    1.2800000000e+02    8.0169880002e-03    6.3183593750e-01
        25   -7.5512462989e+00    5.7280517173e+01   -1.9583197045e+01    1.2031950746e+01    3.1649113072e+00   -2.2748108352e+01    1.2800000000e+02    8.4239199996e-03    6.1181640625e-01
        26   -7.3174639711e+00    5.3739178323e+01   -1.2789934369e+01    5.4724703983e+00    2.6432353798e+00   -1.5433169749e+01    1.2800000000e+02    8.8718289999e-03    6.4062500000e-01
        27   -7.4133143142e+00    5.5082324935e+01   -1.0931075792e+01    3.5177614783e+00    2.5406332860e+00   -1.3471709078e+01    1.2800000000e+02    8.8880070007e-03    6.5039062500e-01
        28   -7.3741294019e+00    5.4662168017e+01   -1.3285902402e+01    5.9117730004e+00    2.5158252642e+00   -1.5801727667e+01    1.2800000000e+02    8.4487829999e-03    6.3769531250e-01
        29   -7.4675388492e+00    5.6068170823e+01   -1.3693105042e+01    6.2255661930e+00    2.7879717751e+00   -1.6481076817e+01    1.2800000000e+02    1.4456476000e-02    6.3525390625e-01
        30   -7.4533852320e+00    5.5791663560e+01   -1.3608645451e+01    6.1552602185e+00    2.7045471562e+00   -1.6313192607e+01    1.2800000000e+02    1.1068235000e-02    6.4550781250e-01
        31   -7.5170704836e+00    5.6816123596e+01   -1.4673745471e+01    7.1566749878e+00    2.6869938620e+00   -1.7360739333e+01    1.2800000000e+02    1.4157459001e-02    6.2792968750e-01
        32   -7.4951100509e+00    5.6296856141e+01   -1.1556265817e+01    4.0611557661e+00    2.5967869400e+00   -1.4153052757e+01    1.2800000000e+02    1.6798566000e-02    6.7187500000e-01
        33   -7.3959243641e+00    5.4886942539e+01   -1.3207902351e+01    5.8119779871e+00    2.8667149218e+00   -1.6074617273e+01    1.2800000000e+02    1.6390822000e-02    6.3916015625e-01
        34   -7.4025793806e+00    5.5054431214e+01   -1.6088774933e+01    8.6861955526e+00    2.7821999726e+00   -1.8870974906e+01    1.2800000000e+02    1.1914493000e-02    6.2792968750e-01
        35   -7.4522142386e+00    5.5694016241e+01   -1.2305001110e+01    4.8527868710e+00    2.9623613628e+00   -1.5267362473e+01    1.2800000000e+02    1.6721375000e-02    6.4355468750e-01
        36   -7.4965892363e+00    5.6329695034e+01   -1.3855060445e+01    6.3584712085e+00    2.4898706827e+00   -1.6344931128e+01    1.2800000000e+02    1.6673892001e-02    6.4404296875e-01
        37   -7.5274187100e+00    5.6902959839e+01   -1.2903350327e+01    5.3759316170e+00    2.8094255856e+00   -1.5712775913e+01    1.2800000000e+02    1.6672989000e-02    6.4501953125e-01
        38   -7.5217854056e+00    5.6912749170e+01   -1.5272685730e+01    7.7509003240e+00    2.6203032442e+00   -1.7892988974e+01    1.2800000000e+02    1.2798334000e-02    6.4501953125e-01
        39   -7.6287819272e+00    5.8638135573e+01   -2.7821390354e+01    2.0192608427e+01    3.0947166698e+00   -3.0916107024e+01    1.2800000000e+02    7.8836160001e-03    6.0156250000e-01
        40   -7.4764244008e+00    5.6154042350e+01   -1.2270484614e+01    4.7940602129e+00    2.5101559517e+00   -1.4780640565e+01    1.2800000000e+02    8.4036879998e-03    6.4355468750e-01
        41   -7.5437366835e+00    5.7045977574e+01   -1.2373505020e+01    4.8297683367e+00    2.4634231376e+00   -1.4836928158e+01    1.2800000000e+02    8.6331670000e-03    6.4599609375e-01
        42   -7.5972228380e+00    5.8192662325e+01   -1.6373295860e+01    8.7760730216e+00    2.9748254595e+00   -1.9348121319e+01    1.2800000000e+02    9.1623119997e-03    6.2353515625e-01
        43   -7.4638908422e+00    5.5891124060e+01   -1.4866872320e+01    7.4029814782e+00    2.5832275856e+00   -1.7450099906e+01    1.2800000000e+02    1.0626413000e-02    6.5917968750e-01
        44   -7.3654030232e+00    5.4444148057e+01   -1.7328202731e+01    9.9627997076e+00    2.5116573550e+00   -1.9839860086e+01    1.2800000000e+02    8.7047099996e-03    6.4941406250e-01
        45   -7.5344457598e+00    5.7007519534e+01   -1.6613853026e+01    9.0794072661e+00    2.6653810401e+00   -1.9279234066e+01    1.2800000000e+02    8.1986919995e-03    6.3085937500e-01
        46   -7.5564819780e+00    5.7340293918e+01   -1.5802145512e+01    8.2456635345e+00    2.5684246946e+00   -1.8370570207e+01    1.2800000000e+02    8.8300570005e-03    6.4111328125e-01
        47   -7.4670847032e+00    5.5981565169e+01   -1.5207443013e+01    7.7403583094e+00    2.7875263837e+00   -1.7994969396e+01    1.2800000000e+02    8.3340170004e-03    6.2353515625e-01
        48   -7.6009897496e+00    5.8030237326e+01   -1.6784108042e+01    9.1831182926e+00    2.8043438960e+00   -1.9588451938e+01    1.2800000000e+02    8.0421709999e-03    6.3378906250e-01
        49   -7.4741772618e+00    5.6008000891e+01   -1.2260417577e+01    4.7862403154e+00    2.4837491596e+00   -1.4744166737e+01    1.2800000000e+02    8.2637780006e-03    6.5429687500e-01
        50   -7.5670375020e+00    5.7491463631e+01   -1.4612929743e+01    7.0458922409e+00    2.9395750678e+00   -1.7552504811e+01    1.2800000000e+02    8.4752699995e-03    6.2353515625e-01
        51   -7.6703366832e+00    5.9282300715e+01   -1.5431228312e+01    7.7608916288e+00    2.6967592745e+00   -1.8127987586e+01    1.2800000000e+02    8.2013660003e-03    6.4550781250e-01
        52   -7.5017964161e+00    5.6460767415e+01   -1.5292857427e+01    7.7910610107e+00    2.5391799473e+00   -1.7832037374e+01    1.2800000000e+02    8.3278729999e-03    6.4355468750e-01
        53   -7.5621549185e+00    5.7439587882e+01   -1.6202589371e+01    8.6404344524e+00    2.3499993610e+00   -1.8552588732e+01    1.2800000000e+02    8.2926709993e-03    6.5820312500e-01
        54   -7.4377368491e+00    5.5513286520e+01   -1.3635113041e+01    6.1973761922e+00    2.4476484267e+00   -1.6082761468e+01    1.2800000000e+02    8.5886229999e-03    6.4208984375e-01
        55   -7.4030753494e+00    5.4984984125e+01   -1.6917144367e+01    9.5140690180e+00    3.0648934264e+00   -1.9982037794e+01    1.2800000000e+02    8.4224339998e-03    6.4550781250e-01
        56   -7.5843034580e+00    5.8005271112e+01   -2.9074964375e+01    2.1490660917e+01    2.9583327300e+00   -3.2033297105e+01    1.2800000000e+02    8.5062090002e-03    6.1181640625e-01
        57   -7.4740084288e+00    5.6115218352e+01   -1.6626854766e+01    9.1528463376e+00    2.6879640717e+00   -1.9314818838e+01    1.2800000000e+02    8.9527289992e-03    6.4794921875e-01
        58   -7.3420522449e+00    5.4046026263e+01   -1.3731832931e+01    6.3897806857e+00    2.5579562440e+00   -1.6289789175e+01    1.2800000000e+02    8.2993570004e-03    6.7285156250e-01
        59   -7.3783222954e+00    5.4596621656e+01   -1.6501487260e+01    9.1231649646e+00    2.7883062618e+00   -1.9289793522e+01    1.2800000000e+02    8.7299569996e-03    6.2988281250e-01
        60   -7.5417376863e+00    5.7140008776e+01   -1.5259706786e+01    7.7179690993e+00    2.9278720368e+00   -1.8187578822e+01    1.2800000000e+02    7.8008049995e-03    6.2353515625e-01
        61   -7.4898342269e+00    5.6308156279e+01   -3.0684157408e+01    2.3194323181e+01    3.0280268687e+00   -3.3712184277e+01    1.2800000000e+02    8.1081170001e-03    6.1718750000e-01
        62   -7.3558609081e+00    5.4235221897e+01   -1.1793679807e+01    4.4378188988e+00    2.3402143031e+00   -1.4133894110e+01    1.2800000000e+02    7.9357270006e-03    6.4501953125e-01
        63   -7.4147595079e+00    5.5284667989e+01   -1.6907886532e+01    9.4931270241e+00    3.1842204190e+00   -2.0092106951e+01    1.2800000000e+02    7.8245300001e-03    6.1181640625e-01
        64   -7.5139402761e+00    5.6675407984e+01   -1.2251175789e+01    4.7372355131e+00    2.5365026406e+00   -1.4787678430e+01    1.2800000000e+02    8.1318209996e-03    6.4257812500e-01
        65   -7.4518011746e+00    5.5679674138e+01   -1.5753550763e+01    8.3017495886e+00    2.7103076957e+00   -1.8463858459e+01    1.2800000000e+02    8.0452920001e-03    6.4941406250e-01
        66   -7.4151354884e+00    5.5218434316e+01   -1.2807710516e+01    5.3925750277e+00    2.5202082713e+00   -1.5327918787e+01    1.2800000000e+02    9.0957160000e-03    6.5332031250e-01
        67   -7.3918158001e+00    5.4766450616e+01   -1.2456752497e+01    5.0649366967e+00    2.6959490988e+00   -1.5152701596e+01    1.2800000000e+02    8.0000529997e-03    6.2890625000e-01
        68   -7.4408556320e+00    5.5535860798e+01   -1.5884040838e+01    8.4431852062e+00    2.5492793745e+00   -1.8433320213e+01    1.2800000000e+02    7.9216630002e-03    6.4697265625e-01
        69   -7.5410315621e+00    5.7182340767e+01   -1.9288080338e+01    1.1747048776e+01    2.6611638351e+00   -2.1949244173e+01    1.2800000000e+02    7.8443860002e-03    6.3232421875e-01
        70   -7.4928104934e+00    5.6312947828e+01   -1.4317454035e+01    6.8246435420e+00    2.4671038682e+00   -1.6784557904e+01    1.2800000000e+02    7.9262509998e-03    6.3623046875e-01
        71   -7.4823405069e+00    5.6202906370e+01   -1.3965128107e+01    6.4827875996e+00    2.3916310353e+00   -1.6356759142e+01    1.2800000000e+02    7.9584960004e-03    6.5771484375e-01
        72   -7.3058443671e+00    5.3514349741e+01   -1.3017126886e+01    5.7112825189e+00    2.5311224148e+00   -1.5548249301e+01    1.2800000000e+02    8.1013389999e-03    6.3623046875e-01
        73   -7.3683697125e+00    5.4462733212e+01   -1.3100333418e+01    5.7319637054e+00    2.5454991509e+00   -1.5645832569e+01    1.2800000000e+02    9.4283139997e-03    6.3330078125e-01
        74   -7.5435516952e+00    5.7316926488e+01   -1.7033049880e+01    9.4894981852e+00    2.7437206713e+00   -1.9776770552e+01    1.2800000000e+02    1.5401258000e-02    6.0546875000e-01
        75   -7.3633249020e+00    5.4361241496e+01   -1.2169227782e+01    4.8059028796e+00    2.2760004209e+00   -1.4445228202e+01    1.2800000000e+02    8.8863830006e-03    6.7138671875e-01
        76   -7.5162105388e+00    5.6714764914e+01   -1.2785497813e+01    5.2692872747e+00    2.8442947593e+00   -1.5629792573e+01    1.2800000000e+02    8.1276860001e-03    6.4208984375e-01
        77   -7.3721413555e+00    5.4496477193e+01   -1.2897913193e+01    5.5257718379e+00    2.4809894859e+00   -1.5378902679e+01    1.2800000000e+02    8.3196650003e-03    6.4160156250e-01
        78   -7.5192061161e+00    5.6714037726e+01   -1.5936878510e+01    8.4176723937e+00    2.9055525392e+00   -1.8842431049e+01    1.2800000000e+02    8.6356189995e-03    6.2109375000e-01
        79   -7.3346257219e+00    5.4036923373e+01   -1.2710861165e+01    5.3762354429e+00    2.5289847344e+00   -1.5239845899e+01    1.2800000000e+02    7.8865830001e-03    6.4941406250e-01
        80   -7.3818661478e+00    5.4637752297e+01   -1.1759633696e+01    4.3777675478e+00    2.3170722930e+00   -1.4076705989e+01    1.2800000000e+02    7.9914130001e-03    6.4990234375e-01
        81   -7.5335544434e+00    5.6952977961e+01   -1.4324734896e+01    6.7911804522e+00    2.8864145186e+00   -1.7211149414e+01    1.2800000000e+02    7.8785799997e-03    6.3867187500e-01
        82   -7.3075208901e+00    5.3543046165e+01   -1.3069349536e+01    5.7618286460e+00    2.7188074049e+00   -1.5788156941e+01    1.2800000000e+02    9.5920910007e-03    6.3085937500e-01
        83   -7.4825230643e+00    5.6221379282e+01   -1.4906553575e+01    7.4240305105e+00    2.5913518134e+00   -1.7497905388e+01    1.2800000000e+02    7.9116399993e-03    6.3574218750e-01
        84   -7.4578066375e+00    5.5865970068e+01   -1.2659298543e+01    5.2014919050e+00    2.5366562070e+00   -1.5195954750e+01    1.2800000000e+02    9.9243759996e-03    6.4843750000e-01
        85   -7.5126812168e+00    5.6741770315e+01   -1.2937315844e+01    5.4246346277e+00    2.4127436694e+00   -1.5350059514e+01    1.2800000000e+02    1.0958716000e-02    6.5136718750e-01
        86   -7.6637155131e+00    5.9136913919e+01   -1.2642272450e+01    4.9785569372e+00    2.5349942914e+00   -1.5177266742e+01    1.2800000000e+02    8.0516570006e-03    6.5039062500e-01
        87   -7.4268514685e+00    5.5424336898e+01   -1.2074827826e+01    4.6479763572e+00    2.6252033485e+00   -1.4700031174e+01    1.2800000000e+02    7.9551729996e-03    6.5429687500e-01
        88   -7.6121453388e+00    5.8314277482e+01   -1.6552235061e+01    8.9400897223e+00    2.8261510246e+00   -1.9378386086e+01    1.2800000000e+02    7.7610210001e-03    6.2207031250e-01
        89   -7.4199344077e+00    5.5194274774e+01   -1.2141669784e+01    4.7217353767e+00    2.5535468843e+00   -1.4695216669e+01    1.2800000000e+02    9.1144089993e-03    6.4453125000e-01
        90   -7.6022061821e+00    5.8029742623e+01   -1.5190723804e+01    7.5885176221e+00    2.3766278715e+00   -1.7567351676e+01    1.2800000000e+02    8.3232180004e-03    6.4794921875e-01
        91   -7.6358803668e+00    5.8698427574e+01   -1.7263693739e+01    9.6278133723e+00    2.7028257093e+00   -1.9966519448e+01    1.2800000000e+02    7.7716219994e-03    6.2158203125e-01
        92   -7.4710318373e+00    5.5996840291e+01   -1.4171898790e+01    6.7008669524e+00    2.6496006374e+00   -1.6821499427e+01    1.2800000000e+02    7.8448949998e-03    6.4160156250e-01
        93   -7.4097686445e+00    5.5095943155e+01   -1.3087453191e+01    5.6776845460e+00    2.5550055047e+00   -1.5642458695e+01    1.2800000000e+02    8.0047989995e-03    6.4208984375e-01
        94   -7.5758387516e+00    5.7672189591e+01   -1.7837524506e+01    1.0261685754e+01    2.5925887499e+00   -2.0430113256e+01    1.2800000000e+02    8.1970749998e-03    6.4062500000e-01
        95   -7.3444359404e+00    5.4061429119e+01   -1.1764873309e+01    4.4204373690e+00    2.2420913991e+00   -1.4006964709e+01    1.2800000000e+02    7.9282349998e-03    6.6552734375e-01
        96   -7.4662743231e+00    5.5907524743e+01   -1.5337367199e+01    7.8710928763e+00    2.4927477486e+00   -1.7830114948e+01    1.2800000000e+02    8.1287319999e-03    6.5625000000e-01
        97   -7.5361519907e+00    5.6989675916e+01   -1.4824792204e+01    7.2886402128e+00    2.7713783470e+00   -1.7596170550e+01    1.2800000000e+02    7.7633820001e-03    6.3427734375e-01
        98   -7.5831519497e+00    5.7821018349e+01   -2.0694585533e+01    1.3111433583e+01    2.8511396555e+00   -2.3545725188e+01    1.2800000000e+02    8.9584710004e-03    6.1474609375e-01
        99   -7.4189055493e+00    5.5188182825e+01   -1.3103964932e+01    5.6850593829e+00    2.4451546011e+00   -1.5549119533e+01    1.2800000000e+02    9.6750680004e-03    6.5820312500e-01
       100   -7.4489845101e+00    5.5675939190e+01   -1.3404699249e+01    5.9557147389e+00    2.4485809716e+00   -1.5853280220e+01    1.2800000000e+02    1.0444705001e-02    6.4648437500e-01
       101   -7.4510980570e+00    5.5719483307e+01   -1.1483802443e+01    4.0327043861e+00    2.7204964042e+00   -1.4204298847e+01    1.2800000000e+02    8.7136259999e-03    6.6162109375e-01
       102   -7.3946278246e+00    5.4860657692e+01   -1.4503130100e+01    7.1085022754e+00    2.7176650995e+00   -1.7220795200e+01    1.2800000000e+02    1.0784635000e-02    6.4257812500e-01
       103   -7.4771064961e+00    5.6123095273e+01   -1.3244438741e+01    5.7673322447e+00    2.4830645400e+00   -1.5727503281e+01    1.2800000000e+02    7.9416080007e-03    6.3281250000e-01
       104   -7.3336971994e+00    5.3930295506e+01   -1.3887163537e+01    6.5534663374e+00    2.6596427583e+00   -1.6546806295e+01    1.2800000000e+02    1.0486774000e-02    6.3964843750e-01
       105   -7.7002330502e+00    5.9621155685e+01   -1.5437918007e+01    7.7376849567e+00    2.8221973508e+00   -1.8260115358e+01    1.2800000000e+02    8.2030719996e-03    6.3281250000e-01
       106   -7.4700950759e+00    5.5933473426e+01   -1.3314238509e+01    5.8441434332e+00    2.6677262365e+00   -1.5981964746e+01    1.2800000000e+02    8.3872470004e-03    6.3964843750e-01
       107   -7.3500821569e+00    5.4187929876e+01   -1.3480178871e+01    6.1300967142e+00    2.5130291612e+00   -1.5993208032e+01    1.2800000000e+02    8.5984069992e-03    6.4062500000e-01
       108   -7.4750285282e+00    5.6030257052e+01   -1.1477720988e+01    4.0026924594e+00    2.5062539287e+00   -1.3983974916e+01    1.2800000000e+02    8.2397469996e-03    6.6845703125e-01
       109   -7.5452730335e+00    5.7175467908e+01   -1.4075427907e+01    6.5301548739e+00    2.4944945808e+00   -1.6569922488e+01    1.2800000000e+02    8.1641480001e-03    6.5185546875e-01
       110   -7.4038018754e+00    5.5020391786e+01   -1.6480955796e+01    9.0771539206e+00    2.9744508775e+00   -1.9455406674e+01    1.2800000000e+02    8.0706599992e-03    6.2451171875e-01
       111   -7.6063893873e+00    5.8188404713e+01   -1.5942240037e+01    8.3358506494e+00    2.6825907369e+00   -1.8624830774e+01    1.2800000000e+02    8.1473230002e-03    6.3330078125e-01
       112   -7.4753105248e+00    5.6165178754e+01   -1.3303540076e+01    5.8282295513e+00    2.6710609885e+00   -1.5974601065e+01    1.2800000000e+02    7.9828729995e-03    6.3037109375e-01
       113   -7.4953944869e+00    5.6407563514e+01   -1.5927023272e+01    8.4316287852e+00    2.9696369960e+00   -1.8896660268e+01    1.2800000000e+02    8.9575829998e-03    6.3867187500e-01
       114   -7.4196125293e+00    5.5277482617e+01   -1.6471464472e+01    9.0518519426e+00    2.7553337970e+00   -1.9226798269e+01    1.2800000000e+02    7.9748329999e-03    6.1328125000e-01
       115   -7.7621765686e+00    6.0577039457e+01   -1.8780075755e+01    1.1017899186e+01    2.9196879161e+00   -2.1699763671e+01    1.2800000000e+02    8.1646400004e-03    6.3378906250e-01
       116   -7.5677248845e+00    5.7506959540e+01   -1.4952417863e+01    7.3846929789e+00    2.6954575604e+00   -1.7647875424e+01    1.2800000000e+02    8.1332699992e-03    6.2402343750e-01
       117   -7.4368119534e+00    5.5549277969e+01   -1.8438357482e+01    1.1001545528e+01    3.0784807266e+00   -2.1516838208e+01    1.2800000000e+02    8.0183279997e-03    5.9472656250e-01
       118   -7.5382428964e+00    5.7080429450e+01   -1.4709205585e+01    7.1709626890e+00    2.6072338474e+00   -1.7316439433e+01    1.2800000000e+02    8.1781670006e-03    6.2158203125e-01
       119   -7.5312072013e+00    5.6900817984e+01   -1.4339847625e+01    6.8086404236e+00    2.6975592574e+00   -1.7037406882e+01    1.2800000000e+02    8.3908130000e-03    6.4013671875e-01
       120   -7.6367600778e+00    5.8666020372e+01   -1.7715049692e+01    1.0078289615e+01    2.6645982742e+00   -2.0379647967e+01    1.2800000000e+02    8.6139149998e-03    6.4697265625e-01
       121   -7.5775925499e+00    5.7647149806e+01   -1.8763045036e+01    1.1185452486e+01    2.8330630866e+00   -2.1596108122e+01    1.2800000000e+02    8.2069300006e-03    6.3085937500e-01
       122   -7.4040413743e+00    5.4994052950e+01   -1.2402399921e+01    4.9983585463e+00    2.2707984365e+00   -1.4673198357e+01    1.2800000000e+02    8.8696129997e-03    6.5771484375e-01
       123   -7.5281893345e+00    5.6883751973e+01   -1.8337365742e+01    1.0809176407e+01    3.0922652158e+00   -2.1429630958e+01    1.2800000000e+02    8.7593629996e-03    6.1523437500e-01
       124   -7.3597703183e+00    5.4281310456e+01   -1.1006532293e+01    3.6467619748e+00    2.4640469169e+00   -1.3470579210e+01    1.2800000000e+02    8.9210670003e-03    6.5234375000e-01
       125   -7.4296228614e+00    5.5408027670e+01   -1.7887372276e+01    1.0457749415e+01    2.6511530559e+00   -2.0538525332e+01    1.2800000000e+02    8.9916710003e-03    6.4501953125e-01
       126   -7.5163305484e+00    5.6773788391e+01   -1.6135062351e+01    8.6187318023e+00    2.9840935799e+00   -1.9119155931e+01    1.2800000000e+02    8.1730379998e-03    6.2792968750e-01
       127   -7.6679085418e+00    5.9191641805e+01   -1.6635412463e+01    8.9675039214e+00    2.8217771897e+00   -1.9457189653e+01    1.2800000000e+02    8.6663170005e-03    6.3037109375e-01
       128   -7.4204492782e+00    5.5281153160e+01   -1.5999095190e+01    8.5786459116e+00    2.8691134213e+00   -1.8868208611e+01    1.2800000000e+02    8.0167960004e-03    6.2060546875e-01
       129   -7.3683768559e+00    5.4468952863e+01   -1.2390796926e+01    5.0224200701e+00    3.0163352625e+00   -1.5407132188e+01    1.2800000000e+02    9.1850909994e-03    6.3378906250e-01
       130   -7.5481881437e+00    5.7182234338e+01   -1.9705365035e+01    1.2157176891e+01    2.8481842383e+00   -2.2553549273e+01    1.2800000000e+02    8.0141979997e-03    6.1621093750e-01
       131   -7.4496406368e+00    5.5674470929e+01   -1.2678819790e+01    5.2291791536e+00    2.4281910187e+00   -1.5107010809e+01    1.2800000000e+02    9.0559819992e-03    6.6259765625e-01
       132   -7.3381976173e+00    5.4027494216e+01   -1.3670887594e+01    6.3326899764e+00    2.3696249109e+00   -1.6040512505e+01    1.2800000000e+02    7.9071870005e-03    6.2988281250e-01
       133   -7.3591460823e+00    5.4315398104e+01   -1.2483048377e+01    5.1239022945e+00    2.6923922001e+00   -1.5175440577e+01    1.2800000000e+02    9.0340329998e-03    6.4746093750e-01
       134   -7.4410215955e+00    5.5609757369e+01   -1.5136333473e+01    7.6953118775e+00    2.6837377626e+00   -1.7820071236e+01    1.2800000000e+02    7.9153480001e-03    6.3476562500e-01
       135   -7.5340856510e+00    5.6912933800e+01   -1.1879449265e+01    4.3453636141e+00    2.4170530250e+00   -1.4296502290e+01    1.2800000000e+02    8.7137720002e-03    6.5771484375e-01
       136   -7.5312256265e+00    5.6991095500e+01   -1.6014336432e+01    8.4831108060e+00    2.9432621959e+00   -1.8957598628e+01    1.2800000000e+02    8.2938440000e-03    6.3964843750e-01
       137   -7.8476797133e+00    6.2141785687e+01   -1.7897523493e+01    1.0049843780e+01    2.7607690248e+00   -2.0658292518e+01    1.2800000000e+02    8.6340680000e-03    6.1425781250e-01
       138   -7.4524816487e+00    5.5707735188e+01   -1.5116543599e+01    7.6640619499e+00    2.6280949812e+00   -1.7744638580e+01    1.2800000000e+02    7.8228879993e-03    6.4062500000e-01
       139   -7.6747129016e+00    5.9202142133e+01   -1.7948198988e+01    1.0273486087e+01    3.0734487934e+00   -2.1021647782e+01    1.2800000000e+02    7.9275769995e-03    6.1523437500e-01
       140   -7.5442131854e+00    5.7177022384e+01   -1.5588210819e+01    8.0439976334e+00    2.5919029535e+00   -1.8180113772e+01    1.2800000000e+02    7.9955450001e-03    6.2988281250e-01
       141   -7.3793543692e+00    5.4635032632e+01   -1.3677922504e+01    6.2985681348e+00    2.5949478507e+00   -1.6272870355e+01    1.2800000000e+02    8.5411680002e-03    6.3525390625e-01
       142   -7.5655155946e+00    5.7537075091e+01   -1.4988855696e+01    7.4233401013e+00    2.8312961850e+00   -1.7820151881e+01    1.2800000000e+02    7.8982909999e-03    6.4306640625e-01
       143   -7.4005843676e+00    5.4943389364e+01   -1.5865296713e+01    8.4647123454e+00    2.9271161789e+00   -1.8792412892e+01    1.2800000000e+02    8.0803380006e-03    6.2646484375e-01
       144   -7.5287950497e+00    5.6966301307e+01   -1.6548571151e+01    9.0197761010e+00    3.0753655424e+00   -1.9623936693e+01    1.2800000000e+02    7.8224509998e-03    6.3867187500e-01
       145   -7.3364323760e+00    5.3994906704e+01   -1.7026379502e+01    9.6899471262e+00    2.6170177580e+00   -1.9643397260e+01    1.2800000000e+02    7.9325289998e-03    6.2207031250e-01
       146   -7.4456717933e+00    5.5713953873e+01   -1.5577391652e+01    8.1317198592e+00    2.8120877542e+00   -1.8389479407e+01    1.2800000000e+02    7.8023950000e-03    6.3281250000e-01
       147   -7.6831877319e+00    5.9451977880e+01   -1.8689006225e+01    1.1005818493e+01    2.8154092951e+00   -2.1504415520e+01    1.2800000000e+02    7.8735919997e-03    6.2402343750e-01
       148   -7.3740594725e+00    5.4506366260e+01   -1.2156170130e+01    4.7821106577e+00    2.5316074520e+00   -1.4687777582e+01    1.2800000000e+02    8.9134330001e-03    6.3671875000e-01
       149   -7.5023889197e+00    5.6534257888e+01   -1.6918799874e+01    9.4164109544e+00    2.7885093215e+00   -1.9707309196e+01    1.2800000000e+02    8.8336650006e-03    6.3769531250e-01
       150   -7.6160126484e+00    5.8294659718e+01   -1.3965089894e+01    6.3490772456e+00    2.5909723187e+00   -1.6556062213e+01    1.2800000000e+02    8.0642490002e-03    6.4453125000e-01
       151   -7.4677206786e+00    5.5955405173e+01   -1.4989029731e+01    7.5213090520e+00    2.5574387310e+00   -1.7546468462e+01    1.2800000000e+02    8.8874620005e-03    6.4062500000e-01
       152   -7.4577432172e+00    5.6018084013e+01   -1.5580355916e+01    8.1226126983e+00    2.5889758795e+00   -1.8169331795e+01    1.2800000000e+02    8.0917900004e-03    6.4306640625e-01
       153   -7.5231479589e+00    5.6889171339e+01   -1.4953785330e+01    7.4306373707e+00    2.4164640327e+00   -1.7370249362e+01    1.2800000000e+02    7.7282340008e-03    6.2988281250e-01
       154   -7.6170755304e+00    5.8294095251e+01   -2.0760239600e+01    1.3143164069e+01    2.7132258900e+00   -2.3473465490e+01    1.2800000000e+02    8.1057570005e-03    6.4404296875e-01
       155   -7.3554454597e+00    5.4267490812e+01   -1.6156113919e+01    8.8006684596e+00    2.6556091476e+00   -1.8811723067e+01    1.2800000000e+02    7.9221209999e-03    6.3330078125e-01
       156   -7.5653100023e+00    5.7513067601e+01   -1.3509134220e+01    5.9438242175e+00    2.4674370830e+00   -1.5976571303e+01    1.2800000000e+02    7.9848500000e-03    6.7187500000e-01
       157   -7.4337827246e+00    5.5466185624e+01   -1.2046868749e+01    4.6130860245e+00    2.4000651788e+00   -1.4446933928e+01    1.2800000000e+02    8.6833790001e-03    6.5673828125e-01
       158   -7.5010182812e+00    5.6492024588e+01   -1.3512587371e+01    6.0115690901e+00    2.8060350261e+00   -1.6318622397e+01    1.2800000000e+02    7.8508220004e-03    6.3623046875e-01
       159   -7.3952282962e+00    5.4822685545e+01   -1.2761381975e+01    5.3661536785e+00    2.3139388345e+00   -1.5075320809e+01    1.2800000000e+02    7.9068329997e-03    6.3769531250e-01
       160   -7.5291679130e+00    5.6956496606e+01   -1.7279325332e+01    9.7501574195e+00    2.7073509359e+00   -1.9986676268e+01    1.2800000000e+02    7.9462300000e-03    6.3281250000e-01
       161   -7.4594135401e+00    5.5791279393e+01   -1.2716260265e+01    5.2568467247e+00    2.3511434828e+00   -1.5067403748e+01    1.2800000000e+02    8.3114749996e-03    6.6210937500e-01
       162   -7.4936678462e+00    5.6465613349e+01   -1.7394744307e+01    9.9010764613e+00    2.7412333982e+00   -2.0135977706e+01    1.2800000000e+02    1.0294533000e-02    6.4843750000e-01
       163   -7.3511377980e+00    5.4232817829e+01   -1.4704124114e+01    7.3529863159e+00    2.7628768988e+00   -1.7467001013e+01    1.2800000000e+02    9.0757389999e-03    6.1083984375e-01
       164   -7.3518745393e+00    5.4285606415e+01   -1.2604180626e+01    5.2523060869e+00    2.6066805220e+00   -1.5210861148e+01    1.2800000000e+02    1.5616408001e-02    6.4306640625e-01
       165   -7.6040866722e+00    5.8229321399e+01   -1.9088135382e+01    1.1484048709e+01    2.9699240084e+00   -2.2058059390e+01    1.2800000000e+02    1.0033204000e-02    6.1181640625e-01
       166   -7.5558433460e+00    5.7457905678e+01   -1.4723772243e+01    7.1679288972e+00    2.7457456113e+00   -1.7469517855e+01    1.2800000000e+02    9.9295560003e-03    6.4160156250e-01
       167   -7.7052143172e+00    5.9771746254e+01   -2.0279974189e+01    1.2574759872e+01    2.7769149494e+00   -2.3056889139e+01    1.2800000000e+02    8.4238840000e-03    6.3232421875e-01
       168   -7.4486238686e+00    5.5794073908e+01   -1.3506944948e+01    6.0583210795e+00    2.4353437489e+00   -1.5942288697e+01    1.2800000000e+02    7.8989029998e-03    6.4062500000e-01
       169   -7.5147222278e+00    5.6757198353e+01   -1.7827375128e+01    1.0312652900e+01    3.2267342734e+00   -2.1054109401e+01    1.2800000000e+02    7.9384640003e-03    6.2792968750e-01
       170   -7.4359651205e+00    5.5586408284e+01   -1.4766702809e+01    7.3307376881e+00    3.1369773103e+00   -1.7903680119e+01    1.2800000000e+02    7.8606170000e-03    6.1914062500e-01
       171   -7.2822260438e+00    5.3181868047e+01   -1.3477289861e+01    6.1950638176e+00    2.8002292236e+00   -1.6277519085e+01    1.2800000000e+02    1.0296285001e-02    6.1669921875e-01
       172   -7.4918525843e+00    5.6373935697e+01   -1.2664869858e+01    5.1730172732e+00    2.6447367953e+00   -1.5309606653e+01    1.2800000000e+02    8.1495349996e-03    6.4111328125e-01
       173   -7.3762983897e+00    5.4519933085e+01   -1.4532080371e+01    7.1557819810e+00    2.6226436064e+00   -1.7154723977e+01    1.2800000000e+02    8.9374640002e-03    6.6064453125e-01
       174   -7.3855912508e+00    5.4744906671e+01   -1.3013226157e+01    5.6276349063e+00    2.8438110492e+00   -1.5857037206e+01    1.2800000000e+02    8.1770560000e-03    6.4453125000e-01
       175   -7.5251985617e+00    5.6806163161e+01   -1.5256723615e+01    7.7315250528e+00    2.7136771829e+00   -1.7970400798e+01    1.2800000000e+02    8.5571079999e-03    6.2500000000e-01
       176   -7.5238835441e+00    5.6863448555e+01   -1.2333801687e+01    4.8099181427e+00    2.7007296348e+00   -1.5034531322e+01    1.2800000000e+02    7.9271949999e-03    6.5576171875e-01
       177   -7.4796012547e+00    5.6277452206e+01   -1.3218328143e+01    5.7387268883e+00    2.6267656302e+00   -1.5845093773e+01    1.2800000000e+02    8.0319799999e-03    6.1865234375e-01
       178   -7.3968141781e+00    5.4853815450e+01   -1.3127906556e+01    5.7310923781e+00    2.6337485582e+00   -1.5761655114e+01    1.2800000000e+02    7.9579760004e-03    6.4160156250e-01
       179   -7.6237780233e+00    5.8404531820e+01   -1.7234880489e+01    9.6111024654e+00    2.6000726615e+00   -1.9834953150e+01    1.2800000000e+02    8.0566650004e-03    6.4306640625e-01
       180   -7.2778146610e+00    5.3158585515e+01   -1.6494754780e+01    9.2169401193e+00    2.9622996814e+00   -1.9457054462e+01    1.2800000000e+02    1.3117561000e-02    6.3476562500e-01
       181   -7.5623113601e+00    5.7557977067e+01   -1.6489760348e+01    8.9274489883e+00    2.7392675856e+00   -1.9229027934e+01    1.2800000000e+02    8.2927649992e-03    6.0839843750e-01
       182   -7.4499900361e+00    5.5764397391e+01   -1.5791715563e+01    8.3417255266e+00    2.5126106488e+00   -1.8304326212e+01    1.2800000000e+02    7.8285330001e-03    6.1669921875e-01
       183   -7.4844377744e+00    5.6196167796e+01   -1.2923411221e+01    5.4389734469e+00    2.7378991669e+00   -1.5661310388e+01    1.2800000000e+02    9.5710520000e-03    6.4208984375e-01
       184   -7.4412098512e+00    5.5611206246e+01   -1.5443301661e+01    8.0020918101e+00    2.6070128808e+00   -1.8050314542e+01    1.2800000000e+02    8.4601830004e-03    6.1425781250e-01
       185   -7.5003019107e+00    5.6418968021e+01   -1.4477459225e+01    6.9771573138e+00    2.4996292167e+00   -1.6977088441e+01    1.2800000000e+02    8.2979859999e-03    6.5771484375e-01
       186   -7.5539891726e+00    5.7321803438e+01   -1.2794650859e+01    5.2406616866e+00    2.3014577179e+00   -1.5096108577e+01    1.2800000000e+02    7.9913190002e-03    6.4208984375e-01
       187   -7.4443193016e+00    5.5520936470e+01   -1.3106545475e+01    5.6622261737e+00    2.7265763320e+00   -1.5833121807e+01    1.2800000000e+02    8.0648809999e-03    6.3427734375e-01
       188   -7.6227535712e+00    5.8578696085e+01   -1.5295732575e+01    7.6729790040e+00    2.8157788311e+00   -1.8111511406e+01    1.2800000000e+02    9.5086199999e-03    6.2792968750e-01
       189   -7.3613198911e+00    5.4306275552e+01   -1.1794949442e+01    4.4336295508e+00    2.3551367523e+00   -1.4150086194e+01    1.2800000000e+02    8.7111610001e-03    6.6259765625e-01
       190   -7.5349328579e+00    5.7117648370e+01   -1.4180848398e+01    6.6459155405e+00    2.4571377645e+00   -1.6637986163e+01    1.2800000000e+02    8.5367629999e-03    6.2158203125e-01
       191   -7.4916937124e+00    5.6240496888e+01   -1.2967277341e+01    5.4755836288e+00    2.5085591434e+00   -1.5475836485e+01    1.2800000000e+02    7.9471520003e-03    6.2939453125e-01
       192   -7.4101463419e+00    5.5193467213e+01   -1.7338216342e+01    9.9280700003e+00    2.6594086391e+00   -1.9997624981e+01    1.2800000000e+02    9.6276620006e-03    6.4257812500e-01
       193   -7.5794011717e+00    5.7798002475e+01   -1.4154942117e+01    6.5755409449e+00    2.7184160136e+00   -1.6873358130e+01    1.2800000000e+02    1.5974565000e-02    6.4062500000e-01
       194   -7.4822201439e+00    5.6175163005e+01   -1.4824579815e+01    7.3423596714e+00    2.6430467249e+00   -1.7467626540e+01    1.2800000000e+02    1.2993226999e-02    6.3769531250e-01
       195   -7.4128219500e+00    5.5146532896e+01   -1.2821199715e+01    5.4083777645e+00    2.5738391182e+00   -1.5395038833e+01    1.2800000000e+02    1.4477575000e-02    6.6064453125e-01
       196   -7.4556719023e+00    5.5753591000e+01   -1.6212676896e+01    8.7570049935e+00    3.0074200256e+00   -1.9220096921e+01    1.2800000000e+02    9.6084289999e-03    6.4697265625e-01
       197   -7.4427118611e+00    5.5536512988e+01   -1.2721469491e+01    5.2787576296e+00    2.5035177432e+00   -1.5224987234e+01    1.2800000000e+02    1.1155442000e-02    6.6699218750e-01
       198   -7.4763636901e+00    5.6289804002e+01   -1.6292890279e+01    8.8165265887e+00    2.5181514540e+00   -1.8811041733e+01    1.2800000000e+02    1.1541788000e-02    6.2841796875e-01
       199   -7.6431819462e+00    5.8733522775e+01   -1.5225085173e+01    7.5819032269e+00    3.0663119786e+00   -1.8291397152e+01    1.2800000000e+02    1.3195356000e-02    6.3330078125e-01
       200   -7.4321703143e+00    5.5390315231e+01   -1.3464878506e+01    6.0327081914e+00    2.3830502879e+00   -1.5847928794e+01    1.2800000000e+02    8.3960769998e-03    6.4453125000e-01
       201   -7.7187650791e+00    5.9953354175e+01   -1.4440644381e+01    6.7218793017e+00    2.7620606480e+00   -1.7202705029e+01    1.2800000000e+02    8.6753059995e-03    6.5576171875e-01
       202   -7.3584437744e+00    5.4272936179e+01   -1.2250634203e+01    4.8921904290e+00    2.6901119073e+00   -1.4940746111e+01    1.2800000000e+02    8.4323169995e-03    6.4111328125e-01
       203   -7.5495090224e+00    5.7332115510e+01   -2.5412825315e+01    1.7863316293e+01    3.0062018513e+00   -2.8419027166e+01    1.2800000000e+02    8.9967300000e-03    6.2402343750e-01
       204   -7.5667954782e+00    5.7579415860e+01   -1.4344321045e+01    6.7775255667e+00    2.7382360378e+00   -1.7082557083e+01    1.2800000000e+02    8.1947520002e-03    6.3378906250e-01
       205   -7.6582459803e+00    5.9161663551e+01   -1.4987646878e+01    7.3294008981e+00    3.0775237173e+00   -1.8065170596e+01    1.2800000000e+02    8.2074700003e-03    6.3720703125e-01
       206   -7.5415118706e+00    5.7100394366e+01   -1.5185759313e+01    7.6442474422e+00    2.8490923169e+00   -1.8034851630e+01    1.2800000000e+02    8.2998979997e-03    6.4208984375e-01
       207   -7.4162523864e+00    5.5130644889e+01   -1.2846819452e+01    5.4305670656e+00    2.6098203904e+00   -1.5456639842e+01    1.2800000000e+02    8.4913299997e-03    6.3720703125e-01
       208   -7.5451282224e+00    5.7147873446e+01   -1.6975234383e+01    9.4301061605e+00    2.6876732380e+00   -1.9662907621e+01    1.2800000000e+02    9.2598069996e-03    6.5673828125e-01
       209   -7.3730852147e+00    5.4456446498e+01   -9.9810339118e+00    2.6079486971e+00    2.3837270104e+00   -1.2364760922e+01    1.2800000000e+02    7.9780560000e-03    6.6308593750e-01
       210   -7.6524932820e+00    5.8853356582e+01   -1.3309059820e+01    5.6565665378e+00    2.6851058747e+00   -1.5994165695e+01    1.2800000000e+02    8.4254839994e-03    6.4648437500e-01
       211   -7.4469324182e+00    5.5781678443e+01   -1.4619941088e+01    7.1730086700e+00    2.5803272105e+00   -1.7200268299e+01    1.2800000000e+02    8.3962930003e-03    6.2011718750e-01
       212   -7.4561561502e+00    5.5722123633e+01   -1.2060831727e+01    4.6046755768e+00    2.4000865401e+00   -1.4460918267e+01    1.2800000000e+02    1.1222957000e-02    6.7626953125e-01
       213   -7.4607557649e+00    5.5903402095e+01   -1.3264954328e+01    5.8041985629e+00    2.2998007603e+00   -1.5564755088e+01    1.2800000000e+02    1.4204489999e-02    6.3427734375e-01
       214   -7.5249458170e+00    5.6780040963e+01   -1.2734042988e+01    5.2090971710e+00    2.6609941140e+00   -1.5395037102e+01    1.2800000000e+02    9.1946030007e-03    6.4404296875e-01
       215   -7.3942832741e+00    5.4995310784e+01   -1.3356630223e+01    5.9623469488e+00    2.5307767192e+00   -1.5887406942e+01    1.2800000000e+02    7.9243170003e-03    6.4990234375e-01
       216   -7.5252216115e+00    5.6766609587e+01   -1.5129059161e+01    7.6038375490e+00    2.3184828293e+00   -1.7447541990e+01    1.2800000000e+02    8.3462389994e-03    6.5234375000e-01
       217   -7.3434917286e+00    5.4113385865e+01   -1.7270321883e+01    9.9268301544e+00    3.0922491476e+00   -2.0362571031e+01    1.2800000000e+02    8.2246339998e-03    6.1425781250e-01
       218   -7.5308684153e+00    5.6982089682e+01   -1.4894353728e+01    7.3634853124e+00    2.9440080960e+00   -1.7838361824e+01    1.2800000000e+02    8.1854009995e-03    6.3183593750e-01
       219   -7.4837845084e+00    5.6172648402e+01   -1.1249208258e+01    3.7654237496e+00    2.6160977482e+00   -1.3865306006e+01    1.2800000000e+02    8.3722190002e-03    6.5722656250e-01
       220   -7.4720760113e+00    5.6124503830e+01   -1.3872798897e+01    6.4007228856e+00    2.6604099840e+00   -1.6533208881e+01    1.2800000000e+02    7.8796240005e-03    6.4453125000e-01
       221   -7.4093055514e+00    5.5136635568e+01   -1.3618674905e+01    6.2093693531e+00    2.4380796896e+00   -1.6056754594e+01    1.2800000000e+02    8.1556630003e-03    6.6455078125e-01
       222   -7.4519551511e+00    5.5804280628e+01   -1.3431779286e+01    5.9798241350e+00    2.5421114593e+00   -1.5973890745e+01    1.2800000000e+02    7.7797109998e-03    6.3085937500e-01
       223   -7.4485358390e+00    5.5641791596e+01   -1.7911502879e+01    1.0462967040e+01    2.7054936094e+00   -2.0616996489e+01    1.2800000000e+02    7.9375260002e-03    6.2402343750e-01
       224   -7.5871273061e+00    5.7907708459e+01   -1.7048231542e+01    9.4611042363e+00    2.8516708762e+00   -1.9899902419e+01    1.2800000000e+02    7.8155229994e-03    6.3720703125e-01
       225   -7.6997614890e+00    5.9585871069e+01   -1.5481865128e+01    7.7821036387e+00    2.7218962422e+00   -1.8203761370e+01    1.2800000000e+02    7.8574270001e-03    6.3818359375e-01
       226   -7.5963309809e+00    5.8005256064e+01   -1.5064839275e+01    7.4685082946e+00    2.4179386656e+00   -1.7482777941e+01    1.2800000000e+02    7.7921560005e-03    6.3574218750e-01
       227   -7.4670689289e+00    5.5940877986e+01   -1.1850221651e+01    4.3831527219e+00    2.2431002336e+00   -1.4093321884e+01    1.2800000000e+02    8.2847750000e-03    6.6357421875e-01
       228   -7.6514776347e+00    5.8855727609e+01   -1.4857937544e+01    7.2064599089e+00    2.8845459878e+00   -1.7742483531e+01    1.2800000000e+02    7.7993590003e-03    6.2939453125e-01
       229   -7.3994207565e+00    5.4902525224e+01   -1.6889556684e+01    9.4901359279e+00    2.9971778026e+00   -1.9886734487e+01    1.2800000000e+02    8.1018760002e-03    6.1279296875e-01
       230   -7.4526768338e+00    5.5754136951e+01   -1.4434074047e+01    6.9813972136e+00    2.7845660867e+00   -1.7218640134e+01    1.2800000000e+02    7.7737579995e-03    6.2695312500e-01
       231   -7.5795394950e+00    5.7697523328e+01   -2.4536960743e+01    1.6957421248e+01    2.8193955674e+00   -2.7356356311e+01    1.2800000000e+02    7.9705590006e-03    6.2792968750e-01
       232   -7.4231016682e+00    5.5265864483e+01   -1.3270853351e+01    5.8477516824e+00    2.2940825344e+00   -1.5564935885e+01    1.2800000000e+02    7.9312779999e-03    6.5527343750e-01
       233   -7.5223490110e+00    5.6993439859e+01   -1.4130657405e+01    6.6083083937e+00    2.6369569431e+00   -1.6767614348e+01    1.2800000000e+02    7.9896849993e-03    6.0937500000e-01
       234   -7.4223147876e+00    5.5328758091e+01   -1.5934533715e+01    8.5122189275e+00    2.5891110105e+00   -1.8523644726e+01    1.2800000000e+02    8.0508960000e-03    6.3232421875e-01
       235   -7.6902831151e+00    5.9519460239e+01   -2.3451442043e+01    1.5761158928e+01    3.0608605006e+00   -2.6512302543e+01    1.2800000000e+02    8.2891579996e-03    6.3232421875e-01
       236   -7.4597188471e+00    5.5850096933e+01   -1.3066135850e+01    5.6064170026e+00    2.3986670058e+00   -1.5464802855e+01    1.2800000000e+02    8.6632430002e-03    6.7236328125e-01
       237   -7.4805689317e+00    5.6208389100e+01   -2.0694842860e+01    1.3214273928e+01    3.0218977950e+00   -2.3716740655e+01    1.2800000000e+02    8.1849819999e-03    6.3964843750e-01
       238   -7.4060456573e+00    5.5050374771e+01   -1.3268149736e+01    5.8621040788e+00    2.4932845867e+00   -1.5761434323e+01    1.2800000000e+02    8.2870639999e-03    6.4746093750e-01
       239   -7.4324171389e+00    5.5555853807e+01   -1.1520153889e+01    4.0877367501e+00    2.4675280471e+00   -1.3987681936e+01    1.2800000000e+02    9.0157020004e-03    6.6503906250e-01
       240   -7.3787409549e+00    5.4560484589e+01   -1.2246341362e+01    4.8676004071e+00    2.5542459701e+00   -1.4800587332e+01    1.2800000000e+02    8.2382849996e-03    6.4355468750e-01
       241   -7.4001063172e+00    5.4959565543e+01   -1.4360358350e+01    6.9602520326e+00    2.7259193440e+00   -1.7086277694e+01    1.2800000000e+02    7.9693789994e-03    6.2744140625e-01
       242   -7.5258418324e+00    5.6835173611e+01   -2.3443600013e+01    1.5917758180e+01    3.1241585928e+00   -2.6567758606e+01    1.2800000000e+02    8.1863570003e-03    6.1621093750e-01
       243   -7.4565575392e+00    5.5893811122e+01   -1.5861912001e+01    8.4053544618e+00    2.4934335294e+00   -1.8355345530e+01    1.2800000000e+02    7.9843409994e-03    6.3427734375e-01
       244   -7.3886528676e+00    5.4754449934e+01   -1.1784792773e+01    4.3961399050e+00    2.8350243216e+00   -1.4619817094e+01    1.2800000000e+02    8.4567479998e-03    6.4697265625e-01
       245   -7.3713256806e+00    5.4473380447e+01   -1.5198258462e+01    7.8269327814e+00    2.3834900448e+00   -1.7581748507e+01    1.2800000000e+02    1.2309981000e-02    6.4501953125e-01
       246   -7.5343329451e+00    5.7021981507e+01   -1.3287711017e+01    5.7533780723e+00    2.6484923244e+00   -1.5936203342e+01    1.2800000000e+02    8.2573070003e-03    6.3769531250e-01
       247   -7.3535119816e+00    5.4221410127e+01   -1.1513644139e+01    4.1601321575e+00    2.5468566348e+00   -1.4060500774e+01    1.2800000000e+02    1.0954881001e-02    6.4746093750e-01
       248   -7.5381881786e+00    5.7123088742e+01   -1.2976558547e+01    5.4383703687e+00    2.7056182186e+00   -1.5682176766e+01    1.2800000000e+02    8.0696689993e-03    6.4111328125e-01
       249   -7.6091891230e+00    5.8227073891e+01   -1.4267258517e+01    6.6580693943e+00    2.7500323841e+00   -1.7017290901e+01    1.2800000000e+02    1.0326817001e-02    6.3525390625e-01
       250   -7.3768350094e+00    5.4572724500e+01   -1.2838020145e+01    5.4611851352e+00    2.4281192591e+00   -1.5266139404e+01    1.2800000000e+02    1.0078440000e-02    6.3232421875e-01
       251   -7.3524647028e+00    5.4297064952e+01   -1.6256872661e+01    8.9044079580e+00    2.8488048264e+00   -1.9105677487e+01    1.2800000000e+02    8.7145400003e-03    6.2548828125e-01
       252   -7.6176048715e+00    5.8324725567e+01   -1.4891320801e+01    7.2737159299e+00    2.7044224577e+00   -1.7595743259e+01    1.2800000000e+02    1.0606123000e-02    6.2792968750e-01
       253   -7.5252457861e+00    5.6931338696e+01   -1.7525055712e+01    9.9998099259e+00    2.5804236201e+00   -2.0105479332e+01    1.2800000000e+02    8.3561199999e-03    6.2841796875e-01
       254   -7.3644378010e+00    5.4368197807e+01   -1.3599049558e+01    6.2346117569e+00    2.6963952064e+00   -1.6295444764e+01    1.2800000000e+02    8.9548189999e-03    6.0888671875e-01
       255   -7.5002166363e+00    5.6486870794e+01   -1.2717236083e+01    5.2170194472e+00    2.7427095529e+00   -1.5459945636e+01    1.2800000000e+02    8.0358820005e-03    6.5136718750e-01
       256   -7.3508328856e+00    5.4205907494e+01   -1.3765670151e+01    6.4148372652e+00    2.5435125758e+00   -1.6309182727e+01    1.2800000000e+02    8.9055979997e-03    6.6162109375e-01
       257   -7.7451308410e+00    6.0276633505e+01   -1.5948854334e+01    8.2037234931e+00    2.5631491224e+00   -1.8512003457e+01    1.2800000000e+02    8.0125169998e-03    6.3916015625e-01
       258   -7.6669996979e+00    5.9098284691e+01   -1.8659461810e+01    1.0992462112e+01    2.7931561051e+00   -2.1452617915e+01    1.2800000000e+02    8.3204269995e-03    6.2548828125e-01
       259   -7.4919317348e+00    5.6333836416e+01   -1.5860459227e+01    8.3685274921e+00    2.4934759405e+00   -1.8353935167e+01    1.2800000000e+02    7.8321499996e-03    6.5039062500e-01
       260   -7.3026452942e+00    5.3458149212e+01   -1.0365722652e+01    3.0630773581e+00    2.2329098663e+00   -1.2598632519e+01    1.2800000000e+02    1.2625070000e-02    6.5283203125e-01
       261   -7.3988929613e+00    5.4963845879e+01   -1.3171258691e+01    5.7723657296e+00    2.6152061240e+00   -1.5786464815e+01    1.2800000000e+02    8.7724469995e-03    6.4013671875e-01
       262   -7.5337954172e+00    5.7040258355e+01   -1.6691229429e+01    9.1574340117e+00    3.0376668342e+00   -1.9728896263e+01    1.2800000000e+02    8.2446219994e-03    6.2451171875e-01
       263   -7.5051552202e+00    5.6590377167e+01   -1.3626967043e+01    6.1218118227e+00    3.2398881325e+00   -1.6866855175e+01    1.2800000000e+02    8.0931810007e-03    6.4208984375e-01
       264   -7.5437435748e+00    5.7208876317e+01   -1.5022761910e+01    7.4790183351e+00    2.8621078207e+00   -1.7884869731e+01    1.2800000000e+02    7.8331010000e-03    6.3330078125e-01
       265   -7.3420542649e+00    5.4030847939e+01   -1.2901054210e+01    5.5589999455e+00    2.4956521338e+00   -1.5396706344e+01    1.2800000000e+02    7.9787129998e-03    6.5673828125e-01
       266   -7.4498508139e+00    5.5708603992e+01   -1.4652953058e+01    7.2031022439e+00    2.5302581739e+00   -1.7183211232e+01    1.2800000000e+02    7.8610310002e-03    6.6552734375e-01
       267   -7.7258715787e+00    6.0272511415e+01   -1.6036749474e+01    8.3108778953e+00    2.8676042326e+00   -1.8904353707e+01    1.2800000000e+02    7.8592690006e-03    6.2744140625e-01
       268   -7.3471955389e+00    5.4127357530e+01   -1.2551513855e+01    5.2043183166e+00    2.6163158674e+00   -1.5167829723e+01    1.2800000000e+02    8.7302339998e-03    6.3232421875e-01
       269   -7.6822159771e+00    5.9312719078e+01   -1.5084470989e+01    7.4022550115e+00    2.8441743055e+00   -1.7928645294e+01    1.2800000000e+02    7.8911990004e-03    6.3476562500e-01
       270   -7.4624311168e+00    5.5838983925e+01   -1.3891648524e+01    6.4292174071e+00    2.5258158525e+00   -1.6417464376e+01    1.2800000000e+02    7.7935399995e-03    6.3232421875e-01
       271   -7.5036651630e+00    5.6440005038e+01   -1.1206771702e+01    3.7031065387e+00    2.2678748576e+00   -1.3474646559e+01    1.2800000000e+02    7.9224209994e-03    6.5917968750e-01
       272   -7.4320738581e+00    5.5404148210e+01   -1.2914975252e+01    5.4829013941e+00    2.6068564278e+00   -1.5521831680e+01    1.2800000000e+02    7.8930610007e-03    6.4941406250e-01
       273   -7.4534003583e+00    5.5778385222e+01   -1.5435683992e+01    7.9822836337e+00    2.3584443070e+00   -1.7794128299e+01    1.2800000000e+02    7.7681189996e-03    6.5136718750e-01
       274   -7.5045790472e+00    5.6568811165e+01   -1.9655671245e+01    1.2151092198e+01    2.8012183943e+00   -2.2456889640e+01    1.2800000000e+02    8.4857739994e-03    6.1279296875e-01
       275   -7.2892939879e+00    5.3283406502e+01   -1.4271789511e+01    6.9824955233e+00    2.6242289252e+00   -1.6896018436e+01    1.2800000000e+02    8.3674990001e-03    6.3427734375e-01
       276   -7.4917691365e+00    5.6395502021e+01   -2.3894367553e+01    1.6402598416e+01    2.6784352493e+00   -2.6572802802e+01    1.2800000000e+02    8.2015829994e-03    6.4746093750e-01
       277   -7.5216431608e+00    5.6820168151e+01   -1.8485302941e+01    1.0963659781e+01    2.8577258080e+00   -2.1343028749e+01    1.2800000000e+02    8.3304550008e-03    6.4648437500e-01
       278   -7.3451663121e+00    5.4138785525e+01   -1.1675435072e+01    4.3302687601e+00    2.4505219189e+00   -1.4125956991e+01    1.2800000000e+02    1.5454889000e-02    6.5771484375e-01
       279   -7.3934359863e+00    5.4831221096e+01   -1.2303173001e+01    4.9097370142e+00    2.5133908070e+00   -1.4816563808e+01    1.2800000000e+02    8.9161050000e-03    6.7089843750e-01
       280   -7.7201725591e+00    6.0087091774e+01   -1.7497290466e+01    9.7771179065e+00    2.6885046854e+00   -2.0185795151e+01    1.2800000000e+02    7.7163699998e-03    6.0546875000e-01
       281   -7.6062389539e+00    5.8176030539e+01   -1.4709877324e+01    7.1036383703e+00    2.4003836501e+00   -1.7110260974e+01    1.2800000000e+02    8.1498150003e-03    6.3232421875e-01
       282   -7.4715139889e+00    5.6149458637e+01   -1.5709429840e+01    8.2379158509e+00    2.7010533562e+00   -1.8410483196e+01    1.2800000000e+02    8.1628900007e-03    6.3427734375e-01
       283   -7.5021360687e+00    5.6516575017e+01   -1.4006642600e+01    6.5045065315e+00    2.8096099325e+00   -1.6816252533e+01    1.2800000000e+02    8.1511500002e-03    6.2841796875e-01
       284   -7.5501502800e+00    5.7309703612e+01   -1.6285077224e+01    8.7349269442e+00    2.7545054867e+00   -1.9039582711e+01    1.2800000000e+02    9.4901060002e-03    6.3574218750e-01
       285   -7.5198109753e+00    5.6831373933e+01   -1.7062747851e+01    9.5429368759e+00    3.0155040594e+00   -2.0078251911e+01    1.2800000000e+02    8.6197830005e-03    6.3720703125e-01
       286   -7.3777738970e+00    5.4575805148e+01   -1.1928640920e+01    4.5508670233e+00    2.4509759548e+00   -1.4379616875e+01    1.2800000000e+02    8.4838599996e-03    6.6943359375e-01
       287   -7.4044104896e+00    5.4929756411e+01   -1.3281825592e+01    5.8774151020e+00    2.4444809317e+00   -1.5726306523e+01    1.2800000000e+02    8.3855510002e-03    6.4501953125e-01
       288   -7.5717224907e+00    5.7567536121e+01   -1.6877864858e+01    9.3061423669e+00    2.6285073891e+00   -1.9506372247e+01    1.2800000000e+02    7.8137319997e-03    6.4013671875e-01
       289   -7.4229744058e+00    5.5321832644e+01   -1.4435472480e+01    7.0124980738e+00    2.9137627054e+00   -1.7349235185e+01    1.2800000000e+02    7.8386390005e-03    6.1767578125e-01
       290   -7.3712532044e+00    5.4455700293e+01   -1.1943310431e+01    4.5720572270e+00    2.5256423307e+00   -1.4468952762e+01    1.2800000000e+02    7.9046510000e-03    6.5722656250e-01
       291   -7.4363568352e+00    5.5576757323e+01   -1.4477757547e+01    7.0414007117e+00    2.6221046272e+00   -1.7099862174e+01    1.2800000000e+02    7.9159010002e-03    6.3134765625e-01
       292   -7.6947560428e+00    5.9663183477e+01   -1.6405443577e+01    8.7106875346e+00    2.7143605505e+00   -1.9119804128e+01    1.2800000000e+02    8.5458149997e-03    6.3427734375e-01
       293   -7.5368686316e+00    5.7105700907e+01   -1.4128547611e+01    6.5916789794e+00    2.6633045679e+00   -1.6791852179e+01    1.2800000000e+02    7.9360569998e-03    6.4648437500e-01
       294   -7.4788401389e+00    5.6105579112e+01   -1.3759282728e+01    6.2804425889e+00    2.4455655935e+00   -1.6204848321e+01    1.2800000000e+02    7.7585580002e-03    6.3232421875e-01
       295   -7.4725577232e+00    5.5974622449e+01   -1.3330134348e+01    5.8575766252e+00    2.7358831796e+00   -1.6066017528e+01    1.2800000000e+02    7.9829379993e-03    6.5185546875e-01
       296   -7.3747833314e+00    5.4590775856e+01   -1.1275675694e+01    3.9008923622e+00    2.3722228454e+00   -1.3647898539e+01    1.2800000000e+02    8.1040589994e-03    6.6503906250e-01
       297   -7.6112397117e+00    5.8239196521e+01   -2.7337932688e+01    1.9726692976e+01    2.9823611092e+00   -3.0320293797e+01    1.2800000000e+02    7.8992900008e-03    6.0986328125e-01
       298   -7.5191098730e+00    5.6686054683e+01   -1.4536613341e+01    7.0175034678e+00    2.2655848560e+00   -1.6802198197e+01    1.2800000000e+02    8.1525679998e-03    6.4208984375e-01
       299   -7.4067327603e+00    5.5209258385e+01   -1.5791724938e+01    8.3849921776e+00    2.8580986999e+00   -1.8649823638e+01    1.2800000000e+02    7.8501429998e-03    6.2011718750e-01
       300   -7.4820189417e+00    5.6114744504e+01   -1.1958126333e+01    4.4761073917e+00    2.4317980769e+00   -1.4389924410e+01    1.2800000000e+02    7.9282880006e-03    6.5625000000e-01
       301   -7.5057125512e+00    5.6541965857e+01   -1.4026802893e+01    6.5210903417e+00    2.5892668421e+00   -1.6616069735e+01    1.2800000000e+02    7.9763109998e-03    6.3232421875e-01
       302   -7.4118281152e+00    5.5096361894e+01   -1.3879129105e+01    6.4673009896e+00    2.8176540181e+00   -1.6696783123e+01    1.2800000000e+02    7.8285179998e-03    6.3867187500e-01
       303   -7.4164023998e+00    5.5112686990e+01   -1.0917888427e+01    3.5014860271e+00    2.2952260556e+00   -1.3213114483e+01    1.2800000000e+02    8.0716860002e-03    6.6796875000e-01
       304   -7.4526441280e+00    5.5662826150e+01   -1.3417652451e+01    5.9650083229e+00    2.5910771811e+00   -1.6008729632e+01    1.2800000000e+02    7.7964389993e-03    6.4013671875e-01
       305   -7.5335053687e+00    5.6907407577e+01   -1.5056484429e+01    7.5229790604e+00    2.9950637998e+00   -1.8051548229e+01    1.2800000000e+02    8.2049849998e-03    6.4843750000e-01
       306   -7.4791984353e+00    5.6086901302e+01   -2.2113206980e+01    1.4634008545e+01    2.7927542636e+00   -2.4905961244e+01    1.2800000000e+02    8.3495999997e-03    6.0449218750e-01
       307   -7.3912532123e+00    5.4825127526e+01   -1.6252706717e+01    8.8614535044e+00    2.7482180311e+00   -1.9000924748e+01    1.2800000000e+02    7.9713279993e-03    6.1376953125e-01
       308   -7.4237868484e+00    5.5296461979e+01   -1.5653308920e+01    8.2295220718e+00    2.4471090703e+00   -1.8100417990e+01    1.2800000000e+02    7.9056009999e-03    6.4355468750e-01
       309   -7.4808312443e+00    5.6202005118e+01   -1.1784465416e+01    4.3036341718e+00    2.5354082506e+00   -1.4319873667e+01    1.2800000000e+02    8.0087679999e-03    6.7041015625e-01
       310   -7.6387271095e+00    5.8756448217e+01   -1.5140665026e+01    7.5019379166e+00    2.5114065619e+00   -1.7652071588e+01    1.2800000000e+02    8.7609180000e-03    6.3085937500e-01
       311   -7.4468252161e+00    5.5624569449e+01   -1.6490792051e+01    9.0439668345e+00    2.2440342961e+00   -1.8734826347e+01    1.2800000000e+02    7.8979840000e-03    6.3037109375e-01
       312   -7.3975123159e+00    5.4876505011e+01   -1.4305331109e+01    6.9078187934e+00    2.4647816356e+00   -1.6770112745e+01    1.2800000000e+02    8.3273370001e-03    6.3916015625e-01
       313   -7.4789246567e+00    5.6109669730e+01   -1.3097671230e+01    5.6187465735e+00    2.6155137095e+00   -1.5713184940e+01    1.2800000000e+02    7.9403850004e-03    6.6259765625e-01
       314   -7.6930973146e+00    5.9608693890e+01   -1.3139894462e+01    5.4467971473e+00    2.9286281070e+00   -1.6068522569e+01    1.2800000000e+02    7.9721889997e-03    6.6748046875e-01
       315   -7.6365822141e+00    5.8663529224e+01   -1.6367338685e+01    8.7307564706e+00    2.4066726462e+00   -1.8774011331e+01    1.2800000000e+02    7.7755450002e-03    6.3183593750e-01
       316   -7.5680197701e+00    5.7497838143e+01   -1.7217924330e+01    9.6499045602e+00    2.2996267513e+00   -1.9517551082e+01    1.2800000000e+02    8.0061600001e-03    6.3427734375e-01
       317   -7.4027174181e+00    5.5000206270e+01   -1.7216942618e+01    9.8142252000e+00    2.8756621041e+00   -2.0092604722e+01    1.2800000000e+02    8.0593860002e-03    6.3037109375e-01
       318   -7.4726247966e+00    5.5991240108e+01   -1.2658815864e+01    5.1861910676e+00    2.5017892253e+00   -1.5160605090e+01    1.2800000000e+02    9.2154849999e-03    6.4355468750e-01
       319   -7.2735961336e+00    5.3067880507e+01   -1.3418846216e+01    6.1452500826e+00    2.5994894693e+00   -1.6018335686e+01    1.2800000000e+02    8.7452110001e-03    6.4697265625e-01
       320   -7.4615215548e+00    5.5892061024e+01   -1.3231887550e+01    5.7703659949e+00    2.7094157024e+00   -1.5941303252e+01    1.2800000000e+02    1.3276324000e-02    6.4306640625e-01
       321   -7.4585402452e+00    5.5777389427e+01   -1.1932141796e+01    4.4736015513e+00    2.3724728487e+00   -1.4304614645e+01    1.2800000000e+02    8.3846670004e-03    6.6992187500e-01
       322   -7.5353642596e+00    5.6965003541e+01   -1.4549013404e+01    7.0136491449e+00    2.5753216197e+00   -1.7124335024e+01    1.2800000000e+02    8.1713589998e-03    6.3476562500e-01
       323   -7.4531920573e+00    5.5760063146e+01   -1.3004799728e+01    5.5516076702e+00    2.4453727662e+00   -1.5450172494e+01    1.2800000000e+02    8.6751919998e-03    6.5966796875e-01
       324   -7.4571025163e+00    5.5863709424e+01   -2.1084501305e+01    1.3627398788e+01    2.6021892368e+00   -2.3686690541e+01    1.2800000000e+02    7.9542949998e-03    6.2109375000e-01
       325   -7.4912042842e+00    5.6429829910e+01   -1.3558872337e+01    6.0676680527e+00    2.6099990903e+00   -1.6168871427e+01    1.2800000000e+02    8.2459180003e-03    6.5332031250e-01
       326   -7.5374426092e+00    5.7056810891e+01   -2.1323836940e+01    1.3786394331e+01    2.5032783040e+00   -2.3827115244e+01    1.2800000000e+02    7.8082900000e-03    6.2548828125e-01
       327   -7.4585734808e+00    5.5757362161e+01   -1.2303316717e+01    4.8447432357e+00    2.3766356869e+00   -1.4679952403e+01    1.2800000000e+02    8.2417379999e-03    6.4306640625e-01
       328   -7.4383460891e+00    5.5510668427e+01   -1.3194278931e+01    5.7559328416e+00    2.5343037144e+00   -1.5728582645e+01    1.2800000000e+02    8.2541410002e-03    6.5039062500e-01
       329   -7.4180705383e+00    5.5196408359e+01   -1.5616044131e+01    8.1979735925e+00    2.6774081985e+00   -1.8293452329e+01    1.2800000000e+02    8.2663609992e-03    6.4404296875e-01
       330   -7.3981081239e+00    5.4823953378e+01   -1.1553727152e+01    4.1556190281e+00    2.5781342824e+00   -1.4131861434e+01    1.2800000000e+02    8.2898770006e-03    6.4941406250e-01
       331   -7.5960336217e+00    5.7993657018e+01   -1.4920881495e+01    7.3248478734e+00    2.6379566726e+00   -1.7558838168e+01    1.2800000000e+02    8.0117850002e-03    6.2939453125e-01
       332   -7.5397226733e+00    5.7037274503e+01   -1.3201357859e+01    5.6616351858e+00    2.8566071775e+00   -1.6057965037e+01    1.2800000000e+02    7.9137819994e-03    6.3232421875e-01
       333   -7.3457889555e+00    5.4103924644e+01   -1.3716291092e+01    6.3705021365e+00    2.9385697776e+00   -1.6654860870e+01    1.2800000000e+02    7.9155830008e-03    6.1474609375e-01
       334   -7.3932257528e+00    5.4795131935e+01   -1.1460579117e+01    4.0673533645e+00    2.3553797138e+00   -1.3815958831e+01    1.2800000000e+02    9.2651410005e-03    6.4355468750e-01
       335   -7.4022256118e+00    5.4952046569e+01   -1.8375064427e+01    1.0972838816e+01    2.5282742543e+00   -2.0903338682e+01    1.2800000000e+02    8.6515590001e-03    6.4501953125e-01
       336   -7.3385612347e+00    5.4021431226e+01   -1.1477919355e+01    4.1393581199e+00    2.6848933143e+00   -1.4162812669e+01    1.2800000000e+02    8.4034259999e-03    6.5576171875e-01
       337   -7.5997132276e+00    5.8044566616e+01   -1.4637888874e+01    7.0381756466e+00    2.2911865577e+00   -1.6929075432e+01    1.2800000000e+02    8.0637750007e-03    6.3232421875e-01
       338   -7.4415523351e+00    5.5613010126e+01   -1.1933575077e+01    4.4920227423e+00    2.5340347852e+00   -1.4467609863e+01    1.2800000000e+02    8.0750409998e-03    6.7236328125e-01
       339   -7.5396649438e+00    5.7235592009e+01   -1.3840330817e+01    6.3006658732e+00    2.6896742518e+00   -1.6530005069e+01    1.2800000000e+02    8.2922740003e-03    6.4208984375e-01
       340   -7.5286260434e+00    5.6923908441e+01   -1.7590463178e+01    1.0061837135e+01    2.4619664723e+00   -2.0052429651e+01    1.2800000000e+02    8.1157949999e-03    6.3232421875e-01
       341   -7.4351746457e+00    5.5539807593e+01   -1.2510355450e+01    5.0751808041e+00    2.6417604021e+00   -1.5152115852e+01    1.2800000000e+02    9.0653319994e-03    6.2988281250e-01
       342   -7.4373903537e+00    5.5522844108e+01   -1.2053205485e+01    4.6158151313e+00    2.7406877674e+00   -1.4793893252e+01    1.2800000000e+02    8.0170749998e-03    6.3623046875e-01
       343   -7.4269325568e+00    5.5415967716e+01   -1.3270951857e+01    5.8440192999e+00    2.5079279098e+00   -1.5778879767e+01    1.2800000000e+02    8.2463480003e-03    6.4501953125e-01
       344   -7.4041404893e+00    5.5031889073e+01   -1.2882599724e+01    5.4784592347e+00    2.6032273940e+00   -1.5485827118e+01    1.2800000000e+02    7.8257089999e-03    6.3183593750e-01
       345   -7.4880323189e+00    5.6201293803e+01   -1.3906525988e+01    6.4184936689e+00    2.4727861408e+00   -1.6379312129e+01    1.2800000000e+02    8.1439199994e-03    6.6064453125e-01
       346   -7.4671791197e+00    5.5993625734e+01   -2.1153316890e+01    1.3686137770e+01    2.8447515254e+00   -2.3998068415e+01    1.2800000000e+02    8.1514170006e-03    6.3427734375e-01
       347   -7.4531413454e+00    5.5801200743e+01   -1.6890354088e+01    9.4372127427e+00    2.6561033625e+00   -1.9546457451e+01    1.2800000000e+02    7.9394380000e-03    6.2646484375e-01
       348   -7.4294372456e+00    5.5511049898e+01   -1.3478303349e+01    6.0488661038e+00    2.5188731763e+00   -1.5997176526e+01    1.2800000000e+02    7.9051519997e-03    6.4013671875e-01
       349   -7.2534815974e+00    5.2766117452e+01   -1.2267626529e+01    5.0141449313e+00    2.6131968475e+00   -1.4880823376e+01    1.2800000000e+02    8.0398159998e-03    6.5380859375e-01
       350   -7.4085273490e+00    5.5060396005e+01   -1.2050046127e+01    4.6415187784e+00    2.7803443218e+00   -1.4830390449e+01    1.2800000000e+02    7.9685589999e-03    6.3818359375e-01
       351   -7.5691241942e+00    5.7522418220e+01   -1.4977536520e+01    7.4084123261e+00    2.4401522816e+00   -1.7417688802e+01    1.2800000000e+02    7.9206210003e-03    6.4550781250e-01
       352   -7.4538857437e+00    5.5911126775e+01   -1.4426184544e+01    6.9722988001e+00    3.0870369284e+00   -1.7513221472e+01    1.2800000000e+02    7.8978179999e-03    6.2158203125e-01
       353   -7.4232939891e+00    5.5290886411e+01   -1.2665626410e+01    5.2423324210e+00    2.5103110950e+00   -1.5175937505e+01    1.2800000000e+02    7.7948970002e-03    6.3720703125e-01
       354   -7.4984858638e+00    5.6425745249e+01   -1.3836686833e+01    6.3382009695e+00    3.1151557280e+00   -1.6951842561e+01    1.2800000000e+02    7.9388329996e-03    6.4453125000e-01
       355   -7.4736755534e+00    5.6101091234e+01   -1.7763529062e+01    1.0289853508e+01    2.3817114853e+00   -2.0145240547e+01    1.2800000000e+02    7.6366410003e-03    6.2792968750e-01
       356   -7.4949186792e+00    5.6377555148e+01   -1.2878403849e+01    5.3834851699e+00    2.7338532863e+00   -1.5612257135e+01    1.2800000000e+02    7.8296290003e-03    6.5136718750e-01
       357   -7.4571886469e+00    5.5790568519e+01   -1.3956945833e+01    6.4997571857e+00    2.5965161880e+00   -1.6553462021e+01    1.2800000000e+02    7.9255679993e-03    6.4648437500e-01
       358   -7.3221240130e+00    5.3749297837e+01   -1.2108104342e+01    4.7859803295e+00    2.8656499955e+00   -1.4973754338e+01    1.2800000000e+02    7.9535840005e-03    6.5673828125e-01
       359   -7.4781355053e+00    5.6258038273e+01   -1.6756106899e+01    9.2779713932e+00    2.6624686399e+00   -1.9418575538e+01    1.2800000000e+02    8.5824050002e-03    6.1865234375e-01
       360   -7.3829100042e+00    5.4669874572e+01   -1.2287965179e+01    4.9050551752e+00    2.5748333170e+00   -1.4862798496e+01    1.2800000000e+02    7.9790649997e-03    6.4843750000e-01
       361   -7.6355984211e+00    5.8541459566e+01   -2.6554653834e+01    1.8919055413e+01    2.7255133444e+00   -2.9280167178e+01    1.2800000000e+02    7.8460489995e-03    6.3769531250e-01
       362   -7.4734047489e+00    5.6056544597e+01   -1.2402404240e+01    4.9289994909e+00    2.6304111466e+00   -1.5032815386e+01    1.2800000000e+02    7.8520099996e-03    6.3818359375e-01
       363   -7.3904794484e+00    5.4801065750e+01   -1.3778540425e+01    6.3880609767e+00    2.6234902271e+00   -1.6402030652e+01    1.2800000000e+02    7.9162419997e-03    6.3720703125e-01
       364   -7.4517967207e+00    5.5760284774e+01   -1.3223437220e+01    5.7716404993e+00    2.3487199487e+00   -1.5572157169e+01    1.2800000000e+02    8.1811029995e-03    6.3183593750e-01
       365   -7.4656527149e+00    5.5978969423e+01   -1.5792212681e+01    8.3265599665e+00    2.6149669870e+00   -1.8407179668e+01    1.2800000000e+02    8.1254320003e-03    6.4599609375e-01
       366   -7.4006216662e+00    5.4961660874e+01   -1.2661606990e+01    5.2609853240e+00    2.5067681575e+00   -1.5168375148e+01    1.2800000000e+02    8.2336489995e-03    6.3720703125e-01
       367   -7.6653679040e+00    5.9086471738e+01   -1.4827577198e+01    7.1622092935e+00    2.8315756388e+00   -1.7659152836e+01    1.2800000000e+02    7.9697669998e-03    6.2304687500e-01
       368   -7.6161003210e+00    5.8258666768e+01   -1.7626454321e+01    1.0010354000e+01    2.7162270281e+00   -2.0342681349e+01    1.2800000000e+02    7.9496299995e-03    6.3330078125e-01
       369   -7.6457492681e+00    5.8713445005e+01   -1.3758379059e+01    6.1126297910e+00    2.3573535093e+00   -1.6115732568e+01    1.2800000000e+02    7.9791959997e-03    6.5966796875e-01
       370   -7.5115129189e+00    5.6764998098e+01   -1.5521563864e+01    8.0100509450e+00    2.8317288281e+00   -1.8353292692e+01    1.2800000000e+02    8.0061190001e-03    6.2939453125e-01
       371   -7.6453130271e+00    5.8740927572e+01   -2.5228394529e+01    1.7583081502e+01    2.7448960884e+00   -2.7973290618e+01    1.2800000000e+02    7.9911000003e-03    6.0937500000e-01
       372   -7.4380328675e+00    5.5465019967e+01   -1.3197080745e+01    5.7590478773e+00    2.4388873128e+00   -1.5635968058e+01    1.2800000000e+02    7.9933959996e-03    6.2890625000e-01
       373   -7.3464473238e+00    5.4192386682e+01   -1.2943828864e+01    5.5973815405e+00    2.6107115945e+00   -1.5554540459e+01    1.2800000000e+02    7.8290089996e-03    6.3134765625e-01
       374   -7.3738282208e+00    5.4501945757e+01   -1.1879180311e+01    4.5053520905e+00    2.4524382823e+00   -1.4331618594e+01    1.2800000000e+02    9.8083840003e-03    6.5136718750e-01
       375   -7.3885151256e+00    5.4689347860e+01   -1.5131598048e+01    7.7430829220e+00    2.4237104726e+00   -1.7555308520e+01    1.2800000000e+02    1.3324748000e-02    6.5478515625e-01
       376   -7.4685992571e+00    5.6067612373e+01   -1.4580935287e+01    7.1123360302e+00    2.9331444303e+00   -1.7514079718e+01    1.2800000000e+02    1.0970220001e-02    6.2207031250e-01
       377   -7.6682749246e+00    5.9287766604e+01   -1.6348108752e+01    8.6798338278e+00    2.3933590284e+00   -1.8741467781e+01    1.2800000000e+02    1.6197950000e-02    6.3183593750e-01
       378   -7.4586887747e+00    5.5801033952e+01   -1.2330540352e+01    4.8718515776e+00    2.7065587907e+00   -1.5037099143e+01    1.2800000000e+02    1.6282095999e-02    6.4062500000e-01
       379   -7.5049194826e+00    5.6495374134e+01   -1.4723326558e+01    7.2184070756e+00    2.6972603824e+00   -1.7420586941e+01    1.2800000000e+02    1.6075331000e-02    6.0302734375e-01
       380   -7.4996575742e+00    5.6493590577e+01   -1.3421075779e+01    5.9214182046e+00    2.3811250777e+00   -1.5802200857e+01    1.2800000000e+02    8.9469869999e-03    6.3574218750e-01
       381   -7.5242182027e+00    5.6858736594e+01   -1.3912220099e+01    6.3880018966e+00    2.5479206276e+00   -1.6460140727e+01    1.2800000000e+02    8.3311179997e-03    6.5429687500e-01
       382   -7.3765126590e+00    5.4534130913e+01   -1.1766392875e+01    4.3898802164e+00    2.3094589229e+00   -1.4075851798e+01    1.2800000000e+02    8.3334880001e-03    6.4697265625e-01
       383   -7.4198955581e+00    5.5484192995e+01   -1.4557106263e+01    7.1372107053e+00    2.7917236144e+00   -1.7348829878e+01    1.2800000000e+02    8.0490040000e-03    6.3134765625e-01
       384   -7.3953232603e+00    5.4900730252e+01   -1.2979294130e+01    5.5839708697e+00    2.5204581776e+00   -1.5499752308e+01    1.2800000000e+02    7.9347400006e-03    6.3867187500e-01
       385   -7.3851643364e+00    5.4769946507e+01   -1.3822311058e+01    6.4371467214e+00    2.6755078560e+00   -1.6497818914e+01    1.2800000000e+02    8.1622610005e-03    6.2500000000e-01
       386   -7.4307979346e+00    5.5451501551e+01   -1.4397315074e+01    6.9665171394e+00    2.8829060790e+00   -1.7280221153e+01    1.2800000000e+02    8.1526900003e-03    6.3378906250e-01
       387   -7.5460295492e+00    5.7167281584e+01   -1.4070573907e+01    6.5245443575e+00    2.6440815620e+00   -1.6714655469e+01    1.2800000000e+02    8.1784879994e-03    6.4160156250e-01
       388   -7.6841171431e+00    5.9329163616e+01   -1.7288366082e+01    9.6042489385e+00    2.7374741160e+00   -2.0025840198e+01    1.2800000000e+02    8.6163679998e-03    6.3281250000e-01
       389   -7.5658034746e+00    5.7536020397e+01   -1.5700209913e+01    8.1344064383e+00    2.5363943800e+00   -1.8236604293e+01    1.2800000000e+02    1.1360057000e-02    6.3769531250e-01
       390   -7.4235233783e+00    5.5315278893e+01   -1.3043971208e+01    5.6204478300e+00    2.5281226814e+00   -1.5572093890e+01    1.2800000000e+02    8.4481980002e-03    6.4794921875e-01
       391   -7.3845178647e+00    5.4667323558e+01   -1.2588200920e+01    5.2036830552e+00    2.3085809684e+00   -1.4896781888e+01    1.2800000000e+02    8.3703630007e-03    6.4404296875e-01
       392   -7.2822214504e+00    5.3124150074e+01   -1.1997789821e+01    4.7155683708e+00    2.7658801016e+00   -1.4763669923e+01    1.2800000000e+02    1.0149168000e-02    6.3818359375e-01
       393   -7.4298257026e+00    5.5496296527e+01   -1.2370917412e+01    4.9410917093e+00    2.5901453753e+00   -1.4961062787e+01    1.2800000000e+02    8.0308619999e-03    6.5039062500e-01
       394   -7.3734607874e+00    5.4503804698e+01   -1.4437118587e+01    7.0636577993e+00    2.7664732771e+00   -1.7203591864e+01    1.2800000000e+02    1.2638003001e-02    6.3134765625e-01
       395   -7.4340696923e+00    5.5455983814e+01   -1.6747642377e+01    9.3135726845e+00    2.6592948749e+00   -1.9406937252e+01    1.2800000000e+02    7.9461949999e-03    6.3720703125e-01
       396   -7.5906706605e+00    5.8074844480e+01   -1.5730426205e+01    8.1397555440e+00    2.8505137291e+00   -1.8580939934e+01    1.2800000000e+02    7.8248550008e-03    6.2744140625e-01
       397   -7.3546706868e+00    5.4215490919e+01   -1.0655498879e+01    3.3008281920e+00    2.3741598662e+00   -1.3029658745e+01    1.2800000000e+02    1.1617035000e-02    6.5332031250e-01
       398   -7.4253786868e+00    5.5286906999e+01   -1.4608855709e+01    7.1834770223e+00    2.4339231103e+00   -1.7042778819e+01    1.2800000000e+02    1.4216869000e-02    6.4208984375e-01
       399   -7.6433936202e+00    5.8783950987e+01   -1.4514498975e+01    6.8711053552e+00    2.4936990484e+00   -1.7008198024e+01    1.2800000000e+02    8.2811080001e-03    6.3281250000e-01
       400   -7.3658293999e+00    5.4441688080e+01   -1.2203153351e+01    4.8373239514e+00    2.4820129588e+00   -1.4685166310e+01    1.2800000000e+02    8.1020259995e-03    6.4599609375e-01
       401   -7.5628813711e+00    5.7545404392e+01   -1.3273708995e+01    5.7108276242e+00    2.5728115702e+00   -1.5846520566e+01    1.2800000000e+02    8.0867839997e-03    6.5185546875e-01
       402   -7.6004584839e+00    5.8227179986e+01   -1.7082233446e+01    9.4817749626e+00    2.5259468694e+00   -1.9608180316e+01    1.2800000000e+02    8.6015859997e-03    6.3769531250e-01
       403   -7.5543440714e+00    5.7321152109e+01   -1.8471729915e+01    1.0917385843e+01    3.3723229947e+00   -2.1844052909e+01    1.2800000000e+02    9.9132670002e-03    6.2011718750e-01
       404   -7.5858852959e+00    5.7905801056e+01   -1.6308415987e+01    8.7225306910e+00    2.4120570607e+00   -1.8720473048e+01    1.2800000000e+02    9.7836019995e-03    6.5087890625e-01
       405   -7.5097693310e+00    5.6761616060e+01   -2.0092759808e+01    1.2582990477e+01    2.9831295374e+00   -2.3075889345e+01    1.2800000000e+02    7.7401960007e-03    6.1425781250e-01
       406   -7.4239378596e+00    5.5272063640e+01   -1.7053708391e+01    9.6297705310e+00    2.7993279049e+00   -1.9853036296e+01    1.2800000000e+02    7.8990990005e-03    6.4892578125e-01
       407   -7.3863816229e+00    5.4698379689e+01   -1.1434674845e+01    4.0482932219e+00    2.5410456174e+00   -1.3975720462e+01    1.2800000000e+02    7.9009129995e-03    6.3378906250e-01
       408   -7.4547442472e+00    5.5793034591e+01   -1.3768802100e+01    6.3140578528e+00    2.5464556034e+00   -1.6315257703e+01    1.2800000000e+02    7.8898450001e-03    6.2841796875e-01
       409   -7.5599482392e+00    5.7432254959e+01   -2.5053540213e+01    1.7493591974e+01    2.6040559866e+00   -2.7657596200e+01    1.2800000000e+02    8.0789160002e-03    6.4941406250e-01
       410   -7.2907967821e+00    5.3309805908e+01   -1.2171823933e+01    4.8810271506e+00    2.3982110170e+00   -1.4570034950e+01    1.2800000000e+02    7.9328399997e-03    6.5234375000e-01
       411   -7.6705683037e+00    5.9236151983e+01   -1.5733033637e+01    8.0624653333e+00    2.7726163901e+00   -1.8505650027e+01    1.2800000000e+02    7.7896089997e-03    6.3720703125e-01
       412   -7.4160588840e+00    5.5120550055e+01   -1.2321672635e+01    4.9056137515e+00    2.2430761552e+00   -1.4564748791e+01    1.2800000000e+02    7.7719540004e-03    6.3867187500e-01
       413   -7.4361893982e+00    5.5493197535e+01   -1.1345831992e+01    3.9096425934e+00    2.3540594231e+00   -1.3699891415e+01    1.2800000000e+02    7.8859639998e-03    6.7529296875e-01
       414   -7.4027654705e+00    5.4983179515e+01   -1.2642561702e+01    5.2397962315e+00    2.5351504291e+00   -1.5177712131e+01    1.2800000000e+02    7.9720260001e-03    6.4355468750e-01
       415   -7.6368908005e+00    5.8594842022e+01   -1.3537795724e+01    5.9009049237e+00    3.2000680224e+00   -1.6737863747e+01    1.2800000000e+02    7.8814980006e-03    6.3671875000e-01
       416   -7.4662262299e+00    5.5952798770e+01   -1.4989445477e+01    7.5232192476e+00    3.0952970458e+00   -1.8084742523e+01    1.2800000000e+02    7.7888130008e-03    6.1914062500e-01
       417   -7.6088298901e+00    5.8219214580e+01   -1.4123951305e+01    6.5151214144e+00    2.7832031595e+00   -1.6907154464e+01    1.2800000000e+02    7.8296169995e-03    6.2695312500e-01
       418   -7.4185671793e+00    5.5221673614e+01   -1.2821169763e+01    5.4026025838e+00    2.5636664673e+00   -1.5384836230e+01    1.2800000000e+02    7.8315829996e-03    6.4404296875e-01
       419   -7.3653801969e+00    5.4470609791e+01   -1.7061564106e+01    9.6961839090e+00    2.9786492333e+00   -2.0040213339e+01    1.2800000000e+02    7.7446160003e-03    6.3427734375e-01
       420   -7.4074482068e+00    5.5079352085e+01   -1.2382038562e+01    4.9745903555e+00    2.4341899468e+00   -1.4816228509e+01    1.2800000000e+02    7.8409039997e-03    6.4892578125e-01
       421   -7.7668805973e+00    6.0754960678e+01   -2.1303668757e+01    1.3536788159e+01    3.2253744565e+00   -2.4529043213e+01    1.2800000000e+02    7.7771560000e-03    6.1474609375e-01
       422   -7.4376367173e+00    5.5458672633e+01   -1.3366102066e+01    5.9284653490e+00    2.6580089572e+00   -1.6024111024e+01    1.2800000000e+02    7.9054569997e-03    6.4453125000e-01
       423   -7.6569874007e+00    5.8949078857e+01   -1.5440257054e+01    7.7832696532e+00    2.8069655149e+00   -1.8247222569e+01    1.2800000000e+02    8.0126330004e-03    6.4990234375e-01
       424   -7.4957510212e+00    5.6483490445e+01   -1.3104986540e+01    5.6092355189e+00    2.5610754121e+00   -1.5666061952e+01    1.2800000000e+02    1.0039501000e-02    6.5673828125e-01
       425   -7.5287699792e+00    5.6888286363e+01   -1.4684775544e+01    7.1560055650e+00    2.5728782381e+00   -1.7257653782e+01    1.2800000000e+02    9.2507489999e-03    6.4257812500e-01
       426   -7.3761285223e+00    5.4553385703e+01   -1.3016048391e+01    5.6399198690e+00    2.6296841423e+00   -1.5645732534e+01    1.2800000000e+02    7.8965299999e-03    6.3085937500e-01
       427   -7.4583545909e+00    5.5927905470e+01   -1.5563495544e+01    8.1051409529e+00    3.3739798984e+00   -1.8937475442e+01    1.2800000000e+02    7.9695069999e-03    6.0742187500e-01
       428   -7.4038955365e+00    5.4962947128e+01   -1.1485904572e+01    4.0820090359e+00    2.5328698868e+00   -1.4018774459e+01    1.2800000000e+02    7.9276639999e-03    6.4892578125e-01
       429   -7.5382090510e+00    5.7055809167e+01   -1.3720310548e+01    6.1821014967e+00    2.5786626150e+00   -1.6298973163e+01    1.2800000000e+02    7.9138649999e-03    6.5966796875e-01
       430   -7.4591525281e+00    5.5837745447e+01   -1.5133186280e+01    7.6740337520e+00    3.0746268716e+00   -1.8207813152e+01    1.2800000000e+02    7.8558599998e-03    6.0644531250e-01
       431   -7.4363856022e+00    5.5469962428e+01   -1.2709348424e+01    5.2729628220e+00    2.7754334261e+00   -1.5484781850e+01    1.2800000000e+02    7.8817009999e-03    6.4990234375e-01
       432   -7.6311776959e+00    5.8522885151e+01   -1.4216011127e+01    6.5848334309e+00    2.4514135365e+00   -1.6667424663e+01    1.2800000000e+02    7.7692440000e-03    6.3818359375e-01
       433   -7.4620171177e+00    5.6047543397e+01   -1.8319256853e+01    1.0857239736e+01    3.0106423596e+00   -2.1329899213e+01    1.2800000000e+02    7.8028230000e-03    6.1132812500e-01
       434   -7.5844171516e+00    5.7747453715e+01   -1.6319315795e+01    8.7348986437e+00    2.5227893630e+00   -1.8842105158e+01    1.2800000000e+02    8.0558930003e-03    6.4111328125e-01
       435   -7.5981841875e+00    5.8141872440e+01   -1.6545276989e+01    8.9470928011e+00    2.7926746052e+00   -1.9337951594e+01    1.2800000000e+02    7.8850659993e-03    6.3525390625e-01
       436   -7.3932376242e+00    5.4883526509e+01   -1.5092222557e+01    7.6989849330e+00    2.1003835041e+00   -1.7192606061e+01    1.2800000000e+02    7.7313219999e-03    6.4208984375e-01
       437   -7.5243065943e+00    5.6930754081e+01   -1.4685607796e+01    7.1613012013e+00    2.7606480090e+00   -1.7446255805e+01    1.2800000000e+02    7.8310460003e-03    6.3085937500e-01
       438   -7.3688062829e+00    5.4403066761e+01   -1.2695231735e+01    5.3264254525e+00    2.6135980892e+00   -1.5308829825e+01    1.2800000000e+02    7.7209620003e-03    6.0937500000e-01
       439   -7.9117327048e+00    6.3135294996e+01   -1.6811482934e+01    8.8997502291e+00    2.6971570218e+00   -1.9508639956e+01    1.2800000000e+02    7.9474060003e-03    6.2695312500e-01
       440   -7.5261762460e+00    5.6850411151e+01   -1.3673087866e+01    6.1469116201e+00    2.8314870231e+00   -1.6504574889e+01    1.2800000000e+02    7.9012570004e-03    6.3232421875e-01
       441   -7.6045121201e+00    5.8127066222e+01   -1.3907825565e+01    6.3033134444e+00    2.4292975921e+00   -1.6337123157e+01    1.2800000000e+02    7.9396060000e-03    6.5283203125e-01
       442   -7.3255833255e+00    5.3800650429e+01   -1.2321166703e+01    4.9955833773e+00    2.4092419976e+00   -1.4730408700e+01    1.2800000000e+02    7.8656059995e-03    6.3623046875e-01
       443   -7.4007816098e+00    5.5006392731e+01   -1.3028320309e+01    5.6275386991e+00    2.8383891836e+00   -1.5866709492e+01    1.2800000000e+02    7.8640710008e-03    6.1962890625e-01
       444   -7.4319064395e+00    5.5399769428e+01   -1.6210137627e+01    8.7782311875e+00    3.0404071224e+00   -1.9250544749e+01    1.2800000000e+02    7.9811930000e-03    6.2353515625e-01
       445   -7.4954631128e+00    5.6493613554e+01   -1.5004774582e+01    7.5093114693e+00    2.9088048528e+00   -1.7913579435e+01    1.2800000000e+02    7.8069880001e-03    6.1816406250e-01
       446   -7.3989339190e+00    5.4875114090e+01   -1.1358286579e+01    3.9593526600e+00    2.1984143874e+00   -1.3556700966e+01    1.2800000000e+02    7.9856509992e-03    6.6699218750e-01
       447   -7.3875816665e+00    5.4725306040e+01   -1.4733364874e+01    7.3457832071e+00    2.6716289569e+00   -1.7404993831e+01    1.2800000000e+02    1.0661212001e-02    6.3916015625e-01
       448   -7.4853600370e+00    5.6258540896e+01   -1.2916551358e+01    5.4311913212e+00    2.6761032815e+00   -1.5592654640e+01    1.2800000000e+02    8.7288830000e-03    6.3525390625e-01
       449   -7.4418687109e+00    5.5544354751e+01   -1.2919821591e+01    5.4779528800e+00    2.4137119750e+00   -1.5333533566e+01    1.2800000000e+02    7.8289940002e-03    6.3964843750e-01
       450   -7.4049843872e+00    5.5031137930e+01   -1.5201881353e+01    7.7968969654e+00    2.5803504684e+00   -1.7782231821e+01    1.2800000000e+02    7.7736370004e-03    6.2744140625e-01
       451   -7.4630860872e+00    5.5860073322e+01   -1.3781079313e+01    6.3179932254e+00    2.6494389972e+00   -1.6430518310e+01    1.2800000000e+02    7.8700329996e-03    6.5136718750e-01
       452   -7.5459241336e+00    5.7352951191e+01   -1.3246367349e+01    5.7004432159e+00    2.7725671496e+00   -1.6018934499e+01    1.2800000000e+02    1.1576877000e-02    6.4746093750e-01
       453   -7.3531124053e+00    5.4197490976e+01   -1.2809195599e+01    5.4560831936e+00    2.6873380312e+00   -1.5496533630e+01    1.2800000000e+02    9.5944490004e-03    6.4208984375e-01
       454   -7.3317490734e+00    5.3916820338e+01   -1.2027459289e+01    4.6957102157e+00    2.3966407317e+00   -1.4424100021e+01    1.2800000000e+02    9.4496299998e-03    6.4257812500e-01
       455   -7.4825835986e+00    5.6131039981e+01   -1.3251434500e+01    5.7688509015e+00    2.1026181257e+00   -1.5354052626e+01    1.2800000000e+02    8.2244949999e-03    6.7578125000e-01
       456   -7.3615945648e+00    5.4333435155e+01   -1.7591992627e+01    1.0230398063e+01    2.8736671052e+00   -2.0465659733e+01    1.2800000000e+02    7.7947660002e-03    6.1914062500e-01
       457   -7.4597664210e+00    5.5856812316e+01   -1.4985535808e+01    7.5257693865e+00    2.7661136749e+00   -1.7751649482e+01    1.2800000000e+02    7.9040510000e-03    6.3085937500e-01
       458   -7.4176783600e+00    5.5133668388e+01   -1.2995379514e+01    5.5777011536e+00    2.2924393284e+00   -1.5287818842e+01    1.2800000000e+02    8.1322100004e-03    6.5234375000e-01
       459   -7.3931464382e+00    5.4818053977e+01   -1.2961257304e+01    5.5681108654e+00    2.4204715867e+00   -1.5381728890e+01    1.2800000000e+02    8.0091989994e-03    6.6943359375e-01
       460   -7.6886414337e+00    5.9594537427e+01   -3.0211486579e+01    2.2522845146e+01    2.8522520332e+00   -3.3063738613e+01    1.2800000000e+02    7.7711130007e-03    6.0986328125e-01
       461   -7.4557207877e+00    5.5751229102e+01   -1.8506372214e+01    1.1050651427e+01    2.8181700491e+00   -2.1324542263e+01    1.2800000000e+02    7.9250619992e-03    6.1914062500e-01
       462   -7.4829327187e+00    5.6174553611e+01   -1.3571086600e+01    6.0881538810e+00    2.6441493978e+00   -1.6215235997e+01    1.2800000000e+02    7.9033779994e-03    6.3720703125e-01
       463   -7.5188739171e+00    5.6789171650e+01   -1.3948574458e+01    6.4297005410e+00    2.6951086367e+00   -1.6643683095e+01    1.2800000000e+02    8.0047729998e-03    6.3867187500e-01
       464   -7.5610998481e+00    5.7365817723e+01   -1.7978063538e+01    1.0416963690e+01    3.0698478653e+00   -2.1047911403e+01    1.2800000000e+02    8.0596090002e-03    6.3037109375e-01
       465   -7.5462909910e+00    5.7157425839e+01   -1.1421734471e+01    3.8754434800e+00    2.4101761235e+00   -1.3831910594e+01    1.2800000000e+02    7.9485130009e-03    6.5478515625e-01
       466   -7.6100695485e+00    5.8319891319e+01   -1.5043598640e+01    7.4335290915e+00    2.6822184601e+00   -1.7725817100e+01    1.2800000000e+02    7.9521829994e-03    6.2207031250e-01
       467   -7.4616172034e+00    5.5923544522e+01   -1.6087436780e+01    8.6258195769e+00    2.3284985022e+00   -1.8415935282e+01    1.2800000000e+02    7.7780900001e-03    6.3623046875e-01
       468   -7.4306491714e+00    5.5346328370e+01   -1.3357367115e+01    5.9267179434e+00    2.3490090104e+00   -1.5706376125e+01    1.2800000000e+02    7.9762240002e-03    6.6162109375e-01
       469   -7.6234878267e+00    5.8471996846e+01   -2.5473652984e+01    1.7850165157e+01    2.9850588812e+00   -2.8458711865e+01    1.2800000000e+02    7.7571250004e-03    6.1279296875e-01
       470   -7.4333053147e+00    5.5468275466e+01   -1.8437312572e+01    1.1004007257e+01    2.6483063927e+00   -2.1085618964e+01    1.2800000000e+02    8.3431050007e-03    6.3916015625e-01
       471   -7.4110427669e+00    5.5119267778e+01   -1.5014874056e+01    7.6038312895e+00    2.8857713833e+00   -1.7900645440e+01    1.2800000000e+02    7.8529360007e-03    6.1572265625e-01
       472   -7.3181525332e+00    5.3706664874e+01   -1.2932722425e+01    5.6145698920e+00    2.8955168805e+00   -1.5828239306e+01    1.2800000000e+02    8.0780290000e-03    6.4013671875e-01
       473   -7.4326128883e+00    5.5399518810e+01   -1.6323963816e+01    8.8913509278e+00    2.7040856545e+00   -1.9028049471e+01    1.2800000000e+02    7.8100470000e-03    6.2939453125e-01
       474   -7.3430274914e+00    5.4136998624e+01   -1.4071924827e+01    6.7288973352e+00    2.4052310897e+00   -1.6477155916e+01    1.2800000000e+02    8.0240820007e-03    6.5527343750e-01
       475   -7.6254689807e+00    5.8432457989e+01   -1.5822687975e+01    8.1972189946e+00    2.6820699644e+00   -1.8504757940e+01    1.2800000000e+02    7.7957570002e-03    6.2988281250e-01
       476   -7.3982557257e+00    5.5056437794e+01   -1.4199477062e+01    6.8012213365e+00    2.2892495423e+00   -1.6488726604e+01    1.2800000000e+02    8.9731600001e-03    6.5039062500e-01
       477   -7.6015452132e+00    5.8038891672e+01   -1.4189108609e+01    6.5875633963e+00    3.6337981769e+00   -1.7822906786e+01    1.2800000000e+02    7.8039219998e-03    6.2548828125e-01
       478   -7.4882031130e+00    5.6362299222e+01   -1.7059190037e+01    9.5709869239e+00    2.6521541236e+00   -1.9711344160e+01    1.2800000000e+02    7.8153009999e-03    6.1621093750e-01
       479   -7.4880830978e+00    5.6283794364e+01   -1.4232415583e+01    6.7443324850e+00    2.7200000630e+00   -1.6952415646e+01    1.2800000000e+02    7.7891020001e-03    6.2695312500e-01
       480   -7.4276057877e+00    5.5385698772e+01   -1.4596433854e+01    7.1688280664e+00    2.5828930848e+00   -1.7179326939e+01    1.2800000000e+02    7.8511040001e-03    6.4648437500e-01
       481   -7.5522779612e+00    5.7252476873e+01   -1.4572829314e+01    7.0205513524e+00    2.4911989848e+00   -1.7064028298e+01    1.2800000000e+02    7.8025280000e-03    6.4453125000e-01
       482   -7.5267379607e+00    5.6861889967e+01   -1.3105482338e+01    5.5787443777e+00    2.8383492930e+00   -1.5943831631e+01    1.2800000000e+02    7.8878740005e-03    6.5380859375e-01
       483   -7.3841993954e+00    5.4663816725e+01   -1.1751898050e+01    4.3676986549e+00    2.5658567332e+00   -1.4317754784e+01    1.2800000000e+02    8.1212670002e-03    6.5820312500e-01
       484   -7.4972964566e+00    5.6361546359e+01   -1.2943503126e+01    5.4462066696e+00    2.3521745607e+00   -1.5295677687e+01    1.2800000000e+02    7.9281009994e-03    6.6552734375e-01
       485   -7.4955080431e+00    5.6418808944e+01   -1.4574312198e+01    7.0788041551e+00    2.6908600903e+00   -1.7265172288e+01    1.2800000000e+02    7.8229900000e-03    6.4453125000e-01
       486   -7.5354122909e+00    5.6986557187e+01   -1.5308602586e+01    7.7731902949e+00    2.7900139512e+00   -1.8098616537e+01    1.2800000000e+02    7.8326430003e-03    6.4550781250e-01
       487   -7.3468236969e+00    5.4295191721e+01   -1.4880649683e+01    7.5338259861e+00    2.4095651498e+00   -1.7290214833e+01    1.2800000000e+02    7.8440620000e-03    6.4355468750e-01
       488   -7.4507093480e+00    5.5729574216e+01   -2.2828037225e+01    1.5377327877e+01    2.7207062797e+00   -2.5548743505e+01    1.2800000000e+02    7.8222689999e-03    6.4208984375e-01
       489   -7.4306623856e+00    5.5417994511e+01   -1.4806277274e+01    7.3756148881e+00    2.7369174689e+00   -1.7543194743e+01    1.2800000000e+02    7.9167969998e-03    6.2548828125e-01
       490   -7.6346420634e+00    5.8727086043e+01   -2.0222127936e+01    1.2587485872e+01    2.6374170158e+00   -2.2859544951e+01    1.2800000000e+02    9.7193429992e-03    5.9863281250e-01
       491   -7.4033442522e+00    5.4964939556e+01   -1.3123105768e+01    5.7197615155e+00    2.6647146441e+00   -1.5787820412e+01    1.2800000000e+02    9.3139820001e-03    6.4355468750e-01
       492   -7.4601155056e+00    5.5837054603e+01   -1.7062963078e+01    9.6028475723e+00    2.5455954092e+00   -1.9608558487e+01    1.2800000000e+02    8.0419349997e-03    6.2646484375e-01
       493   -7.4344520138e+00    5.5603656452e+01   -1.4508836169e+01    7.0743841548e+00    2.8309512057e+00   -1.7339787374e+01    1.2800000000e+02    8.0541580000e-03    6.3867187500e-01
       494   -7.4732048380e+00    5.6086458223e+01   -1.2745989229e+01    5.2727843911e+00    2.8122438597e+00   -1.5558233089e+01    1.2800000000e+02    7.8328170002e-03    6.4013671875e-01
       495   -7.3601477356e+00    5.4311262539e+01   -1.1751640746e+01    4.3914930107e+00    2.4148405186e+00   -1.4166481265e+01    1.2800000000e+02    7.9377680004e-03    6.3671875000e-01
       496   -7.4724637098e+00    5.6066710051e+01   -1.1436617828e+01    3.9641541185e+00    2.4460354565e+00   -1.3882653285e+01    1.2800000000e+02    8.2998740008e-03    6.4111328125e-01
       497   -7.5475040552e+00    5.7223088782e+01   -1.6173397556e+01    8.6258935007e+00    2.7579502836e+00   -1.8931347839e+01    1.2800000000e+02    7.9131289995e-03    6.3574218750e-01
       498   -7.4853775955e+00    5.6235422942e+01   -1.5284577474e+01    7.7991998784e+00    2.4853215704e+00   -1.7769899044e+01    1.2800000000e+02    7.8075259999e-03    6.4306640625e-01
       499   -7.5091614844e+00    5.6622875409e+01   -1.5336387768e+01    7.8272262832e+00    3.0056791301e+00   -1.8342066898e+01    1.2800000000e+02    7.7377970001e-03    6.2011718750e-01
