#   index    LocalEnergy         LocalEnergy_sq      LocalPotential      Kinetic             ElecElec            IonElec             BlockWeight         BlockCPU            AcceptRatio         
         0   -7.4962033678e+00    5.6366194135e+01   -1.2925893601e+01    5.4296902337e+00    2.4697940341e+00   -1.5395687636e+01    1.2800000000e+02    8.4671069999e-03    6.5136718750e-01
         1   -7.6836588946e+00    5.9403316973e+01   -1.6720550188e+01    9.0368912937e+00    2.9199332242e+00   -1.9640483413e+01    1.2800000000e+02    7.7834280000e-03    6.1425781250e-01
         2   -7.5625662802e+00    5.7483173867e+01   -2.5971555196e+01    1.8408988916e+01    2.7598990984e+00   -2.8731454295e+01    1.2800000000e+02    7.7803120002e-03    6.2890625000e-01
         3   -7.3057824167e+00    5.3549180805e+01   -1.1145629419e+01    3.8398470026e+00    2.2908875094e+00   -1.3436516929e+01    1.2800000000e+02    8.4741460005e-03    6.7626953125e-01
         4   -7.3956547062e+00    5.4846212073e+01   -1.4666011821e+01    7.2703571148e+00    2.1548601432e+00   -1.6820871964e+01    1.2800000000e+02    7.7345319996e-03    6.4746093750e-01
         5   -7.3789781841e+00    5.4705367378e+01   -2.6180773266e+01    1.8801795082e+01    2.6682147229e+00   -2.8848987989e+01    1.2800000000e+02    7.7458349997e-03    6.2109375000e-01
         6   -7.6027476567e+00    5.8029857494e+01   -1.6188346780e+01    8.5855991232e+00    2.9720362306e+00   -1.9160383011e+01    1.2800000000e+02    1.1853450000e-02    6.3720703125e-01
         7   -7.3901374979e+00    5.4767467111e+01   -1.4291988995e+01    6.9018514966e+00    2.5494128821e+00   -1.6841401877e+01    1.2800000000e+02    8.2488059998e-03    6.5039062500e-01
         8   -7.5139731282e+00    5.6829218279e+01   -1.3402140144e+01    5.8881670160e+00    2.4965633681e+00   -1.5898703512e+01    1.2800000000e+02    7.8487990004e-03    6.4697265625e-01
         9   -7.3971273555e+00    5.4873178810e+01   -1.2407254230e+01    5.0101268740e+00    2.2162708817e+00   -1.4623525111e+01    1.2800000000e+02    7.6276860000e-03    6.4355468750e-01
        10   -7.4148671952e+00    5.5194382678e+01   -1.5391269908e+01    7.9764027127e+00    2.6427854467e+00   -1.8034055355e+01    1.2800000000e+02    8.5100540000e-03    6.2792968750e-01
        11   -7.4623301002e+00    5.5964399415e+01   -1.5306805670e+01    7.8444755702e+00    2.6268745654e+00   -1.7933680236e+01    1.2800000000e+02    8.2099080000e-03    6.3720703125e-01
        12   -7.4892239043e+00    5.6364433577e+01   -1.3910783637e+01    6.4215597323e+00    2.7385186560e+00   -1.6649302293e+01    1.2800000000e+02    8.2134350005e-03    6.4013671875e-01
        13   -7.4084722782e+00    5.5076979963e+01   -1.3124045775e+01    5.7155734972e+00    2.5578072674e+00   -1.5681853043e+01    1.2800000000e+02    7.9474610002e-03    6.5625000000e-01
        14   -7.4178114994e+00    5.5212928377e+01   -1.2948108567e+01    5.5302970673e+00    2.2637259374e+00   -1.5211834504e+01    1.2800000000e+02    8.4794920003e-03    6.3818359375e-01
        15   -7.4875019100e+00    5.6284773292e+01   -1.3295516623e+01    5.8080147127e+00    2.5306775317e+00   -1.5826194154e+01    1.2800000000e+02    8.4130080004e-03    6.3916015625e-01
        16   -7.3155541459e+00    5.3677147435e+01   -1.2361302705e+01    5.0457485594e+00    2.4282793743e+00   -1.4789582080e+01    1.2800000000e+02    7.9449989998e-03    6.6601562500e-01
        17   -7.4802180468e+00    5.6272135732e+01   -1.3525521230e+01    6.0453031827e+00    2.5331620488e+00   -1.6058683278e+01    1.2800000000e+02    8.0029470000e-03    6.5332031250e-01
        18   -7.2851791118e+00    5.3197135075e+01   -1.3487966457e+01    6.2027873451e+00    2.6916017882e+00   -1.6179568245e+01    1.2800000000e+02    7.9935800004e-03    6.3085937500e-01
        19   -7.4714395142e+00    5.6054146978e+01   -1.6290802430e+01    8.8193629160e+00    2.7373456602e+00   -1.9028148090e+01    1.2800000000e+02    7.8512470000e-03    6.3720703125e-01
        20   -7.4873818556e+00    5.6316059343e+01   -1.7150273223e+01    9.6628913671e+00    2.7161081580e+00   -1.9866381381e+01    1.2800000000e+02    7.8124169995e-03    6.0595703125e-01
        21   -7.3921939556e+00    5.4766224854e+01   -1.1097070720e+01    3.7048767643e+00    2.4196709972e+00   -1.3516741717e+01    1.2800000000e+02    8.0006110002e-03    6.5136718750e-01
        22   -7.5241344228e+00    5.6906240297e+01   -1.8557510884e+01    1.1033376461e+01    2.3577807390e+00   -2.0915291623e+01    1.2800000000e+02    7.8585789997e-03    6.4550781250e-01
        23   -7.3785067679e+00    5.4587715524e+01   -1.3274288192e+01    5.8957814239e+00    2.5798285037e+00   -1.5854116695e+01    1.2800000000e+02    7.8366910002e-03    6.4794921875e-01
        24   -7.4491704121e+00    5.5660784032e+01   -1.4613883113e+01    7.1647127007e+00    2.3113599434e+00   -1.6925243056e+01    1.2800000000e+02    8.0756600000e-03    6.4257812500e-01
        25   -7.2573391039e+00    5.2855229218e+01   -1.5251410182e+01    7.9940710781e+00    2.0819991645e+00   -1.7333409346e+01    1.2800000000e+02    7.7186199997e-03    6.3232421875e-01
        26   -7.4011625874e+00    5.4911919869e+01   -1.2057608587e+01    4.6564460000e+00    2.3112193201e+00   -1.4368827908e+01    1.2800000000e+02    7.8095070003e-03    6.5283203125e-01
        27   -7.4695152041e+00    5.6029685546e+01   -1.5824412753e+01    8.3548975488e+00    2.5160948600e+00   -1.8340507613e+01    1.2800000000e+02    8.3832370001e-03    6.3623046875e-01
        28   -7.6163376106e+00    5.8355769060e+01   -1.5156805080e+01    7.5404674695e+00    2.5560746949e+00   -1.7712879775e+01    1.2800000000e+02    9.1723460000e-03    6.3525390625e-01
        29   -7.5397634814e+00    5.7086803810e+01   -1.4621387237e+01    7.0816237553e+00    2.5396168093e+00   -1.7161004046e+01    1.2800000000e+02    1.0087623000e-02    6.4599609375e-01
        30   -7.5012623907e+00    5.6539634106e+01   -1.1821587250e+01    4.3203248592e+00    2.4996850125e+00   -1.4321272262e+01    1.2800000000e+02    7.8420820000e-03    6.5283203125e-01
        31   -7.5353244902e+00    5.7184027183e+01   -1.5349428337e+01    7.8141038464e+00    2.8117214046e+00   -1.8161149741e+01    1.2800000000e+02    1.2234194000e-02    6.3134765625e-01
        32   -7.5721754228e+00    5.7668475765e+01   -1.3876098378e+01    6.3039229554e+00    2.5223130996e+00   -1.6398411478e+01    1.2800000000e+02    1.2892109999e-02    6.4257812500e-01
        33   -7.4892887342e+00    5.6415037724e+01   -1.6807604377e+01    9.3183156423e+00    2.1178458931e+00   -1.8925450270e+01    1.2800000000e+02    7.7758630005e-03    6.2744140625e-01
        34   -7.4609762619e+00    5.5932254241e+01   -1.4683531094e+01    7.2225548318e+00    3.1097595036e+00   -1.7793290597e+01    1.2800000000e+02    8.6746000006e-03    6.2060546875e-01
        35   -7.6465238271e+00    5.8749227848e+01   -1.5922141160e+01    8.2756173326e+00    2.9725542372e+00   -1.8894695397e+01    1.2800000000e+02    7.9464339997e-03    6.1621093750e-01
        36   -7.5046831316e+00    5.6634112746e+01   -1.3108157112e+01    5.6034739802e+00    3.2868744744e+00   -1.6395031586e+01    1.2800000000e+02    8.1181500000e-03    6.4306640625e-01
        37   -7.4074781251e+00    5.5102804960e+01   -1.4342922676e+01    6.9354445506e+00    2.7759636957e+00   -1.7118886371e+01    1.2800000000e+02    7.7933729999e-03    6.2646484375e-01
        38   -7.4753451961e+00    5.6098743549e+01   -1.2862136992e+01    5.3867917958e+00    2.6907841561e+00   -1.5552921148e+01    1.2800000000e+02    8.3005859997e-03    6.4794921875e-01
        39   -7.4219970277e+00    5.5295573588e+01   -2.0047695168e+01    1.2625698141e+01    3.2296802706e+00   -2.3277375439e+01    1.2800000000e+02    8.4923000004e-03    6.3183593750e-01
        40   -7.6346220990e+00    5.8592986084e+01   -1.5084951744e+01    7.4503296449e+00    2.2440532878e+00   -1.7329005032e+01    1.2800000000e+02    8.2801239996e-03    6.5283203125e-01
        41   -7.6530756478e+00    5.8884916053e+01   -2.2924956879e+01    1.5271881232e+01    3.5752920352e+00   -2.6500248915e+01    1.2800000000e+02    7.7292720007e-03    5.9814453125e-01
        42   -7.6814696374e+00    5.9248581702e+01   -1.8821984708e+01    1.1140515071e+01    2.9816387895e+00   -2.1803623498e+01    1.2800000000e+02    7.9924439997e-03    6.2890625000e-01
        43   -7.5101054098e+00    5.6597533517e+01   -1.3036798237e+01    5.5266928272e+00    2.3166882320e+00   -1.5353486469e+01    1.2800000000e+02    7.9236869997e-03    6.5087890625e-01
        44   -7.5404979934e+00    5.7203548350e+01   -1.4007828049e+01    6.4673300557e+00    2.4860477539e+00   -1.6493875803e+01    1.2800000000e+02    7.8753150001e-03    6.3476562500e-01
        45   -7.4461420865e+00    5.5693968901e+01   -1.3166682536e+01    5.7205404494e+00    2.9101831711e+00   -1.6076865707e+01    1.2800000000e+02    8.0345719998e-03    6.2744140625e-01
        46   -7.6217721518e+00    5.8437235840e+01   -1.4531089951e+01    6.9093177996e+00    2.6909762615e+00   -1.7222066213e+01    1.2800000000e+02    7.9969190001e-03    6.2890625000e-01
        47   -7.5525745666e+00    5.7255331773e+01   -1.2772791727e+01    5.2202171607e+00    2.7543141388e+00   -1.5527105866e+01    1.2800000000e+02    7.8913150001e-03    6.4404296875e-01
        48   -7.4207432630e+00    5.5224043218e+01   -1.3410629263e+01    5.9898860002e+00    2.1450848823e+00   -1.5555714145e+01    1.2800000000e+02    8.1208299998e-03    6.5820312500e-01
        49   -7.4827057190e+00    5.6363161972e+01   -1.5323882064e+01    7.8411763446e+00    2.8845198871e+00   -1.8208401951e+01    1.2800000000e+02    7.8215280000e-03    6.2744140625e-01
        50   -7.5542845449e+00    5.7374561641e+01   -1.2523802797e+01    4.9695182519e+00    2.4437991617e+00   -1.4967601958e+01    1.2800000000e+02    1.1422493000e-02    6.5625000000e-01
        51   -7.5558478902e+00    5.7364085993e+01   -1.9182066805e+01    1.1626218915e+01    2.7880354282e+00   -2.1970102233e+01    1.2800000000e+02    8.2054150007e-03    6.2158203125e-01
        52   -7.4286914872e+00    5.5330892738e+01   -1.3618082310e+01    6.1893908225e+00    2.8329408338e+00   -1.6451023143e+01    1.2800000000e+02    7.8144160007e-03    6.3183593750e-01
        53   -7.6435359257e+00    5.8672651728e+01   -1.4173040702e+01    6.5295047761e+00    2.8568507053e+00   -1.7029891407e+01    1.2800000000e+02    7.8668750002e-03    6.5478515625e-01
        54   -7.6836453915e+00    5.9435211854e+01   -1.5659762202e+01    7.9761168108e+00    2.1609275868e+00   -1.7820689789e+01    1.2800000000e+02    7.8051800001e-03    6.5185546875e-01
        55   -7.4194532458e+00    5.5213141201e+01   -1.2854114994e+01    5.4346617485e+00    2.6324989142e+00   -1.5486613908e+01    1.2800000000e+02    7.7921660004e-03    6.3476562500e-01
        56   -7.5678731215e+00    5.7656921205e+01   -1.6179163919e+01    8.6112907971e+00    2.5453561385e+00   -1.8724520057e+01    1.2800000000e+02    7.8061889999e-03    6.4404296875e-01
        57   -7.5247932425e+00    5.6785782794e+01   -1.3604251813e+01    6.0794585703e+00    2.3607001098e+00   -1.5964951923e+01    1.2800000000e+02    7.8179259999e-03    6.4208984375e-01
        58   -7.4359731058e+00    5.5450829820e+01   -1.4259049176e+01    6.8230760707e+00    2.3101651023e+00   -1.6569214279e+01    1.2800000000e+02    7.9220879998e-03    6.6943359375e-01
        59   -7.4656761861e+00    5.5937133936e+01   -1.4745523704e+01    7.2798475176e+00    2.9510373709e+00   -1.7696561075e+01    1.2800000000e+02    7.9417940005e-03    6.1376953125e-01
        60   -7.4760075902e+00    5.6070336195e+01   -1.4857445665e+01    7.3814380746e+00    2.3543350888e+00   -1.7211780754e+01    1.2800000000e+02    8.0803290002e-03    6.5136718750e-01
        61   -7.5296114507e+00    5.7011703236e+01   -1.6714116375e+01    9.1845049241e+00    2.5417807424e+00   -1.9255897117e+01    1.2800000000e+02    7.8675109999e-03    6.2353515625e-01
        62   -7.4474556535e+00    5.5636660783e+01   -1.2471566722e+01    5.0241110683e+00    2.5445849514e+00   -1.5016151673e+01    1.2800000000e+02    7.8306569994e-03    6.4404296875e-01
        63   -7.4255828512e+00    5.5346825502e+01   -1.3045497153e+01    5.6199143018e+00    2.7682632742e+00   -1.5813760427e+01    1.2800000000e+02    8.1171640004e-03    6.4111328125e-01
        64   -7.5734449900e+00    5.7626054384e+01   -1.3594081552e+01    6.0206365616e+00    2.6533931259e+00   -1.6247474678e+01    1.2800000000e+02    8.0406779998e-03    6.3183593750e-01
        65   -7.4782322242e+00    5.6070138542e+01   -1.5332966873e+01    7.8547346492e+00    2.6918128854e+00   -1.8024779759e+01    1.2800000000e+02    7.9112429994e-03    6.3330078125e-01
        66   -7.3927155037e+00    5.4782663587e+01   -1.0876312703e+01    3.4835971993e+00    2.4196632337e+00   -1.3295975937e+01    1.2800000000e+02    7.8873050006e-03    6.5380859375e-01
        67   -7.5071783609e+00    5.6725434598e+01   -1.2797688464e+01    5.2905101035e+00    2.8797163940e+00   -1.5677404858e+01    1.2800000000e+02    8.1006139999e-03    6.4160156250e-01
        68   -7.4665987823e+00    5.5969018706e+01   -1.4458474260e+01    6.9918754782e+00    2.6885369035e+00   -1.7147011164e+01    1.2800000000e+02    7.7995470001e-03    6.2597656250e-01
        69   -7.3118519465e+00    5.3628142460e+01   -1.4290256977e+01    6.9784050306e+00    2.7737363321e+00   -1.7063993309e+01    1.2800000000e+02    7.8791709993e-03    6.3574218750e-01
        70   -7.5662818255e+00    5.7570172082e+01   -1.5668754486e+01    8.1024726602e+00    2.5873388489e+00   -1.8256093335e+01    1.2800000000e+02    7.7710109999e-03    6.2939453125e-01
        71   -7.4928123244e+00    5.6323949835e+01   -1.9844156469e+01    1.2351344145e+01    2.6854518028e+00   -2.2529608272e+01    1.2800000000e+02    7.9461389996e-03    6.4160156250e-01
        72   -7.5085666266e+00    5.6707707398e+01   -1.2876774716e+01    5.3682080892e+00    2.3279871321e+00   -1.5204761848e+01    1.2800000000e+02    7.8697149993e-03    6.3623046875e-01
        73   -7.4078421610e+00    5.4998800992e+01   -1.5717308684e+01    8.3094665225e+00    2.6303382661e+00   -1.8347646950e+01    1.2800000000e+02    1.1235142000e-02    6.3427734375e-01
        74   -7.7158383596e+00    5.9877282740e+01   -1.6235450619e+01    8.5196122595e+00    2.7558729944e+00   -1.8991323614e+01    1.2800000000e+02    7.8088139999e-03    6.2255859375e-01
        75   -7.5532795684e+00    5.7333829401e+01   -1.6161216869e+01    8.6079373002e+00    2.5197320235e+00   -1.8680948892e+01    1.2800000000e+02    7.8752089994e-03    6.5332031250e-01
        76   -7.5306923309e+00    5.7010455020e+01   -1.2957940091e+01    5.4272477597e+00    2.5955853574e+00   -1.5553525448e+01    1.2800000000e+02    8.2522489993e-03    6.4746093750e-01
        77   -7.4269702230e+00    5.5422064358e+01   -1.2468639156e+01    5.0416689330e+00    2.4194542826e+00   -1.4888093439e+01    1.2800000000e+02    8.0140079999e-03    6.5039062500e-01
        78   -7.7403490779e+00    6.0285534798e+01   -1.5970066586e+01    8.2297175079e+00    2.6741705928e+00   -1.8644237179e+01    1.2800000000e+02    7.7924440002e-03    6.2841796875e-01
        79   -7.6011039687e+00    5.8002236099e+01   -1.6141180517e+01    8.5400765479e+00    2.5886734970e+00   -1.8729854014e+01    1.2800000000e+02    7.8195659999e-03    6.3330078125e-01
        80   -7.3922615257e+00    5.4841621143e+01   -1.4640496497e+01    7.2482349709e+00    2.4549981397e+00   -1.7095494636e+01    1.2800000000e+02    7.8322850004e-03    6.4746093750e-01
        81   -7.4265620734e+00    5.5375022377e+01   -1.6287015046e+01    8.8604529721e+00    2.7778357751e+00   -1.9064850821e+01    1.2800000000e+02    7.8356180002e-03    6.4013671875e-01
        82   -7.4924601808e+00    5.6415423340e+01   -1.3298090714e+01    5.8056305330e+00    2.8673301735e+00   -1.6165420887e+01    1.2800000000e+02    7.8483079997e-03    6.3916015625e-01
        83   -7.5894561409e+00    5.7898495368e+01   -1.8892405960e+01    1.1302949819e+01    2.7284351622e+00   -2.1620841122e+01    1.2800000000e+02    7.7073479997e-03    6.0937500000e-01
        84   -7.7273951677e+00    6.0140634454e+01   -1.4725300978e+01    6.9979058101e+00    2.9905878020e+00   -1.7715888780e+01    1.2800000000e+02    7.8772560000e-03    6.2255859375e-01
        85   -7.4750168909e+00    5.6166984244e+01   -1.3050077859e+01    5.5750609682e+00    2.5355754385e+00   -1.5585653298e+01    1.2800000000e+02    7.9883970002e-03    6.5917968750e-01
        86   -7.4744078083e+00    5.6038238693e+01   -1.4657080632e+01    7.1826728241e+00    2.8237887730e+00   -1.7480869405e+01    1.2800000000e+02    8.0518630002e-03    6.3574218750e-01
        87   -7.4661322616e+00    5.5911411610e+01   -1.4468086702e+01    7.0019544405e+00    2.5144720010e+00   -1.6982558703e+01    1.2800000000e+02    7.7590450001e-03    6.3476562500e-01
        88   -7.4132600926e+00    5.5147893929e+01   -1.7591952811e+01    1.0178692718e+01    2.9560478153e+00   -2.0548000626e+01    1.2800000000e+02    7.7594630002e-03    6.2060546875e-01
        89   -7.3989213439e+00    5.4862946913e+01   -1.2106636839e+01    4.7077154951e+00    2.5552335449e+00   -1.4661870384e+01    1.2800000000e+02    8.2456040000e-03    6.3769531250e-01
        90   -7.3961641004e+00    5.4805722368e+01   -1.2500486299e+01    5.1043221986e+00    2.7052298756e+00   -1.5205716175e+01    1.2800000000e+02    8.0247739998e-03    6.3671875000e-01
        91   -7.4507176382e+00    5.5815427920e+01   -1.9256906011e+01    1.1806188373e+01    2.9200489323e+00   -2.2176954943e+01    1.2800000000e+02    7.7845579999e-03    6.2939453125e-01
        92   -7.5323720670e+00    5.6976289872e+01   -1.5127476472e+01    7.5951044055e+00    2.4594144645e+00   -1.7586890937e+01    1.2800000000e+02    8.0490399996e-03    6.4062500000e-01
        93   -7.3711453946e+00    5.4539152571e+01   -1.3781154211e+01    6.4100088160e+00    2.7902175621e+00   -1.6571371773e+01    1.2800000000e+02    7.8026600004e-03    6.2841796875e-01
        94   -7.4290882251e+00    5.5434632219e+01   -1.3780174472e+01    6.3510862468e+00    2.8901800201e+00   -1.6670354492e+01    1.2800000000e+02    7.7496220001e-03    6.1474609375e-01
        95   -7.5552268062e+00    5.7338659196e+01   -1.3248581900e+01    5.6933550937e+00    2.4202386401e+00   -1.5668820540e+01    1.2800000000e+02    8.4184430007e-03    6.4794921875e-01
        96   -7.3805003221e+00    5.4674596282e+01   -1.8434821661e+01    1.1054321339e+01    2.5980553796e+00   -2.1032877041e+01    1.2800000000e+02    1.0830851999e-02    6.5039062500e-01
        97   -7.7074689206e+00    5.9796120724e+01   -1.4024670100e+01    6.3172011796e+00    2.4091379102e+00   -1.6433808010e+01    1.2800000000e+02    7.8198419997e-03    6.4892578125e-01
        98   -7.5533882429e+00    5.7448307917e+01   -1.2688422145e+01    5.1350339017e+00    2.7206752303e+00   -1.5409097375e+01    1.2800000000e+02    7.9676270007e-03    6.3916015625e-01
        99   -7.4213434873e+00    5.5193701362e+01   -1.1380328602e+01    3.9589851142e+00    2.2754263860e+00   -1.3655754987e+01    1.2800000000e+02    7.9185439999e-03    6.5332031250e-01
       100   -7.3522086994e+00    5.4254200734e+01   -1.3195147524e+01    5.8429388246e+00    2.7787043527e+00   -1.5973851877e+01    1.2800000000e+02    7.8528069998e-03    6.4453125000e-01
       101   -7.5323553305e+00    5.6996738492e+01   -1.3588980450e+01    6.0566251198e+00    2.5019652474e+00   -1.6090945698e+01    1.2800000000e+02    8.1667480008e-03    6.5527343750e-01
       102   -7.5535327550e+00    5.7299271136e+01   -1.8877876407e+01    1.1324343652e+01    2.4032624552e+00   -2.1281138862e+01    1.2800000000e+02    7.8368970007e-03    6.4990234375e-01
       103   -7.3802565674e+00    5.4637116626e+01   -1.4407997811e+01    7.0277412438e+00    2.4457653953e+00   -1.6853763207e+01    1.2800000000e+02    7.8437900002e-03    6.5039062500e-01
       104   -7.4114915851e+00    5.5070428193e+01   -1.2860427190e+01    5.4489356050e+00    2.7872080160e+00   -1.5647635206e+01    1.2800000000e+02    7.8398670003e-03    6.4501953125e-01
       105   -7.3788444724e+00    5.4716108604e+01   -1.6396669572e+01    9.0178250999e+00    2.9004573889e+00   -1.9297126961e+01    1.2800000000e+02    7.8073570003e-03    6.2646484375e-01
       106   -7.4417379621e+00    5.5544903077e+01   -1.1925469168e+01    4.4837312055e+00    2.4095404957e+00   -1.4335009663e+01    1.2800000000e+02    7.8018920003e-03    6.6064453125e-01
       107   -7.4252070642e+00    5.5284099180e+01   -1.2990946770e+01    5.5657397058e+00    2.6422933725e+00   -1.5633240142e+01    1.2800000000e+02    7.8166670000e-03    6.3134765625e-01
       108   -7.5769475303e+00    5.7783389297e+01   -1.4224490552e+01    6.6475430214e+00    2.7269181883e+00   -1.6951408740e+01    1.2800000000e+02    7.8595149998e-03    6.4648437500e-01
       109   -7.5202016192e+00    5.6793085558e+01   -1.4417336740e+01    6.8971351204e+00    2.7214023332e+00   -1.7138739073e+01    1.2800000000e+02    7.8638149998e-03    6.2646484375e-01
       110   -7.4620185892e+00    5.5913221122e+01   -1.4873743567e+01    7.4117249776e+00    2.3912704249e+00   -1.7265013992e+01    1.2800000000e+02    7.9513649998e-03    6.3671875000e-01
       111   -7.5753532850e+00    5.7537361980e+01   -1.3440112612e+01    5.8647593267e+00    2.3749782377e+00   -1.5815090849e+01    1.2800000000e+02    7.7478580006e-03    6.4111328125e-01
       112   -7.5114200852e+00    5.6702940879e+01   -1.4787192382e+01    7.2757722967e+00    2.6362946313e+00   -1.7423487013e+01    1.2800000000e+02    7.7922050004e-03    6.3916015625e-01
       113   -7.4523572952e+00    5.5735481558e+01   -1.2724321027e+01    5.2719637321e+00    2.5235346468e+00   -1.5247855674e+01    1.2800000000e+02    7.8346560003e-03    6.4892578125e-01
       114   -7.6195200646e+00    5.8249016488e+01   -1.9077152502e+01    1.1457632438e+01    2.6566191892e+00   -2.1733771691e+01    1.2800000000e+02    8.2531790003e-03    6.3085937500e-01
       115   -7.4341335434e+00    5.5496355201e+01   -1.9361966773e+01    1.1927833229e+01    2.9654246062e+00   -2.2327391379e+01    1.2800000000e+02    7.7836009996e-03    6.2890625000e-01
       116   -7.5351254418e+00    5.6978544831e+01   -1.6985890435e+01    9.4507649937e+00    2.2839352177e+00   -1.9269825653e+01    1.2800000000e+02    7.8611220006e-03    6.4013671875e-01
       117   -7.5568116696e+00    5.7366648870e+01   -1.3815649851e+01    6.2588381819e+00    2.6033288785e+00   -1.6418978730e+01    1.2800000000e+02    7.9157979999e-03    6.5673828125e-01
       118   -7.4922037604e+00    5.6367471156e+01   -1.2575926092e+01    5.0837223320e+00    2.5386373683e+00   -1.5114563461e+01    1.2800000000e+02    8.8011480002e-03    6.4697265625e-01
       119   -7.3622194196e+00    5.4367965165e+01   -1.4162504979e+01    6.8002855599e+00    2.4974868350e+00   -1.6659991814e+01    1.2800000000e+02    1.0296042999e-02    6.3818359375e-01
       120   -7.5766965410e+00    5.7659722127e+01   -1.6689462815e+01    9.1127662740e+00    2.8552944146e+00   -1.9544757230e+01    1.2800000000e+02    7.8668510005e-03    6.3085937500e-01
       121   -7.4374968875e+00    5.5534617045e+01   -1.4168692899e+01    6.7311960111e+00    2.7052344450e+00   -1.6873927344e+01    1.2800000000e+02    7.9658310005e-03    6.3623046875e-01
       122   -7.5491805694e+00    5.7214457429e+01   -1.5991078647e+01    8.4418980771e+00    2.5389734558e+00   -1.8530052102e+01    1.2800000000e+02    7.8216080001e-03    6.4453125000e-01
       123   -7.3740448766e+00    5.4521112996e+01   -2.4166601300e+01    1.6792556423e+01    2.2489788048e+00   -2.6415580104e+01    1.2800000000e+02    8.0025509997e-03    6.4160156250e-01
       124   -7.3732233303e+00    5.4599196598e+01   -1.2884858012e+01    5.5116346812e+00    2.5289416308e+00   -1.5413799642e+01    1.2800000000e+02    7.9275820008e-03    6.5136718750e-01
       125   -7.4481796635e+00    5.5638744802e+01   -1.2149999039e+01    4.7018193756e+00    2.5782954803e+00   -1.4728294519e+01    1.2800000000e+02    7.8576540000e-03    6.3574218750e-01
       126   -7.5207112555e+00    5.6767904781e+01   -1.2406333025e+01    4.8856217695e+00    2.5357011346e+00   -1.4942034160e+01    1.2800000000e+02    8.2869700000e-03    6.4111328125e-01
       127   -7.3510085730e+00    5.4189551256e+01   -1.2674307374e+01    5.3232988008e+00    2.5128591848e+00   -1.5187166559e+01    1.2800000000e+02    7.9211580005e-03    6.5966796875e-01
       128   -7.3200826464e+00    5.3763567228e+01   -1.3195227744e+01    5.8751450973e+00    3.1390068968e+00   -1.6334234641e+01    1.2800000000e+02    7.7646370000e-03    6.1865234375e-01
       129   -7.4236231598e+00    5.5272814599e+01   -1.3466040499e+01    6.0424173390e+00    2.7397079446e+00   -1.6205748443e+01    1.2800000000e+02    7.8568360004e-03    6.3916015625e-01
       130   -7.5257287207e+00    5.7027165786e+01   -1.3391326215e+01    5.8655974939e+00    2.4350119010e+00   -1.5826338116e+01    1.2800000000e+02    7.9060410008e-03    6.6894531250e-01
       131   -7.6218544438e+00    5.8469632595e+01   -1.4322382070e+01    6.7005276259e+00    2.6364036394e+00   -1.6958785709e+01    1.2800000000e+02    7.8388450002e-03    6.4355468750e-01
       132   -7.4390342896e+00    5.5494094499e+01   -1.1668537866e+01    4.2295035762e+00    2.5476787678e+00   -1.4216216634e+01    1.2800000000e+02    7.8939570003e-03    6.5478515625e-01
       133   -7.4569439881e+00    5.5886615082e+01   -1.4312325746e+01    6.8553817579e+00    2.6976692642e+00   -1.7009995010e+01    1.2800000000e+02    7.8116209997e-03    6.2744140625e-01
       134   -7.4650840699e+00    5.5927933619e+01   -1.2083048792e+01    4.6179647223e+00    2.5872272754e+00   -1.4670276068e+01    1.2800000000e+02    7.9982899997e-03    6.6357421875e-01
       135   -7.4026692202e+00    5.4965594246e+01   -1.1715474240e+01    4.3128050202e+00    2.4464841352e+00   -1.4161958376e+01    1.2800000000e+02    8.0045029999e-03    6.6406250000e-01
       136   -7.4872408591e+00    5.6277119272e+01   -1.4252097845e+01    6.7648569856e+00    2.4487471476e+00   -1.6700844992e+01    1.2800000000e+02    7.7484020003e-03    6.2841796875e-01
       137   -7.4714376966e+00    5.6096533932e+01   -1.2591475567e+01    5.1200378708e+00    2.6293280027e+00   -1.5220803570e+01    1.2800000000e+02    7.8548140000e-03    6.3964843750e-01
       138   -7.4217283487e+00    5.5215432865e+01   -1.4596394039e+01    7.1746656904e+00    2.6904043624e+00   -1.7286798401e+01    1.2800000000e+02    7.8438900000e-03    6.4208984375e-01
       139   -7.4755578489e+00    5.6137570693e+01   -1.3640682689e+01    6.1651248404e+00    2.6130319259e+00   -1.6253714615e+01    1.2800000000e+02    8.2751209993e-03    6.4550781250e-01
       140   -7.3685735466e+00    5.4519441023e+01   -1.3739153444e+01    6.3705798970e+00    2.5495083518e+00   -1.6288661795e+01    1.2800000000e+02    7.9493479998e-03    6.4013671875e-01
       141   -7.4663301120e+00    5.6051949865e+01   -1.5752536521e+01    8.2862064086e+00    2.4079906430e+00   -1.8160527164e+01    1.2800000000e+02    9.4347169997e-03    6.3671875000e-01
       142   -7.3997185311e+00    5.4872896310e+01   -1.2018622831e+01    4.6189043000e+00    2.1770477946e+00   -1.4195670626e+01    1.2800000000e+02    1.1369235000e-02    6.8408203125e-01
       143   -7.4181001386e+00    5.5142992483e+01   -1.3247905784e+01    5.8298056455e+00    2.4809368083e+00   -1.5728842592e+01    1.2800000000e+02    7.8199849995e-03    6.3232421875e-01
       144   -7.6447437383e+00    5.8704487247e+01   -1.6569019939e+01    8.9242762004e+00    2.6712292345e+00   -1.9240249173e+01    1.2800000000e+02    7.8658650000e-03    6.3037109375e-01
       145   -7.4940721077e+00    5.6476309144e+01   -1.3375251875e+01    5.8811797674e+00    2.7978427531e+00   -1.6173094628e+01    1.2800000000e+02    7.9009869996e-03    6.3916015625e-01
       146   -7.5519436938e+00    5.7387214398e+01   -1.8275042442e+01    1.0723098748e+01    2.6911313006e+00   -2.0966173743e+01    1.2800000000e+02    8.0056199995e-03    6.2109375000e-01
       147   -7.7287355358e+00    6.0060186598e+01   -1.9881080888e+01    1.2152345353e+01    3.1537457989e+00   -2.3034826687e+01    1.2800000000e+02    7.7857199994e-03    6.1718750000e-01
       148   -7.4675400264e+00    5.6019822875e+01   -2.2233780897e+01    1.4766240870e+01    2.9691208896e+00   -2.5202901786e+01    1.2800000000e+02    8.0098150002e-03    6.3183593750e-01
       149   -7.4647822386e+00    5.5957961577e+01   -1.4802164362e+01    7.3373821239e+00    2.3589275457e+00   -1.7161091908e+01    1.2800000000e+02    7.8672740001e-03    6.5917968750e-01
       150   -7.4409715359e+00    5.5508358467e+01   -1.3323600276e+01    5.8826287397e+00    2.7096303535e+00   -1.6033230629e+01    1.2800000000e+02    7.8330279994e-03    6.3818359375e-01
       151   -7.4444963460e+00    5.5606490001e+01   -1.1999091449e+01    4.5545951028e+00    2.4329605450e+00   -1.4432051994e+01    1.2800000000e+02    8.3853349997e-03    6.5625000000e-01
       152   -7.5382515203e+00    5.7081184043e+01   -1.3103780320e+01    5.5655287994e+00    2.6714092769e+00   -1.5775189597e+01    1.2800000000e+02    7.8661159996e-03    6.5087890625e-01
       153   -7.3538156529e+00    5.4249902394e+01   -1.2434304093e+01    5.0804884404e+00    2.6258458418e+00   -1.5060149935e+01    1.2800000000e+02    1.0866345000e-02    6.4648437500e-01
       154   -7.5142380308e+00    5.6678457341e+01   -1.2048251261e+01    4.5340132304e+00    2.3467311052e+00   -1.4394982366e+01    1.2800000000e+02    1.4305466000e-02    6.6357421875e-01
       155   -7.3990595524e+00    5.4998344256e+01   -1.8046992313e+01    1.0647932761e+01    2.3769027734e+00   -2.0423895087e+01    1.2800000000e+02    9.7167500007e-03    6.3525390625e-01
       156   -7.4946385892e+00    5.6419039043e+01   -1.2557951577e+01    5.0633129882e+00    2.0540059772e+00   -1.4611957555e+01    1.2800000000e+02    8.5804689998e-03    6.3671875000e-01
       157   -7.4441073472e+00    5.5608746247e+01   -1.2818796660e+01    5.3746893131e+00    2.6280699042e+00   -1.5446866564e+01    1.2800000000e+02    7.9210020003e-03    6.5429687500e-01
       158   -7.4572022090e+00    5.5835371393e+01   -1.4244290931e+01    6.7870887225e+00    2.9487172684e+00   -1.7193008200e+01    1.2800000000e+02    7.7831090002e-03    6.3085937500e-01
       159   -7.5184319079e+00    5.6864232759e+01   -1.5191647440e+01    7.6732155317e+00    2.9367790218e+00   -1.8128426461e+01    1.2800000000e+02    8.2740239995e-03    6.2255859375e-01
       160   -7.4461192814e+00    5.5612870485e+01   -1.3279977631e+01    5.8338583491e+00    2.6304224479e+00   -1.5910400078e+01    1.2800000000e+02    7.7893870002e-03    6.3281250000e-01
       161   -7.6109535945e+00    5.8233711361e+01   -1.4521583818e+01    6.9106302239e+00    2.5572799344e+00   -1.7078863753e+01    1.2800000000e+02    7.8424089997e-03    6.3916015625e-01
       162   -7.3574649945e+00    5.4381538385e+01   -1.1914847087e+01    4.5573820929e+00    2.4925139476e+00   -1.4407361035e+01    1.2800000000e+02    9.5668889999e-03    6.5283203125e-01
       163   -7.4905270405e+00    5.6466807283e+01   -1.4533145568e+01    7.0426185273e+00    2.6659984456e+00   -1.7199144013e+01    1.2800000000e+02    1.0906416001e-02    6.3525390625e-01
       164   -7.3622983940e+00    5.4432231489e+01   -1.2459637480e+01    5.0973390864e+00    2.7209664232e+00   -1.5180603904e+01    1.2800000000e+02    8.0056020006e-03    6.3574218750e-01
       165   -7.3599412697e+00    5.4295513949e+01   -1.1113035905e+01    3.7530946351e+00    2.5864718408e+00   -1.3699507746e+01    1.2800000000e+02    8.0764240001e-03    6.5966796875e-01
       166   -7.5015685128e+00    5.6505263894e+01   -1.3883323407e+01    6.3817548944e+00    2.5118585301e+00   -1.6395181937e+01    1.2800000000e+02    7.8048969999e-03    6.4160156250e-01
       167   -7.4496413764e+00    5.5725990517e+01   -1.8731284084e+01    1.1281642707e+01    2.6790633852e+00   -2.1410347469e+01    1.2800000000e+02    7.8234000002e-03    6.3623046875e-01
       168   -7.3084939163e+00    5.3576654754e+01   -1.2303059728e+01    4.9945658119e+00    2.3659771583e+00   -1.4669036886e+01    1.2800000000e+02    7.8064589998e-03    6.3916015625e-01
       169   -7.4696413075e+00    5.6048854564e+01   -1.2158688664e+01    4.6890473568e+00    2.9540318961e+00   -1.5112720560e+01    1.2800000000e+02    7.7995729998e-03    6.3232421875e-01
       170   -7.3286911679e+00    5.3882804186e+01   -1.3350616872e+01    6.0219257037e+00    2.5969790391e+00   -1.5947595911e+01    1.2800000000e+02    7.9268319996e-03    6.4697265625e-01
       171   -7.4359113789e+00    5.5399935305e+01   -1.1047376311e+01    3.6114649323e+00    2.4625209201e+00   -1.3509897231e+01    1.2800000000e+02    8.1003870000e-03    6.6845703125e-01
       172   -7.3583586440e+00    5.4332895378e+01   -1.2116677139e+01    4.7583184955e+00    2.4611635313e+00   -1.4577840671e+01    1.2800000000e+02    7.7905859998e-03    6.4404296875e-01
       173   -7.5058292012e+00    5.6572773484e+01   -1.5832156684e+01    8.3263274830e+00    2.5755839520e+00   -1.8407740636e+01    1.2800000000e+02    7.7065539999e-03    6.4501953125e-01
       174   -7.5003230748e+00    5.6541299543e+01   -1.3831396539e+01    6.3310734646e+00    2.4798608287e+00   -1.6311257368e+01    1.2800000000e+02    7.7693679996e-03    6.4111328125e-01
       175   -7.4655232010e+00    5.5916683873e+01   -1.2072992108e+01    4.6074689070e+00    2.4872356376e+00   -1.4560227746e+01    1.2800000000e+02    8.1193260003e-03    6.3916015625e-01
       176   -7.5438036981e+00    5.7244669529e+01   -1.3934354595e+01    6.3905508969e+00    2.6337344490e+00   -1.6568089044e+01    1.2800000000e+02    7.7718200000e-03    6.4355468750e-01
       177   -7.4648328916e+00    5.5876075434e+01   -1.3068164591e+01    5.6033316991e+00    2.2780457892e+00   -1.5346210380e+01    1.2800000000e+02    7.7431509999e-03    6.4892578125e-01
       178   -7.5023023578e+00    5.6593045232e+01   -1.5501558841e+01    7.9992564835e+00    2.7457279244e+00   -1.8247286766e+01    1.2800000000e+02    7.8346549999e-03    6.4648437500e-01
       179   -7.5080304881e+00    5.6690087234e+01   -1.6793759026e+01    9.2857285377e+00    2.6890785854e+00   -1.9482837611e+01    1.2800000000e+02    7.7100219996e-03    6.1523437500e-01
       180   -7.4535238420e+00    5.5710830247e+01   -1.3075484238e+01    5.6219603959e+00    2.4663887950e+00   -1.5541873033e+01    1.2800000000e+02    7.8083379994e-03    6.4306640625e-01
       181   -7.4489790707e+00    5.5796117120e+01   -1.8192741539e+01    1.0743762469e+01    3.0573572466e+00   -2.1250098786e+01    1.2800000000e+02    7.8110490003e-03    6.2109375000e-01
       182   -7.3939589431e+00    5.4884566654e+01   -1.3895319029e+01    6.5013600857e+00    2.9351396135e+00   -1.6830458642e+01    1.2800000000e+02    7.7807459993e-03    6.2548828125e-01
       183   -7.3956983324e+00    5.4855566276e+01   -1.3087264825e+01    5.6915664922e+00    2.2139928395e+00   -1.5301257664e+01    1.2800000000e+02    7.9272290004e-03    6.5917968750e-01
       184   -7.6007147441e+00    5.8043788193e+01   -1.6991127627e+01    9.3904128833e+00    2.8805240726e+00   -1.9871651700e+01    1.2800000000e+02    7.9292609998e-03    6.2304687500e-01
       185   -7.4807665143e+00    5.6094790270e+01   -1.4121666076e+01    6.6408995614e+00    2.4938087607e+00   -1.6615474836e+01    1.2800000000e+02    7.7758530006e-03    6.3964843750e-01
       186   -7.5774767190e+00    5.7710581289e+01   -1.2668369753e+01    5.0908930339e+00    2.5381731440e+00   -1.5206542897e+01    1.2800000000e+02    8.8686850004e-03    6.4160156250e-01
       187   -7.5375769000e+00    5.7022500725e+01   -1.3313365407e+01    5.7757885074e+00    2.8198369671e+00   -1.6133202375e+01    1.2800000000e+02    7.9308220002e-03    6.2841796875e-01
       188   -7.4364970598e+00    5.5490925628e+01   -1.5506465533e+01    8.0699684732e+00    2.5279915014e+00   -1.8034457034e+01    1.2800000000e+02    8.2161979999e-03    6.3476562500e-01
       189   -7.4528042136e+00    5.5671754299e+01   -1.1478387753e+01    4.0255835392e+00    2.2558496834e+00   -1.3734237436e+01    1.2800000000e+02    7.9100359999e-03    6.7382812500e-01
       190   -7.2957734647e+00    5.3456776496e+01   -1.3408955834e+01    6.1131823691e+00    2.6276577433e+00   -1.6036613577e+01    1.2800000000e+02    8.3904039993e-03    6.2500000000e-01
       191   -7.6152857358e+00    5.8350569505e+01   -1.6395040258e+01    8.7797545224e+00    2.7384384706e+00   -1.9133478729e+01    1.2800000000e+02    7.8236600002e-03    6.3623046875e-01
       192   -7.4055835287e+00    5.5132048241e+01   -1.4837304793e+01    7.4317212647e+00    2.5843381442e+00   -1.7421642938e+01    1.2800000000e+02    7.8394590000e-03    6.3330078125e-01
       193   -7.5239656370e+00    5.6838704389e+01   -1.6947610240e+01    9.4236446029e+00    2.3234078283e+00   -1.9271018068e+01    1.2800000000e+02    7.7655720006e-03    6.4355468750e-01
       194   -7.5669112498e+00    5.7623840514e+01   -1.4394174169e+01    6.8272629191e+00    2.5203989497e+00   -1.6914573119e+01    1.2800000000e+02    7.7995279999e-03    6.4013671875e-01
       195   -7.5406843086e+00    5.7137883375e+01   -1.4385258035e+01    6.8445737263e+00    2.9287181966e+00   -1.7313976232e+01    1.2800000000e+02    7.8809329998e-03    6.1865234375e-01
       196   -7.3506461709e+00    5.4147887526e+01   -1.1555309750e+01    4.2046635790e+00    2.7047495540e+00   -1.4260059304e+01    1.2800000000e+02    7.8883320002e-03    6.5039062500e-01
       197   -7.4689801805e+00    5.6086033510e+01   -1.3777757931e+01    6.3087777509e+00    2.6141702151e+00   -1.6391928146e+01    1.2800000000e+02    8.1194490003e-03    6.3427734375e-01
       198   -7.4798413063e+00    5.6087192135e+01   -1.4284280791e+01    6.8044394849e+00    2.7315493462e+00   -1.7015830137e+01    1.2800000000e+02    7.9214750003e-03    6.6455078125e-01
       199   -7.4642570717e+00    5.5893455211e+01   -1.1569296052e+01    4.1050389798e+00    2.4492294028e+00   -1.4018525454e+01    1.2800000000e+02    8.1913980002e-03    6.7285156250e-01
       200   -7.4682706465e+00    5.5934674087e+01   -1.2901911277e+01    5.4336406301e+00    2.6392183920e+00   -1.5541129669e+01    1.2800000000e+02    8.4075369996e-03    6.1474609375e-01
       201   -7.4096967910e+00    5.5017244504e+01   -1.4827424088e+01    7.4177272972e+00    2.2165526869e+00   -1.7043976775e+01    1.2800000000e+02    7.8193649997e-03    6.3623046875e-01
       202   -7.6392275787e+00    5.8683678307e+01   -1.6305413715e+01    8.6661861367e+00    2.6604205637e+00   -1.8965834279e+01    1.2800000000e+02    7.8376889996e-03    6.4257812500e-01
       203   -7.4770281324e+00    5.6154191496e+01   -1.3643363798e+01    6.1663356652e+00    2.7935627868e+00   -1.6436926584e+01    1.2800000000e+02    7.9045630000e-03    6.5039062500e-01
       204   -7.5135816161e+00    5.6783715600e+01   -1.5102712349e+01    7.5891307330e+00    2.3748372232e+00   -1.7477549572e+01    1.2800000000e+02    7.7894409997e-03    6.4062500000e-01
       205   -7.6361972218e+00    5.8695654025e+01   -1.9420706855e+01    1.1784509633e+01    2.6993446877e+00   -2.2120051542e+01    1.2800000000e+02    7.7538790001e-03    6.2500000000e-01
       206   -7.5239719144e+00    5.6958754720e+01   -1.3971161090e+01    6.4471891754e+00    2.8255454956e+00   -1.6796706585e+01    1.2800000000e+02    7.8090360003e-03    6.3037109375e-01
       207   -7.3263884240e+00    5.3851930849e+01   -1.3799154008e+01    6.4727655838e+00    2.8982694417e+00   -1.6697423450e+01    1.2800000000e+02    7.9813140001e-03    6.3281250000e-01
       208   -7.3974067391e+00    5.4918765745e+01   -1.3667915066e+01    6.2705083266e+00    2.4178805801e+00   -1.6085795646e+01    1.2800000000e+02    7.8354080006e-03    6.4794921875e-01
       209   -7.2736677730e+00    5.3035909838e+01   -1.1068515848e+01    3.7948480752e+00    2.0949496993e+00   -1.3163465547e+01    1.2800000000e+02    8.4746539997e-03    6.5283203125e-01
       210   -7.4796770028e+00    5.6231386636e+01   -1.6863578354e+01    9.3839013508e+00    2.6946156352e+00   -1.9558193989e+01    1.2800000000e+02    7.9182050004e-03    6.4648437500e-01
       211   -7.3323248017e+00    5.3933495187e+01   -1.1042293821e+01    3.7099690195e+00    2.3699054543e+00   -1.3412199276e+01    1.2800000000e+02    7.8855000002e-03    6.5478515625e-01
       212   -7.3089595461e+00    5.3557488067e+01   -1.1483782890e+01    4.1748233442e+00    2.3237765656e+00   -1.3807559456e+01    1.2800000000e+02    8.4483379997e-03    6.5380859375e-01
       213   -7.4028638098e+00    5.4961801966e+01   -1.1901922088e+01    4.4990582782e+00    2.6239740808e+00   -1.4525896169e+01    1.2800000000e+02    8.6170620007e-03    6.4550781250e-01
       214   -7.4092301189e+00    5.5047718708e+01   -1.1528939913e+01    4.1197097941e+00    2.6680468863e+00   -1.4196986799e+01    1.2800000000e+02    8.0182140000e-03    6.5966796875e-01
       215   -7.4119991400e+00    5.5132965144e+01   -1.2977152330e+01    5.5651531895e+00    2.3427981827e+00   -1.5319950512e+01    1.2800000000e+02    7.9198310004e-03    6.5820312500e-01
       216   -7.5369451567e+00    5.7165336760e+01   -1.8849663055e+01    1.1312717899e+01    2.7264125254e+00   -2.1576075581e+01    1.2800000000e+02    8.1858000003e-03    6.3671875000e-01
       217   -7.5787898717e+00    5.7803570204e+01   -1.3866485670e+01    6.2876957979e+00    2.4091786200e+00   -1.6275664290e+01    1.2800000000e+02    7.8195229999e-03    6.5478515625e-01
       218   -7.2995961984e+00    5.3442576954e+01   -1.2672233919e+01    5.3726377207e+00    2.5356418206e+00   -1.5207875740e+01    1.2800000000e+02    7.9915369997e-03    6.5917968750e-01
       219   -7.4832320253e+00    5.6162330758e+01   -1.5859367869e+01    8.3761358442e+00    2.9049534133e+00   -1.8764321283e+01    1.2800000000e+02    7.8332160001e-03    6.3085937500e-01
       220   -7.4555494933e+00    5.5726435222e+01   -1.2678460763e+01    5.2229112699e+00    2.4892053299e+00   -1.5167666093e+01    1.2800000000e+02    8.1010650001e-03    6.5576171875e-01
       221   -7.5503171667e+00    5.7292350950e+01   -1.4545553968e+01    6.9952368009e+00    2.5517777214e+00   -1.7097331689e+01    1.2800000000e+02    7.7721470007e-03    6.3867187500e-01
       222   -7.3568152767e+00    5.4246853534e+01   -1.2582191275e+01    5.2253759978e+00    2.5154577147e+00   -1.5097648989e+01    1.2800000000e+02    8.1517550007e-03    6.4990234375e-01
       223   -7.5186293207e+00    5.6751024622e+01   -1.8722170588e+01    1.1203541267e+01    2.9700332443e+00   -2.1692203832e+01    1.2800000000e+02    7.8103179994e-03    6.2841796875e-01
       224   -7.5102809618e+00    5.6585528726e+01   -1.8640103889e+01    1.1129822927e+01    2.6956346504e+00   -2.1335738539e+01    1.2800000000e+02    7.8871520000e-03    6.1279296875e-01
       225   -7.4383278529e+00    5.5508139137e+01   -1.2776160012e+01    5.3378321587e+00    2.7364889811e+00   -1.5512648993e+01    1.2800000000e+02    7.8833320003e-03    6.4501953125e-01
       226   -7.5724798472e+00    5.7599940426e+01   -1.5345325843e+01    7.7728459960e+00    2.9077533951e+00   -1.8253079238e+01    1.2800000000e+02    8.3744369995e-03    6.3818359375e-01
       227   -7.5215823695e+00    5.6783635402e+01   -1.3613583087e+01    6.0920007175e+00    2.5367338207e+00   -1.6150316908e+01    1.2800000000e+02    7.9116569996e-03    6.4453125000e-01
       228   -7.3972832650e+00    5.5021133559e+01   -1.6470525357e+01    9.0732420923e+00    2.5809517028e+00   -1.9051477060e+01    1.2800000000e+02    7.8431219999e-03    6.2060546875e-01
       229   -7.5144443157e+00    5.6700443700e+01   -1.3152312966e+01    5.6378686498e+00    2.5618964652e+00   -1.5714209431e+01    1.2800000000e+02    7.8439940007e-03    6.4453125000e-01
       230   -7.3370145095e+00    5.3969913445e+01   -1.2629417410e+01    5.2924029006e+00    2.5525528875e+00   -1.5181970298e+01    1.2800000000e+02    7.9530329995e-03    6.3769531250e-01
       231   -7.3690464341e+00    5.4474286399e+01   -1.2199625641e+01    4.8305792067e+00    2.6340608157e+00   -1.4833686456e+01    1.2800000000e+02    7.8580380004e-03    6.4306640625e-01
       232   -7.5395266617e+00    5.7101033890e+01   -1.6384057276e+01    8.8445306142e+00    2.9927647933e+00   -1.9376822069e+01    1.2800000000e+02    8.0184520002e-03    6.4941406250e-01
       233   -7.5280686979e+00    5.6890705684e+01   -1.5525933489e+01    7.9978647907e+00    2.6421793262e+00   -1.8168112815e+01    1.2800000000e+02    8.1964719993e-03    6.3818359375e-01
       234   -7.4666331534e+00    5.6016218506e+01   -2.0650559935e+01    1.3183926782e+01    3.7072134967e+00   -2.4357773432e+01    1.2800000000e+02    7.9885140003e-03    6.1914062500e-01
       235   -7.3888368868e+00    5.4758470268e+01   -1.5693273887e+01    8.3044369998e+00    2.6903726944e+00   -1.8383646581e+01    1.2800000000e+02    8.0005600003e-03    6.4062500000e-01
       236   -7.6591066658e+00    5.9067455918e+01   -1.7712779993e+01    1.0053673328e+01    3.0454446515e+00   -2.0758224645e+01    1.2800000000e+02    7.7688789997e-03    6.1669921875e-01
       237   -7.6609373419e+00    5.9022860766e+01   -1.5732689625e+01    8.0717522827e+00    2.8431722586e+00   -1.8575861883e+01    1.2800000000e+02    7.9077070004e-03    6.3232421875e-01
       238   -7.5446473239e+00    5.7138498030e+01   -2.0127725692e+01    1.2583078368e+01    2.8836424128e+00   -2.3011368105e+01    1.2800000000e+02    8.3372620002e-03    6.0742187500e-01
       239   -7.6544426639e+00    5.8906807105e+01   -1.3941292471e+01    6.2868498067e+00    2.5041118111e+00   -1.6445404282e+01    1.2800000000e+02    7.9390829997e-03    6.3476562500e-01
       240   -7.4744351488e+00    5.6031142053e+01   -1.5246643082e+01    7.7722079335e+00    2.6603841744e+00   -1.7907027257e+01    1.2800000000e+02    7.7658949995e-03    6.1621093750e-01
       241   -7.3696552083e+00    5.4461281383e+01   -1.3344166035e+01    5.9745108266e+00    2.4386823344e+00   -1.5782848369e+01    1.2800000000e+02    8.2167909995e-03    6.4160156250e-01
       242   -7.5587254337e+00    5.7471203176e+01   -1.8361717866e+01    1.0802992433e+01    2.7539092819e+00   -2.1115627148e+01    1.2800000000e+02    7.7896230005e-03    6.1718750000e-01
       243   -7.4088538804e+00    5.5059719541e+01   -1.7708106297e+01    1.0299252417e+01    2.4717100496e+00   -2.0179816347e+01    1.2800000000e+02    7.9844060001e-03    6.5527343750e-01
       244   -7.6223838448e+00    5.8408448539e+01   -1.3683990192e+01    6.0616063468e+00    2.6550852563e+00   -1.6339075448e+01    1.2800000000e+02    7.9272849998e-03    6.4453125000e-01
       245   -7.5542067014e+00    5.7227881530e+01   -1.5782092049e+01    8.2278853477e+00    2.6947954515e+00   -1.8476887501e+01    1.2800000000e+02    7.9279430001e-03    6.2695312500e-01
       246   -7.6025541060e+00    5.8133640794e+01   -1.4497287335e+01    6.8947332291e+00    2.9943902070e+00   -1.7491677542e+01    1.2800000000e+02    7.8182970001e-03    6.2988281250e-01
       247   -7.4801429901e+00    5.6081442769e+01   -1.4630872822e+01    7.1507298317e+00    2.7915086360e+00   -1.7422381458e+01    1.2800000000e+02    8.0212969997e-03    6.4111328125e-01
       248   -7.8709363454e+00    6.2507720732e+01   -1.7908582763e+01    1.0037646418e+01    3.0517062005e+00   -2.0960288964e+01    1.2800000000e+02    7.8409719999e-03    6.2353515625e-01
       249   -7.4076796071e+00    5.5075500678e+01   -1.7112935930e+01    9.7052563228e+00    3.1318982864e+00   -2.0244834216e+01    1.2800000000e+02    8.0670930001e-03    6.3085937500e-01
       250   -7.5327349368e+00    5.7059780195e+01   -1.6495581181e+01    8.9628462446e+00    2.5447494513e+00   -1.9040330633e+01    1.2800000000e+02    7.9364339999e-03    6.4453125000e-01
       251   -7.4338476385e+00    5.5541139927e+01   -1.4966887067e+01    7.5330394285e+00    3.0070548305e+00   -1.7973941898e+01    1.2800000000e+02    8.3887299998e-03    6.3769531250e-01
       252   -7.4151237870e+00    5.5202032107e+01   -1.4637370085e+01    7.2222462979e+00    2.4025235853e+00   -1.7039893670e+01    1.2800000000e+02    7.9746940000e-03    6.5673828125e-01
       253   -7.4402069397e+00    5.5510553332e+01   -1.2423026846e+01    4.9828199063e+00    2.2778343017e+00   -1.4700861148e+01    1.2800000000e+02    7.8835320001e-03    6.5820312500e-01
       254   -7.5257386440e+00    5.6919066367e+01   -1.5172387856e+01    7.6466492119e+00    2.7205788303e+00   -1.7892966686e+01    1.2800000000e+02    7.7470130000e-03    6.1962890625e-01
       255   -7.4409917733e+00    5.5548656278e+01   -2.0520501778e+01    1.3079510005e+01    2.7701988492e+00   -2.3290700628e+01    1.2800000000e+02    8.4824020005e-03    6.2207031250e-01
       256   -7.5733410376e+00    5.7618069144e+01   -1.4084337119e+01    6.5109960812e+00    2.6863908523e+00   -1.6770727971e+01    1.2800000000e+02    8.3154439999e-03    6.3671875000e-01
       257   -7.4851454769e+00    5.6202402397e+01   -1.3956195542e+01    6.4710500648e+00    2.3401240367e+00   -1.6296319578e+01    1.2800000000e+02    7.9029239996e-03    6.5380859375e-01
       258   -7.5948557883e+00    5.7956079264e+01   -1.4856592799e+01    7.2617370106e+00    2.5512884253e+00   -1.7407881224e+01    1.2800000000e+02    8.1066809998e-03    6.3281250000e-01
       259   -7.3437280551e+00    5.4136124982e+01   -1.3643173546e+01    6.2994454908e+00    2.7053382247e+00   -1.6348511771e+01    1.2800000000e+02    8.3110219994e-03    6.3720703125e-01
       260   -7.5188724354e+00    5.6735011278e+01   -1.3027316476e+01    5.5084440411e+00    2.8244128512e+00   -1.5851729328e+01    1.2800000000e+02    8.2731450002e-03    6.2890625000e-01
       261   -7.3039536163e+00    5.3519624685e+01   -1.1407475008e+01    4.1035213914e+00    2.7615723624e+00   -1.4169047370e+01    1.2800000000e+02    8.2025780002e-03    6.4794921875e-01
       262   -7.6588363263e+00    5.8950331240e+01   -2.1317688183e+01    1.3658851857e+01    2.7192014669e+00   -2.4036889650e+01    1.2800000000e+02    8.1904359995e-03    6.2500000000e-01
       263   -7.4800638446e+00    5.6133746400e+01   -1.2149967801e+01    4.6699039563e+00    2.3997114822e+00   -1.4549679283e+01    1.2800000000e+02    8.8669480001e-03    6.6650390625e-01
       264   -7.5451121924e+00    5.7067466683e+01   -1.7631611496e+01    1.0086499304e+01    2.5476560507e+00   -2.0179267547e+01    1.2800000000e+02    8.2894399993e-03    6.5917968750e-01
       265   -7.4012688188e+00    5.5045400669e+01   -1.5716244568e+01    8.3149757492e+00    2.6424919569e+00   -1.8358736525e+01    1.2800000000e+02    7.7252210003e-03    6.2744140625e-01
       266   -7.2955423536e+00    5.3403156424e+01   -1.2866049908e+01    5.5705075546e+00    2.5940274206e+00   -1.5460077329e+01    1.2800000000e+02    8.5885459994e-03    6.5478515625e-01
       267   -7.5460264879e+00    5.7182452572e+01   -1.4572460787e+01    7.0264342987e+00    2.8804007605e+00   -1.7452861547e+01    1.2800000000e+02    8.0816809996e-03    6.3037109375e-01
       268   -7.4855416356e+00    5.6381261643e+01   -1.5714864747e+01    8.2293231109e+00    2.5115077292e+00   -1.8226372476e+01    1.2800000000e+02    8.1284399994e-03    6.3964843750e-01
       269   -7.3804949468e+00    5.4589366095e+01   -1.1390352857e+01    4.0098579103e+00    2.7266881610e+00   -1.4117041018e+01    1.2800000000e+02    7.9102939999e-03    6.5332031250e-01
       270   -7.5068357458e+00    5.6553890486e+01   -1.5603382929e+01    8.0965471827e+00    2.5054037539e+00   -1.8108786683e+01    1.2800000000e+02    8.8163970004e-03    6.4208984375e-01
       271   -7.5255059468e+00    5.6892398498e+01   -1.3068974079e+01    5.5434681324e+00    2.4109065661e+00   -1.5479880645e+01    1.2800000000e+02    7.9830570003e-03    6.3818359375e-01
       272   -7.4727976680e+00    5.6082881477e+01   -1.4205650454e+01    6.7328527859e+00    2.5585091082e+00   -1.6764159562e+01    1.2800000000e+02    8.5837490005e-03    6.6210937500e-01
       273   -7.3459014056e+00    5.4063848033e+01   -1.3119995932e+01    5.7740945264e+00    2.7531359368e+00   -1.5873131869e+01    1.2800000000e+02    8.0112740006e-03    6.3232421875e-01
       274   -7.4218980760e+00    5.5271822761e+01   -1.2777512642e+01    5.3556145658e+00    2.6690021163e+00   -1.5446514758e+01    1.2800000000e+02    8.6149749995e-03    6.3818359375e-01
       275   -7.3720819497e+00    5.4499406457e+01   -1.1703304837e+01    4.3312228872e+00    2.5274971684e+00   -1.4230802005e+01    1.2800000000e+02    8.1140269995e-03    6.3378906250e-01
       276   -7.3904276929e+00    5.4843048446e+01   -1.4030480372e+01    6.6400526796e+00    2.7373971100e+00   -1.6767877483e+01    1.2800000000e+02    1.1385886000e-02    6.3232421875e-01
       277   -7.3117546470e+00    5.3638614389e+01   -1.2285561100e+01    4.9738064527e+00    2.3234330396e+00   -1.4608994139e+01    1.2800000000e+02    1.1695699000e-02    6.4404296875e-01
       278   -7.3835693862e+00    5.4753078048e+01   -1.3653776762e+01    6.2702073756e+00    2.3975981749e+00   -1.6051374937e+01    1.2800000000e+02    8.2607169998e-03    6.4501953125e-01
       279   -7.5299625268e+00    5.6890813109e+01   -1.8171032380e+01    1.0641069853e+01    2.9213323418e+00   -2.1092364721e+01    1.2800000000e+02    1.0155172000e-02    6.3623046875e-01
       280   -7.6882671468e+00    5.9648422537e+01   -1.9711892427e+01    1.2023625280e+01    3.1133284978e+00   -2.2825220925e+01    1.2800000000e+02    8.0217350005e-03    6.0498046875e-01
       281   -7.5962529034e+00    5.7937018614e+01   -1.6598959403e+01    9.0027065000e+00    2.8561680959e+00   -1.9455127499e+01    1.2800000000e+02    8.2077520001e-03    6.2011718750e-01
       282   -7.3685484300e+00    5.4555530779e+01   -1.4363005920e+01    6.9944574899e+00    2.3712311671e+00   -1.6734237087e+01    1.2800000000e+02    8.1170470003e-03    6.6308593750e-01
       283   -7.3174926351e+00    5.3634611432e+01   -1.0244674961e+01    2.9271823260e+00    2.2363506033e+00   -1.2481025564e+01    1.2800000000e+02    8.5192790002e-03    6.7968750000e-01
       284   -7.4815406143e+00    5.6229001150e+01   -1.3541136568e+01    6.0595959534e+00    2.6891234009e+00   -1.6230259969e+01    1.2800000000e+02    8.1685269997e-03    6.5136718750e-01
       285   -7.4707455938e+00    5.6179093137e+01   -1.4757942952e+01    7.2871973580e+00    2.5121766257e+00   -1.7270119577e+01    1.2800000000e+02    8.1810110005e-03    6.3720703125e-01
       286   -7.4198808220e+00    5.5237613196e+01   -1.4888364185e+01    7.4684833626e+00    2.9150015689e+00   -1.7803365753e+01    1.2800000000e+02    8.0495749999e-03    6.2304687500e-01
       287   -7.4220479817e+00    5.5274845806e+01   -1.1466581355e+01    4.0445333736e+00    2.4516160405e+00   -1.3918197396e+01    1.2800000000e+02    8.5822989995e-03    6.3427734375e-01
       288   -7.3989734743e+00    5.4978651242e+01   -1.5041220829e+01    7.6422473543e+00    2.6774506481e+00   -1.7718671477e+01    1.2800000000e+02    7.7403469995e-03    6.2744140625e-01
       289   -7.4133924932e+00    5.5075936990e+01   -1.2374521162e+01    4.9611286689e+00    2.4919746100e+00   -1.4866495772e+01    1.2800000000e+02    8.4234540000e-03    6.2353515625e-01
       290   -7.5091303278e+00    5.6724796709e+01   -1.4460308130e+01    6.9511778025e+00    2.4540349431e+00   -1.6914343073e+01    1.2800000000e+02    7.8977649991e-03    6.4599609375e-01
       291   -7.5370365158e+00    5.7112160213e+01   -1.4181169889e+01    6.6441333729e+00    2.6532527618e+00   -1.6834422651e+01    1.2800000000e+02    8.3084369999e-03    6.3037109375e-01
       292   -7.5238403516e+00    5.6935330658e+01   -1.4911887487e+01    7.3880471350e+00    2.8311108363e+00   -1.7742998323e+01    1.2800000000e+02    7.7816359999e-03    6.2548828125e-01
       293   -7.5009127289e+00    5.6518651220e+01   -1.3638214200e+01    6.1373014715e+00    2.9057412919e+00   -1.6543955492e+01    1.2800000000e+02    8.2729500000e-03    6.1425781250e-01
       294   -7.4263547795e+00    5.5354467655e+01   -1.4666110198e+01    7.2397554181e+00    3.1746991127e+00   -1.7840809310e+01    1.2800000000e+02    7.8844899999e-03    6.3134765625e-01
       295   -7.4616840456e+00    5.5867523023e+01   -1.1823055449e+01    4.3613714031e+00    2.5872085821e+00   -1.4410264031e+01    1.2800000000e+02    8.6936870002e-03    6.4501953125e-01
       296   -7.6720024570e+00    5.9187384162e+01   -1.6847356423e+01    9.1753539658e+00    2.7512488199e+00   -1.9598605243e+01    1.2800000000e+02    7.7741149998e-03    6.3427734375e-01
       297   -7.3847594631e+00    5.4767499311e+01   -1.1456033685e+01    4.0712742214e+00    2.4795678550e+00   -1.3935601540e+01    1.2800000000e+02    8.4382770001e-03    6.6748046875e-01
       298   -7.5977175759e+00    5.8091779747e+01   -1.5126013534e+01    7.5282959581e+00    2.4350692913e+00   -1.7561082825e+01    1.2800000000e+02    8.0481060004e-03    6.5185546875e-01
       299   -7.4347090575e+00    5.5476784816e+01   -1.2670079296e+01    5.2353702385e+00    2.6662686651e+00   -1.5336347961e+01    1.2800000000e+02    9.9982850006e-03    6.4355468750e-01
       300   -7.4119486840e+00    5.5057876692e+01   -1.4020841298e+01    6.6088926145e+00    2.5863740557e+00   -1.6607215354e+01    1.2800000000e+02    8.0840269993e-03    6.5380859375e-01
       301   -7.3847686644e+00    5.4678556251e+01   -1.3645974638e+01    6.2612059737e+00    2.4162506229e+00   -1.6062225261e+01    1.2800000000e+02    8.1236799997e-03    6.5429687500e-01
       302   -7.4370529233e+00    5.5467617058e+01   -1.1154521570e+01    3.7174686463e+00    2.3409096292e+00   -1.3495431199e+01    1.2800000000e+02    7.8830209995e-03    6.6796875000e-01
       303   -7.4555230456e+00    5.5832492124e+01   -1.3553538600e+01    6.0980155543e+00    2.5665991725e+00   -1.6120137772e+01    1.2800000000e+02    7.8872239992e-03    6.4648437500e-01
       304   -7.4507028291e+00    5.5671213812e+01   -1.3179736166e+01    5.7290333370e+00    2.4582393297e+00   -1.5637975496e+01    1.2800000000e+02    7.8390019999e-03    6.5039062500e-01
       305   -7.5900896233e+00    5.7916597261e+01   -1.5021138902e+01    7.4310492789e+00    2.9451082156e+00   -1.7966247118e+01    1.2800000000e+02    7.8256119996e-03    6.1669921875e-01
       306   -7.3815498191e+00    5.4710100353e+01   -1.2924569184e+01    5.5430193651e+00    2.8098439541e+00   -1.5734413138e+01    1.2800000000e+02    8.0446790007e-03    6.3720703125e-01
       307   -7.5226366575e+00    5.6974023595e+01   -1.4580026304e+01    7.0573896461e+00    2.8166944254e+00   -1.7396720729e+01    1.2800000000e+02    7.8587019998e-03    6.3671875000e-01
       308   -7.3638237761e+00    5.4344388681e+01   -1.1549063877e+01    4.1852401009e+00    2.7506511687e+00   -1.4299715046e+01    1.2800000000e+02    8.0929579999e-03    6.5429687500e-01
       309   -7.5913981624e+00    5.7921497215e+01   -2.0732218531e+01    1.3140820369e+01    3.0378391413e+00   -2.3770057672e+01    1.2800000000e+02    7.9154019995e-03    6.3427734375e-01
       310   -7.5492682338e+00    5.7353026177e+01   -1.5991840742e+01    8.4425725082e+00    2.8296937037e+00   -1.8821534446e+01    1.2800000000e+02    7.8359909994e-03    6.3525390625e-01
       311   -7.3427242735e+00    5.4134893258e+01   -1.6964327231e+01    9.6216029570e+00    2.7996857939e+00   -1.9764013024e+01    1.2800000000e+02    7.8090409997e-03    6.2207031250e-01
       312   -7.5496245978e+00    5.7298276865e+01   -1.5000383409e+01    7.4507588114e+00    2.7499485187e+00   -1.7750331928e+01    1.2800000000e+02    8.4563709997e-03    6.3330078125e-01
       313   -7.4421800536e+00    5.5645049441e+01   -1.3958719649e+01    6.5165395950e+00    3.0249651438e+00   -1.6983684792e+01    1.2800000000e+02    7.8388519996e-03    6.2451171875e-01
       314   -7.5222446714e+00    5.6858159906e+01   -1.3410202469e+01    5.8879577979e+00    2.3622440000e+00   -1.5772446469e+01    1.2800000000e+02    8.1661309996e-03    6.2988281250e-01
       315   -7.4786731733e+00    5.6105700170e+01   -1.4254446489e+01    6.7757733155e+00    2.5503697398e+00   -1.6804816229e+01    1.2800000000e+02    7.9521570005e-03    6.6113281250e-01
       316   -7.4233923141e+00    5.5344511934e+01   -1.4312354168e+01    6.8889618543e+00    2.2334258180e+00   -1.6545779986e+01    1.2800000000e+02    8.0359329995e-03    6.6943359375e-01
       317   -7.4608873206e+00    5.5869846881e+01   -1.4342794878e+01    6.8819075578e+00    2.2806594533e+00   -1.6623454332e+01    1.2800000000e+02    7.9081470003e-03    6.5771484375e-01
       318   -7.3723016559e+00    5.4533593704e+01   -1.4313358768e+01    6.9410571120e+00    2.5537127540e+00   -1.6867071522e+01    1.2800000000e+02    7.8504190005e-03    6.4550781250e-01
       319   -7.5696217104e+00    5.7504758916e+01   -2.4517359599e+01    1.6947737889e+01    2.9613301018e+00   -2.7478689701e+01    1.2800000000e+02    8.5165920000e-03    6.2255859375e-01
       320   -7.4563360592e+00    5.5820231514e+01   -1.4741206588e+01    7.2848705291e+00    3.1171861999e+00   -1.7858392788e+01    1.2800000000e+02    1.5676188999e-02    6.2988281250e-01
       321   -7.5340948324e+00    5.6934091209e+01   -1.2190071397e+01    4.6559765648e+00    2.5982703382e+00   -1.4788341735e+01    1.2800000000e+02    1.0256766999e-02    6.6503906250e-01
       322   -7.4797664594e+00    5.6235385233e+01   -1.5565638841e+01    8.0858723811e+00    2.4120204372e+00   -1.7977659278e+01    1.2800000000e+02    7.9213969993e-03    6.4941406250e-01
       323   -7.5176425545e+00    5.6727713030e+01   -1.3353722212e+01    5.8360796572e+00    2.4035774723e+00   -1.5757299684e+01    1.2800000000e+02    8.8411329998e-03    6.5771484375e-01
       324   -7.3918903107e+00    5.4782819345e+01   -1.2499185155e+01    5.1072948441e+00    2.4392090989e+00   -1.4938394254e+01    1.2800000000e+02    7.9105960003e-03    6.5869140625e-01
       325   -7.6774011810e+00    5.9247184971e+01   -1.4981523157e+01    7.3041219759e+00    2.8502896710e+00   -1.7831812828e+01    1.2800000000e+02    7.9117840005e-03    6.4013671875e-01
       326   -7.6533631082e+00    5.8994714670e+01   -1.6270176530e+01    8.6168134215e+00    2.7692554569e+00   -1.9039431987e+01    1.2800000000e+02    8.0510079997e-03    6.3378906250e-01
       327   -7.4272411046e+00    5.5408590046e+01   -1.2469803462e+01    5.0425623574e+00    2.3772606862e+00   -1.4847064148e+01    1.2800000000e+02    8.4664399992e-03    6.5820312500e-01
       328   -7.6244515724e+00    5.8421812657e+01   -1.3228696613e+01    5.6042450404e+00    2.3484391696e+00   -1.5577135782e+01    1.2800000000e+02    8.7238070000e-03    6.5332031250e-01
       329   -7.4236108682e+00    5.5321484107e+01   -1.2201241169e+01    4.7776303004e+00    2.6219561982e+00   -1.4823197367e+01    1.2800000000e+02    7.9923840003e-03    6.5673828125e-01
       330   -7.5831268297e+00    5.7767605934e+01   -2.1903863437e+01    1.4320736607e+01    2.8039182199e+00   -2.4707781657e+01    1.2800000000e+02    8.1258460004e-03    6.4990234375e-01
       331   -7.2934874612e+00    5.3353411960e+01   -1.2738211352e+01    5.4447238910e+00    2.5733109330e+00   -1.5311522285e+01    1.2800000000e+02    8.3211270003e-03    6.4306640625e-01
       332   -7.3282250959e+00    5.3965171112e+01   -2.1947187321e+01    1.4618962225e+01    3.0195347123e+00   -2.4966722033e+01    1.2800000000e+02    8.8353749998e-03    6.2402343750e-01
       333   -7.5348979532e+00    5.7070320701e+01   -1.6697389837e+01    9.1624918834e+00    2.2895132309e+00   -1.8986903067e+01    1.2800000000e+02    7.8658130005e-03    6.4941406250e-01
       334   -7.5532521197e+00    5.7323308931e+01   -1.4799665887e+01    7.2464137676e+00    2.9079631363e+00   -1.7707629024e+01    1.2800000000e+02    9.1933489994e-03    6.3525390625e-01
       335   -7.4133127056e+00    5.5163275927e+01   -1.2841177536e+01    5.4278648303e+00    2.5825539134e+00   -1.5423731449e+01    1.2800000000e+02    1.6621575000e-02    6.4257812500e-01
       336   -7.4034168439e+00    5.5045277635e+01   -1.2619040400e+01    5.2156235561e+00    2.4357090173e+00   -1.5054749417e+01    1.2800000000e+02    1.1179862000e-02    6.3427734375e-01
       337   -7.3375430038e+00    5.3942291870e+01   -1.2005907968e+01    4.6683649645e+00    2.6112919926e+00   -1.4617199961e+01    1.2800000000e+02    8.0064439999e-03    6.6015625000e-01
       338   -7.5046217706e+00    5.6658001359e+01   -1.4413603146e+01    6.9089813750e+00    2.7044301935e+00   -1.7118033339e+01    1.2800000000e+02    8.9474020006e-03    6.3281250000e-01
       339   -7.3635572479e+00    5.4434923498e+01   -1.3706258195e+01    6.3427009472e+00    2.5251073686e+00   -1.6231365564e+01    1.2800000000e+02    8.6092709998e-03    6.2988281250e-01
       340   -7.2833454657e+00    5.3178306060e+01   -1.2500569014e+01    5.2172235484e+00    2.4363459479e+00   -1.4936914962e+01    1.2800000000e+02    8.0010390002e-03    6.4550781250e-01
       341   -7.4578502053e+00    5.5802157399e+01   -1.1838497910e+01    4.3806477051e+00    2.4364896188e+00   -1.4274987529e+01    1.2800000000e+02    8.6059539999e-03    6.5136718750e-01
       342   -7.6184620765e+00    5.8376035722e+01   -1.4471272687e+01    6.8528106105e+00    2.5457587148e+00   -1.7017031402e+01    1.2800000000e+02    8.9484289992e-03    6.3574218750e-01
       343   -7.5565862077e+00    5.7465771165e+01   -1.8161601928e+01    1.0605015720e+01    2.7014980226e+00   -2.0863099951e+01    1.2800000000e+02    8.0483640004e-03    6.4062500000e-01
       344   -7.6218372781e+00    5.8413113302e+01   -1.8752165622e+01    1.1130328344e+01    2.6221186456e+00   -2.1374284267e+01    1.2800000000e+02    9.6081730007e-03    6.3476562500e-01
       345   -7.5583224917e+00    5.7309254658e+01   -1.4428188054e+01    6.8698655626e+00    2.8094085674e+00   -1.7237596622e+01    1.2800000000e+02    1.3494897999e-02    6.3769531250e-01
       346   -7.4946370744e+00    5.6485089641e+01   -1.4920024417e+01    7.4253873424e+00    2.8025283607e+00   -1.7722552778e+01    1.2800000000e+02    8.4479790003e-03    6.2207031250e-01
       347   -7.4408402363e+00    5.5558110884e+01   -1.3110974767e+01    5.6701345309e+00    2.7397786293e+00   -1.5850753397e+01    1.2800000000e+02    1.0000028999e-02    6.4746093750e-01
       348   -7.4863296006e+00    5.6315745312e+01   -1.5054707084e+01    7.5683774830e+00    2.7163734768e+00   -1.7771080560e+01    1.2800000000e+02    7.8918859999e-03    6.3378906250e-01
       349   -7.5516403294e+00    5.7195192976e+01   -1.3871988259e+01    6.3203479294e+00    2.5330400788e+00   -1.6405028337e+01    1.2800000000e+02    8.8007570002e-03    6.5625000000e-01
       350   -7.4030595390e+00    5.4929042414e+01   -1.1451446994e+01    4.0483874550e+00    2.4524925577e+00   -1.3903939552e+01    1.2800000000e+02    8.1623379992e-03    6.4990234375e-01
       351   -7.5694950184e+00    5.7514646547e+01   -1.5783931334e+01    8.2144363153e+00    2.4678203385e+00   -1.8251751672e+01    1.2800000000e+02    8.2377650006e-03    6.4550781250e-01
       352   -7.5768080661e+00    5.7727601533e+01   -1.6887776079e+01    9.3109680131e+00    2.5589587033e+00   -1.9446734783e+01    1.2800000000e+02    8.6495100004e-03    6.3378906250e-01
       353   -7.4401658342e+00    5.5480593450e+01   -1.3537254185e+01    6.0970883509e+00    2.7710619754e+00   -1.6308316160e+01    1.2800000000e+02    8.2359770004e-03    6.4160156250e-01
       354   -7.4971489584e+00    5.6371287071e+01   -1.5142377041e+01    7.6452280830e+00    2.8054340808e+00   -1.7947811122e+01    1.2800000000e+02    8.6894850001e-03    6.3525390625e-01
       355   -7.4721956878e+00    5.6076146302e+01   -1.4703362007e+01    7.2311663191e+00    2.5031486595e+00   -1.7206510666e+01    1.2800000000e+02    8.2226989998e-03    6.3037109375e-01
       356   -7.3176079524e+00    5.3691310989e+01   -1.2109420308e+01    4.7918123556e+00    3.2188736923e+00   -1.5328294000e+01    1.2800000000e+02    8.1086999999e-03    6.3134765625e-01
       357   -7.4865367644e+00    5.6217693143e+01   -1.4240642645e+01    6.7541058806e+00    2.4014837143e+00   -1.6642126359e+01    1.2800000000e+02    8.3312880006e-03    6.4843750000e-01
       358   -7.5858956187e+00    5.7926388608e+01   -1.3245749119e+01    5.6598535007e+00    2.9966947148e+00   -1.6242443834e+01    1.2800000000e+02    7.8464990002e-03    6.4892578125e-01
       359   -7.4859279759e+00    5.6295360953e+01   -1.4177120741e+01    6.6911927651e+00    2.7114713467e+00   -1.6888592088e+01    1.2800000000e+02    8.2187919998e-03    6.3574218750e-01
       360   -7.5060748064e+00    5.6547721086e+01   -1.4831862284e+01    7.3257874772e+00    2.5821483568e+00   -1.7414010640e+01    1.2800000000e+02    7.8887500003e-03    6.3818359375e-01
       361   -7.5900338379e+00    5.8089921036e+01   -1.4981269898e+01    7.3912360599e+00    2.9859306255e+00   -1.7967200523e+01    1.2800000000e+02    7.7955060005e-03    6.1718750000e-01
       362   -7.5029406377e+00    5.6504446520e+01   -1.2175206084e+01    4.6722654461e+00    2.7945913858e+00   -1.4969797470e+01    1.2800000000e+02    8.1782590005e-03    6.5673828125e-01
       363   -7.4047054815e+00    5.4970323627e+01   -1.3132648562e+01    5.7279430805e+00    2.5210862419e+00   -1.5653734804e+01    1.2800000000e+02    8.1984819999e-03    6.4892578125e-01
       364   -7.3925338396e+00    5.4822736914e+01   -1.5291903436e+01    7.8993695959e+00    2.5074801123e+00   -1.7799383548e+01    1.2800000000e+02    7.7740100005e-03    6.0888671875e-01
       365   -7.5701195883e+00    5.7595466881e+01   -2.2328072349e+01    1.4757952761e+01    2.7726038773e+00   -2.5100676226e+01    1.2800000000e+02    8.1240900008e-03    6.1962890625e-01
       366   -7.4327589613e+00    5.5417280010e+01   -1.0701591805e+01    3.2688328435e+00    2.3467172002e+00   -1.3048309005e+01    1.2800000000e+02    8.1066049997e-03    6.7382812500e-01
       367   -7.5702865821e+00    5.7529203312e+01   -1.2359698906e+01    4.7894123239e+00    2.5063976178e+00   -1.4866096524e+01    1.2800000000e+02    8.0302679999e-03    6.5332031250e-01
       368   -7.3261049219e+00    5.3816585507e+01   -1.2177914376e+01    4.8518094541e+00    2.5690011467e+00   -1.4746915523e+01    1.2800000000e+02    7.9375760006e-03    6.4746093750e-01
       369   -7.5432895708e+00    5.7194672388e+01   -2.0022703629e+01    1.2479414058e+01    2.4555726311e+00   -2.2478276260e+01    1.2800000000e+02    8.0084780002e-03    6.3867187500e-01
       370   -7.5994855371e+00    5.7979610158e+01   -3.8314935629e+01    3.0715450091e+01    2.7853095923e+00   -4.1100245221e+01    1.2800000000e+02    8.1538790000e-03    6.2109375000e-01
       371   -7.7038351627e+00    5.9614856937e+01   -1.4499066956e+01    6.7952317931e+00    2.7955819540e+00   -1.7294648910e+01    1.2800000000e+02    7.8646120000e-03    6.2500000000e-01
       372   -7.3503097513e+00    5.4155766476e+01   -1.2010157795e+01    4.6598480436e+00    2.2493613761e+00   -1.4259519171e+01    1.2800000000e+02    7.9038599997e-03    6.4599609375e-01
       373   -7.4682625800e+00    5.6033876898e+01   -1.3478867125e+01    6.0106045454e+00    2.5284236186e+00   -1.6007290744e+01    1.2800000000e+02    7.7861700001e-03    6.4013671875e-01
       374   -7.4591939313e+00    5.5824150652e+01   -1.4455513075e+01    6.9963191440e+00    2.9086708424e+00   -1.7364183918e+01    1.2800000000e+02    7.8949139997e-03    6.2060546875e-01
       375   -7.3576093115e+00    5.4325036819e+01   -1.7568638279e+01    1.0211028968e+01    2.6822713865e+00   -2.0250909666e+01    1.2800000000e+02    7.9547070009e-03    6.3281250000e-01
       376   -7.4116960494e+00    5.5050179209e+01   -1.3045962112e+01    5.6342660631e+00    2.5298593400e+00   -1.5575821452e+01    1.2800000000e+02    7.9228830000e-03    6.3769531250e-01
       377   -7.4139797171e+00    5.5199993211e+01   -1.4439652071e+01    7.0256723541e+00    2.4875819806e+00   -1.6927234052e+01    1.2800000000e+02    8.2723599999e-03    6.4111328125e-01
       378   -7.5805391169e+00    5.7708970815e+01   -1.6929834188e+01    9.3492950710e+00    2.8391348472e+00   -1.9768969035e+01    1.2800000000e+02    7.9997120001e-03    6.4599609375e-01
       379   -7.4701689997e+00    5.5987938067e+01   -1.3738437587e+01    6.2682685870e+00    2.4680279694e+00   -1.6206465556e+01    1.2800000000e+02    7.9374880006e-03    6.3525390625e-01
       380   -7.4584751382e+00    5.5755785435e+01   -1.2650550551e+01    5.1920754127e+00    2.6520085252e+00   -1.5302559076e+01    1.2800000000e+02    7.9384990004e-03    6.3867187500e-01
       381   -7.4390884352e+00    5.5562062517e+01   -1.4633002259e+01    7.1939138241e+00    2.7743047486e+00   -1.7407307008e+01    1.2800000000e+02    7.9150270003e-03    6.2988281250e-01
       382   -7.6502961280e+00    5.8880520189e+01   -1.7644972319e+01    9.9946761914e+00    3.2652677793e+00   -2.0910240099e+01    1.2800000000e+02    8.0233290000e-03    6.0693359375e-01
       383   -7.4994583619e+00    5.6436581854e+01   -1.9575831536e+01    1.2076373174e+01    2.4590121313e+00   -2.2034843667e+01    1.2800000000e+02    7.8836499997e-03    6.4843750000e-01
       384   -7.5983528068e+00    5.8034652456e+01   -1.4762842210e+01    7.1644894029e+00    2.2692550132e+00   -1.7032097223e+01    1.2800000000e+02    8.0822219998e-03    6.5136718750e-01
       385   -7.4796318348e+00    5.6115154912e+01   -1.2903256920e+01    5.4236250852e+00    2.6848030829e+00   -1.5588060003e+01    1.2800000000e+02    9.3296569994e-03    6.4648437500e-01
       386   -7.4137214626e+00    5.5097139953e+01   -1.1604883043e+01    4.1911615806e+00    2.5453523499e+00   -1.4150235393e+01    1.2800000000e+02    8.2177680006e-03    6.5332031250e-01
       387   -7.5767554633e+00    5.7623240613e+01   -2.0493825663e+01    1.2917070199e+01    3.3144153963e+00   -2.3808241059e+01    1.2800000000e+02    8.5229819997e-03    5.9667968750e-01
       388   -7.6564072539e+00    5.8886063902e+01   -1.6890460051e+01    9.2340527969e+00    2.5723683125e+00   -1.9462828363e+01    1.2800000000e+02    8.3921659998e-03    6.2451171875e-01
       389   -7.5010001245e+00    5.6409248370e+01   -1.4278482893e+01    6.7774827685e+00    4.6917101410e+00   -1.8970193034e+01    1.2800000000e+02    7.9943150004e-03    6.3916015625e-01
       390   -7.5526098012e+00    5.7325783719e+01   -1.2432861979e+01    4.8802521779e+00    2.6737582548e+00   -1.5106620234e+01    1.2800000000e+02    8.1802600007e-03    6.4013671875e-01
       391   -7.4202444593e+00    5.5231974238e+01   -1.3321481523e+01    5.9012370638e+00    2.5707274098e+00   -1.5892208933e+01    1.2800000000e+02    7.8952590002e-03    6.4453125000e-01
       392   -7.3523086573e+00    5.4168773947e+01   -1.3234106064e+01    5.8817974070e+00    2.6869666422e+00   -1.5921072706e+01    1.2800000000e+02    1.0035269000e-02    6.4404296875e-01
       393   -7.4669552095e+00    5.5971987834e+01   -1.3128820048e+01    5.6618648386e+00    2.8474435604e+00   -1.5976263609e+01    1.2800000000e+02    1.4958334000e-02    6.3085937500e-01
       394   -7.3288875171e+00    5.3865621777e+01   -1.2983182186e+01    5.6542946690e+00    2.8394821460e+00   -1.5822664332e+01    1.2800000000e+02    1.0196094000e-02    6.3232421875e-01
       395   -7.4731437455e+00    5.6089620578e+01   -1.4721045039e+01    7.2479012940e+00    2.7818243712e+00   -1.7502869411e+01    1.2800000000e+02    8.7262440002e-03    6.3427734375e-01
       396   -7.4681169278e+00    5.5922394359e+01   -1.4874203073e+01    7.4060861457e+00    2.5384692005e+00   -1.7412672274e+01    1.2800000000e+02    7.9967380007e-03    6.5673828125e-01
       397   -7.4375680406e+00    5.5553451340e+01   -2.3113491528e+01    1.5675923487e+01    2.9208466343e+00   -2.6034338162e+01    1.2800000000e+02    7.8934470002e-03    6.2255859375e-01
       398   -7.4441887503e+00    5.5628980490e+01   -1.3296666091e+01    5.8524773405e+00    2.4031328416e+00   -1.5699798932e+01    1.2800000000e+02    8.0385759993e-03    6.5820312500e-01
       399   -7.4676299271e+00    5.6059339744e+01   -1.2221797280e+01    4.7541673531e+00    2.8993696592e+00   -1.5121166939e+01    1.2800000000e+02    8.0875670001e-03    6.6992187500e-01
       400   -7.5613598974e+00    5.7419649614e+01   -1.7135917569e+01    9.5745576715e+00    2.9737600037e+00   -2.0109677573e+01    1.2800000000e+02    7.8569609996e-03    6.0888671875e-01
       401   -7.4262608073e+00    5.5292220323e+01   -1.3069541578e+01    5.6432807712e+00    2.5410248002e+00   -1.5610566379e+01    1.2800000000e+02    8.4457350004e-03    6.6015625000e-01
       402   -7.4760765173e+00    5.6268489060e+01   -1.4726513284e+01    7.2504367669e+00    2.9463145040e+00   -1.7672827788e+01    1.2800000000e+02    7.7451449997e-03    6.1425781250e-01
       403   -7.3620046882e+00    5.4322594511e+01   -1.2745414365e+01    5.3834096765e+00    2.6447830710e+00   -1.5390197436e+01    1.2800000000e+02    7.7787249993e-03    6.3427734375e-01
       404   -7.3294614485e+00    5.3843937464e+01   -1.0665776265e+01    3.3363148167e+00    2.4219578041e+00   -1.3087734069e+01    1.2800000000e+02    7.9836900004e-03    6.7822265625e-01
       405   -7.5309166392e+00    5.6909121951e+01   -1.4151903056e+01    6.6209864165e+00    2.6186121515e+00   -1.6770515207e+01    1.2800000000e+02    7.8742810001e-03    6.3867187500e-01
       406   -7.5341956926e+00    5.7049203583e+01   -1.3832933913e+01    6.2987382205e+00    2.4678132411e+00   -1.6300747154e+01    1.2800000000e+02    1.1365195000e-02    6.3720703125e-01
       407   -7.7392706128e+00    6.0284703046e+01   -1.5453380134e+01    7.7141095216e+00    2.5920479308e+00   -1.8045428065e+01    1.2800000000e+02    8.3019890008e-03    6.4013671875e-01
       408   -7.6911705684e+00    5.9560270435e+01   -1.6088228133e+01    8.3970575644e+00    2.5084054698e+00   -1.8596633603e+01    1.2800000000e+02    8.0009769999e-03    6.4648437500e-01
       409   -7.5033783873e+00    5.6603333158e+01   -1.4162181742e+01    6.6588033546e+00    2.8368830886e+00   -1.6999064830e+01    1.2800000000e+02    7.9561030007e-03    6.4599609375e-01
       410   -7.5155151976e+00    5.6656245356e+01   -2.5684645318e+01    1.8169130120e+01    2.6608222195e+00   -2.8345467537e+01    1.2800000000e+02    7.9536509993e-03    6.6064453125e-01
       411   -7.5230502833e+00    5.6797807822e+01   -1.3361703296e+01    5.8386530127e+00    2.5799521756e+00   -1.5941655472e+01    1.2800000000e+02    7.8770359996e-03    6.4697265625e-01
       412   -7.4391424628e+00    5.5502362879e+01   -1.4111146923e+01    6.6720044605e+00    2.4751156350e+00   -1.6586262558e+01    1.2800000000e+02    7.7901850000e-03    6.4843750000e-01
       413   -7.4077881128e+00    5.5092979694e+01   -1.3136190769e+01    5.7284026566e+00    2.5660296285e+00   -1.5702220398e+01    1.2800000000e+02    7.9981230001e-03    6.4355468750e-01
       414   -7.4335071472e+00    5.5445624718e+01   -1.1639497780e+01    4.2059906327e+00    2.6506555452e+00   -1.4290153325e+01    1.2800000000e+02    7.8736109999e-03    6.5478515625e-01
       415   -7.3968470045e+00    5.4872635388e+01   -1.2988096299e+01    5.5912492949e+00    2.8761402622e+00   -1.5864236562e+01    1.2800000000e+02    7.8612910002e-03    6.4111328125e-01
       416   -7.7270031385e+00    6.0050818480e+01   -2.3538872613e+01    1.5811869475e+01    2.7345208543e+00   -2.6273393468e+01    1.2800000000e+02    7.6916540002e-03    6.1279296875e-01
       417   -7.4425155973e+00    5.5678771969e+01   -1.5688130308e+01    8.2456147110e+00    2.6483007530e+00   -1.8336431061e+01    1.2800000000e+02    7.9646409995e-03    6.3525390625e-01
       418   -7.3346285207e+00    5.3935689407e+01   -1.3137082647e+01    5.8024541258e+00    2.7887546433e+00   -1.5925837290e+01    1.2800000000e+02    8.3360120007e-03    6.3476562500e-01
       419   -7.6054672539e+00    5.8240312000e+01   -1.6011123828e+01    8.4056565740e+00    2.5804248250e+00   -1.8591548653e+01    1.2800000000e+02    8.0148570005e-03    6.3720703125e-01
       420   -7.3971054858e+00    5.4880116711e+01   -1.5414060287e+01    8.0169548016e+00    2.3326089300e+00   -1.7746669217e+01    1.2800000000e+02    7.8200700000e-03    6.5039062500e-01
       421   -7.4294495456e+00    5.5361588694e+01   -1.1365406378e+01    3.9359568320e+00    2.5353122059e+00   -1.3900718584e+01    1.2800000000e+02    8.0174420000e-03    6.7138671875e-01
       422   -7.3557058490e+00    5.4245503115e+01   -1.2022128937e+01    4.6664230879e+00    2.4822090951e+00   -1.4504338032e+01    1.2800000000e+02    7.7412290002e-03    6.4794921875e-01
       423   -7.4327855824e+00    5.5429940335e+01   -1.3101964211e+01    5.6691786287e+00    2.9320523866e+00   -1.6034016598e+01    1.2800000000e+02    7.8589490004e-03    6.4892578125e-01
       424   -7.4203475381e+00    5.5250336425e+01   -1.2998672272e+01    5.5783247335e+00    2.8423381831e+00   -1.5841010455e+01    1.2800000000e+02    8.0037759999e-03    6.4306640625e-01
       425   -7.3829051434e+00    5.4623066321e+01   -1.1893067770e+01    4.5101626262e+00    2.5050900524e+00   -1.4398157822e+01    1.2800000000e+02    7.8931060007e-03    6.4843750000e-01
       426   -7.3765337747e+00    5.4519621645e+01   -1.1045715916e+01    3.6691821413e+00    2.7275744452e+00   -1.3773290361e+01    1.2800000000e+02    8.5848650006e-03    6.3525390625e-01
       427   -7.4114778828e+00    5.5248558801e+01   -1.3185761502e+01    5.7742836192e+00    2.6142822695e+00   -1.5800043771e+01    1.2800000000e+02    7.8198550000e-03    6.2500000000e-01
       428   -7.3729841257e+00    5.4489081522e+01   -1.1825895608e+01    4.4529114828e+00    2.5444061610e+00   -1.4370301769e+01    1.2800000000e+02    8.5839359999e-03    6.4550781250e-01
       429   -7.3693617538e+00    5.4513296619e+01   -1.4560154433e+01    7.1907926787e+00    2.8563032257e+00   -1.7416457658e+01    1.2800000000e+02    1.0588508000e-02    6.3964843750e-01
       430   -7.5649013578e+00    5.7529064021e+01   -1.4239975899e+01    6.6750745407e+00    2.6651076141e+00   -1.6905083513e+01    1.2800000000e+02    8.0048119999e-03    6.2304687500e-01
       431   -7.6195520296e+00    5.8419316375e+01   -2.0200863614e+01    1.2581311584e+01    2.6464438821e+00   -2.2847307496e+01    1.2800000000e+02    8.0279550002e-03    6.3671875000e-01
       432   -7.3984955188e+00    5.4879234877e+01   -1.1965224097e+01    4.5667285786e+00    2.3352265050e+00   -1.4300450602e+01    1.2800000000e+02    7.9301820006e-03    6.5087890625e-01
       433   -7.3550571375e+00    5.4210233461e+01   -1.0782323505e+01    3.4272663672e+00    2.5658499671e+00   -1.3348173472e+01    1.2800000000e+02    8.0762210000e-03    6.5771484375e-01
       434   -7.2417978918e+00    5.2584622899e+01   -1.2692512510e+01    5.4507146184e+00    2.4050066414e+00   -1.5097519152e+01    1.2800000000e+02    8.9473309999e-03    6.3281250000e-01
       435   -7.4286871492e+00    5.5447073709e+01   -1.4080692961e+01    6.6520058115e+00    2.6424033919e+00   -1.6723096353e+01    1.2800000000e+02    1.0286210000e-02    6.3916015625e-01
       436   -7.4795503039e+00    5.6148119916e+01   -1.3393179401e+01    5.9136290969e+00    2.8977287358e+00   -1.6290908137e+01    1.2800000000e+02    8.4333790001e-03    6.4160156250e-01
       437   -7.6711172965e+00    5.9086386887e+01   -1.6192448154e+01    8.5213308575e+00    3.1498255342e+00   -1.9342273688e+01    1.2800000000e+02    8.0637299998e-03    6.1962890625e-01
       438   -7.4804304464e+00    5.6183740378e+01   -1.3056137240e+01    5.5757067941e+00    2.7732080134e+00   -1.5829345254e+01    1.2800000000e+02    7.9863270003e-03    6.4257812500e-01
       439   -7.4775368053e+00    5.6160506928e+01   -1.5713798026e+01    8.2362612209e+00    2.7551663424e+00   -1.8468964369e+01    1.2800000000e+02    7.8737020003e-03    6.3769531250e-01
       440   -7.5730150981e+00    5.7648538947e+01   -1.2989510849e+01    5.4164957507e+00    2.6301547671e+00   -1.5619665616e+01    1.2800000000e+02    7.8238839997e-03    6.3769531250e-01
       441   -7.3506754629e+00    5.4171723673e+01   -1.6171480742e+01    8.8208052789e+00    2.6389956125e+00   -1.8810476354e+01    1.2800000000e+02    7.7800359995e-03    6.1914062500e-01
       442   -7.3826872793e+00    5.4635203288e+01   -1.2155597402e+01    4.7729101229e+00    2.6884793021e+00   -1.4844076704e+01    1.2800000000e+02    8.6761510001e-03    6.4257812500e-01
       443   -7.5204782592e+00    5.6885926320e+01   -1.4696822996e+01    7.1763447368e+00    2.6893218837e+00   -1.7386144880e+01    1.2800000000e+02    7.9280630007e-03    6.4013671875e-01
       444   -7.4589082686e+00    5.5819527533e+01   -1.5934645724e+01    8.4757374558e+00    2.5444317480e+00   -1.8479077473e+01    1.2800000000e+02    8.0050100005e-03    6.3720703125e-01
       445   -7.4905065146e+00    5.6264626344e+01   -1.6200195989e+01    8.7096894745e+00    2.5888384381e+00   -1.8789034427e+01    1.2800000000e+02    7.9222650002e-03    6.4843750000e-01
       446   -7.6270233802e+00    5.8488753605e+01   -1.5955219572e+01    8.3281961923e+00    2.8295970984e+00   -1.8784816671e+01    1.2800000000e+02    7.8561679993e-03    6.2841796875e-01
       447   -7.6947984763e+00    5.9575337951e+01   -1.6421571342e+01    8.7267728654e+00    2.8920152117e+00   -1.9313586553e+01    1.2800000000e+02    7.8626519999e-03    6.4111328125e-01
       448   -7.4740739812e+00    5.6156876463e+01   -1.3802787177e+01    6.3287131953e+00    2.5341028556e+00   -1.6336890032e+01    1.2800000000e+02    7.9341110004e-03    6.4648437500e-01
       449   -7.7273966292e+00    6.0177469640e+01   -1.9614062082e+01    1.1886665453e+01    3.1421865945e+00   -2.2756248677e+01    1.2800000000e+02    7.8278920000e-03    6.2109375000e-01
       450   -7.6195697991e+00    5.8367352599e+01   -1.2495397436e+01    4.8758276371e+00    2.5200865012e+00   -1.5015483937e+01    1.2800000000e+02    8.6817329993e-03    6.4453125000e-01
       451   -7.4161593662e+00    5.5234451687e+01   -1.4766783129e+01    7.3506237630e+00    2.7075463876e+00   -1.7474329517e+01    1.2800000000e+02    1.1241095001e-02    6.4062500000e-01
       452   -7.3380402139e+00    5.3999522800e+01   -1.3305826078e+01    5.9677858645e+00    2.5945050276e+00   -1.5900331106e+01    1.2800000000e+02    7.8886199999e-03    6.2890625000e-01
       453   -7.6297474363e+00    5.8517649099e+01   -1.4465826450e+01    6.8360790132e+00    2.9077506618e+00   -1.7373577111e+01    1.2800000000e+02    8.0610189998e-03    6.3720703125e-01
       454   -7.4035311643e+00    5.5019597512e+01   -1.7663267088e+01    1.0259735923e+01    2.4607502753e+00   -2.0124017363e+01    1.2800000000e+02    7.9002120001e-03    6.5966796875e-01
       455   -7.3763957847e+00    5.4519644888e+01   -1.2344275371e+01    4.9678795863e+00    2.4027361175e+00   -1.4747011489e+01    1.2800000000e+02    8.3328019991e-03    6.5234375000e-01
       456   -7.4808919868e+00    5.6135890665e+01   -2.1426466826e+01    1.3945574839e+01    2.9366009963e+00   -2.4363067822e+01    1.2800000000e+02    7.9442739998e-03    6.3085937500e-01
       457   -7.4629511430e+00    5.5913464685e+01   -1.5819011191e+01    8.3560600483e+00    2.8025880264e+00   -1.8621599218e+01    1.2800000000e+02    7.8131900000e-03    6.3232421875e-01
       458   -7.7135889223e+00    5.9820755208e+01   -1.6455339233e+01    8.7417503110e+00    2.4510861761e+00   -1.8906425409e+01    1.2800000000e+02    7.8435099995e-03    6.3720703125e-01
       459   -7.4711489627e+00    5.6040442441e+01   -1.5225409554e+01    7.7542605915e+00    2.8227487478e+00   -1.8048158302e+01    1.2800000000e+02    7.8243549997e-03    6.4697265625e-01
       460   -7.5507637378e+00    5.7217663918e+01   -1.5098663481e+01    7.5478997429e+00    3.0383594008e+00   -1.8137022882e+01    1.2800000000e+02    7.8084810002e-03    6.2548828125e-01
       461   -7.4049389241e+00    5.4929103322e+01   -1.2022023315e+01    4.6170843909e+00    2.5531588187e+00   -1.4575182134e+01    1.2800000000e+02    7.8033330001e-03    6.2500000000e-01
       462   -7.3523489987e+00    5.4146922327e+01   -1.3111309615e+01    5.7589606160e+00    2.6075990589e+00   -1.5718908674e+01    1.2800000000e+02    8.0121470000e-03    6.5625000000e-01
       463   -7.4582763467e+00    5.5920743053e+01   -1.9407874747e+01    1.1949598401e+01    2.2489057529e+00   -2.1656780500e+01    1.2800000000e+02    7.7174140006e-03    6.5234375000e-01
       464   -7.6489407529e+00    5.8792078485e+01   -1.7249969692e+01    9.6010289395e+00    2.8165525253e+00   -2.0066522218e+01    1.2800000000e+02    7.7859060002e-03    6.2060546875e-01
       465   -7.4295054565e+00    5.5319855550e+01   -1.2471239240e+01    5.0417337834e+00    2.7172973340e+00   -1.5188536574e+01    1.2800000000e+02    7.8236350000e-03    6.3671875000e-01
       466   -7.4787770245e+00    5.6255583438e+01   -1.6687418607e+01    9.2086415826e+00    2.8059268577e+00   -1.9493345465e+01    1.2800000000e+02    7.7813360003e-03    6.1523437500e-01
       467   -7.5167550831e+00    5.6776341364e+01   -1.4835648497e+01    7.3188934143e+00    2.8296993341e+00   -1.7665347832e+01    1.2800000000e+02    8.0923080004e-03    6.2011718750e-01
       468   -7.4409272534e+00    5.5567210702e+01   -1.4444548149e+01    7.0036208956e+00    2.2831714095e+00   -1.6727719559e+01    1.2800000000e+02    8.1143190000e-03    6.3818359375e-01
       469   -7.4761591029e+00    5.6084018743e+01   -1.3421504013e+01    5.9453449104e+00    2.6631151552e+00   -1.6084619169e+01    1.2800000000e+02    8.5360010007e-03    6.5185546875e-01
       470   -7.4311111128e+00    5.5399790970e+01   -1.2297182512e+01    4.8660713993e+00    2.4770331051e+00   -1.4774215617e+01    1.2800000000e+02    7.9686989993e-03    6.6113281250e-01
       471   -7.3961685575e+00    5.4974628180e+01   -1.8557357462e+01    1.1161188904e+01    2.5013034332e+00   -2.1058660895e+01    1.2800000000e+02    8.0802570001e-03    6.2939453125e-01
       472   -7.6261249303e+00    5.8425918030e+01   -1.8598001265e+01    1.0971876335e+01    2.6191628944e+00   -2.1217164160e+01    1.2800000000e+02    7.8155869996e-03    6.2695312500e-01
       473   -7.4657971846e+00    5.5906989557e+01   -1.4257501719e+01    6.7917045345e+00    2.5681908222e+00   -1.6825692541e+01    1.2800000000e+02    9.5812179998e-03    6.5039062500e-01
       474   -7.3589933578e+00    5.4275308583e+01   -1.2590011631e+01    5.2310182736e+00    2.4969237286e+00   -1.5086935360e+01    1.2800000000e+02    1.0987698000e-02    6.4501953125e-01
       475   -7.4408181132e+00    5.5570008083e+01   -1.4245203224e+01    6.8043851109e+00    2.3042382020e+00   -1.6549441426e+01    1.2800000000e+02    8.2239889998e-03    6.6894531250e-01
       476   -7.4143243544e+00    5.5142435732e+01   -1.4926714080e+01    7.5123897254e+00    2.8768117781e+00   -1.7803525858e+01    1.2800000000e+02    8.1395970001e-03    6.5625000000e-01
       477   -7.4269387522e+00    5.5374218185e+01   -1.3436395097e+01    6.0094563444e+00    2.7750832259e+00   -1.6211478323e+01    1.2800000000e+02    8.0751469995e-03    6.4013671875e-01
       478   -7.5601408024e+00    5.7384604429e+01   -1.6387848867e+01    8.8277080644e+00    3.0469816237e+00   -1.9434830490e+01    1.2800000000e+02    7.9270890001e-03    6.2451171875e-01
       479   -7.5426375460e+00    5.7141222349e+01   -1.5175580490e+01    7.6329429441e+00    2.3350945503e+00   -1.7510675040e+01    1.2800000000e+02    8.4182339997e-03    6.4941406250e-01
       480   -7.7166195538e+00    5.9978275443e+01   -1.7217019352e+01    9.5003997980e+00    2.7318324477e+00   -1.9948851800e+01    1.2800000000e+02    7.9078419994e-03    6.1523437500e-01
       481   -7.3578012493e+00    5.4282529388e+01   -1.0761918745e+01    3.4041174956e+00    2.5032706604e+00   -1.3265189405e+01    1.2800000000e+02    8.2564679997e-03    6.5771484375e-01
       482   -7.5444798256e+00    5.7223836455e+01   -1.5316720894e+01    7.7722410687e+00    3.0497199497e+00   -1.8366440844e+01    1.2800000000e+02    8.1626900001e-03    6.3769531250e-01
       483   -7.4912904758e+00    5.6418991211e+01   -1.3700507567e+01    6.2092170908e+00    2.4763442624e+00   -1.6176851829e+01    1.2800000000e+02    8.1844919996e-03    6.6503906250e-01
       484   -7.5557913848e+00    5.7348592133e+01   -1.5629993324e+01    8.0742019396e+00    2.4874879946e+00   -1.8117481319e+01    1.2800000000e+02    7.9522920005e-03    6.3720703125e-01
       485   -7.4490299407e+00    5.5724640458e+01   -1.2561421614e+01    5.1123916732e+00    2.4114117722e+00   -1.4972833386e+01    1.2800000000e+02    7.9788749999e-03    6.3916015625e-01
       486   -7.4502000649e+00    5.5744307834e+01   -1.3748303200e+01    6.2981031349e+00    2.7333677720e+00   -1.6481670972e+01    1.2800000000e+02    1.0100359999e-02    6.5771484375e-01
       487   -7.4682686766e+00    5.6002829647e+01   -1.4432845457e+01    6.9645767803e+00    2.3912768320e+00   -1.6824122289e+01    1.2800000000e+02    1.4095796000e-02    6.5332031250e-01
       488   -7.3177361824e+00    5.3724634865e+01   -1.3340066987e+01    6.0223308043e+00    2.7609719455e+00   -1.6101038932e+01    1.2800000000e+02    1.3714252000e-02    6.2304687500e-01
       489   -7.4856860266e+00    5.6263706690e+01   -1.6362959411e+01    8.8772733843e+00    2.5538056342e+00   -1.8916765045e+01    1.2800000000e+02    9.6499649999e-03    6.4550781250e-01
       490   -7.4739261726e+00    5.5995611470e+01   -1.3868639242e+01    6.3947130694e+00    2.3848994468e+00   -1.6253538689e+01    1.2800000000e+02    1.1332318000e-02    6.7431640625e-01
       491   -7.5679973200e+00    5.7553437840e+01   -1.3486900521e+01    5.9189032013e+00    2.6357110635e+00   -1.6122611585e+01    1.2800000000e+02    1.0425628000e-02    6.5283203125e-01
       492   -7.3703363090e+00    5.4436279372e+01   -1.1098705211e+01    3.7283689023e+00    2.6114582037e+00   -1.3710163415e+01    1.2800000000e+02    8.0552799991e-03    6.5429687500e-01
       493   -7.4208200626e+00    5.5340799459e+01   -1.2924095481e+01    5.5032754182e+00    2.5779165414e+00   -1.5502012022e+01    1.2800000000e+02    1.1796102001e-02    6.5234375000e-01
       494   -7.5982923930e+00    5.7975708969e+01   -1.7561429548e+01    9.9631371555e+00    2.9983558834e+00   -2.0559785432e+01    1.2800000000e+02    1.1643160000e-02    6.2890625000e-01
       495   -7.4805476161e+00    5.6153911572e+01   -1.3820230330e+01    6.3396827135e+00    2.8360846203e+00   -1.6656314950e+01    1.2800000000e+02    8.0181140002e-03    6.4941406250e-01
       496   -7.4905003510e+00    5.6355492746e+01   -1.2993250887e+01    5.5027505359e+00    2.9976113426e+00   -1.5990862229e+01    1.2800000000e+02    8.2594180003e-03    6.2939453125e-01
       497   -7.4733671911e+00    5.6079935911e+01   -1.4853682607e+01    7.3803154162e+00    2.5976769964e+00   -1.7451359604e+01    1.2800000000e+02    7.9186690000e-03    6.4599609375e-01
       498   -7.5964696827e+00    5.8114086398e+01   -1.6844496761e+01    9.2480270786e+00    2.7927451400e+00   -1.9637241901e+01    1.2800000000e+02    7.7431629998e-03    6.1474609375e-01
       499   -7.6268991721e+00    5.8594786826e+01   -1.6615022703e+01    8.9881235311e+00    2.7153436835e+00   -1.9330366387e+01    1.2800000000e+02    7.9760809995e-03    6.4453125000e-01
