#   index    LocalEnergy         LocalEnergy_sq      LocalPotential      Kinetic             ElecElec            IonElec             BlockWeight         BlockCPU            AcceptRatio         
         0   -7.6044368134e+00    5.8061760999e+01   -1.5863059078e+01    8.2586222649e+00    2.7044683847e+00   -1.8567527463e+01    1.2800000000e+02    8.4228109999e-03    6.4013671875e-01
         1   -7.3727529268e+00    5.4516665068e+01   -1.1904112687e+01    4.5313597606e+00    2.3983582182e+00   -1.4302470906e+01    1.2800000000e+02    8.0034359999e-03    6.4306640625e-01
         2   -7.3451515363e+00    5.4139387590e+01   -1.1969125874e+01    4.6239743374e+00    2.2801526022e+00   -1.4249278476e+01    1.2800000000e+02    8.1703289998e-03    6.4501953125e-01
         3   -7.4036324575e+00    5.5024489106e+01   -1.4058114732e+01    6.6544822741e+00    2.7462586507e+00   -1.6804373382e+01    1.2800000000e+02    8.6220350004e-03    6.4208984375e-01
         4   -7.3336015576e+00    5.3907041780e+01   -1.1657623805e+01    4.3240222472e+00    2.2883946042e+00   -1.3946018409e+01    1.2800000000e+02    7.9368910001e-03    6.4892578125e-01
         5   -7.5428772297e+00    5.7146240127e+01   -1.6240762998e+01    8.6978857679e+00    2.7757141521e+00   -1.9016477150e+01    1.2800000000e+02    8.0004599995e-03    6.3183593750e-01
         6   -7.5544243483e+00    5.7474704298e+01   -1.9999884558e+01    1.2445460210e+01    2.9340786835e+00   -2.2933963242e+01    1.2800000000e+02    7.7561199996e-03    6.0791015625e-01
         7   -7.4957056885e+00    5.6422002303e+01   -1.2589671604e+01    5.0939659153e+00    2.8873542657e+00   -1.5477025870e+01    1.2800000000e+02    7.9037070000e-03    6.3623046875e-01
         8   -7.3103083459e+00    5.3657002744e+01   -1.4630937777e+01    7.3206294313e+00    2.5689370837e+00   -1.7199874861e+01    1.2800000000e+02    7.6253339994e-03    6.0302734375e-01
         9   -7.3445978397e+00    5.4108188528e+01   -1.2010229635e+01    4.6656317957e+00    2.6184893715e+00   -1.4628719007e+01    1.2800000000e+02    8.1007520002e-03    6.4306640625e-01
        10   -7.3786137837e+00    5.4621196765e+01   -1.4226216554e+01    6.8476027699e+00    2.3632352916e+00   -1.6589451845e+01    1.2800000000e+02    7.8890550003e-03    6.6113281250e-01
        11   -7.5636742310e+00    5.7416097520e+01   -1.3956632484e+01    6.3929582535e+00    2.4077258518e+00   -1.6364358336e+01    1.2800000000e+02    7.8028409998e-03    6.2304687500e-01
        12   -7.5196888440e+00    5.6849529878e+01   -1.7238834192e+01    9.7191453477e+00    3.1779383705e+00   -2.0416772562e+01    1.2800000000e+02    7.8761619998e-03    6.1962890625e-01
        13   -7.4502766544e+00    5.5789582831e+01   -1.3594598659e+01    6.1443220041e+00    2.8662913411e+00   -1.6460890000e+01    1.2800000000e+02    7.8285159998e-03    6.2548828125e-01
        14   -7.4610357917e+00    5.5922104428e+01   -1.3236750413e+01    5.7757146210e+00    2.7428326190e+00   -1.5979583032e+01    1.2800000000e+02    8.1422220001e-03    6.4501953125e-01
        15   -7.4335051161e+00    5.5441857330e+01   -1.2899856668e+01    5.4663515523e+00    2.5598654571e+00   -1.5459722126e+01    1.2800000000e+02    7.9386990001e-03    6.5087890625e-01
        16   -7.5651134560e+00    5.7580805245e+01   -2.6801233164e+01    1.9236119708e+01    3.1586019780e+00   -2.9959835142e+01    1.2800000000e+02    8.8688180003e-03    6.3085937500e-01
        17   -7.3685160136e+00    5.4421096631e+01   -1.1760062755e+01    4.3915467413e+00    2.6119546499e+00   -1.4372017405e+01    1.2800000000e+02    7.9414430002e-03    6.4208984375e-01
        18   -7.3072496343e+00    5.3719874879e+01   -1.2908850343e+01    5.6016007090e+00    2.4500010550e+00   -1.5358851398e+01    1.2800000000e+02    7.8135659996e-03    6.3769531250e-01
        19   -7.4022807668e+00    5.4949693239e+01   -1.2843502276e+01    5.4412215090e+00    2.4982371565e+00   -1.5341739432e+01    1.2800000000e+02    7.8801860000e-03    6.4501953125e-01
        20   -7.4875414049e+00    5.6243653034e+01   -1.8238798330e+01    1.0751256925e+01    2.5221388926e+00   -2.0760937223e+01    1.2800000000e+02    7.8931560001e-03    6.5917968750e-01
        21   -7.5085339524e+00    5.6642744650e+01   -1.5017212881e+01    7.5086789286e+00    2.7478857790e+00   -1.7765098660e+01    1.2800000000e+02    7.9624379996e-03    6.3134765625e-01
        22   -7.4580089440e+00    5.5928047245e+01   -1.4544810517e+01    7.0868015728e+00    2.5652568796e+00   -1.7110067396e+01    1.2800000000e+02    8.1194220002e-03    6.4257812500e-01
        23   -7.4516236552e+00    5.5735403579e+01   -1.4829046975e+01    7.3774233202e+00    2.3343452134e+00   -1.7163392189e+01    1.2800000000e+02    8.0438010000e-03    6.5185546875e-01
        24   -7.4889768646e+00    5.6257466008e+01   -1.1334477537e+01    3.8455006723e+00    2.6706386520e+00   -1.4005116189e+01    1.2800000000e+02    8.0645500002e-03    6.6308593750e-01
        25   -7.4497075319e+00    5.5677237470e+01   -1.2749865058e+01    5.3001575256e+00    2.4405473685e+00   -1.5190412426e+01    1.2800000000e+02    8.1113349997e-03    6.4892578125e-01
        26   -7.4536498715e+00    5.5788640757e+01   -1.2427011052e+01    4.9733611805e+00    2.4842344104e+00   -1.4911245462e+01    1.2800000000e+02    8.0536810001e-03    6.6650390625e-01
        27   -7.4086239120e+00    5.5097078482e+01   -1.3931275080e+01    6.5226511676e+00    2.7399960247e+00   -1.6671271104e+01    1.2800000000e+02    7.9688149999e-03    6.3671875000e-01
        28   -7.5020346240e+00    5.6466631410e+01   -1.3645225284e+01    6.1431906602e+00    2.6569670235e+00   -1.6302192308e+01    1.2800000000e+02    9.1212850002e-03    6.5234375000e-01
        29   -7.3828524004e+00    5.4661016482e+01   -1.1687007967e+01    4.3041555668e+00    2.5653617767e+00   -1.4252369744e+01    1.2800000000e+02    1.5762735000e-02    6.6259765625e-01
        30   -7.5729197371e+00    5.7633660778e+01   -1.4268675377e+01    6.6957556398e+00    2.6109012134e+00   -1.6879576590e+01    1.2800000000e+02    8.4143960003e-03    6.4550781250e-01
        31   -7.6514827464e+00    5.8775531435e+01   -1.6412506880e+01    8.7610241334e+00    2.5867784793e+00   -1.8999285359e+01    1.2800000000e+02    7.9524799994e-03    6.5429687500e-01
        32   -7.4404281769e+00    5.5594369677e+01   -1.5086956183e+01    7.6465280065e+00    2.6199644025e+00   -1.7706920586e+01    1.2800000000e+02    7.9936069997e-03    6.3671875000e-01
        33   -7.4571150575e+00    5.5785298930e+01   -1.2557738105e+01    5.1006230471e+00    2.5531056983e+00   -1.5110843803e+01    1.2800000000e+02    7.9209610003e-03    6.4648437500e-01
        34   -7.4763465023e+00    5.6189769878e+01   -1.3747959026e+01    6.2716125234e+00    2.7283290117e+00   -1.6476288037e+01    1.2800000000e+02    7.8530549999e-03    6.4062500000e-01
        35   -7.4709975595e+00    5.5951012691e+01   -1.2370785815e+01    4.8997882553e+00    2.5116830648e+00   -1.4882468880e+01    1.2800000000e+02    8.1014400002e-03    6.5869140625e-01
        36   -7.4478018285e+00    5.5639758355e+01   -1.3035636218e+01    5.5878343900e+00    2.6019323282e+00   -1.5637568547e+01    1.2800000000e+02    7.9580140000e-03    6.4257812500e-01
        37   -7.5930196645e+00    5.8040511563e+01   -1.8716011421e+01    1.1122991756e+01    2.8551485129e+00   -2.1571159934e+01    1.2800000000e+02    7.7980209999e-03    6.2109375000e-01
        38   -7.7925316273e+00    6.1083642727e+01   -1.6094360064e+01    8.3018284366e+00    2.8125699059e+00   -1.8906929970e+01    1.2800000000e+02    8.2301009998e-03    6.3330078125e-01
        39   -7.3626496870e+00    5.4339569887e+01   -1.2341181866e+01    4.9785321794e+00    2.6015044678e+00   -1.4942686334e+01    1.2800000000e+02    7.9449440000e-03    6.4941406250e-01
        40   -7.4025468640e+00    5.5057051995e+01   -1.3493505117e+01    6.0909582529e+00    2.4586153879e+00   -1.5952120505e+01    1.2800000000e+02    8.4048079998e-03    6.4355468750e-01
        41   -7.4217779823e+00    5.5380065583e+01   -1.7259740779e+01    9.8379627972e+00    2.8676131571e+00   -2.0127353937e+01    1.2800000000e+02    8.0407229998e-03    6.2548828125e-01
        42   -7.3489124891e+00    5.4140987383e+01   -1.5263268517e+01    7.9143560275e+00    2.4639397147e+00   -1.7727208231e+01    1.2800000000e+02    7.7241130002e-03    6.2597656250e-01
        43   -7.5011566561e+00    5.6443156873e+01   -1.2499635529e+01    4.9984788725e+00    2.4618037629e+00   -1.4961439292e+01    1.2800000000e+02    7.8581980006e-03    6.5380859375e-01
        44   -7.4553237509e+00    5.5787765190e+01   -1.6505224448e+01    9.0499006969e+00    2.5846574928e+00   -1.9089881941e+01    1.2800000000e+02    8.1317260001e-03    6.1767578125e-01
        45   -7.3817313829e+00    5.4686247400e+01   -1.5234006849e+01    7.8522754661e+00    2.5869436489e+00   -1.7820950498e+01    1.2800000000e+02    8.0220489999e-03    6.6308593750e-01
        46   -7.4540290619e+00    5.5779767372e+01   -1.6929765364e+01    9.4757363026e+00    2.2539041639e+00   -1.9183669528e+01    1.2800000000e+02    7.8939460000e-03    6.5527343750e-01
        47   -7.4432978102e+00    5.5727498237e+01   -1.8085292485e+01    1.0641994675e+01    3.2258601721e+00   -2.1311152657e+01    1.2800000000e+02    7.8580939999e-03    6.3574218750e-01
        48   -7.5893212044e+00    5.7937463053e+01   -1.5955620403e+01    8.3662991982e+00    2.6748158491e+00   -1.8630436252e+01    1.2800000000e+02    7.7966979998e-03    6.3037109375e-01
        49   -7.7344827169e+00    6.0255306033e+01   -1.6168737903e+01    8.4342551861e+00    2.5921695201e+00   -1.8760907423e+01    1.2800000000e+02    7.8536849996e-03    6.4794921875e-01
        50   -7.6108151467e+00    5.8275856631e+01   -1.4577361000e+01    6.9665458529e+00    2.8001928316e+00   -1.7377553831e+01    1.2800000000e+02    7.8628049996e-03    6.4550781250e-01
        51   -7.3957052215e+00    5.4906731145e+01   -1.3011677786e+01    5.6159725642e+00    2.4950705261e+00   -1.5506748312e+01    1.2800000000e+02    8.0467849994e-03    6.3037109375e-01
        52   -7.3443273397e+00    5.4043905456e+01   -1.2138238437e+01    4.7939110976e+00    2.5245762007e+00   -1.4662814638e+01    1.2800000000e+02    7.9310820001e-03    6.5087890625e-01
        53   -7.5449824822e+00    5.7185576987e+01   -1.5877851094e+01    8.3328686117e+00    2.8708277629e+00   -1.8748678857e+01    1.2800000000e+02    9.3754590007e-03    6.3330078125e-01
        54   -7.6181397176e+00    5.8393737266e+01   -1.7161142654e+01    9.5430029369e+00    2.5897880914e+00   -1.9750930746e+01    1.2800000000e+02    1.3516840000e-02    6.4501953125e-01
        55   -7.5553931371e+00    5.7380576120e+01   -1.7885949400e+01    1.0330556263e+01    2.7059475848e+00   -2.0591896985e+01    1.2800000000e+02    8.0404040000e-03    6.3085937500e-01
        56   -7.2965055801e+00    5.3313549640e+01   -1.0931499246e+01    3.6349936663e+00    2.3105224803e+00   -1.3242021727e+01    1.2800000000e+02    7.9109740000e-03    6.5722656250e-01
        57   -7.4304692047e+00    5.5383916995e+01   -1.5563773662e+01    8.1333044572e+00    2.9147715797e+00   -1.8478545242e+01    1.2800000000e+02    8.8865640000e-03    6.3183593750e-01
        58   -7.4555322020e+00    5.5775925891e+01   -1.2133267973e+01    4.6777357709e+00    2.6625814686e+00   -1.4795849441e+01    1.2800000000e+02    1.6098055000e-02    6.4794921875e-01
        59   -7.4051496762e+00    5.4995228979e+01   -1.3654854384e+01    6.2497047075e+00    2.4479313862e+00   -1.6102785770e+01    1.2800000000e+02    1.6474886000e-02    6.3720703125e-01
        60   -7.3617399250e+00    5.4453963590e+01   -1.2730764826e+01    5.3690249008e+00    2.3302999937e+00   -1.5061064819e+01    1.2800000000e+02    1.6977502000e-02    6.4794921875e-01
        61   -7.5713735790e+00    5.7664476167e+01   -1.3729604246e+01    6.1582306669e+00    2.4502082375e+00   -1.6179812483e+01    1.2800000000e+02    1.7229201000e-02    6.4111328125e-01
        62   -7.4877604631e+00    5.6216449672e+01   -1.4568357267e+01    7.0805968042e+00    2.5604544708e+00   -1.7128811738e+01    1.2800000000e+02    1.4900641000e-02    6.3720703125e-01
        63   -7.6375388656e+00    5.8530611330e+01   -2.0052397534e+01    1.2414858668e+01    2.8097034448e+00   -2.2862100978e+01    1.2800000000e+02    8.1360060003e-03    6.1962890625e-01
        64   -7.5125229054e+00    5.6713576665e+01   -1.3118786355e+01    5.6062634500e+00    3.1175625554e+00   -1.6236348911e+01    1.2800000000e+02    8.0210409997e-03    6.4990234375e-01
        65   -7.3698669593e+00    5.4543602967e+01   -1.3348907713e+01    5.9790407539e+00    2.3197733737e+00   -1.5668681087e+01    1.2800000000e+02    7.8203459998e-03    6.5283203125e-01
        66   -7.4988456607e+00    5.6472355829e+01   -1.7731319260e+01    1.0232473600e+01    2.7380135734e+00   -2.0469332834e+01    1.2800000000e+02    7.7857610004e-03    6.1474609375e-01
        67   -7.4477317225e+00    5.5658980303e+01   -1.1942743382e+01    4.4950116597e+00    2.2521146242e+00   -1.4194858006e+01    1.2800000000e+02    7.9013879995e-03    6.5380859375e-01
        68   -7.2778522234e+00    5.3078757339e+01   -1.1533441142e+01    4.2555889185e+00    2.5285714470e+00   -1.4062012589e+01    1.2800000000e+02    7.8773920004e-03    6.4892578125e-01
        69   -7.4807063532e+00    5.6186730209e+01   -1.6274380358e+01    8.7936740047e+00    2.7089100469e+00   -1.8983290405e+01    1.2800000000e+02    7.8264579997e-03    6.2939453125e-01
        70   -7.4170595880e+00    5.5172302070e+01   -1.3042220771e+01    5.6251611826e+00    2.7566092098e+00   -1.5798829980e+01    1.2800000000e+02    8.0440720003e-03    6.4160156250e-01
        71   -7.4003946164e+00    5.5105658636e+01   -1.4435964093e+01    7.0355694763e+00    3.4014710364e+00   -1.7837435129e+01    1.2800000000e+02    7.8397609996e-03    6.3476562500e-01
        72   -7.4864549484e+00    5.6208184277e+01   -1.2561152979e+01    5.0746980309e+00    2.5090253349e+00   -1.5070178314e+01    1.2800000000e+02    8.1218610003e-03    6.5185546875e-01
        73   -7.7301445504e+00    6.0201539479e+01   -1.6410946280e+01    8.6808017293e+00    2.7003231862e+00   -1.9111269466e+01    1.2800000000e+02    7.8142909997e-03    6.2207031250e-01
        74   -7.5607625393e+00    5.7482421417e+01   -1.4400009554e+01    6.8392470151e+00    2.6068827257e+00   -1.7006892280e+01    1.2800000000e+02    7.7665019999e-03    6.2792968750e-01
        75   -7.3828080863e+00    5.4638550407e+01   -1.2534152485e+01    5.1513443989e+00    2.4216106513e+00   -1.4955763137e+01    1.2800000000e+02    7.9346660004e-03    6.6748046875e-01
        76   -7.4368847018e+00    5.5427835261e+01   -1.1519817187e+01    4.0829324852e+00    2.2395092884e+00   -1.3759326475e+01    1.2800000000e+02    7.8871659998e-03    6.6992187500e-01
        77   -7.3665553596e+00    5.4383167880e+01   -1.1904039766e+01    4.5374844063e+00    2.4659502771e+00   -1.4369990043e+01    1.2800000000e+02    7.8223710007e-03    6.4062500000e-01
        78   -7.5392675195e+00    5.7113869266e+01   -1.8539214508e+01    1.0999946988e+01    2.7559016850e+00   -2.1295116193e+01    1.2800000000e+02    7.9293180006e-03    6.3769531250e-01
        79   -7.5427835203e+00    5.7122048099e+01   -1.4199195162e+01    6.6564116418e+00    2.2882912918e+00   -1.6487486454e+01    1.2800000000e+02    7.8737840004e-03    6.3916015625e-01
        80   -7.3950475912e+00    5.4811748050e+01   -1.1882340040e+01    4.4872924492e+00    2.5901155823e+00   -1.4472455623e+01    1.2800000000e+02    7.8771090002e-03    6.5087890625e-01
        81   -7.4874282984e+00    5.6231462686e+01   -1.8509609683e+01    1.1022181384e+01    2.5149763146e+00   -2.1024585997e+01    1.2800000000e+02    7.8329019998e-03    6.4160156250e-01
        82   -7.5282772988e+00    5.6887867690e+01   -3.4985872186e+01    2.7457594887e+01    2.9977010592e+00   -3.7983573245e+01    1.2800000000e+02    7.9114970004e-03    6.2792968750e-01
        83   -7.4061944125e+00    5.5110062724e+01   -1.4653381579e+01    7.2471871666e+00    3.1654443172e+00   -1.7818825896e+01    1.2800000000e+02    8.4819900003e-03    6.1035156250e-01
        84   -7.5176467434e+00    5.6775051653e+01   -1.2594308515e+01    5.0766617717e+00    2.6735735114e+00   -1.5267882027e+01    1.2800000000e+02    8.3899150004e-03    6.6259765625e-01
        85   -7.6408478505e+00    5.8782820366e+01   -1.3248452824e+01    5.6076049738e+00    2.4506000787e+00   -1.5699052903e+01    1.2800000000e+02    8.6295129995e-03    6.4453125000e-01
        86   -7.4089601635e+00    5.5008740135e+01   -1.1879133988e+01    4.4701738244e+00    2.5265007279e+00   -1.4405634716e+01    1.2800000000e+02    7.8972040001e-03    6.4208984375e-01
        87   -7.2674052833e+00    5.3001964273e+01   -1.3011345872e+01    5.7439405884e+00    2.5893212623e+00   -1.5600667134e+01    1.2800000000e+02    8.2543999997e-03    6.4355468750e-01
        88   -7.4591682438e+00    5.5776491469e+01   -1.5039844556e+01    7.5806763119e+00    2.4091702070e+00   -1.7449014763e+01    1.2800000000e+02    8.0434870006e-03    6.7822265625e-01
        89   -7.5293455237e+00    5.6985406291e+01   -1.6296843409e+01    8.7674978848e+00    2.7102360758e+00   -1.9007079484e+01    1.2800000000e+02    1.2479656000e-02    6.2207031250e-01
        90   -7.5021860049e+00    5.6458181166e+01   -1.2966346262e+01    5.4641602572e+00    2.6697584914e+00   -1.5636104754e+01    1.2800000000e+02    8.7060599999e-03    6.4794921875e-01
        91   -7.4901667517e+00    5.6382542972e+01   -1.4288939221e+01    6.7987724692e+00    2.3570034165e+00   -1.6645942637e+01    1.2800000000e+02    8.9526719994e-03    6.2695312500e-01
        92   -7.5342876767e+00    5.6980905126e+01   -1.3400419910e+01    5.8661322335e+00    2.4399623708e+00   -1.5840382281e+01    1.2800000000e+02    8.0574450003e-03    6.4697265625e-01
        93   -7.4690332915e+00    5.5918263279e+01   -1.5513647963e+01    8.0446146711e+00    2.3127870794e+00   -1.7826435042e+01    1.2800000000e+02    8.1664230001e-03    6.4990234375e-01
        94   -7.6575226923e+00    5.8836603181e+01   -1.4699700402e+01    7.0421777093e+00    2.5909802511e+00   -1.7290680653e+01    1.2800000000e+02    8.3139790004e-03    6.2890625000e-01
        95   -7.4060729062e+00    5.5107714150e+01   -1.2161854620e+01    4.7557817143e+00    2.5047957161e+00   -1.4666650337e+01    1.2800000000e+02    8.1391849999e-03    6.4355468750e-01
        96   -7.6019651765e+00    5.8053105523e+01   -1.5007385322e+01    7.4054201456e+00    2.5772407381e+00   -1.7584626060e+01    1.2800000000e+02    8.1627430009e-03    6.3183593750e-01
        97   -7.4438369478e+00    5.5613798211e+01   -1.6370379230e+01    8.9265422822e+00    2.7047957655e+00   -1.9075174996e+01    1.2800000000e+02    8.1090180001e-03    6.4648437500e-01
        98   -7.3760032806e+00    5.4564498715e+01   -1.3955593814e+01    6.5795905332e+00    2.6203417661e+00   -1.6575935580e+01    1.2800000000e+02    8.3349619999e-03    6.3769531250e-01
        99   -7.6243397464e+00    5.8527754798e+01   -1.2962673033e+01    5.3383332868e+00    2.9145701849e+00   -1.5877243218e+01    1.2800000000e+02    8.2308390001e-03    6.4746093750e-01
       100   -7.3740637535e+00    5.4576671424e+01   -1.2689993941e+01    5.3159301880e+00    2.5400318719e+00   -1.5230025813e+01    1.2800000000e+02    9.5582600006e-03    6.4648437500e-01
       101   -7.4034142611e+00    5.4962691844e+01   -1.1278486699e+01    3.8750724383e+00    2.4510501973e+00   -1.3729536897e+01    1.2800000000e+02    9.6825419996e-03    6.6455078125e-01
       102   -7.4477805354e+00    5.5683532538e+01   -1.4618908930e+01    7.1711283951e+00    2.7768760909e+00   -1.7395785021e+01    1.2800000000e+02    9.2657750001e-03    6.2841796875e-01
       103   -7.3518874246e+00    5.4262763140e+01   -1.4151353237e+01    6.7994658125e+00    2.4813029710e+00   -1.6632656208e+01    1.2800000000e+02    8.2843210002e-03    6.4550781250e-01
       104   -7.5967677918e+00    5.7927758738e+01   -1.4653834550e+01    7.0570667583e+00    2.6828370433e+00   -1.7336671593e+01    1.2800000000e+02    1.0927142999e-02    6.4648437500e-01
       105   -7.3352521729e+00    5.3943535122e+01   -1.4611282849e+01    7.2760306757e+00    2.5277579336e+00   -1.7139040782e+01    1.2800000000e+02    9.3251709995e-03    6.5771484375e-01
       106   -7.7531807229e+00    6.0482504708e+01   -1.6512274302e+01    8.7590935786e+00    2.5519620217e+00   -1.9064236323e+01    1.2800000000e+02    8.4326380002e-03    6.2939453125e-01
       107   -7.4317121654e+00    5.5382730910e+01   -1.3598613317e+01    6.1669011513e+00    2.7284829085e+00   -1.6327096225e+01    1.2800000000e+02    8.0193499998e-03    6.3427734375e-01
       108   -7.5621377137e+00    5.7379158446e+01   -1.9706465154e+01    1.2144327440e+01    3.0485301750e+00   -2.2754995329e+01    1.2800000000e+02    8.9219419997e-03    6.3671875000e-01
       109   -7.5856880322e+00    5.7989558496e+01   -1.3574676342e+01    5.9889883095e+00    2.7512746348e+00   -1.6325950977e+01    1.2800000000e+02    7.9194249993e-03    6.3476562500e-01
       110   -7.6727617658e+00    5.9112507148e+01   -2.2378938512e+01    1.4706176746e+01    2.2677148675e+00   -2.4646653379e+01    1.2800000000e+02    8.0127430001e-03    6.2500000000e-01
       111   -7.6233246212e+00    5.8583792107e+01   -1.4325041778e+01    6.7017171567e+00    2.3670314131e+00   -1.6692073191e+01    1.2800000000e+02    8.5622219995e-03    6.4062500000e-01
       112   -7.3785843932e+00    5.4612620634e+01   -1.6416762113e+01    9.0381777198e+00    2.9607916593e+00   -1.9377553772e+01    1.2800000000e+02    9.0845360000e-03    6.2451171875e-01
       113   -7.5161644601e+00    5.6761963443e+01   -1.6145929305e+01    8.6297648447e+00    2.1709062146e+00   -1.8316835519e+01    1.2800000000e+02    7.8802230000e-03    6.5332031250e-01
       114   -7.4439184885e+00    5.5548716198e+01   -1.2276811726e+01    4.8328932374e+00    2.1640561287e+00   -1.4440867855e+01    1.2800000000e+02    8.1057020006e-03    6.6503906250e-01
       115   -7.5211363192e+00    5.6840078460e+01   -1.4210792424e+01    6.6896561045e+00    2.8499570740e+00   -1.7060749498e+01    1.2800000000e+02    8.2547459997e-03    6.4794921875e-01
       116   -7.4898743901e+00    5.6341911581e+01   -1.4654758904e+01    7.1648845143e+00    2.5545097856e+00   -1.7209268690e+01    1.2800000000e+02    8.0562580006e-03    6.5087890625e-01
       117   -7.4669605293e+00    5.5950217367e+01   -1.3870575384e+01    6.4036148544e+00    2.9764360289e+00   -1.6847011413e+01    1.2800000000e+02    7.9582910003e-03    6.3623046875e-01
       118   -7.5238435856e+00    5.6824443604e+01   -1.1880734064e+01    4.3568904780e+00    2.4481922396e+00   -1.4328926303e+01    1.2800000000e+02    8.4726209998e-03    6.6210937500e-01
       119   -7.4775721126e+00    5.6193033578e+01   -1.7790685353e+01    1.0313113240e+01    2.4656993435e+00   -2.0256384696e+01    1.2800000000e+02    1.0457203000e-02    6.4892578125e-01
       120   -7.5957485904e+00    5.8009950308e+01   -1.7417702462e+01    9.8219538713e+00    2.2378457552e+00   -1.9655548217e+01    1.2800000000e+02    8.5228759999e-03    6.4208984375e-01
       121   -7.4272454134e+00    5.5330377958e+01   -1.2610120102e+01    5.1828746882e+00    2.5801417247e+00   -1.5190261826e+01    1.2800000000e+02    8.7530299998e-03    6.4160156250e-01
       122   -7.3735575979e+00    5.4517614197e+01   -1.2293444391e+01    4.9198867933e+00    2.5602330688e+00   -1.4853677460e+01    1.2800000000e+02    9.4665990000e-03    6.5087890625e-01
       123   -7.3544231945e+00    5.4278122460e+01   -1.2973556801e+01    5.6191336061e+00    2.4843045903e+00   -1.5457861391e+01    1.2800000000e+02    7.9182150002e-03    6.3623046875e-01
       124   -7.6062763477e+00    5.8242116020e+01   -1.5907860036e+01    8.3015836879e+00    2.6875772951e+00   -1.8595437331e+01    1.2800000000e+02    8.0133639995e-03    6.4013671875e-01
       125   -7.4094179183e+00    5.5028589930e+01   -1.3353271609e+01    5.9438536906e+00    2.1906249157e+00   -1.5543896525e+01    1.2800000000e+02    7.9323540003e-03    6.3916015625e-01
       126   -7.5413678915e+00    5.7078884622e+01   -2.1297477710e+01    1.3756109818e+01    3.0066244874e+00   -2.4304102197e+01    1.2800000000e+02    8.1496299999e-03    6.3525390625e-01
       127   -7.4228675952e+00    5.5268312341e+01   -1.1298689989e+01    3.8758223933e+00    2.6261626640e+00   -1.3924852652e+01    1.2800000000e+02    8.2806890005e-03    6.6699218750e-01
       128   -7.4995500705e+00    5.6447188572e+01   -1.5079885858e+01    7.5803357879e+00    2.4615829520e+00   -1.7541468810e+01    1.2800000000e+02    8.5279290006e-03    6.4062500000e-01
       129   -7.3589959414e+00    5.4330320767e+01   -1.2247861044e+01    4.8888651023e+00    2.4785988133e+00   -1.4726459857e+01    1.2800000000e+02    8.8705500002e-03    6.5332031250e-01
       130   -7.4738734276e+00    5.6033404219e+01   -1.3894483776e+01    6.4206103485e+00    2.5099980601e+00   -1.6404481836e+01    1.2800000000e+02    8.8657770002e-03    6.5917968750e-01
       131   -7.4232933733e+00    5.5302168839e+01   -1.3716548722e+01    6.2932553489e+00    2.8898065958e+00   -1.6606355318e+01    1.2800000000e+02    1.2037030000e-02    6.3232421875e-01
       132   -7.4362542992e+00    5.5430627517e+01   -1.2228282106e+01    4.7920278069e+00    2.5927897272e+00   -1.4821071833e+01    1.2800000000e+02    8.5638430000e-03    6.4941406250e-01
       133   -7.4721020339e+00    5.6061132956e+01   -1.2843741162e+01    5.3716391278e+00    2.7860251575e+00   -1.5629766319e+01    1.2800000000e+02    9.6732749998e-03    6.5673828125e-01
       134   -7.3759177176e+00    5.4546020348e+01   -1.1816369134e+01    4.4404514166e+00    2.4576553986e+00   -1.4274024533e+01    1.2800000000e+02    8.0925440006e-03    6.5283203125e-01
       135   -7.3981254361e+00    5.5004459408e+01   -1.2617416349e+01    5.2192909127e+00    2.5900062244e+00   -1.5207422573e+01    1.2800000000e+02    9.8381050002e-03    6.4794921875e-01
       136   -7.4523913722e+00    5.5779668373e+01   -1.4176941283e+01    6.7245499110e+00    2.7698327651e+00   -1.6946774048e+01    1.2800000000e+02    7.7980869992e-03    6.2939453125e-01
       137   -7.3361062998e+00    5.3935997444e+01   -1.2616533051e+01    5.2804267513e+00    2.4788092495e+00   -1.5095342301e+01    1.2800000000e+02    9.6759389999e-03    6.4160156250e-01
       138   -7.5242091890e+00    5.6881018996e+01   -1.8364849524e+01    1.0840640335e+01    2.6998632340e+00   -2.1064712758e+01    1.2800000000e+02    7.8137470000e-03    6.2597656250e-01
       139   -7.3348462647e+00    5.3921188880e+01   -1.2468193500e+01    5.1333472350e+00    2.4738081399e+00   -1.4942001640e+01    1.2800000000e+02    8.7878439999e-03    6.3525390625e-01
       140   -7.6508209218e+00    5.8772609392e+01   -1.7547159219e+01    9.8963382977e+00    2.3647488418e+00   -1.9911908061e+01    1.2800000000e+02    8.7786049999e-03    6.4892578125e-01
       141   -7.6365539389e+00    5.8515987523e+01   -1.3468280836e+01    5.8317268973e+00    2.6972339222e+00   -1.6165514758e+01    1.2800000000e+02    8.0794810001e-03    6.4404296875e-01
       142   -7.3078756568e+00    5.3536856873e+01   -1.1763356733e+01    4.4554810766e+00    2.4539736279e+00   -1.4217330361e+01    1.2800000000e+02    8.2715400004e-03    6.5576171875e-01
       143   -7.5634312072e+00    5.7494795131e+01   -1.4325293463e+01    6.7618622560e+00    2.6373824285e+00   -1.6962675892e+01    1.2800000000e+02    8.1420320003e-03    6.4550781250e-01
       144   -7.4136582260e+00    5.5256923464e+01   -2.0785288246e+01    1.3371630020e+01    3.0929530594e+00   -2.3878241306e+01    1.2800000000e+02    8.3648989994e-03    6.2109375000e-01
       145   -7.3763465380e+00    5.4696501175e+01   -1.6082311276e+01    8.7059647375e+00    2.7015357279e+00   -1.8783847003e+01    1.2800000000e+02    8.7180410001e-03    6.2646484375e-01
       146   -7.4940147990e+00    5.6388034494e+01   -1.8932858161e+01    1.1438843362e+01    2.4831229267e+00   -2.1415981088e+01    1.2800000000e+02    8.7520259995e-03    6.3183593750e-01
       147   -7.7303916044e+00    6.0090202559e+01   -1.4699234444e+01    6.9688428392e+00    2.7361342810e+00   -1.7435368725e+01    1.2800000000e+02    8.0122569998e-03    6.5234375000e-01
       148   -7.5081829207e+00    5.6591505443e+01   -1.5178655834e+01    7.6704729128e+00    2.4064031139e+00   -1.7585058947e+01    1.2800000000e+02    8.8952329997e-03    6.3476562500e-01
       149   -7.8200335703e+00    6.1536688213e+01   -1.8284011458e+01    1.0463977888e+01    2.8798572158e+00   -2.1163868674e+01    1.2800000000e+02    8.3493709999e-03    6.2207031250e-01
       150   -7.5350968221e+00    5.7065091119e+01   -1.3408070415e+01    5.8729735924e+00    2.4254783440e+00   -1.5833548759e+01    1.2800000000e+02    9.8017939999e-03    6.3281250000e-01
       151   -7.4940523502e+00    5.6353000838e+01   -1.5443754920e+01    7.9497025703e+00    2.6737132191e+00   -1.8117468140e+01    1.2800000000e+02    1.1092745000e-02    6.4892578125e-01
       152   -7.5205962463e+00    5.6958476041e+01   -1.4747030607e+01    7.2264343606e+00    2.6428837264e+00   -1.7389914333e+01    1.2800000000e+02    1.1911889001e-02    6.4453125000e-01
       153   -7.4973907368e+00    5.6372277864e+01   -1.3257160870e+01    5.7597701329e+00    2.4160114158e+00   -1.5673172285e+01    1.2800000000e+02    1.0461855000e-02    6.4501953125e-01
       154   -7.5381214905e+00    5.7063005270e+01   -1.4961133201e+01    7.4230117107e+00    2.8145694639e+00   -1.7775702665e+01    1.2800000000e+02    8.4825970007e-03    6.5722656250e-01
       155   -7.5309917579e+00    5.7036890205e+01   -1.8287525920e+01    1.0756534162e+01    2.6127500177e+00   -2.0900275938e+01    1.2800000000e+02    8.3282439991e-03    6.4746093750e-01
       156   -7.5347922205e+00    5.7077068223e+01   -4.1392648943e+01    3.3857856723e+01    2.9028086724e+00   -4.4295457616e+01    1.2800000000e+02    9.1803730002e-03    6.1865234375e-01
       157   -7.5030276036e+00    5.6493681312e+01   -1.6316923533e+01    8.8138959291e+00    2.5847160652e+00   -1.8901639598e+01    1.2800000000e+02    1.1062523999e-02    6.3916015625e-01
       158   -7.4803660578e+00    5.6151853848e+01   -1.2960359233e+01    5.4799931753e+00    2.5262411635e+00   -1.5486600397e+01    1.2800000000e+02    8.2099860001e-03    6.4843750000e-01
       159   -7.4751453853e+00    5.6054941610e+01   -1.3897420288e+01    6.4222749023e+00    2.3923375898e+00   -1.6289757877e+01    1.2800000000e+02    8.3766660000e-03    6.5332031250e-01
       160   -7.5448642368e+00    5.7171189590e+01   -1.4512868994e+01    6.9680047575e+00    2.7109178750e+00   -1.7223786869e+01    1.2800000000e+02    8.0042479995e-03    6.1572265625e-01
       161   -7.4802664823e+00    5.6159418774e+01   -1.2155623062e+01    4.6753565793e+00    2.5646938560e+00   -1.4720316918e+01    1.2800000000e+02    8.4873950000e-03    6.4550781250e-01
       162   -7.4584494058e+00    5.5805068688e+01   -1.4391659116e+01    6.9332097106e+00    2.6935583704e+00   -1.7085217487e+01    1.2800000000e+02    8.1014070001e-03    6.3134765625e-01
       163   -7.7052257235e+00    5.9814055150e+01   -1.4504011463e+01    6.7987857392e+00    2.8983168569e+00   -1.7402328320e+01    1.2800000000e+02    8.5773559995e-03    6.4648437500e-01
       164   -7.4942748000e+00    5.6455279431e+01   -1.6207133659e+01    8.7128588588e+00    2.5149396935e+00   -1.8722073352e+01    1.2800000000e+02    8.2144910002e-03    6.4697265625e-01
       165   -7.4100208475e+00    5.5059835677e+01   -1.4982877906e+01    7.5728570581e+00    2.9760506179e+00   -1.7958928523e+01    1.2800000000e+02    8.8349379994e-03    6.1181640625e-01
       166   -7.4735056263e+00    5.6085485236e+01   -1.5489856594e+01    8.0163509673e+00    3.0316884749e+00   -1.8521545068e+01    1.2800000000e+02    8.3427559994e-03    6.2011718750e-01
       167   -7.4558600396e+00    5.5731628521e+01   -1.4466463727e+01    7.0106036870e+00    2.6265026426e+00   -1.7092966369e+01    1.2800000000e+02    8.8606720001e-03    6.4501953125e-01
       168   -7.4503733484e+00    5.5744272607e+01   -1.7621026047e+01    1.0170652699e+01    2.4821113485e+00   -2.0103137396e+01    1.2800000000e+02    8.5468850002e-03    6.2890625000e-01
       169   -7.4524157451e+00    5.5688957157e+01   -1.2998387640e+01    5.5459718945e+00    2.5633368378e+00   -1.5561724477e+01    1.2800000000e+02    8.0647719997e-03    6.2939453125e-01
       170   -7.4042265342e+00    5.4943325779e+01   -1.2418070987e+01    5.0138444524e+00    2.3159925250e+00   -1.4734063512e+01    1.2800000000e+02    8.6902190005e-03    6.3085937500e-01
       171   -7.3495636252e+00    5.4153416146e+01   -1.3172883715e+01    5.8233200896e+00    2.2355599731e+00   -1.5408443688e+01    1.2800000000e+02    1.1797874001e-02    6.5185546875e-01
       172   -7.3725108811e+00    5.4604551149e+01   -1.3617736589e+01    6.2452257083e+00    2.7880918033e+00   -1.6405828393e+01    1.2800000000e+02    7.8839379994e-03    6.4257812500e-01
       173   -7.4948936125e+00    5.6307463393e+01   -1.0993781430e+01    3.4988878171e+00    2.1689341251e+00   -1.3162715555e+01    1.2800000000e+02    7.9949370001e-03    6.5869140625e-01
       174   -7.3828833115e+00    5.4624805654e+01   -1.2282233874e+01    4.8993505629e+00    2.2806687465e+00   -1.4562902621e+01    1.2800000000e+02    8.3979410001e-03    6.4697265625e-01
       175   -7.5703693600e+00    5.7553646028e+01   -1.9503488276e+01    1.1933118916e+01    2.1147676202e+00   -2.1618255896e+01    1.2800000000e+02    8.3358620004e-03    6.3378906250e-01
       176   -7.4996244092e+00    5.6434354574e+01   -1.1812983716e+01    4.3133593070e+00    2.4178184972e+00   -1.4230802213e+01    1.2800000000e+02    8.4815729997e-03    6.6455078125e-01
       177   -7.4041153671e+00    5.5063600391e+01   -1.2442243536e+01    5.0381281693e+00    2.6814893145e+00   -1.5123732851e+01    1.2800000000e+02    8.3733339998e-03    6.5039062500e-01
       178   -7.3575245917e+00    5.4307927704e+01   -1.6827246674e+01    9.4697220822e+00    3.0604408769e+00   -1.9887687551e+01    1.2800000000e+02    8.5066399997e-03    6.4306640625e-01
       179   -7.4128045595e+00    5.5062933528e+01   -1.1982083127e+01    4.5692785673e+00    2.4064449906e+00   -1.4388528117e+01    1.2800000000e+02    8.3403540002e-03    6.5332031250e-01
       180   -7.3995245417e+00    5.4996187913e+01   -1.3500027024e+01    6.1005024824e+00    2.5876663184e+00   -1.6087693343e+01    1.2800000000e+02    1.0570409000e-02    6.4599609375e-01
       181   -7.4672606907e+00    5.5932536140e+01   -1.5874813674e+01    8.4075529829e+00    2.8068861913e+00   -1.8681699865e+01    1.2800000000e+02    8.2341370007e-03    6.3867187500e-01
       182   -7.5892920236e+00    5.7909018029e+01   -1.4299995039e+01    6.7107030158e+00    2.6851262475e+00   -1.6985121287e+01    1.2800000000e+02    8.3919680001e-03    6.3964843750e-01
       183   -7.4143124679e+00    5.5147591104e+01   -1.5923302954e+01    8.5089904862e+00    2.7118361147e+00   -1.8635139069e+01    1.2800000000e+02    8.1575179993e-03    6.3183593750e-01
       184   -7.6404125811e+00    5.8637761969e+01   -1.8708574647e+01    1.1068162066e+01    2.8338408006e+00   -2.1542415447e+01    1.2800000000e+02    9.0115300000e-03    6.4941406250e-01
       185   -7.5032815490e+00    5.6603036859e+01   -1.3920573692e+01    6.4172921431e+00    2.3505756373e+00   -1.6271149329e+01    1.2800000000e+02    7.9459879998e-03    6.3916015625e-01
       186   -7.4367567898e+00    5.5434564270e+01   -1.2469808632e+01    5.0330518420e+00    2.5206468031e+00   -1.4990455435e+01    1.2800000000e+02    8.1735719996e-03    6.4746093750e-01
       187   -7.3726120373e+00    5.4486894965e+01   -1.1263010154e+01    3.8903981167e+00    2.3881484514e+00   -1.3651158605e+01    1.2800000000e+02    8.0093659999e-03    6.6845703125e-01
       188   -7.4156361528e+00    5.5232353200e+01   -1.5455106713e+01    8.0394705600e+00    2.7412422604e+00   -1.8196348973e+01    1.2800000000e+02    8.0067429999e-03    6.2158203125e-01
       189   -7.6658687370e+00    5.9232244443e+01   -1.5340878096e+01    7.6750093592e+00    2.5398841419e+00   -1.7880762238e+01    1.2800000000e+02    8.7092570002e-03    6.3623046875e-01
       190   -7.3295890476e+00    5.3937267623e+01   -1.4490513021e+01    7.1609239737e+00    2.7286453749e+00   -1.7219158396e+01    1.2800000000e+02    9.5374260000e-03    6.2744140625e-01
       191   -7.4176620890e+00    5.5216848870e+01   -1.6355540639e+01    8.9378785500e+00    2.7772134529e+00   -1.9132754092e+01    1.2800000000e+02    9.3058500006e-03    6.2109375000e-01
       192   -7.4257469239e+00    5.5373459775e+01   -1.5244304022e+01    7.8185570979e+00    2.8153345963e+00   -1.8059638618e+01    1.2800000000e+02    8.0798300005e-03    6.4794921875e-01
       193   -7.4194805603e+00    5.5234730123e+01   -1.6262863975e+01    8.8433834150e+00    3.1750133002e+00   -1.9437877275e+01    1.2800000000e+02    8.7277709999e-03    6.3183593750e-01
       194   -7.6698295976e+00    5.9163092569e+01   -1.6493639734e+01    8.8238101365e+00    2.7143725061e+00   -1.9208012240e+01    1.2800000000e+02    8.0544799994e-03    6.4404296875e-01
       195   -7.4844211934e+00    5.6192767233e+01   -1.2685003259e+01    5.2005820657e+00    2.4311305956e+00   -1.5116133855e+01    1.2800000000e+02    8.1060230004e-03    6.3818359375e-01
       196   -7.4954071449e+00    5.6379517953e+01   -1.4442925546e+01    6.9475184012e+00    2.8325508643e+00   -1.7275476411e+01    1.2800000000e+02    7.9202789993e-03    6.4208984375e-01
       197   -7.4185107404e+00    5.5177721221e+01   -1.3965314219e+01    6.5468034788e+00    2.5468959424e+00   -1.6512210162e+01    1.2800000000e+02    8.0631070005e-03    6.4648437500e-01
       198   -7.6294779646e+00    5.8474426572e+01   -1.7941641326e+01    1.0312163361e+01    2.5944454120e+00   -2.0536086738e+01    1.2800000000e+02    8.2323340002e-03    6.2402343750e-01
       199   -7.5304963067e+00    5.6925237540e+01   -1.4426104694e+01    6.8956083872e+00    2.3502820175e+00   -1.6776386711e+01    1.2800000000e+02    7.9913259997e-03    6.3720703125e-01
       200   -7.6519949722e+00    5.8857603998e+01   -1.5558874899e+01    7.9068799268e+00    2.6579852200e+00   -1.8216860119e+01    1.2800000000e+02    7.9165150000e-03    6.4941406250e-01
       201   -7.4980832333e+00    5.6429385402e+01   -1.0808909300e+01    3.3108260664e+00    2.3467331821e+00   -1.3155642482e+01    1.2800000000e+02    8.6400339997e-03    6.5869140625e-01
       202   -7.4153985765e+00    5.5160755886e+01   -1.2614941965e+01    5.1995433887e+00    2.4681438450e+00   -1.5083085810e+01    1.2800000000e+02    7.9002699995e-03    6.2402343750e-01
       203   -7.4510469706e+00    5.5730861684e+01   -1.2815293736e+01    5.3642467658e+00    2.7049367566e+00   -1.5520230493e+01    1.2800000000e+02    8.1420719998e-03    6.5332031250e-01
       204   -7.5377616265e+00    5.7109813428e+01   -1.4446276192e+01    6.9085145659e+00    2.6454928781e+00   -1.7091769070e+01    1.2800000000e+02    8.5431950001e-03    6.4062500000e-01
       205   -7.3891723624e+00    5.4751014705e+01   -1.1907898612e+01    4.5187262493e+00    2.7602309514e+00   -1.4668129563e+01    1.2800000000e+02    8.4997550002e-03    6.4404296875e-01
       206   -7.5395364020e+00    5.7027553121e+01   -1.4347093962e+01    6.8075575604e+00    2.5870517850e+00   -1.6934145747e+01    1.2800000000e+02    8.2792020003e-03    6.4208984375e-01
       207   -7.6548139632e+00    5.8909559370e+01   -1.4905525283e+01    7.2507113193e+00    3.0014225347e+00   -1.7906947817e+01    1.2800000000e+02    8.5910150001e-03    6.3378906250e-01
       208   -7.4219478513e+00    5.5213268271e+01   -1.1416395939e+01    3.9944480878e+00    2.8177810088e+00   -1.4234176948e+01    1.2800000000e+02    8.3055989999e-03    6.4013671875e-01
       209   -7.5160708546e+00    5.6754001166e+01   -2.4004699166e+01    1.6488628312e+01    2.8981764104e+00   -2.6902875577e+01    1.2800000000e+02    8.7225549996e-03    6.4404296875e-01
       210   -7.5440731878e+00    5.7096667562e+01   -1.8487990277e+01    1.0943917089e+01    2.5270564903e+00   -2.1015046767e+01    1.2800000000e+02    9.0128310003e-03    6.2207031250e-01
       211   -7.4283108423e+00    5.5374698324e+01   -1.6868352049e+01    9.4400412070e+00    2.4129432543e+00   -1.9281295304e+01    1.2800000000e+02    8.9835609997e-03    6.6113281250e-01
       212   -7.4062257034e+00    5.5014462196e+01   -1.2778081508e+01    5.3718558042e+00    2.5345755210e+00   -1.5312657029e+01    1.2800000000e+02    8.8734600004e-03    6.6308593750e-01
       213   -7.4763746216e+00    5.6082467090e+01   -1.1785851822e+01    4.3094772009e+00    2.5719276387e+00   -1.4357779461e+01    1.2800000000e+02    1.3539696000e-02    6.5869140625e-01
       214   -7.5661344407e+00    5.7531208682e+01   -1.9486159719e+01    1.1920025278e+01    2.6327671794e+00   -2.2118926898e+01    1.2800000000e+02    1.6394662000e-02    6.3964843750e-01
       215   -7.3821861426e+00    5.4769305753e+01   -1.3916069804e+01    6.5338836610e+00    2.8795764194e+00   -1.6795646223e+01    1.2800000000e+02    1.3377860000e-02    6.2451171875e-01
       216   -7.5726676903e+00    5.7485857733e+01   -1.8134497819e+01    1.0561830128e+01    2.3840794825e+00   -2.0518577301e+01    1.2800000000e+02    8.7013709999e-03    6.5087890625e-01
       217   -7.5201855360e+00    5.6718327137e+01   -1.5000833829e+01    7.4806482930e+00    2.3507960112e+00   -1.7351629840e+01    1.2800000000e+02    8.4039590001e-03    6.4501953125e-01
       218   -7.5362186063e+00    5.6991992705e+01   -3.2361523066e+01    2.4825304460e+01    2.6352452808e+00   -3.4996768347e+01    1.2800000000e+02    7.8216370002e-03    6.2451171875e-01
       219   -7.6283468614e+00    5.8622761874e+01   -1.9635270586e+01    1.2006923725e+01    2.9274544164e+00   -2.2562725003e+01    1.2800000000e+02    8.3243910003e-03    6.1181640625e-01
       220   -7.4460685237e+00    5.5606829915e+01   -1.5457512842e+01    8.0114443181e+00    2.6745610698e+00   -1.8132073912e+01    1.2800000000e+02    8.6294479997e-03    6.3867187500e-01
       221   -7.4553560978e+00    5.5899448545e+01   -1.3266141450e+01    5.8107853522e+00    2.4459868620e+00   -1.5712128312e+01    1.2800000000e+02    9.3598860003e-03    6.4404296875e-01
       222   -7.3889875868e+00    5.4707797482e+01   -1.4260656371e+01    6.8716687845e+00    2.7923482565e+00   -1.7053004628e+01    1.2800000000e+02    1.1534803000e-02    6.4160156250e-01
       223   -7.6909894839e+00    5.9462328606e+01   -1.9105014887e+01    1.1414025403e+01    3.1783568038e+00   -2.2283371691e+01    1.2800000000e+02    9.1981890000e-03    6.3427734375e-01
       224   -7.6147934493e+00    5.8289047692e+01   -1.8155744310e+01    1.0540950860e+01    2.8221086476e+00   -2.0977852957e+01    1.2800000000e+02    1.1857625001e-02    6.1816406250e-01
       225   -7.3949105453e+00    5.4827645435e+01   -1.3944952207e+01    6.5500416613e+00    2.6806970643e+00   -1.6625649271e+01    1.2800000000e+02    8.4587049996e-03    6.2939453125e-01
       226   -7.5657798103e+00    5.7489547626e+01   -1.5706386680e+01    8.1406068694e+00    2.6953945906e+00   -1.8401781270e+01    1.2800000000e+02    8.4168739995e-03    6.2841796875e-01
       227   -7.3682697652e+00    5.4457803703e+01   -1.2758930976e+01    5.3906612112e+00    2.4534584551e+00   -1.5212389432e+01    1.2800000000e+02    8.6997680000e-03    6.4501953125e-01
       228   -7.4471070563e+00    5.5620903079e+01   -1.2252714145e+01    4.8056070890e+00    2.7222135105e+00   -1.4974927656e+01    1.2800000000e+02    8.9676790003e-03    6.5429687500e-01
       229   -7.6138663947e+00    5.8282292833e+01   -1.8819157204e+01    1.1205290809e+01    2.8541848506e+00   -2.1673342055e+01    1.2800000000e+02    7.9219649997e-03    6.1621093750e-01
       230   -7.4124031397e+00    5.5204576163e+01   -1.4273288119e+01    6.8608849794e+00    2.9523882636e+00   -1.7225676383e+01    1.2800000000e+02    8.9163390003e-03    6.1718750000e-01
       231   -7.4196423035e+00    5.5194867074e+01   -1.4313816368e+01    6.8941740643e+00    2.3852566043e+00   -1.6699072972e+01    1.2800000000e+02    8.0076929999e-03    6.4062500000e-01
       232   -7.4877325181e+00    5.6270877453e+01   -1.5596629201e+01    8.1088966829e+00    2.2412406704e+00   -1.7837869871e+01    1.2800000000e+02    7.7950770001e-03    6.3720703125e-01
       233   -7.3440456345e+00    5.4084277218e+01   -1.2035956980e+01    4.6919113451e+00    2.1501712052e+00   -1.4186128185e+01    1.2800000000e+02    8.0316240001e-03    6.5234375000e-01
       234   -7.3741010429e+00    5.4523113471e+01   -1.4499112236e+01    7.1250111928e+00    2.6828111595e+00   -1.7181923395e+01    1.2800000000e+02    9.3272159993e-03    6.5185546875e-01
       235   -7.4030460789e+00    5.4942781115e+01   -1.2797281059e+01    5.3942349799e+00    2.2996294990e+00   -1.5096910558e+01    1.2800000000e+02    1.0263698000e-02    6.5917968750e-01
       236   -7.3886489118e+00    5.4818787724e+01   -1.3502826338e+01    6.1141774266e+00    2.5123886807e+00   -1.6015215019e+01    1.2800000000e+02    8.2301579996e-03    6.4697265625e-01
       237   -7.5890764166e+00    5.7832539744e+01   -1.2604361255e+01    5.0152848384e+00    2.8287571529e+00   -1.5433118408e+01    1.2800000000e+02    9.2429619999e-03    6.4892578125e-01
       238   -7.5155150966e+00    5.6660864243e+01   -1.6667258196e+01    9.1517430994e+00    2.3208132358e+00   -1.8988071432e+01    1.2800000000e+02    8.3839150002e-03    6.4404296875e-01
       239   -7.4708558607e+00    5.6065474963e+01   -1.3640115771e+01    6.1692599106e+00    2.4956573584e+00   -1.6135773130e+01    1.2800000000e+02    8.4859549997e-03    6.5039062500e-01
       240   -7.5046487052e+00    5.6717026240e+01   -1.2902336505e+01    5.3976878002e+00    2.6943656490e+00   -1.5596702154e+01    1.2800000000e+02    8.0612920001e-03    6.4599609375e-01
       241   -7.4265369621e+00    5.5313260204e+01   -1.1700482005e+01    4.2739450425e+00    2.3101287848e+00   -1.4010610789e+01    1.2800000000e+02    8.6377680000e-03    6.6796875000e-01
       242   -7.4878238910e+00    5.6338630246e+01   -1.2083464572e+01    4.5956406809e+00    2.1882850061e+00   -1.4271749578e+01    1.2800000000e+02    8.3712539999e-03    6.5527343750e-01
       243   -7.5176639744e+00    5.6874572684e+01   -1.4713646988e+01    7.1959830135e+00    2.7054663572e+00   -1.7419113345e+01    1.2800000000e+02    8.5033599998e-03    6.2841796875e-01
       244   -7.4765903294e+00    5.6119952519e+01   -1.4340833370e+01    6.8642430407e+00    2.7652278961e+00   -1.7106061266e+01    1.2800000000e+02    7.7930219995e-03    6.2255859375e-01
       245   -7.3432012742e+00    5.4114589453e+01   -1.2283880759e+01    4.9406794853e+00    2.5525322605e+00   -1.4836413020e+01    1.2800000000e+02    1.0097525001e-02    6.3769531250e-01
       246   -7.5451760983e+00    5.7121422272e+01   -1.9784216878e+01    1.2239040779e+01    2.5740713928e+00   -2.2358288270e+01    1.2800000000e+02    8.1020480002e-03    6.3525390625e-01
       247   -7.4716502941e+00    5.5971231270e+01   -1.3569435163e+01    6.0977848687e+00    2.3653712949e+00   -1.5934806458e+01    1.2800000000e+02    7.9093260001e-03    6.5576171875e-01
       248   -7.5076328627e+00    5.6598306984e+01   -1.7441326904e+01    9.9336940414e+00    2.5690036859e+00   -2.0010330590e+01    1.2800000000e+02    7.7375670007e-03    6.2646484375e-01
       249   -7.4338229082e+00    5.5469241505e+01   -1.3093153329e+01    5.6593304210e+00    2.1109858493e+00   -1.5204139179e+01    1.2800000000e+02    8.1297070001e-03    6.7871093750e-01
       250   -7.6332844428e+00    5.8617541038e+01   -2.6831467233e+01    1.9198182790e+01    2.8477140884e+00   -2.9679181321e+01    1.2800000000e+02    7.8315949995e-03    6.2402343750e-01
       251   -7.5558531539e+00    5.7372964124e+01   -1.6677624557e+01    9.1217714032e+00    2.8821920778e+00   -1.9559816635e+01    1.2800000000e+02    8.2336790001e-03    6.1865234375e-01
       252   -7.3754189437e+00    5.4514995629e+01   -1.3273382206e+01    5.8979632626e+00    2.3125140697e+00   -1.5585896276e+01    1.2800000000e+02    9.5541170003e-03    6.4599609375e-01
       253   -7.3645160019e+00    5.4415612330e+01   -1.4359427948e+01    6.9949119461e+00    2.7208300653e+00   -1.7080258013e+01    1.2800000000e+02    1.5553976999e-02    6.3183593750e-01
       254   -7.4472007865e+00    5.5587645685e+01   -1.1488618655e+01    4.0414178687e+00    2.2723620327e+00   -1.3760980688e+01    1.2800000000e+02    1.3414905000e-02    6.6162109375e-01
       255   -7.4030719745e+00    5.4986818495e+01   -1.3550669616e+01    6.1475976411e+00    2.7723893973e+00   -1.6323059013e+01    1.2800000000e+02    1.2191104000e-02    6.2597656250e-01
       256   -7.3297935968e+00    5.3883690895e+01   -1.1906252696e+01    4.5764590992e+00    2.4708348197e+00   -1.4377087516e+01    1.2800000000e+02    1.2204955000e-02    6.4697265625e-01
       257   -7.4374171621e+00    5.5582779839e+01   -1.2144652206e+01    4.7072350440e+00    2.6432013070e+00   -1.4787853513e+01    1.2800000000e+02    1.4139170999e-02    6.3232421875e-01
       258   -7.5312636855e+00    5.6949478622e+01   -1.3014533065e+01    5.4832693793e+00    2.9995118182e+00   -1.6014044883e+01    1.2800000000e+02    1.5005358000e-02    6.4160156250e-01
       259   -7.4445868971e+00    5.5672083022e+01   -1.5105908756e+01    7.6613218586e+00    2.7793150942e+00   -1.7885223850e+01    1.2800000000e+02    1.4214097000e-02    6.3671875000e-01
       260   -7.4193468950e+00    5.5332040975e+01   -1.4527991519e+01    7.1086446241e+00    2.5888596826e+00   -1.7116851202e+01    1.2800000000e+02    1.3166269000e-02    6.2792968750e-01
       261   -7.4986818795e+00    5.6467086071e+01   -1.4575758507e+01    7.0770766276e+00    2.9677171965e+00   -1.7543475704e+01    1.2800000000e+02    8.9007209999e-03    6.3769531250e-01
       262   -7.4604932778e+00    5.5873223964e+01   -1.5555886845e+01    8.0953935670e+00    2.6201103049e+00   -1.8175997150e+01    1.2800000000e+02    1.1704635001e-02    6.3427734375e-01
       263   -7.4209781044e+00    5.5209594528e+01   -1.3631574677e+01    6.2105965730e+00    2.5231892551e+00   -1.6154763933e+01    1.2800000000e+02    1.3700033000e-02    6.3232421875e-01
       264   -7.5634332434e+00    5.7475437340e+01   -2.2359625575e+01    1.4796192332e+01    3.2535888074e+00   -2.5613214382e+01    1.2800000000e+02    8.5563830007e-03    5.8789062500e-01
       265   -7.4736948833e+00    5.6140344576e+01   -1.3071577944e+01    5.5978830607e+00    2.6468192810e+00   -1.5718397225e+01    1.2800000000e+02    1.0062241000e-02    6.4990234375e-01
       266   -7.4483212258e+00    5.5599051666e+01   -1.4045522929e+01    6.5972017031e+00    2.6905608778e+00   -1.6736083807e+01    1.2800000000e+02    1.1856174000e-02    6.4208984375e-01
       267   -7.4764276874e+00    5.6127707333e+01   -1.7378646906e+01    9.9022192182e+00    2.4475576611e+00   -1.9826204567e+01    1.2800000000e+02    1.2408141000e-02    6.1425781250e-01
       268   -7.5104079731e+00    5.6573787988e+01   -1.1033369203e+01    3.5229612298e+00    2.4815299366e+00   -1.3514899140e+01    1.2800000000e+02    8.8014969997e-03    6.6992187500e-01
       269   -7.7581034846e+00    6.0573266961e+01   -2.3738007627e+01    1.5979904142e+01    2.8914932879e+00   -2.6629500915e+01    1.2800000000e+02    8.4699640001e-03    6.2255859375e-01
       270   -7.4283608376e+00    5.5427279403e+01   -1.8112842713e+01    1.0684481875e+01    2.9752262017e+00   -2.1088068915e+01    1.2800000000e+02    8.3904189996e-03    6.1474609375e-01
       271   -7.5433238911e+00    5.7199146330e+01   -2.4817902773e+01    1.7274578881e+01    2.6118827190e+00   -2.7429785492e+01    1.2800000000e+02    7.9111870000e-03    6.5380859375e-01
       272   -7.3930446135e+00    5.4786762185e+01   -1.3373719912e+01    5.9806752986e+00    2.3359213732e+00   -1.5709641285e+01    1.2800000000e+02    7.9666080001e-03    6.6699218750e-01
       273   -7.4688244847e+00    5.6087382694e+01   -1.6812078195e+01    9.3432537100e+00    2.8661609945e+00   -1.9678239189e+01    1.2800000000e+02    8.1235620000e-03    6.4697265625e-01
       274   -7.3987449928e+00    5.4859470326e+01   -1.3065573897e+01    5.6668289044e+00    2.8338355431e+00   -1.5899409440e+01    1.2800000000e+02    8.4660690000e-03    6.4355468750e-01
       275   -7.3942434397e+00    5.4850823686e+01   -1.3552506277e+01    6.1582628374e+00    2.6922673926e+00   -1.6244773670e+01    1.2800000000e+02    8.5700220006e-03    6.3574218750e-01
       276   -7.4684024411e+00    5.5993205905e+01   -1.9697144612e+01    1.2228742171e+01    2.6834228341e+00   -2.2380567446e+01    1.2800000000e+02    7.8968859998e-03    6.3916015625e-01
       277   -7.5007539402e+00    5.6415272331e+01   -1.6406483915e+01    8.9057299745e+00    2.7136687538e+00   -1.9120152669e+01    1.2800000000e+02    8.1646630006e-03    6.3574218750e-01
       278   -7.4185886107e+00    5.5194972234e+01   -1.2573452509e+01    5.1548638981e+00    2.3099133166e+00   -1.4883365825e+01    1.2800000000e+02    7.7390690003e-03    6.4111328125e-01
       279   -7.4886027283e+00    5.6298232013e+01   -1.2799308877e+01    5.3107061490e+00    2.8432735341e+00   -1.5642582411e+01    1.2800000000e+02    8.1042930005e-03    6.4453125000e-01
       280   -7.5041678453e+00    5.6625910040e+01   -1.5810478461e+01    8.3063106161e+00    2.3880485763e+00   -1.8198527038e+01    1.2800000000e+02    7.7993559999e-03    6.3281250000e-01
       281   -7.3975355467e+00    5.4870511009e+01   -1.3181316218e+01    5.7837806713e+00    2.4116987142e+00   -1.5593014932e+01    1.2800000000e+02    8.1556730001e-03    6.6015625000e-01
       282   -7.3044877655e+00    5.3501891119e+01   -1.2887965699e+01    5.5834779334e+00    2.6460674968e+00   -1.5534033196e+01    1.2800000000e+02    7.7966049994e-03    6.2792968750e-01
       283   -7.4973347500e+00    5.6398496970e+01   -1.4217825825e+01    6.7204910748e+00    2.4622838152e+00   -1.6680109640e+01    1.2800000000e+02    8.3996829999e-03    6.4550781250e-01
       284   -7.4160862800e+00    5.5164661101e+01   -1.5705611823e+01    8.2895255427e+00    2.6996567820e+00   -1.8405268605e+01    1.2800000000e+02    7.9395860002e-03    6.3916015625e-01
       285   -7.3741448514e+00    5.4552338571e+01   -1.2932356104e+01    5.5582112530e+00    2.5142505404e+00   -1.5446606645e+01    1.2800000000e+02    8.0573569994e-03    6.3525390625e-01
       286   -7.5669840005e+00    5.7490048202e+01   -2.1786855787e+01    1.4219871787e+01    2.3599276391e+00   -2.4146783427e+01    1.2800000000e+02    8.1985130000e-03    6.1669921875e-01
       287   -7.4570630893e+00    5.5728027947e+01   -1.3321755763e+01    5.8646926742e+00    2.3622181078e+00   -1.5683973871e+01    1.2800000000e+02    7.8729659999e-03    6.6845703125e-01
       288   -7.4407645357e+00    5.5580400158e+01   -1.7903761399e+01    1.0462996863e+01    2.6824316884e+00   -2.0586193087e+01    1.2800000000e+02    1.1773968999e-02    6.3623046875e-01
       289   -7.4743962000e+00    5.6108110233e+01   -2.2444961930e+01    1.4970565730e+01    2.5983783384e+00   -2.5043340268e+01    1.2800000000e+02    8.3685849995e-03    6.2060546875e-01
       290   -7.5398986318e+00    5.7065021470e+01   -1.3679450977e+01    6.1395523452e+00    2.6337826554e+00   -1.6313233632e+01    1.2800000000e+02    8.6017160002e-03    6.4501953125e-01
       291   -7.4701238951e+00    5.6011262220e+01   -1.5191262214e+01    7.7211383193e+00    2.9870942309e+00   -1.8178356445e+01    1.2800000000e+02    8.2747500001e-03    6.4013671875e-01
       292   -7.4416529757e+00    5.5544123652e+01   -1.7834149060e+01    1.0392496085e+01    2.1882219566e+00   -2.0022371017e+01    1.2800000000e+02    8.7040519993e-03    6.5380859375e-01
       293   -7.5935960066e+00    5.8097256664e+01   -1.8398397607e+01    1.0804801600e+01    2.4635800387e+00   -2.0861977646e+01    1.2800000000e+02    1.5236358000e-02    6.3134765625e-01
       294   -7.5728050142e+00    5.7656821871e+01   -1.6710491009e+01    9.1376859948e+00    2.5551133736e+00   -1.9265604383e+01    1.2800000000e+02    1.0942568000e-02    6.3037109375e-01
       295   -7.4066953636e+00    5.5014724850e+01   -1.2798409362e+01    5.3917139983e+00    2.1609385611e+00   -1.4959347923e+01    1.2800000000e+02    7.8666109994e-03    6.5332031250e-01
       296   -7.5637898281e+00    5.7508383107e+01   -1.2360139521e+01    4.7963496926e+00    2.5573214168e+00   -1.4917460938e+01    1.2800000000e+02    8.1193810001e-03    6.4599609375e-01
       297   -7.4993999664e+00    5.6499913722e+01   -1.6315738656e+01    8.8163386896e+00    2.8903800034e+00   -1.9206118659e+01    1.2800000000e+02    8.2100489999e-03    6.2548828125e-01
       298   -7.4264901150e+00    5.5319897199e+01   -1.5547178318e+01    8.1206882031e+00    2.9375270676e+00   -1.8484705386e+01    1.2800000000e+02    8.0147029994e-03    6.2646484375e-01
       299   -7.4651395655e+00    5.5918171544e+01   -1.5958143467e+01    8.4930039010e+00    2.6196913083e+00   -1.8577834775e+01    1.2800000000e+02    7.7211309999e-03    6.2548828125e-01
       300   -7.4317714986e+00    5.5461387069e+01   -1.3468341914e+01    6.0365704156e+00    2.6734949795e+00   -1.6141836894e+01    1.2800000000e+02    8.1192979997e-03    6.3720703125e-01
       301   -7.5172695059e+00    5.6761489727e+01   -1.6415813409e+01    8.8985439029e+00    2.5385819785e+00   -1.8954395387e+01    1.2800000000e+02    8.2415310007e-03    6.4306640625e-01
       302   -7.4209227916e+00    5.5170155840e+01   -1.0875439522e+01    3.4545167306e+00    2.5434958033e+00   -1.3418935326e+01    1.2800000000e+02    8.1221020000e-03    6.6650390625e-01
       303   -7.4858586541e+00    5.6340609397e+01   -1.5382072660e+01    7.8962140057e+00    2.5038424851e+00   -1.7885915145e+01    1.2800000000e+02    7.7816180001e-03    6.3134765625e-01
       304   -7.4341480735e+00    5.5391085299e+01   -1.2457897103e+01    5.0237490299e+00    2.8208049180e+00   -1.5278702021e+01    1.2800000000e+02    1.0674589000e-02    6.4062500000e-01
       305   -7.4996877939e+00    5.6438099054e+01   -1.3381596856e+01    5.8819090623e+00    2.6708276303e+00   -1.6052424487e+01    1.2800000000e+02    7.9668060007e-03    6.8408203125e-01
       306   -7.3966795985e+00    5.4879456012e+01   -1.2911155484e+01    5.5144758852e+00    2.7726218135e+00   -1.5683777297e+01    1.2800000000e+02    8.4792799998e-03    6.4160156250e-01
       307   -7.6161824841e+00    5.8400988648e+01   -1.5032283077e+01    7.4161005926e+00    2.3311746856e+00   -1.7363457762e+01    1.2800000000e+02    7.7661300002e-03    6.3183593750e-01
       308   -7.3888820080e+00    5.4791858490e+01   -1.3352218968e+01    5.9633369595e+00    2.8461321628e+00   -1.6198351130e+01    1.2800000000e+02    8.5327840006e-03    6.3134765625e-01
       309   -7.4012139554e+00    5.4967933230e+01   -1.8240778339e+01    1.0839564384e+01    3.1767044343e+00   -2.1417482774e+01    1.2800000000e+02    8.8937880000e-03    6.0986328125e-01
       310   -7.6010786683e+00    5.8175539925e+01   -1.5960339582e+01    8.3592609138e+00    2.7334218547e+00   -1.8693761437e+01    1.2800000000e+02    8.4015419998e-03    6.2890625000e-01
       311   -7.4823060713e+00    5.6200938870e+01   -1.3567646743e+01    6.0853406717e+00    2.5285239970e+00   -1.6096170740e+01    1.2800000000e+02    8.0175629992e-03    6.3916015625e-01
       312   -7.4620430827e+00    5.5823492168e+01   -1.7898781124e+01    1.0436738041e+01    2.4953888025e+00   -2.0394169926e+01    1.2800000000e+02    8.7222379998e-03    6.5429687500e-01
       313   -7.5196643318e+00    5.6775846575e+01   -1.4786155736e+01    7.2664914040e+00    2.4606126442e+00   -1.7246768380e+01    1.2800000000e+02    8.1591130001e-03    6.4111328125e-01
       314   -7.6636821338e+00    5.9313569963e+01   -1.5534342153e+01    7.8706600197e+00    2.7286877387e+00   -1.8263029892e+01    1.2800000000e+02    8.5982689998e-03    6.3427734375e-01
       315   -7.3500410459e+00    5.4206235308e+01   -1.4485841544e+01    7.1358004979e+00    2.9811425036e+00   -1.7466984047e+01    1.2800000000e+02    8.2962980005e-03    6.3134765625e-01
       316   -7.5837491138e+00    5.7826448267e+01   -1.5115237911e+01    7.5314887970e+00    2.8170328148e+00   -1.7932270726e+01    1.2800000000e+02    8.2775880001e-03    6.5673828125e-01
       317   -7.6261445685e+00    5.8471499059e+01   -1.5816890514e+01    8.1907459459e+00    2.4949992207e+00   -1.8311889735e+01    1.2800000000e+02    8.1460260008e-03    6.4794921875e-01
       318   -7.5203938851e+00    5.6810693716e+01   -1.2901970264e+01    5.3815763786e+00    2.5981248983e+00   -1.5500095162e+01    1.2800000000e+02    1.3971748001e-02    6.3085937500e-01
       319   -7.6671831930e+00    5.9243351886e+01   -2.8037410309e+01    2.0370227116e+01    2.6415946037e+00   -3.0679004912e+01    1.2800000000e+02    1.5349120000e-02    6.3232421875e-01
       320   -7.5345853606e+00    5.6969948847e+01   -1.2503896618e+01    4.9693112578e+00    2.7330663742e+00   -1.5236962993e+01    1.2800000000e+02    1.4012358000e-02    6.4111328125e-01
       321   -7.4310930338e+00    5.5398493355e+01   -1.6111415585e+01    8.6803225511e+00    3.0051732303e+00   -1.9116588815e+01    1.2800000000e+02    1.0105066000e-02    6.2011718750e-01
       322   -7.5015656142e+00    5.6554518001e+01   -1.6782822899e+01    9.2812572846e+00    2.4064343968e+00   -1.9189257296e+01    1.2800000000e+02    8.3590820004e-03    6.4697265625e-01
       323   -7.4471338126e+00    5.5756878045e+01   -1.4245229421e+01    6.7980956083e+00    2.5773879283e+00   -1.6822617349e+01    1.2800000000e+02    8.1697209998e-03    6.1181640625e-01
       324   -7.5493663869e+00    5.7269951709e+01   -2.1533758528e+01    1.3984392141e+01    2.5015033324e+00   -2.4035261860e+01    1.2800000000e+02    8.3429429997e-03    6.4404296875e-01
       325   -7.5270685491e+00    5.7003937728e+01   -1.7769428977e+01    1.0242360428e+01    3.0029107724e+00   -2.0772339750e+01    1.2800000000e+02    7.9263389998e-03    6.0986328125e-01
       326   -7.4427553368e+00    5.5616501933e+01   -1.6465075973e+01    9.0223206359e+00    2.6831779122e+00   -1.9148253885e+01    1.2800000000e+02    8.0085529999e-03    6.0205078125e-01
       327   -7.4135741164e+00    5.5096180283e+01   -1.3273922997e+01    5.8603488809e+00    2.5981215719e+00   -1.5872044569e+01    1.2800000000e+02    8.1258979999e-03    6.4355468750e-01
       328   -7.4871367383e+00    5.6239326027e+01   -1.3378332815e+01    5.8911960766e+00    2.3446913846e+00   -1.5723024200e+01    1.2800000000e+02    8.7084739998e-03    6.4892578125e-01
       329   -7.6404853387e+00    5.8721568615e+01   -1.6442832607e+01    8.8023472685e+00    2.7533025409e+00   -1.9196135148e+01    1.2800000000e+02    8.7083989993e-03    6.3623046875e-01
       330   -7.4877500615e+00    5.6297635724e+01   -1.6818999323e+01    9.3312492614e+00    2.7239937832e+00   -1.9542993106e+01    1.2800000000e+02    8.0182839993e-03    6.4697265625e-01
       331   -7.3567486928e+00    5.4226902913e+01   -1.3223425129e+01    5.8666764366e+00    2.5051734604e+00   -1.5728598590e+01    1.2800000000e+02    8.1991500001e-03    6.3623046875e-01
       332   -7.4705570709e+00    5.5984046407e+01   -1.2692594602e+01    5.2220375315e+00    2.6821677338e+00   -1.5374762336e+01    1.2800000000e+02    8.2667770002e-03    6.5625000000e-01
       333   -7.4259392767e+00    5.5406083337e+01   -1.1926208008e+01    4.5002687311e+00    2.3396805053e+00   -1.4265888513e+01    1.2800000000e+02    8.4556000002e-03    6.5869140625e-01
       334   -7.4416503264e+00    5.5586936544e+01   -2.4626797500e+01    1.7185147174e+01    3.0372390419e+00   -2.7664036542e+01    1.2800000000e+02    8.4038499999e-03    6.1914062500e-01
       335   -7.4744000961e+00    5.5973309603e+01   -1.3844113253e+01    6.3697131574e+00    2.3244534634e+00   -1.6168566717e+01    1.2800000000e+02    7.8886080000e-03    6.3671875000e-01
       336   -7.5857654037e+00    5.7964711711e+01   -1.7518702372e+01    9.9329369685e+00    2.3842729630e+00   -1.9902975335e+01    1.2800000000e+02    1.0197989001e-02    6.3818359375e-01
       337   -7.5573732319e+00    5.7417573988e+01   -1.7126548767e+01    9.5691755350e+00    3.0571082711e+00   -2.0183657038e+01    1.2800000000e+02    7.9820569999e-03    6.2646484375e-01
       338   -7.4941103559e+00    5.6373903887e+01   -1.4290257449e+01    6.7961470933e+00    2.5468663679e+00   -1.6837123817e+01    1.2800000000e+02    1.2053342000e-02    6.3427734375e-01
       339   -7.3546936710e+00    5.4235431979e+01   -1.1450853792e+01    4.0961601209e+00    2.6311467151e+00   -1.4082000507e+01    1.2800000000e+02    1.3320814000e-02    6.5136718750e-01
       340   -7.3933484846e+00    5.4941622750e+01   -1.3124866360e+01    5.7315178749e+00    2.6223190608e+00   -1.5747185420e+01    1.2800000000e+02    7.9433379997e-03    6.3427734375e-01
       341   -7.4126628317e+00    5.5185445429e+01   -1.2200979890e+01    4.7883170585e+00    2.3658028394e+00   -1.4566782730e+01    1.2800000000e+02    7.8628210003e-03    6.5039062500e-01
       342   -7.3982352662e+00    5.4870786245e+01   -1.6996943205e+01    9.5987079389e+00    2.9561756240e+00   -1.9953118829e+01    1.2800000000e+02    8.0257330001e-03    6.2597656250e-01
       343   -7.4901296725e+00    5.6265160934e+01   -1.4675942960e+01    7.1858132879e+00    2.5713816803e+00   -1.7247324641e+01    1.2800000000e+02    7.8668260003e-03    6.4697265625e-01
       344   -7.6325772409e+00    5.8765348120e+01   -1.9878461519e+01    1.2245884278e+01    3.4802467511e+00   -2.3358708270e+01    1.2800000000e+02    7.8958929998e-03    6.1669921875e-01
       345   -7.6385219074e+00    5.8581307998e+01   -2.1868191547e+01    1.4229669640e+01    2.8094331211e+00   -2.4677624668e+01    1.2800000000e+02    7.8671239999e-03    6.1914062500e-01
       346   -7.4660304513e+00    5.5955706783e+01   -1.2346787866e+01    4.8807574144e+00    2.6539924527e+00   -1.5000780318e+01    1.2800000000e+02    7.8678370000e-03    6.4355468750e-01
       347   -7.4143922954e+00    5.5097900679e+01   -1.4074034548e+01    6.6596422530e+00    2.7269353114e+00   -1.6800969860e+01    1.2800000000e+02    7.8254779992e-03    6.3378906250e-01
       348   -7.3516871770e+00    5.4259618054e+01   -1.3059348116e+01    5.7076609392e+00    2.7189164890e+00   -1.5778264605e+01    1.2800000000e+02    7.8410079996e-03    6.3964843750e-01
       349   -7.4598482957e+00    5.5764919659e+01   -1.2279034842e+01    4.8191865467e+00    2.4903662400e+00   -1.4769401082e+01    1.2800000000e+02    7.9501749997e-03    6.5380859375e-01
       350   -7.4528602402e+00    5.5763518337e+01   -1.9162566883e+01    1.1709706643e+01    2.9316555154e+00   -2.2094222398e+01    1.2800000000e+02    8.3303989995e-03    6.3964843750e-01
       351   -7.3954706930e+00    5.5003021859e+01   -1.3701832729e+01    6.3063620355e+00    2.4949578497e+00   -1.6196790578e+01    1.2800000000e+02    7.9341299997e-03    6.3916015625e-01
       352   -7.5287864324e+00    5.6953917914e+01   -1.2546505557e+01    5.0177191248e+00    2.6297901457e+00   -1.5176295703e+01    1.2800000000e+02    8.2300590002e-03    6.5039062500e-01
       353   -7.4448810754e+00    5.5804565002e+01   -1.5942323332e+01    8.4974422568e+00    3.0437397277e+00   -1.8986063060e+01    1.2800000000e+02    7.9388309996e-03    6.1962890625e-01
       354   -7.4286952257e+00    5.5344598958e+01   -1.6365188720e+01    8.9364934946e+00    2.4102015948e+00   -1.8775390315e+01    1.2800000000e+02    7.9145849995e-03    6.2646484375e-01
       355   -7.4441700639e+00    5.5626064947e+01   -1.2575336463e+01    5.1311663989e+00    2.3491541727e+00   -1.4924490636e+01    1.2800000000e+02    8.7284120000e-03    6.5185546875e-01
       356   -7.4629482075e+00    5.5944580057e+01   -1.6168840227e+01    8.7058920195e+00    2.9276639237e+00   -1.9096504151e+01    1.2800000000e+02    8.1305680005e-03    6.1718750000e-01
       357   -7.4818373202e+00    5.6193255430e+01   -1.5042425951e+01    7.5605886303e+00    2.5798590157e+00   -1.7622284966e+01    1.2800000000e+02    8.7340570008e-03    6.4697265625e-01
       358   -7.5391485796e+00    5.7161281942e+01   -1.3611333597e+01    6.0721850175e+00    2.7225251250e+00   -1.6333858722e+01    1.2800000000e+02    8.3190169998e-03    6.3574218750e-01
       359   -7.5178766934e+00    5.6749796665e+01   -1.9001667952e+01    1.1483791259e+01    2.4274819010e+00   -2.1429149853e+01    1.2800000000e+02    8.9061090002e-03    6.5966796875e-01
       360   -7.3681527736e+00    5.4532459592e+01   -1.7846374197e+01    1.0478221423e+01    2.8760218720e+00   -2.0722396069e+01    1.2800000000e+02    8.2584219999e-03    6.1132812500e-01
       361   -7.5177867900e+00    5.6792334344e+01   -1.6507773606e+01    8.9899868163e+00    2.7553926342e+00   -1.9263166240e+01    1.2800000000e+02    9.2075009998e-03    6.1767578125e-01
       362   -7.5521591810e+00    5.7472948366e+01   -1.2806467223e+01    5.2543080425e+00    2.8011327635e+00   -1.5607599987e+01    1.2800000000e+02    8.3818760004e-03    6.2695312500e-01
       363   -7.4890346922e+00    5.6282147701e+01   -1.4162663179e+01    6.6736284871e+00    2.4396201942e+00   -1.6602283373e+01    1.2800000000e+02    9.9797960002e-03    6.5039062500e-01
       364   -7.3536398592e+00    5.4279806859e+01   -1.5542026663e+01    8.1883868034e+00    3.0419594468e+00   -1.8583986109e+01    1.2800000000e+02    8.5969000002e-03    6.2353515625e-01
       365   -7.4884647334e+00    5.6276712963e+01   -1.7497730402e+01    1.0009265668e+01    2.9096277520e+00   -2.0407358154e+01    1.2800000000e+02    1.0653507000e-02    6.0253906250e-01
       366   -7.4644550530e+00    5.5923909628e+01   -1.6199602311e+01    8.7351472580e+00    2.3068899204e+00   -1.8506492231e+01    1.2800000000e+02    8.4700850002e-03    6.2890625000e-01
       367   -7.5082256655e+00    5.6595174631e+01   -1.3896240836e+01    6.3880151706e+00    2.3064081617e+00   -1.6202648998e+01    1.2800000000e+02    8.5136210000e-03    6.6503906250e-01
       368   -7.5033152562e+00    5.6605079657e+01   -1.6522771071e+01    9.0194558146e+00    2.7130203110e+00   -1.9235791382e+01    1.2800000000e+02    1.3566805000e-02    6.2695312500e-01
       369   -7.5029984428e+00    5.6569439867e+01   -1.4648580460e+01    7.1455820171e+00    3.0036951372e+00   -1.7652275597e+01    1.2800000000e+02    1.7244843000e-02    6.3378906250e-01
       370   -7.5806931408e+00    5.7753577068e+01   -1.5176859861e+01    7.5961667203e+00    3.0475565646e+00   -1.8224416426e+01    1.2800000000e+02    1.6758722000e-02    6.3867187500e-01
       371   -7.4311155639e+00    5.5438193511e+01   -1.6355650802e+01    8.9245352381e+00    2.6014771583e+00   -1.8957127960e+01    1.2800000000e+02    1.6248307000e-02    6.3525390625e-01
       372   -7.3870026759e+00    5.4722354224e+01   -1.2566135412e+01    5.1791327364e+00    2.5058442643e+00   -1.5071979677e+01    1.2800000000e+02    1.5771705001e-02    6.4746093750e-01
       373   -7.5021528442e+00    5.6528525255e+01   -1.3101020674e+01    5.5988678299e+00    2.3679413911e+00   -1.5468962065e+01    1.2800000000e+02    8.2828140003e-03    6.5039062500e-01
       374   -7.4700945479e+00    5.5992367290e+01   -1.8777058695e+01    1.1306964147e+01    2.9931309040e+00   -2.1770189599e+01    1.2800000000e+02    7.9193009997e-03    6.1181640625e-01
       375   -7.4700348409e+00    5.6082680199e+01   -1.3803352461e+01    6.3333176203e+00    2.9656025004e+00   -1.6768954962e+01    1.2800000000e+02    8.1488490005e-03    6.3281250000e-01
       376   -7.5285140848e+00    5.7048206846e+01   -1.4949915950e+01    7.4214018655e+00    2.7832108913e+00   -1.7733126842e+01    1.2800000000e+02    7.8461050007e-03    6.1376953125e-01
       377   -7.4481279743e+00    5.5675946632e+01   -1.4245976562e+01    6.7978485875e+00    2.4892487495e+00   -1.6735225311e+01    1.2800000000e+02    8.0983890002e-03    6.3623046875e-01
       378   -7.5607627505e+00    5.7396237518e+01   -1.2969761501e+01    5.4089987503e+00    2.7271079273e+00   -1.5696869428e+01    1.2800000000e+02    8.0729430001e-03    6.4892578125e-01
       379   -7.4553665516e+00    5.5818660272e+01   -1.5497194635e+01    8.0418280836e+00    2.6622678289e+00   -1.8159462464e+01    1.2800000000e+02    8.2452770002e-03    6.4453125000e-01
       380   -7.3885346956e+00    5.4750062548e+01   -1.3221765917e+01    5.8332312219e+00    2.5302653110e+00   -1.5752031228e+01    1.2800000000e+02    8.0422540004e-03    6.5185546875e-01
       381   -7.4149396499e+00    5.5117158525e+01   -1.5649231674e+01    8.2342920243e+00    2.7609033868e+00   -1.8410135061e+01    1.2800000000e+02    8.0046559997e-03    6.1767578125e-01
       382   -7.8383674269e+00    6.1766051042e+01   -1.8049285042e+01    1.0210917615e+01    2.5024705472e+00   -2.0551755589e+01    1.2800000000e+02    7.9435560001e-03    6.2402343750e-01
       383   -7.5135559612e+00    5.6705606219e+01   -1.4425240757e+01    6.9116847961e+00    2.8482077973e+00   -1.7273448555e+01    1.2800000000e+02    8.1654810001e-03    6.3037109375e-01
       384   -7.4849978878e+00    5.6344211819e+01   -2.5403807706e+01    1.7918809819e+01    2.9680748911e+00   -2.8371882597e+01    1.2800000000e+02    9.2377480005e-03    6.2353515625e-01
       385   -7.4671817195e+00    5.5962212728e+01   -1.3921700691e+01    6.4545189711e+00    2.7016871186e+00   -1.6623387809e+01    1.2800000000e+02    8.3286549998e-03    6.3183593750e-01
       386   -7.5019655830e+00    5.6470983398e+01   -1.9466886221e+01    1.1964920637e+01    3.1414794332e+00   -2.2608365654e+01    1.2800000000e+02    8.0729659994e-03    5.9765625000e-01
       387   -7.4299339061e+00    5.5324071877e+01   -1.2624913486e+01    5.1949795795e+00    2.8396493441e+00   -1.5464562830e+01    1.2800000000e+02    8.2731359998e-03    6.5332031250e-01
       388   -7.4576066675e+00    5.5871516126e+01   -1.3588298177e+01    6.1306915094e+00    2.5283843198e+00   -1.6116682497e+01    1.2800000000e+02    8.0306000000e-03    6.2255859375e-01
       389   -7.5787672437e+00    5.7695874605e+01   -1.3499562355e+01    5.9207951115e+00    2.4557842334e+00   -1.5955346589e+01    1.2800000000e+02    8.4868169997e-03    6.4697265625e-01
       390   -7.4718837303e+00    5.6052858198e+01   -1.2715207130e+01    5.2433233996e+00    2.4302776455e+00   -1.5145484775e+01    1.2800000000e+02    8.8550639994e-03    6.3916015625e-01
       391   -7.4662907429e+00    5.6020574656e+01   -1.5217698400e+01    7.7514076574e+00    2.8950484838e+00   -1.8112746884e+01    1.2800000000e+02    8.1869700007e-03    6.2402343750e-01
       392   -7.4628260248e+00    5.5892392655e+01   -1.3955699269e+01    6.4928732446e+00    2.5556895647e+00   -1.6511388834e+01    1.2800000000e+02    8.2245370004e-03    6.4062500000e-01
       393   -7.3525574505e+00    5.4184341333e+01   -1.1027202868e+01    3.6746454174e+00    2.2982485165e+00   -1.3325451384e+01    1.2800000000e+02    8.1730989996e-03    6.6845703125e-01
       394   -7.3761968597e+00    5.4589086003e+01   -1.3785821835e+01    6.4096249750e+00    2.7365202099e+00   -1.6522342045e+01    1.2800000000e+02    7.8413310002e-03    6.2744140625e-01
       395   -7.5943952375e+00    5.7941695851e+01   -1.4370153031e+01    6.7757577931e+00    2.7861327350e+00   -1.7156285766e+01    1.2800000000e+02    8.7678729997e-03    6.3916015625e-01
       396   -7.3745645090e+00    5.4524044234e+01   -1.3182744747e+01    5.8081802383e+00    2.7054617453e+00   -1.5888206493e+01    1.2800000000e+02    7.8894899998e-03    6.4550781250e-01
       397   -7.5830707311e+00    5.7822152548e+01   -1.9612259597e+01    1.2029188866e+01    2.8625273624e+00   -2.2474786959e+01    1.2800000000e+02    8.1044170001e-03    6.2988281250e-01
       398   -7.5759186536e+00    5.7622298388e+01   -1.3800983969e+01    6.2250653155e+00    2.5510586466e+00   -1.6352042616e+01    1.2800000000e+02    8.0881669992e-03    6.4599609375e-01
       399   -7.4541305958e+00    5.5803032620e+01   -1.2993201324e+01    5.5390707280e+00    2.5740091401e+00   -1.5567210464e+01    1.2800000000e+02    8.0068959996e-03    6.3427734375e-01
       400   -7.3292033861e+00    5.3884708561e+01   -1.2827613375e+01    5.4984099892e+00    1.9508403147e+00   -1.4778453690e+01    1.2800000000e+02    7.8800600004e-03    6.4501953125e-01
       401   -7.4057420410e+00    5.5133984766e+01   -1.2674420129e+01    5.2686780875e+00    2.3864645240e+00   -1.5060884652e+01    1.2800000000e+02    8.2532639999e-03    6.4355468750e-01
       402   -7.4240469548e+00    5.5262106609e+01   -1.1510965581e+01    4.0869186263e+00    2.5772520254e+00   -1.4088217606e+01    1.2800000000e+02    8.0469840004e-03    6.5185546875e-01
       403   -7.4993122619e+00    5.6493354413e+01   -1.2770513107e+01    5.2712008451e+00    2.4023953702e+00   -1.5172908477e+01    1.2800000000e+02    8.1209159998e-03    6.6503906250e-01
       404   -7.5130479100e+00    5.6657138069e+01   -1.3166995737e+01    5.6539478270e+00    2.4596480822e+00   -1.5626643819e+01    1.2800000000e+02    8.0041379997e-03    6.4160156250e-01
       405   -7.4325054921e+00    5.5492066614e+01   -1.4887735892e+01    7.4552303994e+00    2.6431682221e+00   -1.7530904114e+01    1.2800000000e+02    7.9049099995e-03    6.5771484375e-01
       406   -7.4434244581e+00    5.5585110414e+01   -1.3609679094e+01    6.1662546361e+00    2.6192928406e+00   -1.6228971935e+01    1.2800000000e+02    8.3212050004e-03    6.5039062500e-01
       407   -7.4443407338e+00    5.5604807366e+01   -1.3333617300e+01    5.8892765666e+00    2.6875370914e+00   -1.6021154392e+01    1.2800000000e+02    7.8475680002e-03    6.3183593750e-01
       408   -7.3459802198e+00    5.4163641261e+01   -1.3055833813e+01    5.7098535935e+00    2.4780116759e+00   -1.5533845489e+01    1.2800000000e+02    8.2212379994e-03    6.4501953125e-01
       409   -7.4268487510e+00    5.5375713018e+01   -1.6133288537e+01    8.7064397860e+00    2.9449554787e+00   -1.9078244016e+01    1.2800000000e+02    7.8648900007e-03    6.1035156250e-01
       410   -7.4450095346e+00    5.5640143619e+01   -1.4425593251e+01    6.9805837161e+00    2.7925616248e+00   -1.7218154875e+01    1.2800000000e+02    8.4301480001e-03    6.0693359375e-01
       411   -7.5380302117e+00    5.7070837149e+01   -1.6964557771e+01    9.4265275597e+00    2.8657806703e+00   -1.9830338442e+01    1.2800000000e+02    7.9844539996e-03    6.3769531250e-01
       412   -7.6321981923e+00    5.8691529857e+01   -1.5200352729e+01    7.5681545366e+00    2.9499686418e+00   -1.8150321371e+01    1.2800000000e+02    9.3270240004e-03    6.3281250000e-01
       413   -7.6665850565e+00    5.9140905116e+01   -1.4089987795e+01    6.4234027380e+00    2.7883006274e+00   -1.6878288422e+01    1.2800000000e+02    1.1320334000e-02    6.3623046875e-01
       414   -7.5823280329e+00    5.7740972613e+01   -1.3890023538e+01    6.3076955049e+00    2.6052325114e+00   -1.6495256049e+01    1.2800000000e+02    1.4614563000e-02    6.2890625000e-01
       415   -7.4969457824e+00    5.6433123900e+01   -1.3406544775e+01    5.9095989930e+00    2.5385622253e+00   -1.5945107001e+01    1.2800000000e+02    7.8324710003e-03    6.3916015625e-01
       416   -7.5552467101e+00    5.7335081942e+01   -1.4612404229e+01    7.0571575190e+00    2.7255424807e+00   -1.7337946710e+01    1.2800000000e+02    7.9158990002e-03    6.3964843750e-01
       417   -7.4123889537e+00    5.5053651518e+01   -1.3161612098e+01    5.7492231439e+00    2.0729670371e+00   -1.5234579135e+01    1.2800000000e+02    8.0219800002e-03    6.8457031250e-01
       418   -7.7077253815e+00    5.9864000538e+01   -2.2147345195e+01    1.4439619814e+01    2.7756393824e+00   -2.4922984578e+01    1.2800000000e+02    7.6779910005e-03    6.2158203125e-01
       419   -7.4603563605e+00    5.5827648971e+01   -1.5103568250e+01    7.6432118899e+00    2.4000145882e+00   -1.7503582839e+01    1.2800000000e+02    8.7878680006e-03    6.4941406250e-01
       420   -7.5373135984e+00    5.7104172416e+01   -1.4692721968e+01    7.1554083697e+00    2.4285149702e+00   -1.7121236938e+01    1.2800000000e+02    8.1988419997e-03    6.4160156250e-01
       421   -7.4652452702e+00    5.5895198321e+01   -1.7422804424e+01    9.9575591533e+00    2.4854239358e+00   -1.9908228359e+01    1.2800000000e+02    8.1591429998e-03    6.4062500000e-01
       422   -7.5318097806e+00    5.7040163194e+01   -1.5106140027e+01    7.5743302465e+00    2.3790839037e+00   -1.7485223931e+01    1.2800000000e+02    8.7103760006e-03    6.5478515625e-01
       423   -7.3394231618e+00    5.4110269619e+01   -1.3597983485e+01    6.2585603235e+00    2.4242269515e+00   -1.6022210437e+01    1.2800000000e+02    1.2710225999e-02    6.4453125000e-01
       424   -7.5051537357e+00    5.6535960994e+01   -1.2509975742e+01    5.0048220068e+00    2.4399431635e+00   -1.4949918906e+01    1.2800000000e+02    8.5399210002e-03    6.3867187500e-01
       425   -7.4277888358e+00    5.5381571807e+01   -1.4376651503e+01    6.9488626677e+00    2.5124617612e+00   -1.6889113265e+01    1.2800000000e+02    8.0189299997e-03    6.4208984375e-01
       426   -7.2990090212e+00    5.3472624243e+01   -1.3927440728e+01    6.6284317069e+00    2.7630358935e+00   -1.6690476622e+01    1.2800000000e+02    8.4607720000e-03    6.2792968750e-01
       427   -7.4825907826e+00    5.6141084851e+01   -1.2136425588e+01    4.6538348057e+00    2.5499685749e+00   -1.4686394163e+01    1.2800000000e+02    7.9215599999e-03    6.4453125000e-01
       428   -7.4957244786e+00    5.6489423645e+01   -1.5031398166e+01    7.5356736871e+00    3.0883594791e+00   -1.8119757645e+01    1.2800000000e+02    8.0773469999e-03    6.3916015625e-01
       429   -7.4479425180e+00    5.5678484386e+01   -1.3468516492e+01    6.0205739737e+00    2.3877582731e+00   -1.5856274765e+01    1.2800000000e+02    7.7839320002e-03    6.3867187500e-01
       430   -7.3171443974e+00    5.3730665889e+01   -1.1503804789e+01    4.1866603920e+00    2.4848430211e+00   -1.3988647811e+01    1.2800000000e+02    8.9823180006e-03    6.6650390625e-01
       431   -7.3661680150e+00    5.4374432442e+01   -1.1293742831e+01    3.9275748161e+00    2.6328587215e+00   -1.3926601553e+01    1.2800000000e+02    1.5408944000e-02    6.4111328125e-01
       432   -7.4646756584e+00    5.5887305884e+01   -1.1818352308e+01    4.3536766492e+00    2.3607263094e+00   -1.4179078617e+01    1.2800000000e+02    8.5642940003e-03    6.4892578125e-01
       433   -7.6145919910e+00    5.8254192207e+01   -2.6139610323e+01    1.8525018332e+01    2.9649634663e+00   -2.9104573790e+01    1.2800000000e+02    8.7316679992e-03    5.9716796875e-01
       434   -7.4452839831e+00    5.5546727123e+01   -1.3779711100e+01    6.3344271168e+00    2.4905494295e+00   -1.6270260529e+01    1.2800000000e+02    7.9442660008e-03    6.1767578125e-01
       435   -7.4146803442e+00    5.5186570688e+01   -1.2695117510e+01    5.2804371660e+00    2.7835731418e+00   -1.5478690652e+01    1.2800000000e+02    8.0275569999e-03    6.3378906250e-01
       436   -7.5312753788e+00    5.6989856832e+01   -1.5297463184e+01    7.7661878049e+00    2.4794047017e+00   -1.7776867885e+01    1.2800000000e+02    7.9881199999e-03    6.4453125000e-01
       437   -7.3992187494e+00    5.4933040243e+01   -1.2393862864e+01    4.9946441145e+00    2.7032003171e+00   -1.5097063181e+01    1.2800000000e+02    7.9443700006e-03    6.5087890625e-01
       438   -7.6950057740e+00    5.9498247492e+01   -1.5323898686e+01    7.6288929123e+00    2.3772592241e+00   -1.7701157910e+01    1.2800000000e+02    7.8440879997e-03    6.3232421875e-01
       439   -7.5528965733e+00    5.7319749719e+01   -1.6719425473e+01    9.1665289000e+00    2.4085360815e+00   -1.9127961555e+01    1.2800000000e+02    7.7607499998e-03    6.4404296875e-01
       440   -7.6772175609e+00    5.9323173233e+01   -1.8028188123e+01    1.0350970562e+01    3.0055496520e+00   -2.1033737775e+01    1.2800000000e+02    7.8472420000e-03    6.1230468750e-01
       441   -7.4171897568e+00    5.5157576299e+01   -1.1587284665e+01    4.1700949077e+00    2.4278428527e+00   -1.4015127517e+01    1.2800000000e+02    7.8423969999e-03    6.4355468750e-01
       442   -7.4972950857e+00    5.6400299792e+01   -1.3556033642e+01    6.0587385567e+00    2.4588994227e+00   -1.6014933065e+01    1.2800000000e+02    8.2228249994e-03    6.5136718750e-01
       443   -7.5098711229e+00    5.6764251559e+01   -1.5456403507e+01    7.9465323839e+00    2.6059012362e+00   -1.8062304743e+01    1.2800000000e+02    7.7546749999e-03    6.2744140625e-01
       444   -7.5958347513e+00    5.8142105965e+01   -1.6059840922e+01    8.4640061710e+00    2.9408726943e+00   -1.9000713617e+01    1.2800000000e+02    8.0707420002e-03    6.3183593750e-01
       445   -7.5773714508e+00    5.7614948664e+01   -1.4291192678e+01    6.7138212276e+00    2.4524606791e+00   -1.6743653358e+01    1.2800000000e+02    7.8213930001e-03    6.4404296875e-01
       446   -7.5069059296e+00    5.6544292687e+01   -1.2794305747e+01    5.2873998174e+00    2.7257935507e+00   -1.5520099298e+01    1.2800000000e+02    8.0523219995e-03    6.3916015625e-01
       447   -7.5177604454e+00    5.6686020342e+01   -1.3827778703e+01    6.3100182575e+00    2.6915019189e+00   -1.6519280622e+01    1.2800000000e+02    7.7979210000e-03    6.2548828125e-01
       448   -7.5193946363e+00    5.6741976745e+01   -1.4069031838e+01    6.5496372013e+00    2.6377663815e+00   -1.6706798219e+01    1.2800000000e+02    8.0955120002e-03    6.5136718750e-01
       449   -7.4986762663e+00    5.6479041146e+01   -1.2792500162e+01    5.2938238962e+00    2.6128767094e+00   -1.5405376872e+01    1.2800000000e+02    7.8965040002e-03    6.5380859375e-01
       450   -7.5996903767e+00    5.8004405859e+01   -1.9023371218e+01    1.1423680841e+01    2.9345377840e+00   -2.1957909002e+01    1.2800000000e+02    7.8064710005e-03    6.3183593750e-01
       451   -7.4486593069e+00    5.5659860647e+01   -1.5567871832e+01    8.1192125253e+00    2.5673560572e+00   -1.8135227889e+01    1.2800000000e+02    7.7686470004e-03    6.3623046875e-01
       452   -7.6020891782e+00    5.8188733924e+01   -1.3841734985e+01    6.2396458067e+00    2.3869588207e+00   -1.6228693806e+01    1.2800000000e+02    7.8508299994e-03    6.4404296875e-01
       453   -7.3582987100e+00    5.4323367688e+01   -1.3606765601e+01    6.2484668915e+00    2.6411945240e+00   -1.6247960125e+01    1.2800000000e+02    7.8195500000e-03    6.3769531250e-01
       454   -7.3813917049e+00    5.4779032299e+01   -1.3636800933e+01    6.2554092285e+00    2.5416059516e+00   -1.6178406885e+01    1.2800000000e+02    1.1385465000e-02    6.4843750000e-01
       455   -7.4720346825e+00    5.6101681194e+01   -1.5242946841e+01    7.7709121590e+00    2.6297689574e+00   -1.7872715799e+01    1.2800000000e+02    7.8219820007e-03    6.2646484375e-01
       456   -7.5208848372e+00    5.6882430715e+01   -1.3920257302e+01    6.3993724648e+00    2.5795388880e+00   -1.6499796190e+01    1.2800000000e+02    7.8009319996e-03    6.4111328125e-01
       457   -7.4959517321e+00    5.6319916157e+01   -1.3474785693e+01    5.9788339605e+00    2.5238443073e+00   -1.5998630000e+01    1.2800000000e+02    7.9086940004e-03    6.4160156250e-01
       458   -7.5071739135e+00    5.6579291677e+01   -1.3860710004e+01    6.3535360907e+00    2.6993967066e+00   -1.6560106711e+01    1.2800000000e+02    7.9061480001e-03    6.5332031250e-01
       459   -7.6549176598e+00    5.8894160943e+01   -1.4430760248e+01    6.7758425884e+00    2.5359703759e+00   -1.6966730624e+01    1.2800000000e+02    7.8476700000e-03    6.3916015625e-01
       460   -7.4382030175e+00    5.5514445346e+01   -1.5101525159e+01    7.6633221411e+00    2.6145524813e+00   -1.7716077640e+01    1.2800000000e+02    7.9579169997e-03    6.5771484375e-01
       461   -7.4725729022e+00    5.6018103852e+01   -1.5376919946e+01    7.9043470434e+00    2.4790859523e+00   -1.7856005898e+01    1.2800000000e+02    7.8186170003e-03    6.2988281250e-01
       462   -7.5715375769e+00    5.7520232101e+01   -1.5317583168e+01    7.7460455909e+00    2.7005210856e+00   -1.8018104253e+01    1.2800000000e+02    7.9791199996e-03    6.3183593750e-01
       463   -7.4983172434e+00    5.6403153294e+01   -1.3289219098e+01    5.7909018547e+00    2.5104074786e+00   -1.5799626577e+01    1.2800000000e+02    7.9259049999e-03    6.5576171875e-01
       464   -7.4865420482e+00    5.6183161524e+01   -1.1356073053e+01    3.8695310047e+00    2.4297944570e+00   -1.3785867510e+01    1.2800000000e+02    7.8487649998e-03    6.4892578125e-01
       465   -7.4847525398e+00    5.6295702023e+01   -1.3852243270e+01    6.3674907301e+00    2.4313900015e+00   -1.6283633271e+01    1.2800000000e+02    7.7526179994e-03    6.4355468750e-01
       466   -7.4900198028e+00    5.6331016521e+01   -1.2521262800e+01    5.0312429974e+00    2.4277105416e+00   -1.4948973342e+01    1.2800000000e+02    8.0113659997e-03    6.6308593750e-01
       467   -7.4964356760e+00    5.6438858983e+01   -1.4594665939e+01    7.0982302626e+00    2.6720299241e+00   -1.7266695863e+01    1.2800000000e+02    7.9007759996e-03    6.4111328125e-01
       468   -7.4164449162e+00    5.5251080015e+01   -1.7414821598e+01    9.9983766821e+00    2.7609756672e+00   -2.0175797266e+01    1.2800000000e+02    7.6879620001e-03    6.1669921875e-01
       469   -7.5654961320e+00    5.7485252432e+01   -2.7251857139e+01    1.9686361007e+01    2.4962350720e+00   -2.9748092211e+01    1.2800000000e+02    7.7724499997e-03    6.3281250000e-01
       470   -7.3865221438e+00    5.4742802608e+01   -1.4292385083e+01    6.9058629389e+00    2.6797775459e+00   -1.6972162629e+01    1.2800000000e+02    7.8515000005e-03    6.4062500000e-01
       471   -7.4911777443e+00    5.6444382056e+01   -1.4323112619e+01    6.8319348744e+00    2.6980196905e+00   -1.7021132309e+01    1.2800000000e+02    8.0791060000e-03    6.5332031250e-01
       472   -7.6149827292e+00    5.8327860167e+01   -1.5946785106e+01    8.3318023770e+00    2.4842828761e+00   -1.8431067982e+01    1.2800000000e+02    7.7670390001e-03    6.3867187500e-01
       473   -7.4059478979e+00    5.4970684536e+01   -1.2053284789e+01    4.6473368915e+00    2.3372524175e+00   -1.4390537207e+01    1.2800000000e+02    8.0596910002e-03    6.5966796875e-01
       474   -7.3911622678e+00    5.4820762704e+01   -1.8164953536e+01    1.0773791268e+01    2.5681369169e+00   -2.0733090453e+01    1.2800000000e+02    7.7677139998e-03    6.2353515625e-01
       475   -7.3796202382e+00    5.4680094716e+01   -1.2581831916e+01    5.2022116779e+00    2.5541364785e+00   -1.5135968395e+01    1.2800000000e+02    8.0645830003e-03    6.4892578125e-01
       476   -7.3580882526e+00    5.4322262455e+01   -1.3814075701e+01    6.4559874480e+00    2.8199583600e+00   -1.6634034061e+01    1.2800000000e+02    7.7888910000e-03    6.2988281250e-01
       477   -7.4576229285e+00    5.5784451035e+01   -1.3930013407e+01    6.4723904790e+00    2.7016473503e+00   -1.6631660758e+01    1.2800000000e+02    1.1291098001e-02    6.5576171875e-01
       478   -7.6497739744e+00    5.8973178410e+01   -1.5280859688e+01    7.6310857137e+00    2.8156827142e+00   -1.8096542402e+01    1.2800000000e+02    7.9769539998e-03    6.3916015625e-01
       479   -7.3906527292e+00    5.4843276750e+01   -1.3971100695e+01    6.5804479657e+00    2.7978781506e+00   -1.6768978845e+01    1.2800000000e+02    7.7635090001e-03    6.2597656250e-01
       480   -7.3609120840e+00    5.4385420249e+01   -1.4541642387e+01    7.1807303035e+00    2.9560496096e+00   -1.7497691997e+01    1.2800000000e+02    7.6562099994e-03    6.0400390625e-01
       481   -7.5778685983e+00    5.7671213904e+01   -1.3458488284e+01    5.8806196853e+00    2.4016192570e+00   -1.5860107541e+01    1.2800000000e+02    7.8709130003e-03    6.5332031250e-01
       482   -7.5145730078e+00    5.6757474038e+01   -1.4144765803e+01    6.6301927949e+00    2.3736556272e+00   -1.6518421430e+01    1.2800000000e+02    7.8255059998e-03    6.4208984375e-01
       483   -7.6332442616e+00    5.8679197212e+01   -1.4786419751e+01    7.1531754897e+00    3.0992383772e+00   -1.7885658129e+01    1.2800000000e+02    7.8860069998e-03    6.3671875000e-01
       484   -7.5517752947e+00    5.7283939227e+01   -1.4264522864e+01    6.7127475697e+00    2.7280194314e+00   -1.6992542296e+01    1.2800000000e+02    7.8245260001e-03    6.3964843750e-01
       485   -7.3673237621e+00    5.4408223031e+01   -1.1427027671e+01    4.0597039090e+00    2.2100758978e+00   -1.3637103569e+01    1.2800000000e+02    7.8741440002e-03    6.5625000000e-01
       486   -7.5239851631e+00    5.6938132669e+01   -1.4921402795e+01    7.3974176314e+00    2.4837354803e+00   -1.7405138275e+01    1.2800000000e+02    7.8910060001e-03    6.6064453125e-01
       487   -7.4031354278e+00    5.5013929350e+01   -1.2755414833e+01    5.3522794048e+00    2.4910244743e+00   -1.5246439307e+01    1.2800000000e+02    8.1249080004e-03    6.5283203125e-01
       488   -7.4595606785e+00    5.5862993423e+01   -1.4481285810e+01    7.0217251311e+00    2.6806128983e+00   -1.7161898708e+01    1.2800000000e+02    7.9087360000e-03    6.4404296875e-01
       489   -7.4747299687e+00    5.6167059267e+01   -1.5003007575e+01    7.5282776063e+00    2.7984294084e+00   -1.7801436983e+01    1.2800000000e+02    7.8384489998e-03    6.2597656250e-01
       490   -7.4696349473e+00    5.6054837012e+01   -1.6517043398e+01    9.0474084504e+00    2.6712163303e+00   -1.9188259728e+01    1.2800000000e+02    7.7900669994e-03    6.3427734375e-01
       491   -7.4752029110e+00    5.6084401868e+01   -1.1230662993e+01    3.7554600818e+00    2.1975113776e+00   -1.3428174370e+01    1.2800000000e+02    7.9027909997e-03    6.5917968750e-01
       492   -7.4199462480e+00    5.5242591317e+01   -1.3572892938e+01    6.1529466904e+00    2.3861601168e+00   -1.5959053055e+01    1.2800000000e+02    7.6738769994e-03    6.3427734375e-01
       493   -7.4895643153e+00    5.6371256965e+01   -1.5434613699e+01    7.9450493839e+00    2.6434478308e+00   -1.8078061530e+01    1.2800000000e+02    7.8686510005e-03    6.3232421875e-01
       494   -7.3633991573e+00    5.4397385611e+01   -1.3291370934e+01    5.9279717769e+00    2.4407136857e+00   -1.5732084620e+01    1.2800000000e+02    7.8464440003e-03    6.4062500000e-01
       495   -7.6342185082e+00    5.8550978397e+01   -1.3939609255e+01    6.3053907471e+00    2.8455517777e+00   -1.6785161033e+01    1.2800000000e+02    7.9088000002e-03    6.4208984375e-01
       496   -7.5060821073e+00    5.6555332418e+01   -1.6524301115e+01    9.0182190080e+00    2.8197634320e+00   -1.9344064547e+01    1.2800000000e+02    7.8364700003e-03    6.3818359375e-01
       497   -7.4539765314e+00    5.5795281482e+01   -1.6425891029e+01    8.9719144975e+00    3.3949565345e+00   -1.9820847563e+01    1.2800000000e+02    7.7185720002e-03    6.0156250000e-01
       498   -7.3682769464e+00    5.4603552246e+01   -1.4253215307e+01    6.8849383608e+00    2.8545077772e+00   -1.7107723084e+01    1.2800000000e+02    7.8455860003e-03    6.2548828125e-01
       499   -7.5025710854e+00    5.6598320029e+01   -1.7432711270e+01    9.9301401849e+00    3.0331803963e+00   -2.0465891667e+01    1.2800000000e+02    7.7718299999e-03    6.2353515625e-01
