#   index    LocalEnergy         LocalEnergy_sq      LocalPotential      Kinetic             ElecElec            IonElec             BlockWeight         BlockCPU            AcceptRatio         
         0   -7.5944794172e+00    5.7993956665e+01   -1.4721791582e+01    7.1273121644e+00    2.5454992602e+00   -1.7267290842e+01    1.2800000000e+02    8.1101840005e-03    6.3720703125e-01
         1   -7.3781090584e+00    5.4538834721e+01   -1.1352382418e+01    3.9742733596e+00    2.2960712061e+00   -1.3648453624e+01    1.2800000000e+02    8.4705700001e-03    6.5087890625e-01
         2   -7.4829312050e+00    5.6173338833e+01   -1.2187827561e+01    4.7048963561e+00    2.4737705383e+00   -1.4661598100e+01    1.2800000000e+02    8.4695310006e-03    6.4941406250e-01
         3   -7.4360744442e+00    5.5507171073e+01   -1.4810814535e+01    7.3747400904e+00    2.3615020386e+00   -1.7172316573e+01    1.2800000000e+02    9.1650529994e-03    6.6552734375e-01
         4   -7.3794941425e+00    5.4607099203e+01   -1.3567570433e+01    6.1880762905e+00    2.6131888130e+00   -1.6180759246e+01    1.2800000000e+02    8.1874180005e-03    6.2744140625e-01
         5   -7.7044403818e+00    5.9708664714e+01   -1.9659409757e+01    1.1954969375e+01    2.8765555861e+00   -2.2535965343e+01    1.2800000000e+02    8.1885689997e-03    6.1914062500e-01
         6   -7.4958491460e+00    5.6355602218e+01   -1.2987491220e+01    5.4916420744e+00    2.5883361686e+00   -1.5575827389e+01    1.2800000000e+02    8.5333389998e-03    6.2890625000e-01
         7   -7.3725281195e+00    5.4608490738e+01   -1.8655167011e+01    1.1282638891e+01    2.9745942739e+00   -2.1629761285e+01    1.2800000000e+02    8.0807710001e-03    6.3623046875e-01
         8   -7.4524568163e+00    5.5773651107e+01   -1.2585401993e+01    5.1329451765e+00    3.0594353546e+00   -1.5644837347e+01    1.2800000000e+02    7.9374510005e-03    6.3916015625e-01
         9   -7.6383225786e+00    5.8753676330e+01   -1.8713549314e+01    1.1075226736e+01    2.8534324584e+00   -2.1566981773e+01    1.2800000000e+02    7.7319900001e-03    6.0839843750e-01
        10   -7.5542790719e+00    5.7374103655e+01   -1.9096720182e+01    1.1542441110e+01    3.0637047694e+00   -2.2160424951e+01    1.2800000000e+02    7.9750690002e-03    6.2548828125e-01
        11   -7.3706665278e+00    5.4473430157e+01   -1.1764529894e+01    4.3938633667e+00    2.4162941689e+00   -1.4180824063e+01    1.2800000000e+02    7.9658840004e-03    6.4257812500e-01
        12   -7.4886811375e+00    5.6287544643e+01   -1.3489314234e+01    6.0006330967e+00    2.1488615069e+00   -1.5638175741e+01    1.2800000000e+02    8.2368600006e-03    6.6210937500e-01
        13   -7.4714180546e+00    5.6137132530e+01   -1.2066376173e+01    4.5949581180e+00    2.4697004202e+00   -1.4536076593e+01    1.2800000000e+02    8.0700540002e-03    6.5527343750e-01
        14   -7.3626754231e+00    5.4449806727e+01   -1.4581456701e+01    7.2187812780e+00    2.6644420712e+00   -1.7245898772e+01    1.2800000000e+02    7.8643919996e-03    6.4306640625e-01
        15   -7.3843615175e+00    5.4750268618e+01   -1.4742303890e+01    7.3579423724e+00    2.7395419349e+00   -1.7481845825e+01    1.2800000000e+02    8.0236539998e-03    6.4550781250e-01
        16   -7.4748743957e+00    5.6051052763e+01   -1.3151401533e+01    5.6765271374e+00    2.5458685869e+00   -1.5697270120e+01    1.2800000000e+02    8.0591910000e-03    6.4306640625e-01
        17   -7.5223456929e+00    5.6780231260e+01   -1.3815317636e+01    6.2929719434e+00    2.6684911412e+00   -1.6483808778e+01    1.2800000000e+02    1.1558818000e-02    6.4550781250e-01
        18   -7.4016321251e+00    5.4968614657e+01   -1.5407654519e+01    8.0060223936e+00    2.5300615041e+00   -1.7937716023e+01    1.2800000000e+02    7.9765470000e-03    6.4697265625e-01
        19   -7.4845189033e+00    5.6288756290e+01   -2.5837778378e+01    1.8353259475e+01    3.1281699744e+00   -2.8965948353e+01    1.2800000000e+02    8.0862049999e-03    6.2109375000e-01
        20   -7.6019879270e+00    5.8035795211e+01   -1.7138780068e+01    9.5367921411e+00    2.4072015780e+00   -1.9545981646e+01    1.2800000000e+02    8.0785519995e-03    6.6015625000e-01
        21   -7.4419327114e+00    5.5618316108e+01   -1.2747121074e+01    5.3051883627e+00    2.4690623099e+00   -1.5216183384e+01    1.2800000000e+02    8.0976750005e-03    6.2939453125e-01
        22   -7.6532374314e+00    5.8824494819e+01   -1.8364887828e+01    1.0711650397e+01    2.3533285212e+00   -2.0718216349e+01    1.2800000000e+02    7.9239879997e-03    6.3427734375e-01
        23   -7.5727228201e+00    5.7650500830e+01   -1.8265476329e+01    1.0692753509e+01    3.1531417546e+00   -2.1418618084e+01    1.2800000000e+02    7.9687280004e-03    6.2402343750e-01
        24   -7.5056537379e+00    5.6498481393e+01   -3.3110632152e+01    2.5604978414e+01    3.2943100953e+00   -3.6404942247e+01    1.2800000000e+02    7.9800320000e-03    6.1767578125e-01
        25   -7.4613536773e+00    5.5923683357e+01   -1.6892381975e+01    9.4310282979e+00    2.7270277708e+00   -1.9619409746e+01    1.2800000000e+02    8.0860449998e-03    6.3476562500e-01
        26   -7.4404899322e+00    5.5618264897e+01   -1.3186655853e+01    5.7461659204e+00    2.4736547627e+00   -1.5660310615e+01    1.2800000000e+02    9.2789370001e-03    6.6406250000e-01
        27   -7.3625298895e+00    5.4419149697e+01   -2.3298778569e+01    1.5936248679e+01    2.7044928513e+00   -2.6003271420e+01    1.2800000000e+02    8.5147239997e-03    6.4892578125e-01
        28   -7.5571802049e+00    5.7441747245e+01   -1.9033855063e+01    1.1476674858e+01    2.6467383518e+00   -2.1680593415e+01    1.2800000000e+02    8.0229610003e-03    6.2792968750e-01
        29   -7.4568860486e+00    5.5767567802e+01   -1.2564834995e+01    5.1079489461e+00    3.0636144767e+00   -1.5628449471e+01    1.2800000000e+02    8.1244949997e-03    6.5722656250e-01
        30   -7.4126446803e+00    5.5090031928e+01   -1.3366263896e+01    5.9536192162e+00    2.6879717208e+00   -1.6054235617e+01    1.2800000000e+02    7.9216779995e-03    6.2744140625e-01
        31   -7.5294197563e+00    5.6936786630e+01   -1.5783928250e+01    8.2545084938e+00    2.5386675521e+00   -1.8322595802e+01    1.2800000000e+02    8.0530109999e-03    6.5087890625e-01
        32   -7.4549001373e+00    5.5782659546e+01   -1.9697188455e+01    1.2242288317e+01    2.7249597718e+00   -2.2422148226e+01    1.2800000000e+02    7.8810609994e-03    6.1718750000e-01
        33   -7.4992123201e+00    5.6569497870e+01   -1.2361525730e+01    4.8623134098e+00    2.5521394437e+00   -1.4913665174e+01    1.2800000000e+02    7.8155179999e-03    6.3476562500e-01
        34   -7.4177791865e+00    5.5169561046e+01   -1.1808501810e+01    4.3907226234e+00    2.1976092957e+00   -1.4006111106e+01    1.2800000000e+02    8.1573859998e-03    6.5576171875e-01
        35   -7.5261568447e+00    5.6888077933e+01   -1.4502462683e+01    6.9763058387e+00    2.6533872650e+00   -1.7155849948e+01    1.2800000000e+02    7.8254510008e-03    6.4306640625e-01
        36   -7.5094042320e+00    5.6635726852e+01   -1.3453973467e+01    5.9445692354e+00    2.5840512580e+00   -1.6038024725e+01    1.2800000000e+02    8.1737230003e-03    6.4501953125e-01
        37   -7.6271936143e+00    5.8604843118e+01   -1.4843074348e+01    7.2158807332e+00    2.7918119512e+00   -1.7634886299e+01    1.2800000000e+02    7.7828750000e-03    6.1767578125e-01
        38   -7.4331199945e+00    5.5467299402e+01   -1.8334325120e+01    1.0901205126e+01    2.5785255877e+00   -2.0912850708e+01    1.2800000000e+02    8.1381629998e-03    6.4843750000e-01
        39   -7.4946982945e+00    5.6427661602e+01   -1.4306954588e+01    6.8122562933e+00    3.0011565141e+00   -1.7308111102e+01    1.2800000000e+02    1.1121315000e-02    6.3769531250e-01
        40   -7.5098126206e+00    5.6546916993e+01   -1.1699830060e+01    4.1900174394e+00    2.5528755394e+00   -1.4252705599e+01    1.2800000000e+02    9.4686610000e-03    6.4648437500e-01
        41   -7.4872294961e+00    5.6227672085e+01   -1.1653671455e+01    4.1664419587e+00    2.5217573183e+00   -1.4175428773e+01    1.2800000000e+02    8.0396610001e-03    6.6943359375e-01
        42   -7.5047812283e+00    5.6571913786e+01   -1.5571295621e+01    8.0665143931e+00    3.0429272075e+00   -1.8614222829e+01    1.2800000000e+02    7.8429289997e-03    6.1816406250e-01
        43   -7.4350477990e+00    5.5490755825e+01   -1.4819642364e+01    7.3845945653e+00    2.8011195390e+00   -1.7620761903e+01    1.2800000000e+02    7.8831910005e-03    6.2011718750e-01
        44   -7.3652990789e+00    5.4376000627e+01   -1.1540279640e+01    4.1749805608e+00    2.5087590667e+00   -1.4049038706e+01    1.2800000000e+02    8.1526099993e-03    6.7333984375e-01
        45   -7.4472826531e+00    5.5645153092e+01   -1.2335679695e+01    4.8883970420e+00    2.4359082099e+00   -1.4771587905e+01    1.2800000000e+02    8.0193790000e-03    6.8261718750e-01
        46   -7.4391125473e+00    5.5547127560e+01   -1.2901192939e+01    5.4620803917e+00    2.8730955061e+00   -1.5774288445e+01    1.2800000000e+02    8.1782670004e-03    6.4843750000e-01
        47   -7.4297159158e+00    5.5383414036e+01   -1.3720371529e+01    6.2906556134e+00    2.8201025931e+00   -1.6540474122e+01    1.2800000000e+02    7.9498780005e-03    6.4404296875e-01
        48   -7.4520708671e+00    5.5708169992e+01   -1.2472977362e+01    5.0209064948e+00    2.4730144870e+00   -1.4945991849e+01    1.2800000000e+02    8.1228240006e-03    6.6308593750e-01
        49   -7.6699922744e+00    5.9056715234e+01   -2.4256390721e+01    1.6586398447e+01    2.8142966522e+00   -2.7070687373e+01    1.2800000000e+02    7.8980099997e-03    6.0742187500e-01
        50   -7.6273224808e+00    5.8534037073e+01   -1.3811615470e+01    6.1842929892e+00    2.6156364933e+00   -1.6427251963e+01    1.2800000000e+02    8.7082470000e-03    6.5429687500e-01
        51   -7.5798545395e+00    5.7633809977e+01   -1.6701049091e+01    9.1211945514e+00    2.4874439161e+00   -1.9188493007e+01    1.2800000000e+02    8.4063479999e-03    6.3671875000e-01
        52   -7.3600945075e+00    5.4355424309e+01   -1.5650952575e+01    8.2908580671e+00    2.4801808991e+00   -1.8131133474e+01    1.2800000000e+02    8.6518640001e-03    6.4990234375e-01
        53   -7.4038606199e+00    5.4985224370e+01   -1.5183597180e+01    7.7797365597e+00    2.6832860689e+00   -1.7866883249e+01    1.2800000000e+02    7.8975320002e-03    6.3232421875e-01
        54   -7.5970215199e+00    5.7964804790e+01   -1.6685754969e+01    9.0887334489e+00    2.6778041707e+00   -1.9363559140e+01    1.2800000000e+02    8.1489410004e-03    6.4355468750e-01
        55   -7.3917812940e+00    5.4841650864e+01   -1.2825250344e+01    5.4334690497e+00    2.8455252876e+00   -1.5670775631e+01    1.2800000000e+02    7.9341100000e-03    6.3525390625e-01
        56   -7.4615392848e+00    5.6084791159e+01   -1.6167635721e+01    8.7060964364e+00    3.2308575661e+00   -1.9398493287e+01    1.2800000000e+02    7.9447190001e-03    6.0742187500e-01
        57   -7.4216878413e+00    5.5333975433e+01   -1.4644893629e+01    7.2232057878e+00    2.6863996992e+00   -1.7331293328e+01    1.2800000000e+02    7.9149330004e-03    6.5332031250e-01
        58   -7.4793906668e+00    5.6175422840e+01   -1.2984157319e+01    5.5047666521e+00    2.9203374591e+00   -1.5904494778e+01    1.2800000000e+02    8.1662900002e-03    6.4941406250e-01
        59   -7.3792773999e+00    5.4611280844e+01   -1.3000892492e+01    5.6216150924e+00    2.4055974242e+00   -1.5406489917e+01    1.2800000000e+02    7.7822399999e-03    6.2939453125e-01
        60   -7.5885678865e+00    5.7893805355e+01   -1.4770255385e+01    7.1816874983e+00    2.7751807177e+00   -1.7545436102e+01    1.2800000000e+02    7.9926030003e-03    6.3818359375e-01
        61   -7.3136989565e+00    5.3601310534e+01   -1.1902066680e+01    4.5883677233e+00    2.6128808652e+00   -1.4514947545e+01    1.2800000000e+02    9.8659739997e-03    6.3964843750e-01
        62   -7.4203386112e+00    5.5168885351e+01   -1.1520339606e+01    4.1000009948e+00    2.7109100266e+00   -1.4231249633e+01    1.2800000000e+02    1.0645789000e-02    6.4892578125e-01
        63   -7.4414756718e+00    5.5529142928e+01   -1.2579696906e+01    5.1382212343e+00    2.4732107043e+00   -1.5052907610e+01    1.2800000000e+02    8.3676049999e-03    6.3525390625e-01
        64   -7.3664846968e+00    5.4437166800e+01   -1.1576022196e+01    4.2095374997e+00    2.6232000131e+00   -1.4199222210e+01    1.2800000000e+02    1.1723017000e-02    6.4746093750e-01
        65   -7.5587542394e+00    5.7449969927e+01   -1.8438703948e+01    1.0879949709e+01    2.7155783266e+00   -2.1154282275e+01    1.2800000000e+02    9.1510809998e-03    6.3671875000e-01
        66   -7.3285908882e+00    5.3835508950e+01   -1.3214444618e+01    5.8858537298e+00    2.4260398186e+00   -1.5640484437e+01    1.2800000000e+02    7.8897489993e-03    6.4550781250e-01
        67   -7.3466674093e+00    5.4123135685e+01   -1.2596768786e+01    5.2501013769e+00    2.2384521472e+00   -1.4835220933e+01    1.2800000000e+02    7.9006950000e-03    6.5527343750e-01
        68   -7.6537122172e+00    5.8844706517e+01   -1.7856581646e+01    1.0202869429e+01    2.6496580403e+00   -2.0506239686e+01    1.2800000000e+02    7.9562639994e-03    6.3769531250e-01
        69   -7.4409544373e+00    5.5549734190e+01   -1.3175746440e+01    5.7347920026e+00    2.5616874872e+00   -1.5737433927e+01    1.2800000000e+02    7.9332139994e-03    6.5283203125e-01
        70   -7.4233055464e+00    5.5303091067e+01   -1.4989224684e+01    7.5659191374e+00    2.8511611610e+00   -1.7840385845e+01    1.2800000000e+02    7.9356670003e-03    6.2988281250e-01
        71   -7.3731584093e+00    5.4566176786e+01   -1.6947295116e+01    9.5741367064e+00    2.8861857296e+00   -1.9833480845e+01    1.2800000000e+02    7.8712129998e-03    6.3427734375e-01
        72   -7.5077186497e+00    5.6575361285e+01   -1.2425049846e+01    4.9173311966e+00    2.4874891124e+00   -1.4912538959e+01    1.2800000000e+02    8.0550429993e-03    6.4208984375e-01
        73   -7.6402239358e+00    5.8657185838e+01   -1.7528700629e+01    9.8884766930e+00    2.5674157924e+00   -2.0096116421e+01    1.2800000000e+02    7.8422580000e-03    6.3574218750e-01
        74   -7.4067650737e+00    5.5036876087e+01   -1.2707265453e+01    5.3005003789e+00    2.4837753229e+00   -1.5191040775e+01    1.2800000000e+02    8.0348709998e-03    6.7041015625e-01
        75   -7.4018748680e+00    5.4961024963e+01   -1.3567216229e+01    6.1653413612e+00    2.8466142113e+00   -1.6413830440e+01    1.2800000000e+02    8.0670580001e-03    6.3378906250e-01
        76   -7.5392933212e+00    5.7088197084e+01   -1.3448804818e+01    5.9095114966e+00    2.7136041565e+00   -1.6162408974e+01    1.2800000000e+02    8.2574819999e-03    6.4160156250e-01
        77   -7.4390999115e+00    5.5535323735e+01   -1.3212752387e+01    5.7736524754e+00    2.4925193852e+00   -1.5705271772e+01    1.2800000000e+02    7.8375579997e-03    6.4794921875e-01
        78   -7.4562568259e+00    5.5804505291e+01   -1.2159173998e+01    4.7029171724e+00    2.4617839586e+00   -1.4620957957e+01    1.2800000000e+02    7.8872790000e-03    6.5527343750e-01
        79   -7.4069394136e+00    5.5117700282e+01   -1.2879589455e+01    5.4726500417e+00    2.6700995426e+00   -1.5549688998e+01    1.2800000000e+02    7.9739089997e-03    6.3720703125e-01
        80   -7.5388355073e+00    5.7099787869e+01   -1.3061135301e+01    5.5222997934e+00    2.8108966477e+00   -1.5872031948e+01    1.2800000000e+02    7.9147850001e-03    6.4990234375e-01
        81   -7.3607128144e+00    5.4438153376e+01   -1.4052984151e+01    6.6922713364e+00    2.6809838676e+00   -1.6733968018e+01    1.2800000000e+02    7.8514649995e-03    6.4306640625e-01
        82   -7.4174167951e+00    5.5189815770e+01   -1.5343557298e+01    7.9261405032e+00    2.6567612471e+00   -1.8000318545e+01    1.2800000000e+02    7.7842150004e-03    6.3281250000e-01
        83   -7.3960968958e+00    5.4956854817e+01   -1.2415065114e+01    5.0189682185e+00    2.6218298839e+00   -1.5036894998e+01    1.2800000000e+02    8.2006749999e-03    6.5087890625e-01
        84   -7.4667170406e+00    5.5927815429e+01   -1.1904466979e+01    4.4377499389e+00    2.6535812766e+00   -1.4558048256e+01    1.2800000000e+02    9.0323009999e-03    6.3964843750e-01
        85   -7.4359755110e+00    5.5425815213e+01   -1.2620454274e+01    5.1844787626e+00    2.6384619446e+00   -1.5258916218e+01    1.2800000000e+02    8.0095969997e-03    6.3867187500e-01
        86   -7.4673181390e+00    5.5908131264e+01   -1.7980443167e+01    1.0513125028e+01    2.6515512139e+00   -2.0631994381e+01    1.2800000000e+02    7.7535849996e-03    6.3525390625e-01
        87   -7.4806265097e+00    5.6139863861e+01   -1.2258216103e+01    4.7775895935e+00    2.8260744868e+00   -1.5084290590e+01    1.2800000000e+02    1.0587109001e-02    6.4892578125e-01
        88   -7.5251480950e+00    5.6863945798e+01   -1.2508249334e+01    4.9831012390e+00    2.3876367823e+00   -1.4895886116e+01    1.2800000000e+02    8.9354110005e-03    6.7578125000e-01
        89   -7.5805207566e+00    5.7716387797e+01   -1.3161915919e+01    5.5813951627e+00    2.8200075930e+00   -1.5981923512e+01    1.2800000000e+02    8.1541860000e-03    6.4501953125e-01
        90   -7.4653697280e+00    5.5974758038e+01   -1.3630698699e+01    6.1653289713e+00    2.7041888301e+00   -1.6334887529e+01    1.2800000000e+02    9.8619100008e-03    6.6650390625e-01
        91   -7.4542394733e+00    5.5765097205e+01   -1.1461175392e+01    4.0069359188e+00    2.5093696753e+00   -1.3970545067e+01    1.2800000000e+02    8.9738739998e-03    6.4111328125e-01
        92   -7.4689368987e+00    5.5985707352e+01   -1.2573465992e+01    5.1045290935e+00    2.7042761112e+00   -1.5277742103e+01    1.2800000000e+02    7.9494430001e-03    6.4111328125e-01
        93   -7.4378459892e+00    5.5559437690e+01   -1.3807296930e+01    6.3694509408e+00    2.6291691835e+00   -1.6436466113e+01    1.2800000000e+02    8.0771710000e-03    6.4599609375e-01
        94   -7.5075555815e+00    5.6670261211e+01   -2.0461990126e+01    1.2954434545e+01    2.8445237797e+00   -2.3306513906e+01    1.2800000000e+02    8.0198739997e-03    6.2890625000e-01
        95   -7.5570017115e+00    5.7450520691e+01   -1.8505173168e+01    1.0948171456e+01    3.1680156315e+00   -2.1673188799e+01    1.2800000000e+02    7.8278510000e-03    6.1376953125e-01
        96   -7.4849646507e+00    5.6232551567e+01   -1.2603724556e+01    5.1187599057e+00    2.5717244871e+00   -1.5175449044e+01    1.2800000000e+02    7.9556539995e-03    6.6601562500e-01
        97   -7.3203918121e+00    5.3764185330e+01   -1.3199050330e+01    5.8786585176e+00    2.7476720794e+00   -1.5946722409e+01    1.2800000000e+02    8.0933390000e-03    6.2792968750e-01
        98   -7.4581773531e+00    5.5809767737e+01   -1.5210555968e+01    7.7523786151e+00    2.3220161851e+00   -1.7532572153e+01    1.2800000000e+02    7.9613700000e-03    6.4111328125e-01
        99   -7.4522139339e+00    5.5736778588e+01   -1.3297108493e+01    5.8448945593e+00    2.1487852390e+00   -1.5445893732e+01    1.2800000000e+02    7.9294470006e-03    6.5380859375e-01
       100   -7.3316363990e+00    5.3878920539e+01   -1.2222733635e+01    4.8910972363e+00    3.0281781539e+00   -1.5250911789e+01    1.2800000000e+02    8.0734430003e-03    6.3769531250e-01
       101   -7.6066217389e+00    5.8178686775e+01   -1.6628130933e+01    9.0215091939e+00    2.8701758156e+00   -1.9498306748e+01    1.2800000000e+02    7.9307579999e-03    6.1962890625e-01
       102   -7.4434304891e+00    5.5581672867e+01   -1.2950435327e+01    5.5070048375e+00    2.5423604573e+00   -1.5492795784e+01    1.2800000000e+02    7.8100000001e-03    6.4453125000e-01
       103   -7.4810255401e+00    5.6236631630e+01   -1.6158761578e+01    8.6777360375e+00    2.8563495700e+00   -1.9015111148e+01    1.2800000000e+02    7.8995519998e-03    6.3916015625e-01
       104   -7.5090018247e+00    5.6620522708e+01   -1.8314886353e+01    1.0805884528e+01    2.6025617195e+00   -2.0917448072e+01    1.2800000000e+02    7.9169519995e-03    6.5917968750e-01
       105   -7.4347211760e+00    5.5480547634e+01   -1.6719375266e+01    9.2846540901e+00    2.9668635876e+00   -1.9686238854e+01    1.2800000000e+02    8.1152630000e-03    6.3720703125e-01
       106   -7.4666912953e+00    5.6046714156e+01   -1.4340600100e+01    6.8739088043e+00    2.6761735189e+00   -1.7016773619e+01    1.2800000000e+02    9.2222559997e-03    6.3330078125e-01
       107   -7.5371471431e+00    5.7095490990e+01   -1.5636429338e+01    8.0992821945e+00    2.7596883681e+00   -1.8396117706e+01    1.2800000000e+02    8.1592569995e-03    6.4746093750e-01
       108   -7.4783427462e+00    5.6131671533e+01   -1.5768048679e+01    8.2897059326e+00    2.4445148953e+00   -1.8212563574e+01    1.2800000000e+02    7.9333940002e-03    6.4404296875e-01
       109   -7.4024487457e+00    5.4930835081e+01   -1.3241165556e+01    5.8387168107e+00    2.8290955662e+00   -1.6070261123e+01    1.2800000000e+02    7.9224250003e-03    6.4355468750e-01
       110   -7.4325574027e+00    5.5394579180e+01   -1.2874479072e+01    5.4419216697e+00    2.5249328680e+00   -1.5399411940e+01    1.2800000000e+02    7.7113990001e-03    6.3769531250e-01
       111   -7.4485462935e+00    5.5681032305e+01   -1.6699959788e+01    9.2514134945e+00    2.6860204483e+00   -1.9385980236e+01    1.2800000000e+02    7.8760839997e-03    6.4550781250e-01
       112   -7.5084686150e+00    5.6635341228e+01   -1.4462270368e+01    6.9538017533e+00    2.7022343642e+00   -1.7164504732e+01    1.2800000000e+02    8.2408380003e-03    6.2109375000e-01
       113   -7.5557330465e+00    5.7289703465e+01   -1.5453424986e+01    7.8976919396e+00    2.5934986881e+00   -1.8046923674e+01    1.2800000000e+02    7.9076319998e-03    6.3867187500e-01
       114   -7.5847939215e+00    5.7725830905e+01   -2.9215304272e+01    2.1630510351e+01    2.9427394957e+00   -3.2158043768e+01    1.2800000000e+02    7.8067900004e-03    6.2207031250e-01
       115   -7.5323919151e+00    5.7007389362e+01   -1.4313609479e+01    6.7812175636e+00    2.6493639750e+00   -1.6962973454e+01    1.2800000000e+02    7.8478859996e-03    6.4208984375e-01
       116   -7.3321068291e+00    5.3867483309e+01   -1.2304252288e+01    4.9721454590e+00    2.7273987013e+00   -1.5031650989e+01    1.2800000000e+02    7.8829539998e-03    6.2109375000e-01
       117   -7.3927540406e+00    5.4834403931e+01   -1.4020624597e+01    6.6278705560e+00    2.6673401526e+00   -1.6687964749e+01    1.2800000000e+02    7.8334830005e-03    6.3671875000e-01
       118   -7.5398384242e+00    5.7074294289e+01   -1.7018915751e+01    9.4790773264e+00    2.6750030467e+00   -1.9693918797e+01    1.2800000000e+02    7.8765620001e-03    6.3574218750e-01
       119   -7.3829738153e+00    5.4733995183e+01   -1.9326590090e+01    1.1943616275e+01    2.8278415106e+00   -2.2154431601e+01    1.2800000000e+02    8.0428110005e-03    6.2255859375e-01
       120   -7.4600573200e+00    5.5834166879e+01   -1.3686233856e+01    6.2261765359e+00    2.6505045190e+00   -1.6336738375e+01    1.2800000000e+02    8.0436079998e-03    6.3085937500e-01
       121   -7.5059453761e+00    5.6517223423e+01   -1.2723120063e+01    5.2171746866e+00    2.6249103032e+00   -1.5348030366e+01    1.2800000000e+02    7.9785640000e-03    6.7431640625e-01
       122   -7.3937108722e+00    5.4788141368e+01   -1.2679923595e+01    5.2862127231e+00    2.7170088078e+00   -1.5396932403e+01    1.2800000000e+02    8.0781840006e-03    6.4941406250e-01
       123   -7.3918597352e+00    5.4804225602e+01   -1.1884246842e+01    4.4923871065e+00    2.3908596343e+00   -1.4275106476e+01    1.2800000000e+02    8.0571580002e-03    6.5039062500e-01
       124   -7.7727567985e+00    6.0868466305e+01   -1.7005513087e+01    9.2327562885e+00    2.9220009015e+00   -1.9927513989e+01    1.2800000000e+02    8.0908919999e-03    6.3623046875e-01
       125   -7.5102394861e+00    5.6664588502e+01   -1.9841948897e+01    1.2331709411e+01    2.6471941387e+00   -2.2489143036e+01    1.2800000000e+02    7.9505370004e-03    6.2988281250e-01
       126   -7.4182772911e+00    5.5204765752e+01   -1.3197270807e+01    5.7789935158e+00    2.4481376499e+00   -1.5645408457e+01    1.2800000000e+02    8.0111370007e-03    6.4599609375e-01
       127   -7.4459312276e+00    5.5649806675e+01   -1.5109177704e+01    7.6632464766e+00    2.8596165084e+00   -1.7968794213e+01    1.2800000000e+02    7.9639300002e-03    6.3476562500e-01
       128   -7.3759080698e+00    5.4549069310e+01   -1.2769214997e+01    5.3933069274e+00    2.5727764526e+00   -1.5341991450e+01    1.2800000000e+02    8.1176450003e-03    6.4013671875e-01
       129   -7.6552943869e+00    5.9075353657e+01   -1.6710494921e+01    9.0552005345e+00    3.0008708886e+00   -1.9711365810e+01    1.2800000000e+02    9.2853810002e-03    6.2500000000e-01
       130   -7.6587204724e+00    5.9106991228e+01   -2.1853280541e+01    1.4194560069e+01    3.2219484875e+00   -2.5075229028e+01    1.2800000000e+02    8.2206809993e-03    6.2597656250e-01
       131   -7.3835672051e+00    5.4704467612e+01   -1.6697662397e+01    9.3140951917e+00    2.8175969509e+00   -1.9515259348e+01    1.2800000000e+02    8.2027509998e-03    6.4843750000e-01
       132   -7.4934484485e+00    5.6387623384e+01   -1.6838688668e+01    9.3452402199e+00    2.4487105409e+00   -1.9287399209e+01    1.2800000000e+02    8.0528019998e-03    6.4501953125e-01
       133   -7.4421693384e+00    5.5545287785e+01   -1.2991354134e+01    5.5491847953e+00    2.5424937071e+00   -1.5533847841e+01    1.2800000000e+02    8.1211850002e-03    6.6015625000e-01
       134   -7.6460168957e+00    5.8762031033e+01   -1.5172948050e+01    7.5269311539e+00    2.5626782530e+00   -1.7735626302e+01    1.2800000000e+02    8.0621939996e-03    6.4892578125e-01
       135   -7.4461274176e+00    5.5623756195e+01   -1.2126658666e+01    4.6805312483e+00    2.6568321832e+00   -1.4783490849e+01    1.2800000000e+02    7.9114219998e-03    6.4941406250e-01
       136   -7.5842119576e+00    5.7768217778e+01   -1.4782812009e+01    7.1986000518e+00    2.7287667832e+00   -1.7511578793e+01    1.2800000000e+02    7.7855370000e-03    6.2646484375e-01
       137   -7.5569225529e+00    5.7284270553e+01   -2.0302578366e+01    1.2745655813e+01    3.4424588430e+00   -2.3745037209e+01    1.2800000000e+02    8.0041069996e-03    6.0058593750e-01
       138   -7.4350815478e+00    5.5468586688e+01   -1.8137935484e+01    1.0702853937e+01    2.5967413903e+00   -2.0734676875e+01    1.2800000000e+02    8.7973810005e-03    6.2402343750e-01
       139   -7.4997333749e+00    5.6481035240e+01   -1.6341926912e+01    8.8421935368e+00    2.7745986333e+00   -1.9116525545e+01    1.2800000000e+02    7.9100379999e-03    6.3769531250e-01
       140   -7.4699371206e+00    5.6024985304e+01   -1.5175009191e+01    7.7050720699e+00    2.8002603370e+00   -1.7975269528e+01    1.2800000000e+02    7.8773699997e-03    6.3916015625e-01
       141   -7.3689218068e+00    5.4470025640e+01   -1.2051901749e+01    4.6829799425e+00    2.4471624065e+00   -1.4499064156e+01    1.2800000000e+02    7.8745150004e-03    6.5527343750e-01
       142   -7.5325315258e+00    5.7023101231e+01   -1.1891865562e+01    4.3593340359e+00    2.6087931534e+00   -1.4500658715e+01    1.2800000000e+02    8.0628309997e-03    6.5917968750e-01
       143   -7.5378135851e+00    5.7063988205e+01   -1.5903682158e+01    8.3658685728e+00    2.7305274424e+00   -1.8634209600e+01    1.2800000000e+02    7.9553670002e-03    6.4257812500e-01
       144   -7.4175225966e+00    5.5268223729e+01   -1.2015403147e+01    4.5978805505e+00    2.4547699299e+00   -1.4470173077e+01    1.2800000000e+02    8.1865200000e-03    6.6357421875e-01
       145   -7.5604749207e+00    5.7359264746e+01   -1.9582574631e+01    1.2022099711e+01    2.4805420083e+00   -2.2063116640e+01    1.2800000000e+02    8.6890949997e-03    6.4257812500e-01
       146   -7.3461079771e+00    5.4086475239e+01   -1.0909719370e+01    3.5636113926e+00    2.7322206111e+00   -1.3641939981e+01    1.2800000000e+02    8.0789210006e-03    6.5332031250e-01
       147   -7.5063839555e+00    5.6583014325e+01   -1.4625145479e+01    7.1187615233e+00    2.8634219665e+00   -1.7488567445e+01    1.2800000000e+02    7.8844179998e-03    6.3867187500e-01
       148   -7.7095272251e+00    5.9853697028e+01   -1.7363456275e+01    9.6539290498e+00    2.4877562042e+00   -1.9851212479e+01    1.2800000000e+02    7.8801379996e-03    6.3183593750e-01
       149   -7.4596277071e+00    5.5783535892e+01   -1.3616251152e+01    6.1566234453e+00    2.4139033182e+00   -1.6030154471e+01    1.2800000000e+02    7.9436059996e-03    6.4990234375e-01
       150   -7.5074023072e+00    5.6564700257e+01   -1.2615329439e+01    5.1079271314e+00    2.6601378587e+00   -1.5275467297e+01    1.2800000000e+02    7.9293350000e-03    6.3134765625e-01
       151   -7.5325356469e+00    5.6987412104e+01   -1.2929723535e+01    5.3971878882e+00    2.5760111110e+00   -1.5505734646e+01    1.2800000000e+02    8.1160420004e-03    6.3916015625e-01
       152   -7.4554683587e+00    5.5758672323e+01   -1.2575547396e+01    5.1200790369e+00    2.8648170456e+00   -1.5440364441e+01    1.2800000000e+02    9.1535130005e-03    6.6699218750e-01
       153   -7.5077585644e+00    5.6707267781e+01   -1.3874950738e+01    6.3671921733e+00    2.6416871853e+00   -1.6516637923e+01    1.2800000000e+02    8.8292139999e-03    6.5136718750e-01
       154   -7.5631321820e+00    5.7428246178e+01   -1.3250911729e+01    5.6877795474e+00    2.5126560136e+00   -1.5763567743e+01    1.2800000000e+02    8.1105789995e-03    6.5039062500e-01
       155   -7.4877703385e+00    5.6459562198e+01   -1.3716335723e+01    6.2285653849e+00    2.4545814816e+00   -1.6170917205e+01    1.2800000000e+02    7.9065230002e-03    6.4404296875e-01
       156   -7.7161792785e+00    5.9960530420e+01   -1.8247093409e+01    1.0530914131e+01    2.8769818468e+00   -2.1124075256e+01    1.2800000000e+02    7.9349500002e-03    6.0888671875e-01
       157   -7.4252357938e+00    5.5329768190e+01   -1.4470712008e+01    7.0454762146e+00    2.4802615298e+00   -1.6950973538e+01    1.2800000000e+02    7.9867009999e-03    6.4306640625e-01
       158   -7.4731295831e+00    5.6118350451e+01   -1.3649704479e+01    6.1765748956e+00    2.6857637345e+00   -1.6335468213e+01    1.2800000000e+02    7.9628689991e-03    6.3916015625e-01
       159   -7.5680166987e+00    5.7554348264e+01   -1.3613869318e+01    6.0458526190e+00    2.5520676375e+00   -1.6165936955e+01    1.2800000000e+02    7.9026290005e-03    6.4697265625e-01
       160   -7.4355153542e+00    5.5473813683e+01   -1.4032238985e+01    6.5967236312e+00    2.6230180934e+00   -1.6655257079e+01    1.2800000000e+02    8.8592470001e-03    6.6162109375e-01
       161   -7.6333531332e+00    5.8596885891e+01   -1.9566051735e+01    1.1932698601e+01    2.4671245035e+00   -2.2033176238e+01    1.2800000000e+02    7.8895509996e-03    6.4550781250e-01
       162   -7.3525781469e+00    5.4222861448e+01   -1.2577892143e+01    5.2253139963e+00    2.6038237217e+00   -1.5181715865e+01    1.2800000000e+02    8.1913169997e-03    6.4404296875e-01
       163   -7.3301746949e+00    5.3890037082e+01   -1.1143185063e+01    3.8130103685e+00    2.4312662823e+00   -1.3574451346e+01    1.2800000000e+02    8.0009960002e-03    6.5673828125e-01
       164   -7.4434755288e+00    5.5597069532e+01   -1.5285345361e+01    7.8418698321e+00    2.7917401879e+00   -1.8077085549e+01    1.2800000000e+02    7.9137610001e-03    6.2255859375e-01
       165   -7.4312341807e+00    5.5387001712e+01   -1.4315997917e+01    6.8847637368e+00    2.6242688804e+00   -1.6940266798e+01    1.2800000000e+02    7.8570050000e-03    6.2402343750e-01
       166   -7.4585246835e+00    5.5837915058e+01   -1.2619942411e+01    5.1614177279e+00    2.7908380805e+00   -1.5410780492e+01    1.2800000000e+02    7.8664670000e-03    6.4404296875e-01
       167   -7.4229591271e+00    5.5288834324e+01   -1.2781007307e+01    5.3580481795e+00    2.6656995097e+00   -1.5446706816e+01    1.2800000000e+02    8.1255910000e-03    6.4550781250e-01
       168   -7.4535170197e+00    5.5757023275e+01   -1.6842739453e+01    9.3892224330e+00    3.2713181166e+00   -2.0114057569e+01    1.2800000000e+02    7.8804860004e-03    6.3085937500e-01
       169   -7.4091249923e+00    5.5199806905e+01   -1.4477319196e+01    7.0681942042e+00    2.8031369378e+00   -1.7280456134e+01    1.2800000000e+02    8.0374800000e-03    6.0302734375e-01
       170   -7.3359854402e+00    5.3974609061e+01   -1.1954860062e+01    4.6188746219e+00    2.3602194439e+00   -1.4315079506e+01    1.2800000000e+02    7.8129730000e-03    6.4794921875e-01
       171   -7.6053316001e+00    5.8142167228e+01   -1.6850772754e+01    9.2454411538e+00    2.5626745145e+00   -1.9413447268e+01    1.2800000000e+02    8.8449630002e-03    6.3427734375e-01
       172   -7.3644059397e+00    5.4403626480e+01   -1.3299146401e+01    5.9347404611e+00    2.7078170019e+00   -1.6006963403e+01    1.2800000000e+02    7.8188159996e-03    6.2890625000e-01
       173   -7.3054567157e+00    5.3529042797e+01   -2.4821887755e+01    1.7516431039e+01    3.2152910458e+00   -2.8037178801e+01    1.2800000000e+02    7.8555970003e-03    6.0839843750e-01
       174   -7.6083733965e+00    5.8161059356e+01   -1.5748716240e+01    8.1403428433e+00    2.7751896531e+00   -1.8523905893e+01    1.2800000000e+02    8.8341769997e-03    6.1328125000e-01
       175   -7.5063492489e+00    5.6606552920e+01   -1.4465262483e+01    6.9589132337e+00    2.7772931145e+00   -1.7242555597e+01    1.2800000000e+02    8.3978250004e-03    6.2792968750e-01
       176   -7.4275426841e+00    5.5357755105e+01   -1.4802773457e+01    7.3752307733e+00    2.6628563480e+00   -1.7465629805e+01    1.2800000000e+02    7.9956509999e-03    6.4111328125e-01
       177   -7.3201745452e+00    5.3735159240e+01   -1.6744996568e+01    9.4248220227e+00    2.7901176808e+00   -1.9535114249e+01    1.2800000000e+02    7.8790520001e-03    6.4111328125e-01
       178   -7.6263628354e+00    5.8475530527e+01   -1.4107277741e+01    6.4809149056e+00    2.7899425524e+00   -1.6897220293e+01    1.2800000000e+02    8.0563570000e-03    6.3623046875e-01
       179   -7.3792573913e+00    5.4598293449e+01   -1.6333511331e+01    8.9542539396e+00    2.9896048443e+00   -1.9323116175e+01    1.2800000000e+02    7.8580270001e-03    6.2304687500e-01
       180   -7.3936920540e+00    5.4825413391e+01   -1.3865224129e+01    6.4715320751e+00    2.6078369460e+00   -1.6473061075e+01    1.2800000000e+02    7.9392819998e-03    6.4257812500e-01
       181   -7.4168198753e+00    5.5116928425e+01   -1.1268429402e+01    3.8516095264e+00    2.3732398972e+00   -1.3641669299e+01    1.2800000000e+02    8.0287749997e-03    6.5722656250e-01
       182   -7.3709755054e+00    5.4487241742e+01   -1.2599192672e+01    5.2282171667e+00    2.5653344744e+00   -1.5164527146e+01    1.2800000000e+02    8.0386860000e-03    6.3281250000e-01
       183   -7.4752948119e+00    5.6011768325e+01   -1.2162477282e+01    4.6871824701e+00    2.6480988288e+00   -1.4810576111e+01    1.2800000000e+02    8.0670090001e-03    6.3867187500e-01
       184   -7.7926484090e+00    6.1160041831e+01   -1.7643150304e+01    9.8505018950e+00    2.5525826006e+00   -2.0195732905e+01    1.2800000000e+02    7.9483000000e-03    6.3525390625e-01
       185   -7.5837139306e+00    5.7827298200e+01   -1.7829955462e+01    1.0246241531e+01    2.7123656829e+00   -2.0542321145e+01    1.2800000000e+02    7.9504420000e-03    6.2402343750e-01
       186   -7.5233705756e+00    5.6924027185e+01   -1.8255842531e+01    1.0732471956e+01    2.5948394451e+00   -2.0850681977e+01    1.2800000000e+02    7.9159639999e-03    6.3525390625e-01
       187   -7.3610281805e+00    5.4362961116e+01   -1.4659919655e+01    7.2988914747e+00    2.6943308357e+00   -1.7354250491e+01    1.2800000000e+02    8.8933670004e-03    6.3916015625e-01
       188   -7.4348402600e+00    5.5430147598e+01   -1.2663315065e+01    5.2284748052e+00    2.7689794188e+00   -1.5432294484e+01    1.2800000000e+02    7.9287780000e-03    6.3232421875e-01
       189   -7.4975594526e+00    5.6438721858e+01   -1.1977137604e+01    4.4795781514e+00    2.4219920234e+00   -1.4399129627e+01    1.2800000000e+02    8.4541809993e-03    6.6503906250e-01
       190   -7.5735998059e+00    5.7749657028e+01   -1.3589758963e+01    6.0161591573e+00    2.6870034976e+00   -1.6276762461e+01    1.2800000000e+02    8.6244889999e-03    6.6015625000e-01
       191   -7.4330446050e+00    5.5399279528e+01   -1.0623887705e+01    3.1908431000e+00    2.3851980192e+00   -1.3009085724e+01    1.2800000000e+02    8.2113439994e-03    6.7187500000e-01
       192   -7.4818493009e+00    5.6144145518e+01   -1.2323756680e+01    4.8419073795e+00    2.4678344295e+00   -1.4791591110e+01    1.2800000000e+02    7.9586279999e-03    6.6113281250e-01
       193   -7.4544275208e+00    5.5712023680e+01   -1.6655035630e+01    9.2006081088e+00    2.5781919053e+00   -1.9233227535e+01    1.2800000000e+02    7.9967040001e-03    6.4892578125e-01
       194   -7.5009622958e+00    5.6469333693e+01   -1.3352746102e+01    5.8517838061e+00    2.4332273962e+00   -1.5785973498e+01    1.2800000000e+02    8.2804979993e-03    6.4355468750e-01
       195   -7.4627203758e+00    5.5912933788e+01   -1.1834356559e+01    4.3716361827e+00    2.5049876394e+00   -1.4339344198e+01    1.2800000000e+02    7.9561599996e-03    6.5527343750e-01
       196   -7.6910012095e+00    5.9660560989e+01   -1.4059542494e+01    6.3685412850e+00    2.6378679343e+00   -1.6697410429e+01    1.2800000000e+02    8.0005080008e-03    6.4550781250e-01
       197   -7.4912807385e+00    5.6409427140e+01   -3.1045249036e+01    2.3553968297e+01    3.4215987044e+00   -3.4466847740e+01    1.2800000000e+02    9.1399069997e-03    6.1914062500e-01
       198   -7.4402255276e+00    5.5559665393e+01   -1.6423726446e+01    8.9835009188e+00    2.8710571457e+00   -1.9294783592e+01    1.2800000000e+02    7.9524789999e-03    6.1914062500e-01
       199   -7.4304041105e+00    5.5365371817e+01   -1.6066334682e+01    8.6359305715e+00    2.7317565618e+00   -1.8798091244e+01    1.2800000000e+02    8.0815680003e-03    6.2744140625e-01
       200   -7.4130111691e+00    5.5260152038e+01   -1.5139105389e+01    7.7260942194e+00    2.6065941807e+00   -1.7745699569e+01    1.2800000000e+02    7.9418510004e-03    6.1865234375e-01
       201   -7.4320968142e+00    5.5391267051e+01   -9.9663716845e+00    2.5342748703e+00    1.9981940040e+00   -1.1964565688e+01    1.2800000000e+02    8.0287719993e-03    6.8945312500e-01
       202   -7.3913510586e+00    5.4788020295e+01   -1.9854400720e+01    1.2463049661e+01    2.7609190972e+00   -2.2615319817e+01    1.2800000000e+02    8.6035940003e-03    6.3671875000e-01
       203   -7.3618952808e+00    5.4372263993e+01   -1.5471225471e+01    8.1093301897e+00    2.4644634455e+00   -1.7935688916e+01    1.2800000000e+02    7.9598169996e-03    6.4794921875e-01
       204   -7.3729598998e+00    5.4559572970e+01   -1.3953309938e+01    6.5803500386e+00    2.9084270112e+00   -1.6861736950e+01    1.2800000000e+02    8.0926940000e-03    6.3769531250e-01
       205   -7.4537173569e+00    5.5740048106e+01   -1.2146083479e+01    4.6923661219e+00    2.7702028575e+00   -1.4916286336e+01    1.2800000000e+02    7.9135750002e-03    6.4892578125e-01
       206   -7.3841474795e+00    5.4690691376e+01   -1.1535084157e+01    4.1509366771e+00    2.5307885375e+00   -1.4065872694e+01    1.2800000000e+02    7.9879940004e-03    6.4697265625e-01
       207   -7.4191234751e+00    5.5306477402e+01   -1.4209479701e+01    6.7903562260e+00    2.7832318175e+00   -1.6992711519e+01    1.2800000000e+02    7.9383399998e-03    6.4746093750e-01
       208   -7.4155625911e+00    5.5239271155e+01   -1.2155005806e+01    4.7394432147e+00    2.7283797385e+00   -1.4883385544e+01    1.2800000000e+02    8.2538759998e-03    6.5332031250e-01
       209   -7.4878087339e+00    5.6485547006e+01   -1.4489103504e+01    7.0012947700e+00    2.7282592926e+00   -1.7217362796e+01    1.2800000000e+02    8.5764730002e-03    6.2597656250e-01
       210   -7.5400894973e+00    5.7111604224e+01   -1.5666686263e+01    8.1265967656e+00    2.9172423565e+00   -1.8583928619e+01    1.2800000000e+02    1.0422144001e-02    6.3183593750e-01
       211   -7.3746063393e+00    5.4573651147e+01   -1.3567755599e+01    6.1931492597e+00    2.7837099365e+00   -1.6351465535e+01    1.2800000000e+02    8.2221969997e-03    6.5283203125e-01
       212   -7.4667060189e+00    5.5875785483e+01   -1.3189905399e+01    5.7231993796e+00    2.7138420773e+00   -1.5903747476e+01    1.2800000000e+02    9.5698319992e-03    6.4892578125e-01
       213   -7.4897650724e+00    5.6295969174e+01   -1.2852979200e+01    5.3632141278e+00    2.4552318436e+00   -1.5308211044e+01    1.2800000000e+02    8.5958469999e-03    6.5039062500e-01
       214   -7.4369483857e+00    5.5546276927e+01   -1.4206302732e+01    6.7693543466e+00    2.8352680885e+00   -1.7041570821e+01    1.2800000000e+02    7.8114340004e-03    6.2500000000e-01
       215   -7.5422532414e+00    5.7158391092e+01   -1.5257925147e+01    7.7156719059e+00    2.3615713200e+00   -1.7619496467e+01    1.2800000000e+02    7.9746690008e-03    6.3671875000e-01
       216   -7.3817224581e+00    5.4636009424e+01   -1.3361042903e+01    5.9793204445e+00    2.7587786783e+00   -1.6119821581e+01    1.2800000000e+02    8.0185839997e-03    6.4550781250e-01
       217   -7.4089523013e+00    5.5131405551e+01   -1.2736380561e+01    5.3274282599e+00    2.6255123606e+00   -1.5361892922e+01    1.2800000000e+02    8.0079529998e-03    6.5429687500e-01
       218   -7.4025825013e+00    5.4951840455e+01   -1.3706479225e+01    6.3038967240e+00    2.5767724956e+00   -1.6283251721e+01    1.2800000000e+02    8.2297800000e-03    6.4257812500e-01
       219   -7.4224075787e+00    5.5235452225e+01   -1.3608796177e+01    6.1863885982e+00    2.6069447561e+00   -1.6215740933e+01    1.2800000000e+02    8.0735269994e-03    6.3281250000e-01
       220   -7.6015337600e+00    5.8057935320e+01   -1.4230742344e+01    6.6292085842e+00    2.5929547334e+00   -1.6823697078e+01    1.2800000000e+02    7.9647899993e-03    6.3769531250e-01
       221   -7.6251839894e+00    5.8484086656e+01   -1.8191440961e+01    1.0566256972e+01    2.8195079455e+00   -2.1010948907e+01    1.2800000000e+02    7.8362980003e-03    6.1572265625e-01
       222   -7.4553427671e+00    5.5797804694e+01   -1.4561520237e+01    7.1061774697e+00    2.4534365220e+00   -1.7014956759e+01    1.2800000000e+02    7.9449610002e-03    6.3720703125e-01
       223   -7.5005735276e+00    5.6488811946e+01   -1.3275064340e+01    5.7744908128e+00    2.7533250969e+00   -1.6028389437e+01    1.2800000000e+02    8.1279540000e-03    6.3037109375e-01
       224   -7.4319453177e+00    5.5379442810e+01   -1.2019102130e+01    4.5871568119e+00    2.6055199451e+00   -1.4624622075e+01    1.2800000000e+02    8.2560179999e-03    6.6015625000e-01
       225   -7.3835296672e+00    5.4783385945e+01   -1.3093524782e+01    5.7099951151e+00    2.5480932068e+00   -1.5641617989e+01    1.2800000000e+02    7.8616130004e-03    6.4306640625e-01
       226   -7.5267591374e+00    5.6921111141e+01   -1.2439336449e+01    4.9125773118e+00    2.6727549729e+00   -1.5112091422e+01    1.2800000000e+02    8.1717760004e-03    6.5185546875e-01
       227   -7.3910246695e+00    5.4956421283e+01   -1.4676793239e+01    7.2857685693e+00    2.9753065679e+00   -1.7652099807e+01    1.2800000000e+02    7.8053650004e-03    6.1621093750e-01
       228   -7.5570685209e+00    5.7454020998e+01   -1.8739192872e+01    1.1182124351e+01    2.6726863472e+00   -2.1411879219e+01    1.2800000000e+02    7.9599209994e-03    6.2109375000e-01
       229   -7.3919389925e+00    5.4846915299e+01   -1.2403091264e+01    5.0111522719e+00    2.9981796507e+00   -1.5401270915e+01    1.2800000000e+02    8.0638270001e-03    6.5136718750e-01
       230   -7.4372486835e+00    5.5495241639e+01   -1.3241699666e+01    5.8044509823e+00    2.6674593930e+00   -1.5909159059e+01    1.2800000000e+02    7.9768900005e-03    6.3623046875e-01
       231   -7.5602144333e+00    5.7468812631e+01   -1.7025864787e+01    9.4656503535e+00    3.0775618449e+00   -2.0103426632e+01    1.2800000000e+02    7.8480259999e-03    5.9179687500e-01
       232   -7.4790970163e+00    5.6146310839e+01   -1.2829220048e+01    5.3501230316e+00    2.8074139637e+00   -1.5636634012e+01    1.2800000000e+02    7.9618849995e-03    6.4453125000e-01
       233   -7.4220070911e+00    5.5159477352e+01   -1.2348997472e+01    4.9269903807e+00    2.3179538833e+00   -1.4666951355e+01    1.2800000000e+02    7.7653919998e-03    6.2890625000e-01
       234   -7.4373029439e+00    5.5488068923e+01   -1.1780842557e+01    4.3435396132e+00    2.3039117489e+00   -1.4084754306e+01    1.2800000000e+02    8.1310489995e-03    6.4453125000e-01
       235   -7.6191564662e+00    5.8285684869e+01   -1.5613008683e+01    7.9938522166e+00    2.5521172364e+00   -1.8165125919e+01    1.2800000000e+02    8.0610709992e-03    6.4794921875e-01
       236   -7.5556498834e+00    5.7355241308e+01   -1.8291825070e+01    1.0736175187e+01    3.0140106823e+00   -2.1305835752e+01    1.2800000000e+02    8.6959979999e-03    6.1523437500e-01
       237   -7.3263014600e+00    5.3812853880e+01   -1.3118729882e+01    5.7924284221e+00    2.7088347722e+00   -1.5827564654e+01    1.2800000000e+02    8.2073320000e-03    6.4111328125e-01
       238   -7.5674269798e+00    5.7551685343e+01   -1.4285675642e+01    6.7182486621e+00    3.1010188028e+00   -1.7386694445e+01    1.2800000000e+02    8.0315020004e-03    6.3769531250e-01
       239   -7.4394066406e+00    5.5512555251e+01   -1.4329914411e+01    6.8905077704e+00    2.6880301147e+00   -1.7017944526e+01    1.2800000000e+02    7.8347239996e-03    6.3916015625e-01
       240   -7.2939491739e+00    5.3335980495e+01   -1.3277509445e+01    5.9835602710e+00    2.6604105926e+00   -1.5937920037e+01    1.2800000000e+02    7.8893350001e-03    6.2646484375e-01
       241   -7.4957083574e+00    5.6364819326e+01   -1.6777919314e+01    9.2822109563e+00    2.8712825681e+00   -1.9649201882e+01    1.2800000000e+02    8.0350200005e-03    6.3867187500e-01
       242   -7.5049133194e+00    5.6528409313e+01   -1.4306030014e+01    6.8011166950e+00    2.7799919202e+00   -1.7086021935e+01    1.2800000000e+02    8.1655029999e-03    6.4453125000e-01
       243   -7.4909284969e+00    5.6362788053e+01   -1.3684389915e+01    6.1934614185e+00    2.4536362239e+00   -1.6138026139e+01    1.2800000000e+02    8.2756579995e-03    6.4160156250e-01
       244   -7.4668424751e+00    5.6010358979e+01   -1.3979143285e+01    6.5123008101e+00    2.5267637017e+00   -1.6505906987e+01    1.2800000000e+02    8.7392940004e-03    6.4306640625e-01
       245   -7.4211871199e+00    5.5232829031e+01   -1.7785979311e+01    1.0364792191e+01    2.8878167275e+00   -2.0673796038e+01    1.2800000000e+02    7.8606560000e-03    6.3134765625e-01
       246   -7.4417634288e+00    5.5504123964e+01   -1.1805226988e+01    4.3634635588e+00    2.3775225820e+00   -1.4182749570e+01    1.2800000000e+02    7.8737190006e-03    6.6064453125e-01
       247   -7.4383609557e+00    5.5577862884e+01   -1.1819846658e+01    4.3814857023e+00    2.3275750534e+00   -1.4147421711e+01    1.2800000000e+02    8.0035260007e-03    6.8896484375e-01
       248   -7.4481017040e+00    5.5812338190e+01   -1.3970366261e+01    6.5222645574e+00    2.5698739140e+00   -1.6540240175e+01    1.2800000000e+02    8.2321010004e-03    6.3964843750e-01
       249   -7.5799367759e+00    5.7702704133e+01   -1.3486730745e+01    5.9067939692e+00    2.4669248890e+00   -1.5953655634e+01    1.2800000000e+02    8.0999720003e-03    6.4599609375e-01
       250   -7.4125104532e+00    5.5139319421e+01   -1.1518128504e+01    4.1056180508e+00    2.4246018906e+00   -1.3942730395e+01    1.2800000000e+02    7.9860900005e-03    6.6943359375e-01
       251   -7.7350522283e+00    6.0253656240e+01   -1.7605876969e+01    9.8708247405e+00    3.2200421579e+00   -2.0825919127e+01    1.2800000000e+02    7.8618389998e-03    6.1816406250e-01
       252   -7.5774407711e+00    5.7659984874e+01   -1.6622182182e+01    9.0447414112e+00    2.5982391767e+00   -1.9220421359e+01    1.2800000000e+02    9.3920529998e-03    6.3916015625e-01
       253   -7.4062414607e+00    5.5012631989e+01   -1.2907142122e+01    5.5009006613e+00    2.8155520841e+00   -1.5722694206e+01    1.2800000000e+02    8.2528660005e-03    6.3964843750e-01
       254   -7.4243223115e+00    5.5265733452e+01   -1.3907752987e+01    6.4834306756e+00    2.5419936373e+00   -1.6449746624e+01    1.2800000000e+02    7.9981819999e-03    6.5820312500e-01
       255   -7.5456505499e+00    5.7253992810e+01   -1.3583245452e+01    6.0375949019e+00    2.6786952044e+00   -1.6261940656e+01    1.2800000000e+02    7.9825610001e-03    6.2988281250e-01
       256   -7.4961732896e+00    5.6362477466e+01   -1.3851798059e+01    6.3556247693e+00    3.2615644848e+00   -1.7113362544e+01    1.2800000000e+02    7.9323649998e-03    6.1328125000e-01
       257   -7.4452805182e+00    5.5641493850e+01   -1.2789417894e+01    5.3441373754e+00    2.3641164855e+00   -1.5153534379e+01    1.2800000000e+02    7.7534160000e-03    6.2597656250e-01
       258   -7.3499586288e+00    5.4202426464e+01   -1.2135061520e+01    4.7851028912e+00    2.2928797348e+00   -1.4427941255e+01    1.2800000000e+02    7.9372889995e-03    6.7041015625e-01
       259   -7.4464918193e+00    5.5727551849e+01   -1.5309413764e+01    7.8629219445e+00    2.6585446779e+00   -1.7967958442e+01    1.2800000000e+02    7.8579290002e-03    6.3085937500e-01
       260   -7.3265021260e+00    5.3811534026e+01   -1.4037164054e+01    6.7106619281e+00    2.9839434749e+00   -1.7021107529e+01    1.2800000000e+02    7.8345239999e-03    6.2011718750e-01
       261   -7.3594585565e+00    5.4327273364e+01   -1.2981643275e+01    5.6221847190e+00    2.8482743891e+00   -1.5829917665e+01    1.2800000000e+02    8.0478459995e-03    6.3574218750e-01
       262   -7.4422164554e+00    5.5554389635e+01   -1.4390483583e+01    6.9482671275e+00    2.5954719916e+00   -1.6985955574e+01    1.2800000000e+02    8.1429550000e-03    6.4355468750e-01
       263   -7.5737576096e+00    5.7650149114e+01   -1.5212361879e+01    7.6386042698e+00    2.6146932778e+00   -1.7827055157e+01    1.2800000000e+02    8.0005170003e-03    6.4794921875e-01
       264   -7.4589651732e+00    5.5805442195e+01   -1.6261854388e+01    8.8028892146e+00    2.7946594302e+00   -1.9056513818e+01    1.2800000000e+02    7.7954479993e-03    6.3720703125e-01
       265   -7.5348870743e+00    5.7028786854e+01   -2.4551941099e+01    1.7017054025e+01    2.7134938026e+00   -2.7265434902e+01    1.2800000000e+02    8.0401280002e-03    6.4550781250e-01
       266   -7.5315314034e+00    5.6893404456e+01   -1.2589100597e+01    5.0575691932e+00    2.5338043787e+00   -1.5122904975e+01    1.2800000000e+02    8.0124490005e-03    6.4794921875e-01
       267   -7.5797828613e+00    5.7753490113e+01   -1.5296470785e+01    7.7166879235e+00    2.6615757191e+00   -1.7958046504e+01    1.2800000000e+02    7.9098149999e-03    6.3232421875e-01
       268   -7.5724087009e+00    5.7883511651e+01   -1.6144627205e+01    8.5722185041e+00    3.0755413578e+00   -1.9220168563e+01    1.2800000000e+02    8.7141489994e-03    6.1083984375e-01
       269   -7.3755844052e+00    5.4544513041e+01   -1.2851924262e+01    5.4763398569e+00    2.6156357776e+00   -1.5467560040e+01    1.2800000000e+02    7.9009230003e-03    6.4160156250e-01
       270   -7.4370112202e+00    5.5419053846e+01   -1.2284936589e+01    4.8479253685e+00    2.7498586907e+00   -1.5034795279e+01    1.2800000000e+02    9.8767330001e-03    6.2402343750e-01
       271   -7.4189615121e+00    5.5208663182e+01   -1.4134752640e+01    6.7157911281e+00    2.3879502280e+00   -1.6522702868e+01    1.2800000000e+02    8.0155109999e-03    6.5380859375e-01
       272   -7.5815228779e+00    5.7669577227e+01   -1.3440153268e+01    5.8586303899e+00    2.9157490519e+00   -1.6355902320e+01    1.2800000000e+02    8.2551559999e-03    6.3720703125e-01
       273   -7.4708365544e+00    5.6000036149e+01   -1.9673324516e+01    1.2202487961e+01    2.8341982925e+00   -2.2507522808e+01    1.2800000000e+02    7.7848159999e-03    6.1425781250e-01
       274   -7.5274435798e+00    5.6813757864e+01   -1.3365888961e+01    5.8384453812e+00    2.2985654940e+00   -1.5664454455e+01    1.2800000000e+02    7.9511399999e-03    6.6406250000e-01
       275   -7.3374720252e+00    5.3949847153e+01   -1.2310151597e+01    4.9726795717e+00    2.5278506887e+00   -1.4838002286e+01    1.2800000000e+02    7.9119120001e-03    6.4648437500e-01
       276   -7.3120398219e+00    5.3588257889e+01   -1.2320705064e+01    5.0086652425e+00    2.4687017372e+00   -1.4789406802e+01    1.2800000000e+02    7.9309280000e-03    6.3818359375e-01
       277   -7.4594318916e+00    5.5894887483e+01   -1.5208543112e+01    7.7491112201e+00    2.3098546304e+00   -1.7518397742e+01    1.2800000000e+02    7.8343480000e-03    6.2988281250e-01
       278   -7.3816366340e+00    5.4665124543e+01   -1.3725417711e+01    6.3437810769e+00    2.5016323431e+00   -1.6227050054e+01    1.2800000000e+02    7.8211840000e-03    6.4843750000e-01
       279   -7.3491146639e+00    5.4157783127e+01   -1.2806680354e+01    5.4575656898e+00    2.7038778241e+00   -1.5510558178e+01    1.2800000000e+02    7.9764389993e-03    6.4941406250e-01
       280   -7.4779442049e+00    5.6193210413e+01   -1.2657946076e+01    5.1800018713e+00    2.4210045728e+00   -1.5078950649e+01    1.2800000000e+02    7.8596209996e-03    6.5332031250e-01
       281   -7.4330473280e+00    5.5493792301e+01   -1.1545426582e+01    4.1123792540e+00    2.6543800107e+00   -1.4199806593e+01    1.2800000000e+02    8.0640629994e-03    6.6015625000e-01
       282   -7.5642317306e+00    5.7606558347e+01   -1.2874432087e+01    5.3102003563e+00    2.6214541202e+00   -1.5495886207e+01    1.2800000000e+02    7.8913300003e-03    6.4062500000e-01
       283   -7.4486870658e+00    5.5733756634e+01   -1.5158259321e+01    7.7095722553e+00    3.3444629118e+00   -1.8502722233e+01    1.2800000000e+02    7.9311749996e-03    6.2548828125e-01
       284   -7.7325810326e+00    6.0260858556e+01   -2.0449644459e+01    1.2717063426e+01    2.8876018060e+00   -2.3337246265e+01    1.2800000000e+02    7.7944200002e-03    6.4306640625e-01
       285   -7.4555003826e+00    5.5800947826e+01   -1.5945494736e+01    8.4899943536e+00    2.4581006303e+00   -1.8403595367e+01    1.2800000000e+02    8.1271569998e-03    6.5136718750e-01
       286   -7.3939552019e+00    5.4864857861e+01   -1.3420345648e+01    6.0263904465e+00    2.7673534645e+00   -1.6187699113e+01    1.2800000000e+02    8.0068750003e-03    6.3281250000e-01
       287   -7.5814699786e+00    5.7750169036e+01   -1.2964473599e+01    5.3830036205e+00    2.3984390825e+00   -1.5362912682e+01    1.2800000000e+02    8.6384180004e-03    6.5429687500e-01
       288   -7.5742686228e+00    5.7561843886e+01   -1.5298335297e+01    7.7240666739e+00    3.0634533997e+00   -1.8361788696e+01    1.2800000000e+02    7.9020599997e-03    6.2548828125e-01
       289   -7.5235305163e+00    5.6852050918e+01   -1.5067834368e+01    7.5443038516e+00    2.3401493196e+00   -1.7407983687e+01    1.2800000000e+02    7.8784730003e-03    6.3720703125e-01
       290   -7.4645608976e+00    5.5873528230e+01   -1.1870416781e+01    4.4058558833e+00    2.3398033857e+00   -1.4210220167e+01    1.2800000000e+02    7.9063120002e-03    6.7041015625e-01
       291   -7.4032112690e+00    5.5021096395e+01   -1.3353643978e+01    5.9504327087e+00    2.7712310575e+00   -1.6124875035e+01    1.2800000000e+02    8.2291950002e-03    6.4697265625e-01
       292   -7.6125398611e+00    5.8336370686e+01   -1.5255550402e+01    7.6430105404e+00    2.4659177076e+00   -1.7721468109e+01    1.2800000000e+02    8.0021109998e-03    6.5771484375e-01
       293   -7.5336226928e+00    5.7004367524e+01   -1.4085486693e+01    6.5518640001e+00    2.7293514670e+00   -1.6814838160e+01    1.2800000000e+02    7.9409359996e-03    6.3232421875e-01
       294   -7.4932347611e+00    5.6343320039e+01   -1.6366197777e+01    8.8729630158e+00    2.7077173041e+00   -1.9073915081e+01    1.2800000000e+02    8.1340019997e-03    6.5136718750e-01
       295   -7.5178422883e+00    5.6716142639e+01   -1.8053169625e+01    1.0535327337e+01    2.8813304254e+00   -2.0934500050e+01    1.2800000000e+02    7.9057280000e-03    6.3818359375e-01
       296   -7.5891906128e+00    5.7902040058e+01   -1.5870493596e+01    8.2813029828e+00    2.8995694092e+00   -1.8770063005e+01    1.2800000000e+02    7.8700000004e-03    6.1621093750e-01
       297   -7.4290384339e+00    5.5365976427e+01   -1.5416986825e+01    7.9879483912e+00    2.9855621591e+00   -1.8402548984e+01    1.2800000000e+02    8.0774079997e-03    6.3769531250e-01
       298   -7.6043280845e+00    5.8163709850e+01   -2.0550134882e+01    1.2945806797e+01    2.6517675960e+00   -2.3201902478e+01    1.2800000000e+02    7.7888169999e-03    6.2890625000e-01
       299   -7.4612529799e+00    5.5873645572e+01   -1.2637032939e+01    5.1757799595e+00    2.5362943783e+00   -1.5173327318e+01    1.2800000000e+02    8.0483080001e-03    6.4648437500e-01
       300   -7.5016031249e+00    5.6549131239e+01   -1.9010165853e+01    1.1508562728e+01    2.5790113610e+00   -2.1589177214e+01    1.2800000000e+02    7.9259509994e-03    6.3574218750e-01
       301   -7.8060534233e+00    6.1350099454e+01   -1.5259398303e+01    7.4533448801e+00    2.8291210106e+00   -1.8088519314e+01    1.2800000000e+02    7.8829200002e-03    6.3085937500e-01
       302   -7.4606587347e+00    5.5880368386e+01   -1.6572045983e+01    9.1113872484e+00    3.0296779399e+00   -1.9601723923e+01    1.2800000000e+02    7.8821910001e-03    6.3476562500e-01
       303   -7.4240937142e+00    5.5255426429e+01   -1.2961114087e+01    5.5370203726e+00    2.6674743401e+00   -1.5628588427e+01    1.2800000000e+02    7.8318110000e-03    6.3525390625e-01
       304   -7.4038795174e+00    5.4958565799e+01   -1.4059495265e+01    6.6556157478e+00    2.6833884559e+00   -1.6742883721e+01    1.2800000000e+02    7.8943709996e-03    6.4599609375e-01
       305   -7.6008940997e+00    5.8185116532e+01   -1.2811923374e+01    5.2110292744e+00    2.1699484598e+00   -1.4981871834e+01    1.2800000000e+02    7.8640739994e-03    6.6015625000e-01
       306   -7.4958243933e+00    5.6393401621e+01   -1.3905471246e+01    6.4096468523e+00    2.7018750320e+00   -1.6607346278e+01    1.2800000000e+02    9.6311589996e-03    6.3378906250e-01
       307   -7.5121589727e+00    5.6649644997e+01   -1.3314352907e+01    5.8021939341e+00    2.4057971550e+00   -1.5720150062e+01    1.2800000000e+02    1.0997630000e-02    6.5771484375e-01
       308   -7.5937699853e+00    5.8018245850e+01   -2.1186105397e+01    1.3592335412e+01    3.2797839333e+00   -2.4465889330e+01    1.2800000000e+02    1.5745924000e-02    6.0498046875e-01
       309   -7.6648484558e+00    5.9108551867e+01   -1.6240577594e+01    8.5757291381e+00    2.8347596925e+00   -1.9075337286e+01    1.2800000000e+02    1.4199592000e-02    6.4160156250e-01
       310   -7.4485401313e+00    5.5678897884e+01   -1.4273086990e+01    6.8245468582e+00    2.6974882274e+00   -1.6970575217e+01    1.2800000000e+02    8.1422630001e-03    6.4160156250e-01
       311   -7.5310940632e+00    5.6874103336e+01   -1.1176122375e+01    3.6450283122e+00    2.3443317127e+00   -1.3520454088e+01    1.2800000000e+02    8.0706730005e-03    6.5966796875e-01
       312   -7.4845831622e+00    5.6219714676e+01   -1.5410069611e+01    7.9254864486e+00    2.7932657102e+00   -1.8203335321e+01    1.2800000000e+02    7.9181250003e-03    6.3916015625e-01
       313   -7.3191472944e+00    5.3764995193e+01   -1.3972068634e+01    6.6529213399e+00    2.5869602224e+00   -1.6559028857e+01    1.2800000000e+02    7.9021940001e-03    6.5087890625e-01
       314   -7.4085381029e+00    5.5091556059e+01   -1.4062709313e+01    6.6541712099e+00    2.4891044089e+00   -1.6551813722e+01    1.2800000000e+02    7.8881219997e-03    6.3867187500e-01
       315   -7.4845698164e+00    5.6250774150e+01   -1.2719242943e+01    5.2346731262e+00    2.2482194248e+00   -1.4967462367e+01    1.2800000000e+02    7.8896030000e-03    6.5478515625e-01
       316   -7.6496026704e+00    5.8855840780e+01   -1.6621054613e+01    8.9714519427e+00    2.7742003153e+00   -1.9395254928e+01    1.2800000000e+02    7.8808310000e-03    6.3134765625e-01
       317   -7.4831385550e+00    5.6231439325e+01   -1.2548104325e+01    5.0649657701e+00    2.5458796133e+00   -1.5093983938e+01    1.2800000000e+02    8.2552270005e-03    6.5820312500e-01
       318   -7.4048307474e+00    5.5016415758e+01   -1.6671957267e+01    9.2671265195e+00    2.5760583543e+00   -1.9248015621e+01    1.2800000000e+02    7.8167199999e-03    6.2646484375e-01
       319   -7.4262403363e+00    5.5271773888e+01   -1.6777642033e+01    9.3514016972e+00    2.6955943876e+00   -1.9473236421e+01    1.2800000000e+02    7.9081450003e-03    6.2646484375e-01
       320   -7.4721287268e+00    5.6057697580e+01   -1.3968263772e+01    6.4961350451e+00    2.7949659300e+00   -1.6763229702e+01    1.2800000000e+02    7.8203220000e-03    6.2744140625e-01
       321   -7.5444223404e+00    5.7183180891e+01   -1.3939000253e+01    6.3945779131e+00    2.6862976417e+00   -1.6625297895e+01    1.2800000000e+02    7.8765299995e-03    6.5283203125e-01
       322   -7.6795675798e+00    5.9289373847e+01   -1.4725891485e+01    7.0463239052e+00    2.5856062412e+00   -1.7311497726e+01    1.2800000000e+02    7.9854349997e-03    6.2304687500e-01
       323   -7.6647912677e+00    5.9067488370e+01   -1.8487739760e+01    1.0822948492e+01    2.9693140261e+00   -2.1457053786e+01    1.2800000000e+02    8.0386419995e-03    6.2988281250e-01
       324   -7.4786185782e+00    5.6147796384e+01   -2.5765017743e+01    1.8286399164e+01    2.7970863166e+00   -2.8562104059e+01    1.2800000000e+02    7.8384779999e-03    6.2451171875e-01
       325   -7.5983309335e+00    5.8093668896e+01   -1.3354378871e+01    5.7560479375e+00    2.4152896571e+00   -1.5769668528e+01    1.2800000000e+02    7.9520650006e-03    6.4501953125e-01
       326   -7.3669923552e+00    5.4471628216e+01   -1.3308811173e+01    5.9418188180e+00    2.6201157950e+00   -1.5928926968e+01    1.2800000000e+02    7.9442209999e-03    6.3134765625e-01
       327   -7.6005050921e+00    5.8147176484e+01   -1.5505700704e+01    7.9051956119e+00    2.8450465643e+00   -1.8350747268e+01    1.2800000000e+02    7.9123639998e-03    6.1572265625e-01
       328   -7.3755945448e+00    5.4495232528e+01   -1.1766647921e+01    4.3910533760e+00    2.5208491911e+00   -1.4287497112e+01    1.2800000000e+02    7.9454939996e-03    6.6064453125e-01
       329   -7.4825545380e+00    5.6146651813e+01   -1.3099562618e+01    5.6170080801e+00    2.7307608316e+00   -1.5830323450e+01    1.2800000000e+02    8.0156889999e-03    6.4160156250e-01
       330   -7.4754718847e+00    5.6054161399e+01   -1.1370439191e+01    3.8949673059e+00    2.4445980378e+00   -1.3815037228e+01    1.2800000000e+02    8.9700520002e-03    6.5136718750e-01
       331   -7.4878229896e+00    5.6529724756e+01   -1.6559346558e+01    9.0715235682e+00    3.8853402140e+00   -2.0444686772e+01    1.2800000000e+02    8.0669029994e-03    6.3281250000e-01
       332   -7.4816072149e+00    5.6246470903e+01   -1.4262209865e+01    6.7806026502e+00    2.7867483889e+00   -1.7048958254e+01    1.2800000000e+02    7.9166490004e-03    6.3378906250e-01
       333   -7.3729927026e+00    5.4613438493e+01   -1.5860908936e+01    8.4879162337e+00    2.6930718266e+00   -1.8553980763e+01    1.2800000000e+02    8.8851099999e-03    6.1914062500e-01
       334   -7.6079724361e+00    5.8309033867e+01   -1.7613309058e+01    1.0005336622e+01    2.6673751921e+00   -2.0280684250e+01    1.2800000000e+02    7.9609049999e-03    6.2939453125e-01
       335   -7.6565131701e+00    5.8941348201e+01   -1.5540425587e+01    7.8839124164e+00    2.7486066096e+00   -1.8289032196e+01    1.2800000000e+02    8.6093650007e-03    6.3330078125e-01
       336   -7.4587652594e+00    5.5760973182e+01   -1.1090390093e+01    3.6316248333e+00    2.2615357141e+00   -1.3351925807e+01    1.2800000000e+02    8.1399999999e-03    6.7236328125e-01
       337   -7.4459454907e+00    5.5714707233e+01   -1.5295220417e+01    7.8492749261e+00    2.9776534925e+00   -1.8272873909e+01    1.2800000000e+02    8.6475800008e-03    6.2402343750e-01
       338   -7.6024209132e+00    5.8245816931e+01   -1.3980661651e+01    6.3782407380e+00    2.6334347625e+00   -1.6614096414e+01    1.2800000000e+02    7.8496309998e-03    6.4501953125e-01
       339   -7.4423980311e+00    5.5697928319e+01   -1.2731919396e+01    5.2895213650e+00    2.8931364202e+00   -1.5625055816e+01    1.2800000000e+02    7.8622450001e-03    6.3623046875e-01
       340   -7.4703781376e+00    5.6004622445e+01   -1.3731433632e+01    6.2610554939e+00    2.5249222559e+00   -1.6256355887e+01    1.2800000000e+02    7.9496230001e-03    6.5820312500e-01
       341   -7.3628386616e+00    5.4432814715e+01   -1.4495711610e+01    7.1328729481e+00    2.4475475941e+00   -1.6943259204e+01    1.2800000000e+02    7.8685790004e-03    6.2548828125e-01
       342   -7.4969336072e+00    5.6512435937e+01   -1.5512086355e+01    8.0151527482e+00    2.5780676576e+00   -1.8090154013e+01    1.2800000000e+02    8.0800720007e-03    6.4306640625e-01
       343   -7.4556032484e+00    5.5782359276e+01   -1.5438502599e+01    7.9828993501e+00    2.5221633304e+00   -1.7960665929e+01    1.2800000000e+02    7.8856170003e-03    6.4843750000e-01
       344   -7.3949878456e+00    5.4821979114e+01   -1.0924154277e+01    3.5291664318e+00    2.5529812503e+00   -1.3477135528e+01    1.2800000000e+02    7.8678410000e-03    6.5136718750e-01
       345   -7.4365191042e+00    5.5399080502e+01   -1.2502422015e+01    5.0659029110e+00    2.5157503259e+00   -1.5018172341e+01    1.2800000000e+02    9.0735640006e-03    6.7041015625e-01
       346   -7.4484297696e+00    5.5699814412e+01   -1.4300145714e+01    6.8517159441e+00    2.6515757208e+00   -1.6951721435e+01    1.2800000000e+02    7.8460420000e-03    6.5478515625e-01
       347   -7.5768045656e+00    5.7737532435e+01   -2.1107652690e+01    1.3530848125e+01    2.6732745296e+00   -2.3780927220e+01    1.2800000000e+02    7.9481329994e-03    6.2255859375e-01
       348   -7.4119303687e+00    5.5118228287e+01   -1.3140942078e+01    5.7290117096e+00    2.4294992953e+00   -1.5570441374e+01    1.2800000000e+02    8.0077299999e-03    6.3671875000e-01
       349   -7.3879881773e+00    5.4780028405e+01   -1.2598770130e+01    5.2107819526e+00    2.8448807140e+00   -1.5443650844e+01    1.2800000000e+02    7.9421609998e-03    6.4404296875e-01
       350   -7.3219885741e+00    5.3877065191e+01   -1.5571098526e+01    8.2491099522e+00    3.0727865385e+00   -1.8643885065e+01    1.2800000000e+02    7.8033079999e-03    6.0058593750e-01
       351   -7.4533867393e+00    5.5768133751e+01   -1.2706144377e+01    5.2527576373e+00    2.5653908939e+00   -1.5271535271e+01    1.2800000000e+02    7.8192789997e-03    6.5039062500e-01
       352   -7.5236738776e+00    5.6784437554e+01   -1.5718596090e+01    8.1949222124e+00    2.5138248922e+00   -1.8232420982e+01    1.2800000000e+02    8.7359310000e-03    6.3427734375e-01
       353   -7.2672654535e+00    5.2939914071e+01   -1.3056014135e+01    5.7887486817e+00    2.5089407114e+00   -1.5564954847e+01    1.2800000000e+02    8.0644860000e-03    6.5039062500e-01
       354   -7.5199410323e+00    5.6730055974e+01   -1.3530108331e+01    6.0101672982e+00    2.6495401779e+00   -1.6179648508e+01    1.2800000000e+02    9.0212020004e-03    6.4355468750e-01
       355   -7.5145502848e+00    5.6687025060e+01   -1.5506134676e+01    7.9915843916e+00    2.8120480675e+00   -1.8318182744e+01    1.2800000000e+02    7.7798150005e-03    6.1376953125e-01
       356   -7.6898700990e+00    5.9505626042e+01   -1.4132714783e+01    6.4428446843e+00    2.5308143743e+00   -1.6663529158e+01    1.2800000000e+02    8.1670449999e-03    6.4746093750e-01
       357   -7.4704402449e+00    5.6139511894e+01   -1.5607002465e+01    8.1365622196e+00    2.4293205306e+00   -1.8036322995e+01    1.2800000000e+02    7.7904049995e-03    6.2060546875e-01
       358   -7.4193077269e+00    5.5205201495e+01   -1.4719373719e+01    7.3000659918e+00    2.4385307319e+00   -1.7157904451e+01    1.2800000000e+02    7.8951919995e-03    6.5527343750e-01
       359   -7.5286107497e+00    5.6889974249e+01   -1.7466426744e+01    9.9378159941e+00    2.7902229749e+00   -2.0256649719e+01    1.2800000000e+02    9.1536800001e-03    6.3134765625e-01
       360   -7.5214783837e+00    5.6896706265e+01   -1.4775127094e+01    7.2536487099e+00    2.6472318559e+00   -1.7422358949e+01    1.2800000000e+02    7.8408119998e-03    6.1962890625e-01
       361   -7.6769835843e+00    5.9278775724e+01   -1.5714750966e+01    8.0377673818e+00    2.9479077596e+00   -1.8662658726e+01    1.2800000000e+02    7.7857209999e-03    6.1181640625e-01
       362   -7.6409423315e+00    5.8715958345e+01   -1.9951480977e+01    1.2310538646e+01    2.6340822022e+00   -2.2585563179e+01    1.2800000000e+02    7.7932180002e-03    6.3671875000e-01
       363   -7.4622732146e+00    5.5990393799e+01   -2.2221843057e+01    1.4759569843e+01    2.5474480519e+00   -2.4769291109e+01    1.2800000000e+02    7.7600739996e-03    6.1523437500e-01
       364   -7.4279378277e+00    5.5399647624e+01   -1.2392861199e+01    4.9649233717e+00    2.2375436592e+00   -1.4630404859e+01    1.2800000000e+02    7.9037420001e-03    6.5576171875e-01
       365   -7.4263563054e+00    5.5344054353e+01   -1.2547328879e+01    5.1209725733e+00    2.4472223433e+00   -1.4994551222e+01    1.2800000000e+02    7.9292259998e-03    6.4892578125e-01
       366   -7.6417838272e+00    5.8719797700e+01   -1.6955734696e+01    9.3139508687e+00    2.7850894331e+00   -1.9740824129e+01    1.2800000000e+02    7.9230239999e-03    6.5332031250e-01
       367   -7.4786867710e+00    5.6151028132e+01   -1.2863846139e+01    5.3851593684e+00    2.5707665589e+00   -1.5434612698e+01    1.2800000000e+02    8.4069390005e-03    6.6992187500e-01
       368   -7.6316680429e+00    5.8534270589e+01   -1.8843853134e+01    1.1212185091e+01    2.7915133623e+00   -2.1635366496e+01    1.2800000000e+02    7.8617170002e-03    6.2695312500e-01
       369   -7.4407262589e+00    5.5536758867e+01   -1.3940397156e+01    6.4996708969e+00    2.6262164884e+00   -1.6566613644e+01    1.2800000000e+02    7.8609640004e-03    6.4550781250e-01
       370   -7.3412007542e+00    5.4018597199e+01   -1.3516133412e+01    6.1749326578e+00    2.6220233534e+00   -1.6138156766e+01    1.2800000000e+02    7.8481470000e-03    6.3574218750e-01
       371   -7.6277345295e+00    5.8501606199e+01   -2.6037287882e+01    1.8409553353e+01    3.3481091616e+00   -2.9385397044e+01    1.2800000000e+02    7.9892570002e-03    6.2402343750e-01
       372   -7.3822941474e+00    5.4686395603e+01   -1.2673398137e+01    5.2911039897e+00    2.5456060213e+00   -1.5219004158e+01    1.2800000000e+02    8.1028070008e-03    6.4599609375e-01
       373   -7.7448188485e+00    6.0427999138e+01   -1.7240415339e+01    9.4955964903e+00    2.7702546704e+00   -2.0010670009e+01    1.2800000000e+02    7.6980670001e-03    6.1230468750e-01
       374   -7.4710076714e+00    5.6015162099e+01   -1.3192662819e+01    5.7216551477e+00    3.0150588903e+00   -1.6207721709e+01    1.2800000000e+02    8.1144429996e-03    6.3916015625e-01
       375   -7.5251580396e+00    5.6894851375e+01   -1.3816899723e+01    6.2917416837e+00    2.5819661732e+00   -1.6398865897e+01    1.2800000000e+02    7.8992760000e-03    6.4160156250e-01
       376   -7.4992888962e+00    5.6504727696e+01   -1.3839224351e+01    6.3399354547e+00    2.5257061224e+00   -1.6364930473e+01    1.2800000000e+02    8.1138530004e-03    6.5087890625e-01
       377   -7.5135153001e+00    5.6708380612e+01   -1.2499996142e+01    4.9864808415e+00    2.4483503069e+00   -1.4948346449e+01    1.2800000000e+02    8.9993520005e-03    6.4306640625e-01
       378   -7.5147305640e+00    5.6744819821e+01   -1.2313091191e+01    4.7983606272e+00    2.5151296582e+00   -1.4828220849e+01    1.2800000000e+02    8.7477610004e-03    6.5722656250e-01
       379   -7.4002844145e+00    5.4909815409e+01   -1.2434786318e+01    5.0345019033e+00    2.5503214975e+00   -1.4985107815e+01    1.2800000000e+02    8.2694329994e-03    6.6748046875e-01
       380   -7.4066381929e+00    5.5065027011e+01   -1.2612633646e+01    5.2059954528e+00    2.6928682211e+00   -1.5305501867e+01    1.2800000000e+02    8.3199390001e-03    6.6015625000e-01
       381   -7.4037992098e+00    5.5031957723e+01   -1.3048079988e+01    5.6442807786e+00    2.4832512804e+00   -1.5531331269e+01    1.2800000000e+02    8.4948610001e-03    6.4160156250e-01
       382   -7.5660815162e+00    5.7586302281e+01   -1.5423155712e+01    7.8570741961e+00    2.9143112849e+00   -1.8337466997e+01    1.2800000000e+02    8.0119390004e-03    6.2548828125e-01
       383   -7.6927194527e+00    5.9582584167e+01   -1.8784902884e+01    1.1092183431e+01    2.6995786349e+00   -2.1484481519e+01    1.2800000000e+02    7.8611580002e-03    6.3037109375e-01
       384   -7.3899867034e+00    5.4781518236e+01   -1.4294096824e+01    6.9041101208e+00    3.1536906430e+00   -1.7447787467e+01    1.2800000000e+02    8.1761769998e-03    6.2109375000e-01
       385   -7.4243284021e+00    5.5243404099e+01   -1.2248301659e+01    4.8239732568e+00    2.3639660069e+00   -1.4612267666e+01    1.2800000000e+02    8.0600109995e-03    6.4794921875e-01
       386   -7.4856511559e+00    5.6279623780e+01   -1.2291580212e+01    4.8059290559e+00    2.6166611872e+00   -1.4908241399e+01    1.2800000000e+02    8.0023599994e-03    6.4892578125e-01
       387   -7.4484794033e+00    5.5667460609e+01   -1.1986908809e+01    4.5384294060e+00    2.6726995977e+00   -1.4659608407e+01    1.2800000000e+02    8.0285609993e-03    6.5136718750e-01
       388   -7.5195221641e+00    5.6789897517e+01   -1.5742668957e+01    8.2231467932e+00    2.6871382713e+00   -1.8429807229e+01    1.2800000000e+02    7.9429870002e-03    6.4404296875e-01
       389   -7.4279637602e+00    5.5309410128e+01   -1.6766996526e+01    9.3390327661e+00    2.7645211060e+00   -1.9531517632e+01    1.2800000000e+02    8.0385539995e-03    6.4404296875e-01
       390   -7.4254035842e+00    5.5430216360e+01   -1.4654880114e+01    7.2294765302e+00    2.5496682005e+00   -1.7204548315e+01    1.2800000000e+02    7.9761570005e-03    6.4648437500e-01
       391   -7.4335977464e+00    5.5407469054e+01   -1.2082951434e+01    4.6493536874e+00    2.3844122734e+00   -1.4467363707e+01    1.2800000000e+02    8.0079049994e-03    6.6113281250e-01
       392   -7.4815730677e+00    5.6123988870e+01   -1.5429772527e+01    7.9481994597e+00    2.5880990483e+00   -1.8017871576e+01    1.2800000000e+02    7.9882599994e-03    6.4111328125e-01
       393   -7.4707208292e+00    5.6020386100e+01   -2.0197557957e+01    1.2726837127e+01    2.6534020937e+00   -2.2850960050e+01    1.2800000000e+02    7.9633440000e-03    6.3769531250e-01
       394   -7.5450976226e+00    5.7270837423e+01   -1.5947122737e+01    8.4020251143e+00    2.6827634999e+00   -1.8629886237e+01    1.2800000000e+02    7.9093129998e-03    6.3671875000e-01
       395   -7.6157818929e+00    5.8274589617e+01   -1.4317695921e+01    6.7019140278e+00    2.5922847151e+00   -1.6909980636e+01    1.2800000000e+02    7.9396900001e-03    6.5332031250e-01
       396   -7.5655343040e+00    5.7544880940e+01   -1.7143312421e+01    9.5777781169e+00    2.5225545865e+00   -1.9665867007e+01    1.2800000000e+02    7.8653199998e-03    6.1816406250e-01
       397   -7.4435499818e+00    5.5638753333e+01   -1.3227459824e+01    5.7839098419e+00    2.6651947638e+00   -1.5892654588e+01    1.2800000000e+02    7.9861889999e-03    6.2060546875e-01
       398   -7.7469846673e+00    6.0434638490e+01   -1.9090702788e+01    1.1343718121e+01    2.7172060232e+00   -2.1807908811e+01    1.2800000000e+02    7.9124590002e-03    6.1083984375e-01
       399   -7.5295085308e+00    5.6966002637e+01   -1.3952935915e+01    6.4234273840e+00    2.6001587063e+00   -1.6553094621e+01    1.2800000000e+02    1.2969365000e-02    6.5722656250e-01
       400   -7.5713128467e+00    5.7765223450e+01   -1.4495627571e+01    6.9243147240e+00    2.7028106862e+00   -1.7198438257e+01    1.2800000000e+02    1.2247063000e-02    6.5576171875e-01
       401   -7.4547913220e+00    5.5812656227e+01   -1.7626760642e+01    1.0171969320e+01    2.8167098744e+00   -2.0443470516e+01    1.2800000000e+02    7.8926930000e-03    6.3525390625e-01
       402   -7.3372500962e+00    5.3973730375e+01   -1.1565393564e+01    4.2281434678e+00    2.7778038973e+00   -1.4343197461e+01    1.2800000000e+02    7.8670379999e-03    6.4648437500e-01
       403   -7.4915563148e+00    5.6336336233e+01   -1.2127131245e+01    4.6355749298e+00    2.3066180943e+00   -1.4433749339e+01    1.2800000000e+02    8.2145120004e-03    6.5576171875e-01
       404   -7.4450282871e+00    5.5612592278e+01   -1.3032742088e+01    5.5877138012e+00    2.6561776175e+00   -1.5688919706e+01    1.2800000000e+02    7.9341560004e-03    6.5771484375e-01
       405   -7.5034043801e+00    5.6589150777e+01   -1.5612572658e+01    8.1091682781e+00    2.6548719679e+00   -1.8267444626e+01    1.2800000000e+02    7.7655929999e-03    6.1083984375e-01
       406   -7.3595780750e+00    5.4294942477e+01   -1.1724903695e+01    4.3653256199e+00    2.9285475043e+00   -1.4653451199e+01    1.2800000000e+02    8.3456639995e-03    6.3574218750e-01
       407   -7.5351535568e+00    5.7027310073e+01   -2.1870726877e+01    1.4335573320e+01    2.5600597519e+00   -2.4430786629e+01    1.2800000000e+02    7.9692509998e-03    6.5917968750e-01
       408   -7.4532272616e+00    5.5702793409e+01   -1.5165961875e+01    7.7127346136e+00    2.8487560277e+00   -1.8014717903e+01    1.2800000000e+02    8.1156410006e-03    6.3720703125e-01
       409   -7.4535726153e+00    5.5717769735e+01   -1.4201913214e+01    6.7483405988e+00    2.4563018604e+00   -1.6658215074e+01    1.2800000000e+02    8.0251399995e-03    6.3623046875e-01
       410   -7.4641821220e+00    5.5981095020e+01   -1.4198221915e+01    6.7340397925e+00    2.9804539914e+00   -1.7178675906e+01    1.2800000000e+02    8.1069490006e-03    6.1669921875e-01
       411   -7.5058654300e+00    5.6599769377e+01   -2.2524120341e+01    1.5018254911e+01    3.0516511265e+00   -2.5575771468e+01    1.2800000000e+02    7.7732000000e-03    6.0937500000e-01
       412   -7.3936813392e+00    5.4818748254e+01   -1.2795698438e+01    5.4020170986e+00    2.6406806503e+00   -1.5436379088e+01    1.2800000000e+02    7.9481069997e-03    6.4160156250e-01
       413   -7.5332400304e+00    5.7067466070e+01   -1.3590817069e+01    6.0575770388e+00    2.7185759717e+00   -1.6309393041e+01    1.2800000000e+02    7.7741000005e-03    6.2597656250e-01
       414   -7.5105007491e+00    5.6676791255e+01   -1.3167410443e+01    5.6569096935e+00    2.3697304477e+00   -1.5537140890e+01    1.2800000000e+02    7.9080480000e-03    6.4257812500e-01
       415   -7.3297370356e+00    5.3883174424e+01   -1.3327774229e+01    5.9980371934e+00    2.6535580687e+00   -1.5981332298e+01    1.2800000000e+02    7.7777779998e-03    6.3476562500e-01
       416   -7.4587720352e+00    5.5823865284e+01   -1.2042912398e+01    4.5841403627e+00    2.4050235466e+00   -1.4447935945e+01    1.2800000000e+02    8.2699989998e-03    6.6357421875e-01
       417   -7.6466139454e+00    5.8821361113e+01   -1.4434495974e+01    6.7878820288e+00    2.7712117116e+00   -1.7205707686e+01    1.2800000000e+02    7.9025559999e-03    6.4453125000e-01
       418   -7.5331130584e+00    5.6999174454e+01   -1.3731486105e+01    6.1983730464e+00    2.7727887056e+00   -1.6504274810e+01    1.2800000000e+02    8.0422830006e-03    6.2353515625e-01
       419   -7.4814795037e+00    5.6189620028e+01   -1.1930481158e+01    4.4490016544e+00    2.4661365267e+00   -1.4396617685e+01    1.2800000000e+02    7.8627650000e-03    6.4599609375e-01
       420   -7.3601200211e+00    5.4303215232e+01   -1.4731425275e+01    7.3713052536e+00    2.7633557761e+00   -1.7494781051e+01    1.2800000000e+02    7.8388239999e-03    6.1962890625e-01
       421   -7.5918846897e+00    5.7972698432e+01   -1.7271070487e+01    9.6791857969e+00    2.6575374035e+00   -1.9928607890e+01    1.2800000000e+02    8.2453799996e-03    6.2109375000e-01
       422   -7.3503196702e+00    5.4331209263e+01   -1.5744622233e+01    8.3943025630e+00    2.7752453386e+00   -1.8519867572e+01    1.2800000000e+02    8.0665750002e-03    6.3232421875e-01
       423   -7.4067554797e+00    5.5004485675e+01   -1.3595087745e+01    6.1883322658e+00    2.3642374436e+00   -1.5959325189e+01    1.2800000000e+02    7.8808399994e-03    6.4160156250e-01
       424   -7.4205295635e+00    5.5256371927e+01   -1.3149771480e+01    5.7292419161e+00    2.6356023960e+00   -1.5785373876e+01    1.2800000000e+02    7.8361350006e-03    6.2304687500e-01
       425   -7.5579439561e+00    5.7525149516e+01   -1.5665241753e+01    8.1072977972e+00    2.7402796975e+00   -1.8405521451e+01    1.2800000000e+02    7.9402740002e-03    6.3281250000e-01
       426   -7.5562994597e+00    5.7382038416e+01   -2.1507571989e+01    1.3951272529e+01    2.5046175264e+00   -2.4012189516e+01    1.2800000000e+02    7.8816670002e-03    6.2988281250e-01
       427   -7.6105103057e+00    5.8276600222e+01   -1.3241004637e+01    5.6304943313e+00    2.8140267792e+00   -1.6055031416e+01    1.2800000000e+02    8.7353319996e-03    6.3964843750e-01
       428   -7.5815728866e+00    5.7738109082e+01   -1.7671519195e+01    1.0089946309e+01    2.6382563401e+00   -2.0309775535e+01    1.2800000000e+02    8.0051850000e-03    6.3378906250e-01
       429   -7.4085818719e+00    5.5088157978e+01   -1.4025193869e+01    6.6166119973e+00    2.8728336937e+00   -1.6898027563e+01    1.2800000000e+02    8.5196489999e-03    6.4404296875e-01
       430   -7.4052820207e+00    5.5060644113e+01   -1.3409309697e+01    6.0040276758e+00    2.6238662537e+00   -1.6033175950e+01    1.2800000000e+02    7.9583839997e-03    6.4111328125e-01
       431   -7.5096887288e+00    5.6620745017e+01   -1.2941630815e+01    5.4319420867e+00    2.6896531268e+00   -1.5631283942e+01    1.2800000000e+02    7.8941830006e-03    6.4453125000e-01
       432   -7.6873075028e+00    5.9387639039e+01   -1.8181183754e+01    1.0493876251e+01    2.5241402172e+00   -2.0705323971e+01    1.2800000000e+02    8.0274570000e-03    6.4648437500e-01
       433   -7.3703292654e+00    5.4581299850e+01   -1.1682972311e+01    4.3126430454e+00    2.9985865823e+00   -1.4681558893e+01    1.2800000000e+02    8.0025650004e-03    6.6113281250e-01
       434   -7.3400481774e+00    5.4110162284e+01   -1.4036841767e+01    6.6967935893e+00    2.7391442463e+00   -1.6775986013e+01    1.2800000000e+02    8.1966640000e-03    6.2158203125e-01
       435   -7.4132226009e+00    5.5226378403e+01   -1.5810167130e+01    8.3969445289e+00    2.6955848907e+00   -1.8505752021e+01    1.2800000000e+02    7.8377020000e-03    6.3818359375e-01
       436   -7.6008822418e+00    5.8011151271e+01   -1.5998030191e+01    8.3971479488e+00    3.1787550492e+00   -1.9176785240e+01    1.2800000000e+02    7.9333719996e-03    6.1816406250e-01
       437   -7.4717222288e+00    5.6030205320e+01   -1.5748011837e+01    8.2762896084e+00    2.9604399911e+00   -1.8708451828e+01    1.2800000000e+02    7.8949489998e-03    6.2548828125e-01
       438   -7.4592435521e+00    5.5788674981e+01   -1.4548767801e+01    7.0895242487e+00    2.8533474507e+00   -1.7402115251e+01    1.2800000000e+02    7.7892849995e-03    6.4306640625e-01
       439   -7.3914379032e+00    5.4849469975e+01   -1.2382958361e+01    4.9915204574e+00    2.5168032126e+00   -1.4899761573e+01    1.2800000000e+02    7.9069690000e-03    6.4648437500e-01
       440   -7.4608271578e+00    5.5809655489e+01   -1.4923016578e+01    7.4621894198e+00    2.7199614124e+00   -1.7642977990e+01    1.2800000000e+02    8.0782570003e-03    6.4892578125e-01
       441   -7.5864079515e+00    5.7811837392e+01   -1.8314159919e+01    1.0727751968e+01    2.8913737350e+00   -2.1205533654e+01    1.2800000000e+02    8.1364939997e-03    6.1914062500e-01
       442   -7.3868784313e+00    5.4746062682e+01   -1.3338688305e+01    5.9518098737e+00    2.4901763147e+00   -1.5828864620e+01    1.2800000000e+02    7.8637180004e-03    6.4404296875e-01
       443   -7.4018936564e+00    5.4994928868e+01   -1.6149182259e+01    8.7472886029e+00    3.1013538725e+00   -1.9250536132e+01    1.2800000000e+02    7.8874720002e-03    6.3330078125e-01
       444   -7.5017102386e+00    5.6572791411e+01   -1.8519145016e+01    1.1017434778e+01    2.8753794659e+00   -2.1394524482e+01    1.2800000000e+02    8.0004579995e-03    6.1425781250e-01
       445   -7.5543758136e+00    5.7298776597e+01   -1.5313055537e+01    7.7586797234e+00    2.9923530839e+00   -1.8305408621e+01    1.2800000000e+02    8.0113659997e-03    6.1328125000e-01
       446   -7.4125309421e+00    5.5101384096e+01   -1.1635218827e+01    4.2226878846e+00    2.2206477147e+00   -1.3855866541e+01    1.2800000000e+02    8.1316520000e-03    6.7138671875e-01
       447   -7.4064772350e+00    5.5096517465e+01   -1.2649239459e+01    5.2427622236e+00    2.5648549681e+00   -1.5214094427e+01    1.2800000000e+02    8.0971950001e-03    6.4404296875e-01
       448   -7.3945095891e+00    5.4892025071e+01   -1.7975920054e+01    1.0581410465e+01    2.6381907491e+00   -2.0614110804e+01    1.2800000000e+02    7.8354640000e-03    6.3623046875e-01
       449   -7.5223153770e+00    5.6800638671e+01   -1.7451236304e+01    9.9289209274e+00    2.7390506675e+00   -2.0190286972e+01    1.2800000000e+02    7.9030810002e-03    6.2109375000e-01
       450   -7.3711632838e+00    5.4483081291e+01   -1.4416869140e+01    7.0457058562e+00    2.6590852561e+00   -1.7075954396e+01    1.2800000000e+02    7.8413810006e-03    6.3720703125e-01
       451   -7.5949512657e+00    5.7924871512e+01   -1.5013185496e+01    7.4182342303e+00    2.8198606095e+00   -1.7833046106e+01    1.2800000000e+02    8.2626180001e-03    6.2646484375e-01
       452   -7.4897888371e+00    5.6224911601e+01   -3.0700170437e+01    2.3210381599e+01    2.7450755886e+00   -3.3445246025e+01    1.2800000000e+02    8.1315199996e-03    6.3867187500e-01
       453   -7.4473342358e+00    5.5785109925e+01   -1.9514817248e+01    1.2067483012e+01    2.8471515508e+00   -2.2361968799e+01    1.2800000000e+02    7.9809479994e-03    6.1035156250e-01
       454   -7.5641670739e+00    5.7505189103e+01   -1.4231156446e+01    6.6669893726e+00    2.7172590676e+00   -1.6948415514e+01    1.2800000000e+02    7.8652729999e-03    6.3085937500e-01
       455   -7.4015478310e+00    5.4976898561e+01   -1.1626306766e+01    4.2247589347e+00    2.6294909603e+00   -1.4255797726e+01    1.2800000000e+02    8.1764090000e-03    6.5332031250e-01
       456   -7.5475576844e+00    5.7244368130e+01   -1.4672085003e+01    7.1245273187e+00    2.7368660341e+00   -1.7408951037e+01    1.2800000000e+02    7.8616930005e-03    6.4550781250e-01
       457   -7.5272535113e+00    5.7049181234e+01   -1.4163872053e+01    6.6366185415e+00    3.1097466937e+00   -1.7273618747e+01    1.2800000000e+02    8.0340739996e-03    6.3623046875e-01
       458   -7.6098879968e+00    5.8264443963e+01   -1.4051962411e+01    6.4420744143e+00    2.6249358350e+00   -1.6676898246e+01    1.2800000000e+02    8.1480300005e-03    6.4941406250e-01
       459   -7.5222393495e+00    5.6883830609e+01   -1.6901477539e+01    9.3792381898e+00    2.6983613032e+00   -1.9599838842e+01    1.2800000000e+02    8.2724139993e-03    6.1865234375e-01
       460   -7.5230264133e+00    5.6868831125e+01   -1.2755930888e+01    5.2329044751e+00    2.5895324059e+00   -1.5345463294e+01    1.2800000000e+02    8.0195760002e-03    6.5527343750e-01
       461   -7.5432809542e+00    5.7133700613e+01   -1.3632482387e+01    6.0892014330e+00    2.7424130947e+00   -1.6374895482e+01    1.2800000000e+02    7.9676639998e-03    6.4306640625e-01
       462   -7.3648304243e+00    5.4440018988e+01   -1.2548763186e+01    5.1839327614e+00    2.3980873665e+00   -1.4946850552e+01    1.2800000000e+02    7.8586440004e-03    6.4501953125e-01
       463   -7.6419083580e+00    5.8717858538e+01   -2.3032360026e+01    1.5390451668e+01    2.3667962584e+00   -2.5399156285e+01    1.2800000000e+02    7.6982519995e-03    6.2402343750e-01
       464   -7.4153447661e+00    5.5218557714e+01   -1.5383173183e+01    7.9678284172e+00    2.7269741711e+00   -1.8110147354e+01    1.2800000000e+02    7.8922639996e-03    6.3671875000e-01
       465   -7.4714269018e+00    5.6025505085e+01   -1.6326487233e+01    8.8550603315e+00    2.9843978945e+00   -1.9310885128e+01    1.2800000000e+02    7.9437579998e-03    6.3623046875e-01
       466   -7.5496391889e+00    5.7255690987e+01   -1.4379472145e+01    6.8298329561e+00    2.6514731161e+00   -1.7030945261e+01    1.2800000000e+02    8.6288600005e-03    6.3232421875e-01
       467   -7.3482901701e+00    5.4191070719e+01   -2.0881743016e+01    1.3533452846e+01    2.5206920772e+00   -2.3402435093e+01    1.2800000000e+02    8.7219540001e-03    6.2304687500e-01
       468   -7.7528283819e+00    6.0504447115e+01   -1.8469645437e+01    1.0716817055e+01    3.6990999300e+00   -2.2168745367e+01    1.2800000000e+02    9.2449300000e-03    6.0302734375e-01
       469   -7.4101137696e+00    5.5184729900e+01   -1.2245049490e+01    4.8349357207e+00    2.3846108517e+00   -1.4629660342e+01    1.2800000000e+02    8.0237990005e-03    6.5185546875e-01
       470   -7.5288524176e+00    5.6983433585e+01   -2.0934099205e+01    1.3405246788e+01    2.7827802135e+00   -2.3716879419e+01    1.2800000000e+02    8.9785489999e-03    6.4160156250e-01
       471   -7.4509145836e+00    5.5664980551e+01   -1.1804785388e+01    4.3538708047e+00    2.6313859197e+00   -1.4436171308e+01    1.2800000000e+02    8.1013189993e-03    6.6357421875e-01
       472   -7.4826510299e+00    5.6204717322e+01   -1.4585855044e+01    7.1032040136e+00    2.6858915256e+00   -1.7271746569e+01    1.2800000000e+02    8.1917179996e-03    6.4355468750e-01
       473   -7.5237139892e+00    5.6814230555e+01   -1.2916067341e+01    5.3923533517e+00    2.7245412831e+00   -1.5640608624e+01    1.2800000000e+02    8.0337869995e-03    6.4697265625e-01
       474   -7.3322179847e+00    5.3896278987e+01   -1.4528869732e+01    7.1966517475e+00    3.0100908211e+00   -1.7538960553e+01    1.2800000000e+02    7.7893200005e-03    6.1865234375e-01
       475   -7.5793865312e+00    5.7839667146e+01   -1.5087633729e+01    7.5082471976e+00    2.6436217203e+00   -1.7731255449e+01    1.2800000000e+02    7.8134480000e-03    6.2744140625e-01
       476   -7.5666621519e+00    5.7445882374e+01   -1.6481431926e+01    8.9147697742e+00    2.9840789013e+00   -1.9465510827e+01    1.2800000000e+02    7.7793830005e-03    6.1914062500e-01
       477   -7.3930051443e+00    5.4909499159e+01   -1.3393250557e+01    6.0002454124e+00    2.6157535779e+00   -1.6009004135e+01    1.2800000000e+02    7.8605409999e-03    6.3574218750e-01
       478   -7.5029159678e+00    5.6510476167e+01   -2.5374830164e+01    1.7871914196e+01    3.0983385397e+00   -2.8473168704e+01    1.2800000000e+02    7.8746839999e-03    6.0498046875e-01
       479   -7.6938124519e+00    5.9451433709e+01   -3.0668864905e+01    2.2975052453e+01    2.9889091655e+00   -3.3657774070e+01    1.2800000000e+02    7.8477580000e-03    6.1718750000e-01
       480   -7.4413680415e+00    5.5713707308e+01   -1.4621543336e+01    7.1801752946e+00    2.9310135759e+00   -1.7552556912e+01    1.2800000000e+02    7.7846330005e-03    6.2451171875e-01
       481   -7.4877481647e+00    5.6250385326e+01   -1.3268971304e+01    5.7812231391e+00    2.4739797899e+00   -1.5742951094e+01    1.2800000000e+02    8.0447170003e-03    6.4648437500e-01
       482   -7.3728354874e+00    5.4587620384e+01   -1.3680662305e+01    6.3078268179e+00    2.5943447041e+00   -1.6275007009e+01    1.2800000000e+02    7.9099120003e-03    6.4160156250e-01
       483   -7.4284143725e+00    5.5357903506e+01   -1.1873361304e+01    4.4449469314e+00    2.5132506156e+00   -1.4386611920e+01    1.2800000000e+02    7.8801649997e-03    6.5478515625e-01
       484   -7.4623571442e+00    5.5828253319e+01   -1.2149311131e+01    4.6869539869e+00    2.4592844095e+00   -1.4608595541e+01    1.2800000000e+02    8.3042420001e-03    6.7089843750e-01
       485   -7.7268386789e+00    6.0014973789e+01   -1.5475003482e+01    7.7481648030e+00    2.5323877237e+00   -1.8007391206e+01    1.2800000000e+02    7.8432600003e-03    6.3378906250e-01
       486   -7.6394786691e+00    5.8677114634e+01   -1.3958982138e+01    6.3195034694e+00    2.6098236726e+00   -1.6568805811e+01    1.2800000000e+02    7.8931670005e-03    6.5429687500e-01
       487   -7.4055763146e+00    5.5063579280e+01   -1.3458009051e+01    6.0524327361e+00    2.3656326417e+00   -1.5823641692e+01    1.2800000000e+02    7.8011500000e-03    6.3916015625e-01
       488   -7.4865256285e+00    5.6227002480e+01   -1.2658026591e+01    5.1715009627e+00    2.7362219526e+00   -1.5394248544e+01    1.2800000000e+02    8.0178520002e-03    6.3671875000e-01
       489   -7.4145539367e+00    5.5145085979e+01   -1.2412148598e+01    4.9975946610e+00    2.7709027814e+00   -1.5183051379e+01    1.2800000000e+02    7.8782080000e-03    6.4160156250e-01
       490   -7.3744624780e+00    5.4529095534e+01   -1.2981934177e+01    5.6074716990e+00    2.5430428342e+00   -1.5524977011e+01    1.2800000000e+02    8.9445049998e-03    6.3378906250e-01
       491   -7.3849697415e+00    5.4784479877e+01   -1.3725187046e+01    6.3402173047e+00    2.6192613947e+00   -1.6344448441e+01    1.2800000000e+02    8.2039690005e-03    6.3330078125e-01
       492   -7.5155123660e+00    5.6748734959e+01   -1.3870318078e+01    6.3548057120e+00    2.6243701995e+00   -1.6494688277e+01    1.2800000000e+02    8.0750159996e-03    6.3671875000e-01
       493   -7.5641955138e+00    5.7507348783e+01   -1.4219525092e+01    6.6553295780e+00    2.7255094754e+00   -1.6945034567e+01    1.2800000000e+02    7.8374560007e-03    6.3671875000e-01
       494   -7.5028312115e+00    5.6575026725e+01   -1.9163195452e+01    1.1660364240e+01    2.8799216151e+00   -2.2043117067e+01    1.2800000000e+02    7.8262430006e-03    6.2255859375e-01
       495   -7.6826960952e+00    5.9397958145e+01   -1.6536693238e+01    8.8539971431e+00    2.7151181492e+00   -1.9251811387e+01    1.2800000000e+02    7.8061509994e-03    6.1523437500e-01
       496   -7.4799613341e+00    5.6172826767e+01   -1.6557711272e+01    9.0777499381e+00    2.8128665457e+00   -1.9370577818e+01    1.2800000000e+02    8.0753749999e-03    6.0498046875e-01
       497   -7.4617359745e+00    5.5863382264e+01   -1.5119339172e+01    7.6576031974e+00    2.7139395968e+00   -1.7833278769e+01    1.2800000000e+02    7.9004740001e-03    6.3134765625e-01
       498   -7.4390493153e+00    5.5581329819e+01   -1.2975704628e+01    5.5366553128e+00    2.9644214159e+00   -1.5940126044e+01    1.2800000000e+02    7.8699090000e-03    6.3134765625e-01
       499   -7.5459879906e+00    5.7213315092e+01   -1.3947713362e+01    6.4017253714e+00    2.2015118534e+00   -1.6149225215e+01    1.2800000000e+02    7.8765990002e-03    6.4648437500e-01
