#   index    LocalEnergy         LocalEnergy_sq      LocalPotential      Kinetic             ElecElec            IonElec             BlockWeight         BlockCPU            AcceptRatio         
         0   -7.3999438793e+00    5.4920283024e+01   -1.2332484764e+01    4.9325408845e+00    2.4401422194e+00   -1.4772626983e+01    1.2800000000e+02    8.9724729996e-03    6.4257812500e-01
         1   -7.4007538462e+00    5.4938729405e+01   -1.3742996549e+01    6.3422427029e+00    2.6488844096e+00   -1.6391880959e+01    1.2800000000e+02    7.9655569998e-03    6.5722656250e-01
         2   -7.4970893344e+00    5.6443314854e+01   -1.5234863246e+01    7.7377739118e+00    2.7656942957e+00   -1.8000557542e+01    1.2800000000e+02    8.1101980004e-03    6.2988281250e-01
         3   -7.4013324007e+00    5.4948777446e+01   -1.2656459538e+01    5.2551271377e+00    2.4185318601e+00   -1.5074991399e+01    1.2800000000e+02    7.7783730003e-03    6.4453125000e-01
         4   -7.5624821731e+00    5.7465546316e+01   -1.2335484349e+01    4.7730021760e+00    2.6277493217e+00   -1.4963233671e+01    1.2800000000e+02    8.5393270001e-03    6.6259765625e-01
         5   -7.4484663138e+00    5.5693304843e+01   -1.9526277936e+01    1.2077811622e+01    3.0472077387e+00   -2.2573485675e+01    1.2800000000e+02    8.0723889996e-03    6.2939453125e-01
         6   -7.6153510422e+00    5.8455864173e+01   -1.7457774065e+01    9.8424230231e+00    2.7705428024e+00   -2.0228316868e+01    1.2800000000e+02    7.7233519996e-03    6.3281250000e-01
         7   -7.4226063225e+00    5.5387294459e+01   -1.2978320328e+01    5.5557140060e+00    2.5892827449e+00   -1.5567603073e+01    1.2800000000e+02    8.0402129997e-03    6.4697265625e-01
         8   -7.5433352156e+00    5.7303477493e+01   -1.4026105859e+01    6.4827706431e+00    3.0665178489e+00   -1.7092623708e+01    1.2800000000e+02    8.0590830003e-03    6.3134765625e-01
         9   -7.5152079019e+00    5.6738779947e+01   -1.2457769778e+01    4.9425618758e+00    2.3980977726e+00   -1.4855867550e+01    1.2800000000e+02    8.2154120000e-03    6.4843750000e-01
        10   -7.5036985481e+00    5.6686888129e+01   -1.7263454598e+01    9.7597560503e+00    3.1143843615e+00   -2.0377838960e+01    1.2800000000e+02    8.1844279994e-03    6.2011718750e-01
        11   -7.6883302002e+00    5.9510521780e+01   -1.4665947917e+01    6.9776177164e+00    2.5753313550e+00   -1.7241279272e+01    1.2800000000e+02    8.0549179993e-03    6.5185546875e-01
        12   -7.6538705709e+00    5.8874967727e+01   -1.5349353335e+01    7.6954827640e+00    2.5791630887e+00   -1.7928516424e+01    1.2800000000e+02    7.9391780000e-03    6.2988281250e-01
        13   -7.4097190552e+00    5.5127039590e+01   -1.2063348877e+01    4.6536298220e+00    2.8748977752e+00   -1.4938246652e+01    1.2800000000e+02    8.1782409998e-03    6.4746093750e-01
        14   -7.5978197663e+00    5.7938965111e+01   -1.5375333268e+01    7.7775135019e+00    2.9578177747e+00   -1.8333151043e+01    1.2800000000e+02    7.8637489996e-03    6.2988281250e-01
        15   -7.3987192753e+00    5.4960287910e+01   -1.4245082736e+01    6.8463634605e+00    2.4947610906e+00   -1.6739843827e+01    1.2800000000e+02    7.9951130001e-03    6.3769531250e-01
        16   -7.4875937096e+00    5.6207254141e+01   -1.5833089776e+01    8.3454960668e+00    2.4465003042e+00   -1.8279590081e+01    1.2800000000e+02    8.4217780004e-03    6.4648437500e-01
        17   -7.5471117083e+00    5.7262931706e+01   -1.3163724980e+01    5.6166132713e+00    2.4657005507e+00   -1.5629425530e+01    1.2800000000e+02    7.9860910000e-03    6.5087890625e-01
        18   -7.4278736484e+00    5.5295770222e+01   -1.1540204580e+01    4.1123309319e+00    2.5363505621e+00   -1.4076555142e+01    1.2800000000e+02    7.8988059995e-03    6.5527343750e-01
        19   -7.7647217922e+00    6.0642353365e+01   -1.7759204073e+01    9.9944822808e+00    3.1403051960e+00   -2.0899509269e+01    1.2800000000e+02    7.8156789996e-03    6.2500000000e-01
        20   -7.3896989176e+00    5.4923533435e+01   -1.6263888743e+01    8.8741898259e+00    2.9549730041e+00   -1.9218861748e+01    1.2800000000e+02    7.8303659993e-03    6.1035156250e-01
        21   -7.3611513533e+00    5.4330924165e+01   -1.5983041829e+01    8.6218904756e+00    2.6057385199e+00   -1.8588780349e+01    1.2800000000e+02    7.9627499999e-03    6.4257812500e-01
        22   -7.5489934915e+00    5.7278901169e+01   -1.6590783328e+01    9.0417898361e+00    2.8220974023e+00   -1.9412880730e+01    1.2800000000e+02    8.3218540003e-03    6.3671875000e-01
        23   -7.7025253231e+00    5.9725499086e+01   -1.7828307888e+01    1.0125782565e+01    2.8866861291e+00   -2.0714994017e+01    1.2800000000e+02    7.9796769996e-03    6.2744140625e-01
        24   -7.5254742734e+00    5.6985830960e+01   -1.8624791474e+01    1.1099317201e+01    2.7667669658e+00   -2.1391558440e+01    1.2800000000e+02    8.1989040000e-03    6.3574218750e-01
        25   -7.6859855593e+00    5.9279502772e+01   -2.4344092479e+01    1.6658106920e+01    3.4815717534e+00   -2.7825664233e+01    1.2800000000e+02    7.9867650002e-03    6.2744140625e-01
        26   -7.3429719748e+00    5.4088314991e+01   -1.3606616564e+01    6.2636445893e+00    2.4448075849e+00   -1.6051424149e+01    1.2800000000e+02    7.8349559999e-03    6.3769531250e-01
        27   -7.5220814794e+00    5.6960618160e+01   -1.8384838618e+01    1.0862757139e+01    2.9335272233e+00   -2.1318365841e+01    1.2800000000e+02    7.8019269995e-03    6.2109375000e-01
        28   -7.5177987347e+00    5.6669002128e+01   -1.4481864336e+01    6.9640656009e+00    2.4172577402e+00   -1.6899122076e+01    1.2800000000e+02    8.0927359995e-03    6.4208984375e-01
        29   -7.4156574455e+00    5.5151314636e+01   -1.1708786877e+01    4.2931294311e+00    2.4789160945e+00   -1.4187702971e+01    1.2800000000e+02    8.1904780000e-03    6.3769531250e-01
        30   -7.5048261850e+00    5.6573565172e+01   -2.1354483141e+01    1.3849656956e+01    3.0919377418e+00   -2.4446420882e+01    1.2800000000e+02    8.1191370000e-03    6.1376953125e-01
        31   -7.4500778617e+00    5.5662131041e+01   -1.2289169131e+01    4.8390912695e+00    2.6058544652e+00   -1.4895023596e+01    1.2800000000e+02    7.8860950007e-03    6.4599609375e-01
        32   -7.6122251826e+00    5.8307932024e+01   -1.3328703572e+01    5.7164783891e+00    2.5387841770e+00   -1.5867487749e+01    1.2800000000e+02    8.0324649998e-03    6.5283203125e-01
        33   -7.8034866834e+00    6.1361650350e+01   -1.6745827698e+01    8.9423410144e+00    2.8923383489e+00   -1.9638166047e+01    1.2800000000e+02    7.9958459992e-03    6.2451171875e-01
        34   -7.5023949070e+00    5.6609087690e+01   -1.3250352337e+01    5.7479574300e+00    2.6401584214e+00   -1.5890510758e+01    1.2800000000e+02    7.9045339999e-03    6.4550781250e-01
        35   -7.4287685539e+00    5.5323957836e+01   -1.1582896306e+01    4.1541277525e+00    2.5713982943e+00   -1.4154294601e+01    1.2800000000e+02    9.1401539994e-03    6.5185546875e-01
        36   -7.6015574228e+00    5.8183790964e+01   -1.5137950006e+01    7.5363925832e+00    3.1436744073e+00   -1.8281624413e+01    1.2800000000e+02    7.9120669998e-03    6.3281250000e-01
        37   -7.4507747279e+00    5.5662020482e+01   -1.4783663401e+01    7.3328886726e+00    2.6656830604e+00   -1.7449346461e+01    1.2800000000e+02    8.0553830003e-03    6.4111328125e-01
        38   -7.2845847196e+00    5.3274093461e+01   -1.2500359754e+01    5.2157750339e+00    2.1918947972e+00   -1.4692254551e+01    1.2800000000e+02    7.8010650004e-03    6.4697265625e-01
        39   -7.5430473041e+00    5.7136714202e+01   -1.8390183126e+01    1.0847135822e+01    2.8275785782e+00   -2.1217761704e+01    1.2800000000e+02    7.8896140003e-03    6.3037109375e-01
        40   -7.5606071075e+00    5.7453432139e+01   -1.5469108445e+01    7.9085013376e+00    3.0295990964e+00   -1.8498707542e+01    1.2800000000e+02    7.8601910000e-03    6.2646484375e-01
        41   -7.7163151948e+00    6.0010307756e+01   -1.5975011159e+01    8.2586959642e+00    2.8073755730e+00   -1.8782386732e+01    1.2800000000e+02    8.3349300003e-03    6.1621093750e-01
        42   -7.5206754273e+00    5.6911211023e+01   -1.4479809158e+01    6.9591337303e+00    2.3407092882e+00   -1.6820518446e+01    1.2800000000e+02    7.7300840003e-03    6.3818359375e-01
        43   -7.4183297996e+00    5.5239472554e+01   -1.2687647621e+01    5.2693178211e+00    2.7659160870e+00   -1.5453563708e+01    1.2800000000e+02    7.8282629993e-03    6.4453125000e-01
        44   -7.4507693394e+00    5.5669306596e+01   -1.7940945059e+01    1.0490175720e+01    2.9203875545e+00   -2.0861332614e+01    1.2800000000e+02    7.7721680000e-03    6.2597656250e-01
        45   -7.4738928647e+00    5.6017583815e+01   -1.6491112993e+01    9.0172201282e+00    2.8337768727e+00   -1.9324889866e+01    1.2800000000e+02    8.2701719994e-03    6.4501953125e-01
        46   -7.4334865034e+00    5.5510599698e+01   -1.6824990035e+01    9.3915035316e+00    2.7872750243e+00   -1.9612265059e+01    1.2800000000e+02    8.0922110001e-03    6.3085937500e-01
        47   -7.4066821055e+00    5.5086348030e+01   -1.3895984173e+01    6.4893020676e+00    2.8306372817e+00   -1.6726621455e+01    1.2800000000e+02    8.5073309992e-03    6.4892578125e-01
        48   -7.5833631763e+00    5.7775967860e+01   -1.5167399488e+01    7.5840363120e+00    2.6728458817e+00   -1.7840245370e+01    1.2800000000e+02    7.7971419996e-03    6.2988281250e-01
        49   -7.5174563706e+00    5.6736024782e+01   -1.6511857224e+01    8.9944008530e+00    2.4334446632e+00   -1.8945301887e+01    1.2800000000e+02    8.0498469997e-03    6.4404296875e-01
        50   -7.4994363131e+00    5.6422397138e+01   -1.2490719763e+01    4.9912834503e+00    2.6839824011e+00   -1.5174702164e+01    1.2800000000e+02    7.9586330003e-03    6.3183593750e-01
        51   -7.4869256440e+00    5.6314108122e+01   -1.3078881290e+01    5.5919556455e+00    2.3348608895e+00   -1.5413742179e+01    1.2800000000e+02    7.7952419997e-03    6.3769531250e-01
        52   -7.3810484762e+00    5.4665212737e+01   -1.5227274839e+01    7.8462263624e+00    2.6891620035e+00   -1.7916436842e+01    1.2800000000e+02    8.0217169998e-03    6.1376953125e-01
        53   -7.4611928146e+00    5.5862298457e+01   -1.8895522544e+01    1.1434329730e+01    2.8356028394e+00   -2.1731125384e+01    1.2800000000e+02    7.9711010003e-03    6.3037109375e-01
        54   -7.3931783512e+00    5.4883064198e+01   -1.6190583052e+01    8.7974047004e+00    2.8660006343e+00   -1.9056583686e+01    1.2800000000e+02    8.2272810005e-03    6.2597656250e-01
        55   -7.3510005595e+00    5.4143736401e+01   -1.1836738996e+01    4.4857384362e+00    3.0456300748e+00   -1.4882369070e+01    1.2800000000e+02    9.5690329999e-03    6.2988281250e-01
        56   -7.3745139540e+00    5.4484706854e+01   -1.2819152647e+01    5.4446386931e+00    2.6397043164e+00   -1.5458856964e+01    1.2800000000e+02    9.2954060001e-03    6.3134765625e-01
        57   -7.6040901359e+00    5.8151501644e+01   -1.8729431117e+01    1.1125340981e+01    2.7086133550e+00   -2.1438044472e+01    1.2800000000e+02    8.9546630006e-03    6.2841796875e-01
        58   -7.3343152904e+00    5.3972675677e+01   -1.4499230457e+01    7.1649151670e+00    2.6616176122e+00   -1.7160848070e+01    1.2800000000e+02    9.7929969997e-03    6.4599609375e-01
        59   -7.4681831991e+00    5.6066452376e+01   -1.5343452164e+01    7.8752689646e+00    2.8399420470e+00   -1.8183394211e+01    1.2800000000e+02    8.8025270006e-03    6.2744140625e-01
        60   -7.5283504685e+00    5.6862617506e+01   -1.4122282036e+01    6.5939315671e+00    2.5650577476e+00   -1.6687339783e+01    1.2800000000e+02    7.9982850002e-03    6.3330078125e-01
        61   -7.5562736860e+00    5.7378530758e+01   -1.6095397893e+01    8.5391242065e+00    2.4018861152e+00   -1.8497284008e+01    1.2800000000e+02    7.8796190001e-03    6.1669921875e-01
        62   -7.4254494870e+00    5.5305220382e+01   -1.3266772035e+01    5.8413225481e+00    2.5827625107e+00   -1.5849534546e+01    1.2800000000e+02    7.7931839996e-03    6.4111328125e-01
        63   -7.3367179524e+00    5.3996953090e+01   -1.1981774113e+01    4.6450561608e+00    2.7205633624e+00   -1.4702337476e+01    1.2800000000e+02    7.8392039995e-03    6.2597656250e-01
        64   -7.3784779472e+00    5.4562084520e+01   -1.1418629860e+01    4.0401519124e+00    2.6974550060e+00   -1.4116084866e+01    1.2800000000e+02    8.2405940002e-03    6.6845703125e-01
        65   -7.2982694665e+00    5.3370559927e+01   -1.0565967398e+01    3.2676979312e+00    2.2092929122e+00   -1.2775260310e+01    1.2800000000e+02    9.4518950000e-03    6.7236328125e-01
        66   -7.6760432182e+00    5.9387731447e+01   -1.3287519620e+01    5.6114764020e+00    2.3950510909e+00   -1.5682570711e+01    1.2800000000e+02    8.5455259996e-03    6.7626953125e-01
        67   -7.4048762588e+00    5.4987556761e+01   -1.2562088192e+01    5.1572119334e+00    2.6433315417e+00   -1.5205419734e+01    1.2800000000e+02    9.0713170002e-03    6.3964843750e-01
        68   -7.4054993886e+00    5.4940956445e+01   -1.2819913348e+01    5.4144139591e+00    2.2125982501e+00   -1.5032511598e+01    1.2800000000e+02    8.1948549996e-03    6.4501953125e-01
        69   -7.5372065188e+00    5.7071793257e+01   -1.2671684838e+01    5.1344783189e+00    2.5737383308e+00   -1.5245423169e+01    1.2800000000e+02    8.3907099997e-03    6.5039062500e-01
        70   -7.5830928539e+00    5.7801261862e+01   -1.6651341382e+01    9.0682485282e+00    2.8919495111e+00   -1.9543290893e+01    1.2800000000e+02    7.8371809996e-03    6.3134765625e-01
        71   -7.4243575413e+00    5.5294610692e+01   -1.2761258100e+01    5.3369005591e+00    2.4316644167e+00   -1.5192922517e+01    1.2800000000e+02    8.3452499994e-03    6.5869140625e-01
        72   -7.4992786567e+00    5.6623953728e+01   -1.3355124202e+01    5.8558455458e+00    2.6593220813e+00   -1.6014446284e+01    1.2800000000e+02    7.9696240000e-03    6.3867187500e-01
        73   -7.6206215053e+00    5.8463139564e+01   -1.7663414130e+01    1.0042792625e+01    3.1020046262e+00   -2.0765418757e+01    1.2800000000e+02    8.1065180002e-03    6.3085937500e-01
        74   -7.4581588106e+00    5.5890081650e+01   -1.5378654555e+01    7.9204957447e+00    2.7811382185e+00   -1.8159792774e+01    1.2800000000e+02    7.8609769998e-03    6.3281250000e-01
        75   -7.5335710538e+00    5.7071598086e+01   -1.7727508274e+01    1.0193937220e+01    2.6322631435e+00   -2.0359771418e+01    1.2800000000e+02    7.7950270006e-03    6.3232421875e-01
        76   -7.6685436614e+00    5.9098379470e+01   -1.7347129178e+01    9.6785855170e+00    2.4821369017e+00   -1.9829266080e+01    1.2800000000e+02    8.3000850000e-03    6.2353515625e-01
        77   -7.3963664883e+00    5.4934087882e+01   -1.2530926532e+01    5.1345600440e+00    2.6321697772e+00   -1.5163096310e+01    1.2800000000e+02    8.1152789999e-03    6.4160156250e-01
        78   -7.3896781274e+00    5.4812958211e+01   -1.3935267642e+01    6.5455895144e+00    2.9661833186e+00   -1.6901450960e+01    1.2800000000e+02    8.3854760005e-03    6.3232421875e-01
        79   -7.4094196323e+00    5.5179627797e+01   -1.7192333435e+01    9.7829138028e+00    2.9586721495e+00   -2.0151005585e+01    1.2800000000e+02    7.8747910002e-03    6.2597656250e-01
        80   -7.5153379542e+00    5.6806465815e+01   -1.7709660796e+01    1.0194322842e+01    2.6655754023e+00   -2.0375236199e+01    1.2800000000e+02    8.2921590001e-03    6.0839843750e-01
        81   -7.5156470273e+00    5.6848822404e+01   -1.3745238581e+01    6.2295915536e+00    2.8479896550e+00   -1.6593228236e+01    1.2800000000e+02    7.8293239994e-03    6.2646484375e-01
        82   -7.3491878089e+00    5.4145963872e+01   -1.3797807535e+01    6.4486197263e+00    2.7251262899e+00   -1.6522933825e+01    1.2800000000e+02    8.1453130006e-03    6.4990234375e-01
        83   -7.4842920950e+00    5.6270029497e+01   -1.2428751707e+01    4.9444596120e+00    2.6522152815e+00   -1.5080966989e+01    1.2800000000e+02    7.9644580001e-03    6.5185546875e-01
        84   -7.4630184508e+00    5.5957930376e+01   -1.4111572298e+01    6.6485538477e+00    2.7892237834e+00   -1.6900796082e+01    1.2800000000e+02    8.7049969998e-03    6.2841796875e-01
        85   -7.5192877796e+00    5.6741977568e+01   -1.3836646341e+01    6.3173585618e+00    2.9180612992e+00   -1.6754707641e+01    1.2800000000e+02    7.9379420004e-03    6.5087890625e-01
        86   -7.4542279741e+00    5.5817935219e+01   -2.1622350132e+01    1.4168122158e+01    2.8046753069e+00   -2.4427025439e+01    1.2800000000e+02    8.0636700004e-03    6.2500000000e-01
        87   -7.5307233010e+00    5.6932323775e+01   -3.0683376471e+01    2.3152653170e+01    2.9582810193e+00   -3.3641657490e+01    1.2800000000e+02    7.7281169997e-03    6.0205078125e-01
        88   -7.6249966241e+00    5.8514664680e+01   -2.0821300682e+01    1.3196304058e+01    3.4621067629e+00   -2.4283407445e+01    1.2800000000e+02    8.0326509997e-03    6.1962890625e-01
        89   -7.4467164855e+00    5.5624008176e+01   -1.3695810544e+01    6.2490940589e+00    2.6914646336e+00   -1.6387275178e+01    1.2800000000e+02    8.1666069991e-03    6.3330078125e-01
        90   -7.3779115909e+00    5.4607824030e+01   -1.2984979967e+01    5.6070683763e+00    2.5928804084e+00   -1.5577860376e+01    1.2800000000e+02    9.9665329999e-03    6.4404296875e-01
        91   -7.4095449917e+00    5.5069445810e+01   -1.3168671473e+01    5.7591264815e+00    2.6502867032e+00   -1.5818958176e+01    1.2800000000e+02    7.8656719998e-03    6.3867187500e-01
        92   -7.4504670033e+00    5.5755067793e+01   -1.3388937673e+01    5.9384706699e+00    2.6849559813e+00   -1.6073893654e+01    1.2800000000e+02    7.9383349994e-03    6.4941406250e-01
        93   -7.4423128123e+00    5.5626750638e+01   -1.2027831934e+01    4.5855191217e+00    2.4501458536e+00   -1.4477977788e+01    1.2800000000e+02    8.0242410004e-03    6.5429687500e-01
        94   -7.4484300591e+00    5.5757032472e+01   -1.6981708440e+01    9.5332783811e+00    2.9255711632e+00   -1.9907279603e+01    1.2800000000e+02    7.9036360003e-03    6.1572265625e-01
        95   -7.4036358698e+00    5.4981088583e+01   -1.2913953532e+01    5.5103176626e+00    2.9573056615e+00   -1.5871259194e+01    1.2800000000e+02    8.1711980001e-03    6.4599609375e-01
        96   -7.4663965870e+00    5.5951158695e+01   -1.1584047473e+01    4.1176508862e+00    2.4214943637e+00   -1.4005541837e+01    1.2800000000e+02    8.1791989996e-03    6.6357421875e-01
        97   -7.4819311491e+00    5.6109739845e+01   -1.1740609195e+01    4.2586780457e+00    3.1261087278e+00   -1.4866717923e+01    1.2800000000e+02    8.0955109997e-03    6.4843750000e-01
        98   -7.3930641586e+00    5.4809562782e+01   -1.3234995022e+01    5.8419308634e+00    2.8620766647e+00   -1.6097071687e+01    1.2800000000e+02    8.1331469992e-03    6.4306640625e-01
        99   -7.5773450829e+00    5.7661471612e+01   -1.6019277246e+01    8.4419321627e+00    2.9105000604e+00   -1.8929777306e+01    1.2800000000e+02    7.8400840002e-03    6.3671875000e-01
       100   -7.4564069930e+00    5.5853062067e+01   -1.7961523802e+01    1.0505116809e+01    2.5910190459e+00   -2.0552542848e+01    1.2800000000e+02    1.3174078999e-02    6.1328125000e-01
       101   -7.5825297467e+00    5.7841387084e+01   -2.0964665550e+01    1.3382135804e+01    2.6368556556e+00   -2.3601521206e+01    1.2800000000e+02    1.2362212000e-02    6.2841796875e-01
       102   -7.5695422623e+00    5.7549727718e+01   -2.7424493066e+01    1.9854950803e+01    2.7759484767e+00   -3.0200441542e+01    1.2800000000e+02    7.9624499995e-03    6.2695312500e-01
       103   -7.5250348415e+00    5.6887880127e+01   -1.7661136893e+01    1.0136102052e+01    3.3932300000e+00   -2.1054366893e+01    1.2800000000e+02    8.4044140003e-03    6.3037109375e-01
       104   -7.6064910263e+00    5.8205218685e+01   -1.5596004830e+01    7.9895138037e+00    2.4784013627e+00   -1.8074406193e+01    1.2800000000e+02    8.3298290001e-03    6.2792968750e-01
       105   -7.6416601992e+00    5.8774154947e+01   -2.0089451794e+01    1.2447791595e+01    2.7838908511e+00   -2.2873342645e+01    1.2800000000e+02    9.3804999997e-03    6.3232421875e-01
       106   -7.4338860035e+00    5.5417454235e+01   -1.2543394263e+01    5.1095082595e+00    2.7119426808e+00   -1.5255336944e+01    1.2800000000e+02    8.5654129998e-03    6.4697265625e-01
       107   -7.7354069866e+00    6.0238876337e+01   -1.6917332328e+01    9.1819253411e+00    2.8312868675e+00   -1.9748619195e+01    1.2800000000e+02    8.1922549998e-03    6.3574218750e-01
       108   -7.4798134989e+00    5.6209405665e+01   -1.4711390821e+01    7.2315773222e+00    2.9720354752e+00   -1.7683426296e+01    1.2800000000e+02    8.3292939999e-03    6.2597656250e-01
       109   -7.4827182730e+00    5.6381263661e+01   -1.3862300800e+01    6.3795825273e+00    2.6493945289e+00   -1.6511695329e+01    1.2800000000e+02    7.9578120003e-03    6.2695312500e-01
       110   -7.4300963879e+00    5.5377594150e+01   -1.2285317083e+01    4.8552206947e+00    2.6194574341e+00   -1.4904774517e+01    1.2800000000e+02    8.0171629997e-03    6.6064453125e-01
       111   -7.4564665371e+00    5.5783527925e+01   -1.2383683570e+01    4.9272170330e+00    2.5253199804e+00   -1.4909003551e+01    1.2800000000e+02    8.1086209993e-03    6.4404296875e-01
       112   -7.4817849357e+00    5.6143765321e+01   -1.5648204869e+01    8.1664199338e+00    2.6943238729e+00   -1.8342528742e+01    1.2800000000e+02    8.3695250005e-03    6.3134765625e-01
       113   -7.4934725139e+00    5.6381244588e+01   -1.3895857592e+01    6.4023850780e+00    2.5607472790e+00   -1.6456604871e+01    1.2800000000e+02    9.0553350001e-03    6.3525390625e-01
       114   -7.3925260523e+00    5.4879320729e+01   -1.3240524045e+01    5.8479979932e+00    2.5848891941e+00   -1.5825413240e+01    1.2800000000e+02    8.0168110007e-03    6.4501953125e-01
       115   -7.3266644986e+00    5.3825829294e+01   -1.3555347401e+01    6.2286829020e+00    2.2124222836e+00   -1.5767769684e+01    1.2800000000e+02    7.9401170005e-03    6.4794921875e-01
       116   -7.4188947819e+00    5.5275837749e+01   -1.4805450209e+01    7.3865554275e+00    2.2274438937e+00   -1.7032894103e+01    1.2800000000e+02    8.4908270001e-03    6.4501953125e-01
       117   -7.5780620824e+00    5.7672035277e+01   -1.8177889949e+01    1.0599827866e+01    2.5820711889e+00   -2.0759961138e+01    1.2800000000e+02    9.1079579997e-03    6.2744140625e-01
       118   -7.4853467762e+00    5.6265014682e+01   -1.7567716569e+01    1.0082369793e+01    3.0960403052e+00   -2.0663756874e+01    1.2800000000e+02    8.1051690004e-03    6.3818359375e-01
       119   -7.4416989365e+00    5.5584331040e+01   -1.6927079209e+01    9.4853802726e+00    2.6754560679e+00   -1.9602535277e+01    1.2800000000e+02    8.5733340002e-03    6.3427734375e-01
       120   -7.7021672188e+00    5.9586423744e+01   -1.4004417657e+01    6.3022504378e+00    2.7795425195e+00   -1.6783960176e+01    1.2800000000e+02    9.2244940006e-03    6.3427734375e-01
       121   -7.3463718341e+00    5.4091875075e+01   -1.1378239933e+01    4.0318680985e+00    2.4614913173e+00   -1.3839731250e+01    1.2800000000e+02    8.2350339999e-03    6.5527343750e-01
       122   -7.3466517019e+00    5.4118562443e+01   -1.4049162128e+01    6.7025104261e+00    2.6959450062e+00   -1.6745107134e+01    1.2800000000e+02    8.1256320000e-03    6.4013671875e-01
       123   -7.5094697217e+00    5.6642301976e+01   -1.3188300388e+01    5.6788306664e+00    2.7072946551e+00   -1.5895595043e+01    1.2800000000e+02    7.9627189998e-03    6.2890625000e-01
       124   -7.6042824982e+00    5.8104428782e+01   -1.4073627446e+01    6.4693449474e+00    2.9079884893e+00   -1.6981615935e+01    1.2800000000e+02    7.9540010001e-03    6.2695312500e-01
       125   -7.4297979507e+00    5.5389497871e+01   -1.4073837514e+01    6.6440395633e+00    2.6375888502e+00   -1.6711426364e+01    1.2800000000e+02    8.0330100000e-03    6.5332031250e-01
       126   -7.4871894330e+00    5.6346027515e+01   -1.3218124137e+01    5.7309347040e+00    2.7175649578e+00   -1.5935689095e+01    1.2800000000e+02    8.0454059998e-03    6.3671875000e-01
       127   -7.3876218530e+00    5.4766080220e+01   -1.5335429245e+01    7.9478073924e+00    3.0152431354e+00   -1.8350672381e+01    1.2800000000e+02    7.8726379998e-03    6.3085937500e-01
       128   -7.4785118035e+00    5.6153865570e+01   -1.2338651984e+01    4.8601401802e+00    2.2501182744e+00   -1.4588770258e+01    1.2800000000e+02    8.0313629996e-03    6.5136718750e-01
       129   -7.4274852763e+00    5.5330324003e+01   -1.5839092625e+01    8.4116073489e+00    2.6451587920e+00   -1.8484251417e+01    1.2800000000e+02    7.9076410002e-03    6.3623046875e-01
       130   -7.4366838064e+00    5.5497517125e+01   -1.4112326070e+01    6.6756422632e+00    2.7297624778e+00   -1.6842088547e+01    1.2800000000e+02    7.8002600003e-03    6.3183593750e-01
       131   -7.6491525460e+00    5.8866841398e+01   -1.7720426962e+01    1.0071274416e+01    3.1376621731e+00   -2.0858089135e+01    1.2800000000e+02    8.2725319999e-03    6.3134765625e-01
       132   -7.5336056548e+00    5.6923206071e+01   -1.1851395898e+01    4.3177902431e+00    2.4801206130e+00   -1.4331516511e+01    1.2800000000e+02    8.1226639995e-03    6.3916015625e-01
       133   -7.2969632496e+00    5.3375226888e+01   -1.2652692282e+01    5.3557290323e+00    2.4701160779e+00   -1.5122808360e+01    1.2800000000e+02    8.3333570001e-03    6.4013671875e-01
       134   -7.4922711506e+00    5.6302939269e+01   -1.4869834118e+01    7.3775629678e+00    2.5567963812e+00   -1.7426630500e+01    1.2800000000e+02    8.0658120005e-03    6.3525390625e-01
       135   -7.3794447221e+00    5.4583668363e+01   -1.8603250422e+01    1.1223805700e+01    2.5100077925e+00   -2.1113258215e+01    1.2800000000e+02    7.8848330004e-03    6.3134765625e-01
       136   -7.4818007778e+00    5.6227158075e+01   -1.3689148865e+01    6.2073480868e+00    2.6663201789e+00   -1.6355469044e+01    1.2800000000e+02    8.3186749998e-03    6.4550781250e-01
       137   -7.3995472684e+00    5.4988762886e+01   -1.3699088425e+01    6.2995411569e+00    2.5727317624e+00   -1.6271820188e+01    1.2800000000e+02    8.1189610000e-03    6.5478515625e-01
       138   -7.5183582287e+00    5.6868121060e+01   -1.2333928775e+01    4.8155705464e+00    2.3170110778e+00   -1.4650939853e+01    1.2800000000e+02    8.4874800004e-03    6.4306640625e-01
       139   -7.3856011312e+00    5.4781110119e+01   -1.6142286259e+01    8.7566851277e+00    2.8159733080e+00   -1.8958259567e+01    1.2800000000e+02    7.8318300002e-03    6.2548828125e-01
       140   -7.5233244237e+00    5.6810005237e+01   -1.9333968627e+01    1.1810644203e+01    2.6590605396e+00   -2.1993029166e+01    1.2800000000e+02    7.9158980006e-03    6.3037109375e-01
       141   -7.5112911318e+00    5.6672582880e+01   -1.7586663450e+01    1.0075372318e+01    2.6039312172e+00   -2.0190594667e+01    1.2800000000e+02    8.0015869999e-03    6.3037109375e-01
       142   -7.5759537378e+00    5.7628820383e+01   -1.4063403626e+01    6.4874498886e+00    2.6647182245e+00   -1.6728121851e+01    1.2800000000e+02    7.8821679999e-03    6.4697265625e-01
       143   -7.4852695037e+00    5.6195191005e+01   -1.4029833652e+01    6.5445641483e+00    2.7196208259e+00   -1.6749454478e+01    1.2800000000e+02    7.9890930001e-03    6.3720703125e-01
       144   -7.5842328993e+00    5.7734329531e+01   -1.3072113052e+01    5.4878801528e+00    2.7738944995e+00   -1.5846007552e+01    1.2800000000e+02    8.3787630001e-03    6.5283203125e-01
       145   -7.5522917020e+00    5.7305862893e+01   -1.3459769746e+01    5.9074780440e+00    2.6798663775e+00   -1.6139636123e+01    1.2800000000e+02    8.1182739996e-03    6.4062500000e-01
       146   -7.3515698678e+00    5.4293607359e+01   -1.3652761614e+01    6.3011917458e+00    2.5816814614e+00   -1.6234443075e+01    1.2800000000e+02    7.9294559991e-03    6.3720703125e-01
       147   -7.3486063855e+00    5.4182667491e+01   -1.2496941375e+01    5.1483349892e+00    2.6198920953e+00   -1.5116833470e+01    1.2800000000e+02    8.0380290001e-03    6.4208984375e-01
       148   -7.3283080327e+00    5.3828063707e+01   -1.2911031084e+01    5.5827230509e+00    2.7134894744e+00   -1.5624520558e+01    1.2800000000e+02    7.9964990000e-03    6.3525390625e-01
       149   -7.3577170236e+00    5.4309114769e+01   -1.3406106713e+01    6.0483896891e+00    2.5922656916e+00   -1.5998372404e+01    1.2800000000e+02    8.0849169999e-03    6.3232421875e-01
       150   -7.5687719865e+00    5.7656475185e+01   -1.4751961000e+01    7.1831890133e+00    2.8177384673e+00   -1.7569699467e+01    1.2800000000e+02    7.7541840001e-03    6.1523437500e-01
       151   -7.5610043427e+00    5.7416929165e+01   -1.4950024107e+01    7.3890197643e+00    2.4575052998e+00   -1.7407529407e+01    1.2800000000e+02    8.1666690003e-03    6.4355468750e-01
       152   -7.3365503767e+00    5.4017099817e+01   -1.3253881706e+01    5.9173313295e+00    2.2505603729e+00   -1.5504442079e+01    1.2800000000e+02    7.9928420000e-03    6.4941406250e-01
       153   -7.4604505890e+00    5.5836968788e+01   -1.3412078882e+01    5.9516282932e+00    2.9555813157e+00   -1.6367660198e+01    1.2800000000e+02    8.0173370006e-03    6.3867187500e-01
       154   -7.4463686879e+00    5.5617262978e+01   -1.2012059350e+01    4.5656906617e+00    2.2729368689e+00   -1.4284996219e+01    1.2800000000e+02    7.8369949997e-03    6.5087890625e-01
       155   -7.3729526228e+00    5.4499650952e+01   -1.3295513865e+01    5.9225612424e+00    2.7014605547e+00   -1.5996974420e+01    1.2800000000e+02    7.9094550001e-03    6.1523437500e-01
       156   -7.3283198044e+00    5.3902618977e+01   -1.2672019462e+01    5.3436996572e+00    2.7518314318e+00   -1.5423850893e+01    1.2800000000e+02    8.9930779995e-03    6.6943359375e-01
       157   -7.4795048717e+00    5.6092598031e+01   -1.1720686788e+01    4.2411819166e+00    2.5225128409e+00   -1.4243199629e+01    1.2800000000e+02    9.6353420004e-03    6.6064453125e-01
       158   -7.5595394513e+00    5.7414490396e+01   -1.6609422406e+01    9.0498829545e+00    2.6011633211e+00   -1.9210585727e+01    1.2800000000e+02    7.7903669999e-03    6.3574218750e-01
       159   -7.3254218948e+00    5.3839615237e+01   -1.2868917325e+01    5.5434954307e+00    2.5613981649e+00   -1.5430315490e+01    1.2800000000e+02    9.1193779999e-03    6.3476562500e-01
       160   -7.3890136911e+00    5.4722672262e+01   -1.3890419233e+01    6.5014055419e+00    2.5541849686e+00   -1.6444604202e+01    1.2800000000e+02    8.0742370001e-03    6.3769531250e-01
       161   -7.5429703759e+00    5.7229080534e+01   -1.5467215439e+01    7.9242450629e+00    2.7375295819e+00   -1.8204745021e+01    1.2800000000e+02    9.5894110000e-03    6.4648437500e-01
       162   -7.5908701667e+00    5.7915244500e+01   -1.3257507925e+01    5.6666377587e+00    2.6075680643e+00   -1.5865075990e+01    1.2800000000e+02    8.4797190002e-03    6.4697265625e-01
       163   -7.4040324009e+00    5.4971386844e+01   -1.2231538762e+01    4.8275063608e+00    2.4502526960e+00   -1.4681791458e+01    1.2800000000e+02    7.9200989994e-03    6.4648437500e-01
       164   -7.5274886685e+00    5.7078809310e+01   -1.3163149275e+01    5.6356606062e+00    2.6629469185e+00   -1.5826096193e+01    1.2800000000e+02    8.0081970000e-03    6.3281250000e-01
       165   -7.4202407975e+00    5.5318714045e+01   -1.9162324151e+01    1.1742083353e+01    2.9875681595e+00   -2.2149892310e+01    1.2800000000e+02    7.9763389995e-03    6.3525390625e-01
       166   -7.4640349723e+00    5.5943480140e+01   -1.4178421121e+01    6.7143861485e+00    2.7994760721e+00   -1.6977897193e+01    1.2800000000e+02    7.9188259997e-03    6.3867187500e-01
       167   -7.4928245521e+00    5.6345127213e+01   -1.1853471042e+01    4.3606464902e+00    2.5798326963e+00   -1.4433303739e+01    1.2800000000e+02    7.9256319996e-03    6.5820312500e-01
       168   -7.5718319889e+00    5.7617105412e+01   -1.4253987106e+01    6.6821551171e+00    2.6798912007e+00   -1.6933878307e+01    1.2800000000e+02    8.2593939997e-03    6.4746093750e-01
       169   -7.4824816989e+00    5.6312308515e+01   -1.5496612062e+01    8.0141303631e+00    2.8756296142e+00   -1.8372241676e+01    1.2800000000e+02    7.9996250006e-03    6.0791015625e-01
       170   -7.6150205515e+00    5.8331995136e+01   -1.7802476554e+01    1.0187456002e+01    2.5891662951e+00   -2.0391642849e+01    1.2800000000e+02    9.5074020001e-03    6.3916015625e-01
       171   -7.4626048401e+00    5.5848976765e+01   -1.5524616152e+01    8.0620113122e+00    2.5943909550e+00   -1.8119007107e+01    1.2800000000e+02    7.8722019998e-03    6.4013671875e-01
       172   -7.5036204871e+00    5.6527063762e+01   -1.3536254128e+01    6.0326336405e+00    2.4004187875e+00   -1.5936672915e+01    1.2800000000e+02    7.9527360003e-03    6.4941406250e-01
       173   -7.4085071599e+00    5.5053902850e+01   -2.4020885608e+01    1.6612378449e+01    2.7371789379e+00   -2.6758064546e+01    1.2800000000e+02    8.2632609992e-03    6.2255859375e-01
       174   -7.4317081265e+00    5.5437903797e+01   -1.6341820953e+01    8.9101128267e+00    2.6982892893e+00   -1.9040110242e+01    1.2800000000e+02    7.7807130001e-03    6.1865234375e-01
       175   -7.6779299023e+00    5.9437980344e+01   -1.6196201920e+01    8.5182720176e+00    2.5368985408e+00   -1.8733100461e+01    1.2800000000e+02    9.2760019998e-03    6.4501953125e-01
       176   -7.4583359600e+00    5.5857573953e+01   -1.3533159484e+01    6.0748235239e+00    2.5850196883e+00   -1.6118179172e+01    1.2800000000e+02    7.8871980004e-03    6.4697265625e-01
       177   -7.5006758779e+00    5.6491763888e+01   -1.7365669915e+01    9.8649940370e+00    2.6557451416e+00   -2.0021415056e+01    1.2800000000e+02    8.0771809999e-03    6.3427734375e-01
       178   -7.3756437115e+00    5.4649617993e+01   -1.2814905441e+01    5.4392617290e+00    2.5509224446e+00   -1.5365827885e+01    1.2800000000e+02    9.0401090001e-03    6.3769531250e-01
       179   -7.3629302600e+00    5.4345955028e+01   -1.1445619699e+01    4.0826894391e+00    2.3632594850e+00   -1.3808879184e+01    1.2800000000e+02    8.1637350004e-03    6.6308593750e-01
       180   -7.4850264319e+00    5.6220211912e+01   -1.6207368237e+01    8.7223418049e+00    2.6786617140e+00   -1.8886029951e+01    1.2800000000e+02    8.3074790000e-03    6.5332031250e-01
       181   -7.7019624777e+00    5.9666934789e+01   -1.7074135217e+01    9.3721727391e+00    2.8498229821e+00   -1.9923958199e+01    1.2800000000e+02    8.2347349999e-03    6.4648437500e-01
       182   -7.3049735013e+00    5.3533034424e+01   -1.2872187359e+01    5.5672138575e+00    2.6819352521e+00   -1.5554122611e+01    1.2800000000e+02    7.8773490004e-03    6.1572265625e-01
       183   -7.3620467575e+00    5.4339543386e+01   -1.3677029282e+01    6.3149825241e+00    2.8139508727e+00   -1.6490980154e+01    1.2800000000e+02    7.9950529998e-03    6.4550781250e-01
       184   -7.4692122239e+00    5.6004174226e+01   -1.3903696645e+01    6.4344844216e+00    2.5307579143e+00   -1.6434454560e+01    1.2800000000e+02    8.0296050000e-03    6.6845703125e-01
       185   -7.4189617127e+00    5.5330544353e+01   -1.4165147192e+01    6.7461854789e+00    2.6474201710e+00   -1.6812567363e+01    1.2800000000e+02    7.9945050002e-03    6.2451171875e-01
       186   -7.3488299802e+00    5.4194704165e+01   -1.7403367007e+01    1.0054537027e+01    2.9603671760e+00   -2.0363734183e+01    1.2800000000e+02    7.7386109997e-03    6.0449218750e-01
       187   -7.5669900353e+00    5.7529894706e+01   -1.8937633454e+01    1.1370643419e+01    2.8553970191e+00   -2.1793030473e+01    1.2800000000e+02    8.5681700002e-03    6.1328125000e-01
       188   -7.4362755539e+00    5.5485112066e+01   -1.4343173905e+01    6.9068983515e+00    2.4898451094e+00   -1.6833019015e+01    1.2800000000e+02    7.9845540004e-03    6.5771484375e-01
       189   -7.5401599462e+00    5.7222200276e+01   -1.3551665924e+01    6.0115059779e+00    2.6921600578e+00   -1.6243825982e+01    1.2800000000e+02    8.0722100001e-03    6.4501953125e-01
       190   -7.5707630048e+00    5.7642552968e+01   -1.3405287563e+01    5.8345245578e+00    2.5503661237e+00   -1.5955653686e+01    1.2800000000e+02    7.9396100000e-03    6.5576171875e-01
       191   -7.4452850962e+00    5.5695126720e+01   -1.8254430237e+01    1.0809145141e+01    3.1674230798e+00   -2.1421853317e+01    1.2800000000e+02    7.9215709993e-03    6.4404296875e-01
       192   -7.4231066102e+00    5.5391533990e+01   -1.5972190294e+01    8.5490836834e+00    2.8106951843e+00   -1.8782885478e+01    1.2800000000e+02    8.0145379998e-03    6.3232421875e-01
       193   -7.4048996736e+00    5.5000458959e+01   -1.7022778648e+01    9.6178789747e+00    2.5020061463e+00   -1.9524784795e+01    1.2800000000e+02    8.1251709998e-03    6.3769531250e-01
       194   -7.4449414305e+00    5.5589096009e+01   -1.5248233819e+01    7.8032923889e+00    2.3738864414e+00   -1.7622120261e+01    1.2800000000e+02    8.1384149998e-03    6.4990234375e-01
       195   -7.5007777550e+00    5.6537046757e+01   -1.5263890506e+01    7.7631127506e+00    2.6589773440e+00   -1.7922867850e+01    1.2800000000e+02    7.7969819995e-03    6.3134765625e-01
       196   -7.5824367401e+00    5.7799404902e+01   -1.4902610466e+01    7.3201737260e+00    2.7314934587e+00   -1.7634103925e+01    1.2800000000e+02    7.9255520004e-03    6.2109375000e-01
       197   -7.6201289316e+00    5.8381343871e+01   -1.3436786874e+01    5.8166579421e+00    2.6373458628e+00   -1.6074132736e+01    1.2800000000e+02    8.0013570005e-03    6.4160156250e-01
       198   -7.3513831482e+00    5.4235961256e+01   -1.6252131958e+01    8.9007488096e+00    2.8187782416e+00   -1.9070910199e+01    1.2800000000e+02    8.0690390005e-03    6.2890625000e-01
       199   -7.6758964413e+00    5.9289753857e+01   -1.8021191165e+01    1.0345294723e+01    2.6311401971e+00   -2.0652331362e+01    1.2800000000e+02    7.8310420004e-03    6.2792968750e-01
       200   -7.4221615576e+00    5.5384810137e+01   -1.4800960449e+01    7.3787988913e+00    2.7202683824e+00   -1.7521228831e+01    1.2800000000e+02    8.1896749998e-03    6.5429687500e-01
       201   -7.3873611697e+00    5.4735540684e+01   -1.2590991677e+01    5.2036305069e+00    2.9485093188e+00   -1.5539500995e+01    1.2800000000e+02    8.6897259998e-03    6.4404296875e-01
       202   -7.3061901032e+00    5.3493040511e+01   -1.5222120227e+01    7.9159301233e+00    3.3693926559e+00   -1.8591512882e+01    1.2800000000e+02    8.0107820004e-03    6.0400390625e-01
       203   -7.4821211836e+00    5.6146405818e+01   -1.4456868000e+01    6.9747468166e+00    2.5392650004e+00   -1.6996133001e+01    1.2800000000e+02    7.8359630006e-03    6.4013671875e-01
       204   -7.4891161403e+00    5.6360016554e+01   -1.3935606252e+01    6.4464901118e+00    2.4933046999e+00   -1.6428910952e+01    1.2800000000e+02    8.1073100000e-03    6.4794921875e-01
       205   -7.4731348901e+00    5.6080504952e+01   -1.3800882334e+01    6.3277474437e+00    3.0109421593e+00   -1.6811824493e+01    1.2800000000e+02    8.2443680003e-03    6.3769531250e-01
       206   -7.4582220390e+00    5.5845085945e+01   -1.5421766086e+01    7.9635440473e+00    2.6413240158e+00   -1.8063090102e+01    1.2800000000e+02    1.0250909000e-02    6.4599609375e-01
       207   -7.5030959058e+00    5.6460702372e+01   -1.3820763641e+01    6.3176677347e+00    2.6405477620e+00   -1.6461311403e+01    1.2800000000e+02    8.5700830004e-03    6.4501953125e-01
       208   -7.8575649075e+00    6.2270459114e+01   -3.3805211982e+01    2.5947647075e+01    3.3583893370e+00   -3.7163601319e+01    1.2800000000e+02    8.0625230003e-03    6.1132812500e-01
       209   -7.4202093071e+00    5.5337391534e+01   -1.4707263471e+01    7.2870541642e+00    2.4875542551e+00   -1.7194817726e+01    1.2800000000e+02    9.2390070004e-03    6.2988281250e-01
       210   -7.5019607920e+00    5.6420847371e+01   -1.5877579821e+01    8.3756190287e+00    2.4299555588e+00   -1.8307535379e+01    1.2800000000e+02    8.1065620006e-03    6.3037109375e-01
       211   -7.4978518291e+00    5.6401095008e+01   -1.3804941977e+01    6.3070901475e+00    2.6136097770e+00   -1.6418551754e+01    1.2800000000e+02    8.1047920003e-03    6.2695312500e-01
       212   -7.4222987783e+00    5.5328556820e+01   -1.5258945902e+01    7.8366471234e+00    2.8528459796e+00   -1.8111791881e+01    1.2800000000e+02    8.4298539996e-03    6.2500000000e-01
       213   -7.5848487453e+00    5.7862210988e+01   -1.5844310169e+01    8.2594614242e+00    2.8949530407e+00   -1.8739263210e+01    1.2800000000e+02    9.4589930004e-03    6.2402343750e-01
       214   -7.3142553216e+00    5.3666118490e+01   -1.3147769907e+01    5.8335145849e+00    2.4345151142e+00   -1.5582285021e+01    1.2800000000e+02    7.9771419996e-03    6.4697265625e-01
       215   -7.4918741966e+00    5.6434285232e+01   -5.8231758124e+01    5.0739883928e+01    2.7651612756e+00   -6.0996919400e+01    1.2800000000e+02    8.1531900005e-03    6.4550781250e-01
       216   -7.3958566605e+00    5.4917341667e+01   -1.4656848927e+01    7.2609922667e+00    2.6922797420e+00   -1.7349128669e+01    1.2800000000e+02    8.2430409993e-03    6.4257812500e-01
       217   -7.5382450479e+00    5.7125960666e+01   -3.3372761927e+01    2.5834516879e+01    2.9863496945e+00   -3.6359111622e+01    1.2800000000e+02    9.6981189999e-03    6.3037109375e-01
       218   -7.4510645422e+00    5.5669982676e+01   -1.1898170683e+01    4.4471061413e+00    2.6312243957e+00   -1.4529395079e+01    1.2800000000e+02    7.9702960002e-03    6.4697265625e-01
       219   -7.4376177551e+00    5.5481120628e+01   -1.7961982241e+01    1.0524364486e+01    2.8769223692e+00   -2.0838904611e+01    1.2800000000e+02    8.1486579993e-03    6.3769531250e-01
       220   -7.4367706704e+00    5.5411419246e+01   -1.2878289297e+01    5.4415186264e+00    2.3858372556e+00   -1.5264126552e+01    1.2800000000e+02    7.9879369996e-03    6.5039062500e-01
       221   -7.4900760032e+00    5.6340999302e+01   -1.7561940024e+01    1.0071864021e+01    3.0095819048e+00   -2.0571521929e+01    1.2800000000e+02    9.3452649999e-03    6.0156250000e-01
       222   -7.4400820391e+00    5.5505473953e+01   -1.1426806470e+01    3.9867244313e+00    2.1581348900e+00   -1.3584941360e+01    1.2800000000e+02    7.9046640003e-03    6.5673828125e-01
       223   -7.4134749390e+00    5.5207522725e+01   -1.4422817007e+01    7.0093420676e+00    2.7802147079e+00   -1.7203031715e+01    1.2800000000e+02    8.3224800001e-03    6.3867187500e-01
       224   -7.5071183445e+00    5.6662625988e+01   -1.4661251104e+01    7.1541327598e+00    2.5883373770e+00   -1.7249588481e+01    1.2800000000e+02    8.0919040001e-03    6.3085937500e-01
       225   -7.3968534971e+00    5.4897764742e+01   -1.6636153846e+01    9.2393003490e+00    2.9384337153e+00   -1.9574587561e+01    1.2800000000e+02    9.6487319997e-03    6.2500000000e-01
       226   -7.6869658680e+00    5.9423812607e+01   -1.7838257068e+01    1.0151291200e+01    3.0958020107e+00   -2.0934059078e+01    1.2800000000e+02    7.8122010000e-03    6.1083984375e-01
       227   -7.5314702568e+00    5.6988698902e+01   -1.4900630326e+01    7.3691600687e+00    2.6272474343e+00   -1.7527877760e+01    1.2800000000e+02    8.2222720002e-03    6.5771484375e-01
       228   -7.4297745189e+00    5.5361692685e+01   -1.2194077632e+01    4.7643031129e+00    2.5454534815e+00   -1.4739531113e+01    1.2800000000e+02    8.1822319999e-03    6.5625000000e-01
       229   -7.6147289689e+00    5.8260989354e+01   -1.8264982158e+01    1.0650253189e+01    2.6557905886e+00   -2.0920772746e+01    1.2800000000e+02    9.9091680004e-03    6.3964843750e-01
       230   -7.4190263856e+00    5.5234424759e+01   -1.3837423776e+01    6.4183973899e+00    2.5324327427e+00   -1.6369856518e+01    1.2800000000e+02    7.8748080005e-03    6.4355468750e-01
       231   -7.5766121868e+00    5.7743646588e+01   -1.3439606504e+01    5.8629943171e+00    2.5306708665e+00   -1.5970277370e+01    1.2800000000e+02    8.1341220002e-03    6.3623046875e-01
       232   -7.3721463078e+00    5.4505665954e+01   -1.5613917334e+01    8.2417710262e+00    2.5499419771e+00   -1.8163859311e+01    1.2800000000e+02    7.9595850002e-03    6.3623046875e-01
       233   -7.4926182566e+00    5.6386667520e+01   -1.5593915421e+01    8.1012971648e+00    2.5700437179e+00   -1.8163959139e+01    1.2800000000e+02    9.3752399998e-03    6.1083984375e-01
       234   -7.4020350754e+00    5.4903679165e+01   -1.1942248160e+01    4.5402130849e+00    2.4472544785e+00   -1.4389502639e+01    1.2800000000e+02    7.8572900002e-03    6.5380859375e-01
       235   -7.3166899791e+00    5.3664103875e+01   -1.1620877544e+01    4.3041875652e+00    2.2299449490e+00   -1.3850822493e+01    1.2800000000e+02    8.0543160002e-03    6.5185546875e-01
       236   -7.4346554889e+00    5.5526212282e+01   -1.2579994764e+01    5.1453392749e+00    2.7144519058e+00   -1.5294446670e+01    1.2800000000e+02    8.5018380005e-03    6.4941406250e-01
       237   -7.5308146545e+00    5.6921031113e+01   -1.5263140401e+01    7.7323257463e+00    2.9720360420e+00   -1.8235176443e+01    1.2800000000e+02    7.7330380000e-03    6.0839843750e-01
       238   -7.6293852637e+00    5.8452501383e+01   -2.2861869456e+01    1.5232484192e+01    2.9680280637e+00   -2.5829897519e+01    1.2800000000e+02    7.8269370006e-03    6.2207031250e-01
       239   -7.4419139088e+00    5.5576199924e+01   -1.4542720892e+01    7.1008069835e+00    2.7276858591e+00   -1.7270406751e+01    1.2800000000e+02    7.8409420003e-03    6.2353515625e-01
       240   -7.3098465209e+00    5.3596518405e+01   -1.7070919806e+01    9.7610732851e+00    2.6227670337e+00   -1.9693686840e+01    1.2800000000e+02    8.0032850001e-03    6.4453125000e-01
       241   -7.4678577040e+00    5.5989719489e+01   -1.1412441884e+01    3.9445841802e+00    2.6318121559e+00   -1.4044254040e+01    1.2800000000e+02    8.1032600001e-03    6.6455078125e-01
       242   -7.6082641978e+00    5.8218738670e+01   -1.5243602412e+01    7.6353382139e+00    2.9595040496e+00   -1.8203106461e+01    1.2800000000e+02    8.0448139997e-03    6.1767578125e-01
       243   -7.4187387804e+00    5.5177081165e+01   -1.6069949234e+01    8.6512104539e+00    2.3573892255e+00   -1.8427338460e+01    1.2800000000e+02    7.8009789995e-03    6.4355468750e-01
       244   -7.4226496681e+00    5.5431410586e+01   -1.6948472426e+01    9.5258227578e+00    2.9576366725e+00   -1.9906109098e+01    1.2800000000e+02    7.9301369997e-03    6.1132812500e-01
       245   -7.6377961103e+00    5.8698080384e+01   -1.5421738580e+01    7.7839424696e+00    2.8694548634e+00   -1.8291193443e+01    1.2800000000e+02    8.1761580004e-03    6.2255859375e-01
       246   -7.5710910052e+00    5.7523204854e+01   -1.2735328536e+01    5.1642375309e+00    2.4463101868e+00   -1.5181638723e+01    1.2800000000e+02    7.9723170002e-03    6.6210937500e-01
       247   -7.3485590661e+00    5.4203255272e+01   -1.3203658847e+01    5.8550997805e+00    2.7453646321e+00   -1.5949023479e+01    1.2800000000e+02    7.8333370002e-03    6.2988281250e-01
       248   -7.5711296392e+00    5.7598328784e+01   -1.6109714293e+01    8.5385846537e+00    2.5734058797e+00   -1.8683120173e+01    1.2800000000e+02    8.0377619997e-03    6.3574218750e-01
       249   -7.4798109205e+00    5.6137563533e+01   -1.4201481886e+01    6.7216709655e+00    2.6354251768e+00   -1.6836907063e+01    1.2800000000e+02    7.8923080000e-03    6.3378906250e-01
       250   -7.4305049896e+00    5.5340970789e+01   -1.3666730599e+01    6.2362256091e+00    2.6858549938e+00   -1.6352585593e+01    1.2800000000e+02    8.2833160004e-03    6.4550781250e-01
       251   -7.4044459055e+00    5.5028167187e+01   -1.6699532827e+01    9.2950869217e+00    3.0114230184e+00   -1.9710955846e+01    1.2800000000e+02    7.7957120002e-03    6.2207031250e-01
       252   -7.4969685525e+00    5.6415508821e+01   -1.4311145779e+01    6.8141772262e+00    2.5849768239e+00   -1.6896122603e+01    1.2800000000e+02    7.9184349997e-03    6.4453125000e-01
       253   -7.5029202738e+00    5.6579740385e+01   -1.4483778020e+01    6.9808577460e+00    2.6851487819e+00   -1.7168926802e+01    1.2800000000e+02    7.8851300004e-03    6.5332031250e-01
       254   -7.5352678188e+00    5.6958449648e+01   -1.8915518386e+01    1.1380250567e+01    2.9091627419e+00   -2.1824681127e+01    1.2800000000e+02    8.3706519999e-03    6.2207031250e-01
       255   -7.5157290621e+00    5.6756102085e+01   -1.6034692316e+01    8.5189632544e+00    2.4461821144e+00   -1.8480874431e+01    1.2800000000e+02    7.7585089994e-03    6.2646484375e-01
       256   -7.4919111212e+00    5.6363803772e+01   -1.4935537166e+01    7.4436260450e+00    2.8679643536e+00   -1.7803501520e+01    1.2800000000e+02    7.8400729999e-03    6.3525390625e-01
       257   -7.4109693003e+00    5.5052091663e+01   -1.2261132065e+01    4.8501627642e+00    2.7559981852e+00   -1.5017130250e+01    1.2800000000e+02    7.9581430000e-03    6.2939453125e-01
       258   -7.4161542239e+00    5.5128196075e+01   -1.5032014670e+01    7.6158604460e+00    2.3932819350e+00   -1.7425296605e+01    1.2800000000e+02    7.9948889997e-03    6.4160156250e-01
       259   -7.5407431997e+00    5.7053568667e+01   -1.3229619818e+01    5.6888766187e+00    2.7213995415e+00   -1.5951019360e+01    1.2800000000e+02    7.8689140000e-03    6.3525390625e-01
       260   -7.5715966407e+00    5.7636234761e+01   -1.8730263618e+01    1.1158666978e+01    2.6195065939e+00   -2.1349770212e+01    1.2800000000e+02    7.8777180006e-03    6.2353515625e-01
       261   -7.5029493787e+00    5.6526833574e+01   -1.3254416204e+01    5.7514668257e+00    2.7720722870e+00   -1.6026488491e+01    1.2800000000e+02    8.2913580000e-03    6.2255859375e-01
       262   -7.5011787446e+00    5.6482157881e+01   -1.3448707246e+01    5.9475285018e+00    2.7703134693e+00   -1.6219020716e+01    1.2800000000e+02    8.0502400006e-03    6.4746093750e-01
       263   -7.4913505836e+00    5.6334890307e+01   -1.3722406857e+01    6.2310562739e+00    2.7150845296e+00   -1.6437491387e+01    1.2800000000e+02    7.8313810000e-03    6.3818359375e-01
       264   -7.4284021384e+00    5.5401668875e+01   -1.7159719401e+01    9.7313172630e+00    2.4650617623e+00   -1.9624781164e+01    1.2800000000e+02    7.8887729996e-03    6.3964843750e-01
       265   -7.3848919097e+00    5.4656371738e+01   -1.3492327621e+01    6.1074357113e+00    2.3141485184e+00   -1.5806476139e+01    1.2800000000e+02    8.1103379998e-03    6.5380859375e-01
       266   -7.5545488883e+00    5.7410959400e+01   -1.6194008400e+01    8.6394595113e+00    3.2523013602e+00   -1.9446309760e+01    1.2800000000e+02    8.0261760004e-03    6.4501953125e-01
       267   -7.4765404204e+00    5.6114997177e+01   -1.4266492036e+01    6.7899516156e+00    2.4670063400e+00   -1.6733498376e+01    1.2800000000e+02    8.1502849998e-03    6.5380859375e-01
       268   -7.4912870581e+00    5.6275015790e+01   -1.2162433091e+01    4.6711460326e+00    2.6175527403e+00   -1.4779985831e+01    1.2800000000e+02    8.1087729995e-03    6.5527343750e-01
       269   -7.4490711486e+00    5.5733270634e+01   -1.5778521094e+01    8.3294499456e+00    2.6869284265e+00   -1.8465449521e+01    1.2800000000e+02    8.0537750000e-03    6.0986328125e-01
       270   -7.4906462493e+00    5.6322984942e+01   -1.3463004285e+01    5.9723580357e+00    2.2596712234e+00   -1.5722675508e+01    1.2800000000e+02    8.1357919998e-03    6.4746093750e-01
       271   -7.4212332537e+00    5.5210224537e+01   -1.3502347054e+01    6.0811137998e+00    2.5178642037e+00   -1.6020211257e+01    1.2800000000e+02    7.9975099998e-03    6.5527343750e-01
       272   -7.6033746299e+00    5.8197311418e+01   -1.6089793492e+01    8.4864188621e+00    2.4928347024e+00   -1.8582628194e+01    1.2800000000e+02    7.9342449999e-03    6.1718750000e-01
       273   -7.3839748601e+00    5.4689029732e+01   -1.4279425054e+01    6.8954501940e+00    2.7245898288e+00   -1.7004014883e+01    1.2800000000e+02    1.0005618000e-02    6.2597656250e-01
       274   -7.3833638330e+00    5.4706982441e+01   -1.5443789451e+01    8.0604256183e+00    2.8577240099e+00   -1.8301513461e+01    1.2800000000e+02    8.0549800005e-03    6.2158203125e-01
       275   -7.5277451270e+00    5.6905326618e+01   -1.4037206328e+01    6.5094612006e+00    2.7492567640e+00   -1.6786463092e+01    1.2800000000e+02    8.0105039997e-03    6.3281250000e-01
       276   -7.5206253532e+00    5.6793297837e+01   -2.0545109499e+01    1.3024484145e+01    2.7670776649e+00   -2.3312187164e+01    1.2800000000e+02    7.9014080002e-03    6.1865234375e-01
       277   -7.5218017911e+00    5.6806597755e+01   -1.1828046552e+01    4.3062447606e+00    2.3865922490e+00   -1.4214638801e+01    1.2800000000e+02    8.0783530002e-03    6.5722656250e-01
       278   -7.5192737269e+00    5.6815231022e+01   -1.6920643760e+01    9.4013700329e+00    2.4270206138e+00   -1.9347664374e+01    1.2800000000e+02    8.0559739999e-03    6.3867187500e-01
       279   -7.4882216772e+00    5.6352475592e+01   -1.2240047650e+01    4.7518259730e+00    2.5938638005e+00   -1.4833911451e+01    1.2800000000e+02    8.7922950006e-03    6.5429687500e-01
       280   -7.6154785969e+00    5.8248095010e+01   -1.4322301947e+01    6.7068233504e+00    2.3394965245e+00   -1.6661798472e+01    1.2800000000e+02    8.0100080004e-03    6.5771484375e-01
       281   -7.5357428493e+00    5.7054390186e+01   -1.8832223679e+01    1.1296480830e+01    3.2133356711e+00   -2.2045559350e+01    1.2800000000e+02    7.7537839998e-03    6.0546875000e-01
       282   -7.5150704463e+00    5.6736941909e+01   -1.2864961799e+01    5.3498913528e+00    2.6908811195e+00   -1.5555842919e+01    1.2800000000e+02    8.1290839998e-03    6.4746093750e-01
       283   -7.6272183122e+00    5.8614184198e+01   -1.6163924553e+01    8.5367062408e+00    2.8222940968e+00   -1.8986218650e+01    1.2800000000e+02    7.8888210001e-03    6.3574218750e-01
       284   -7.4961369735e+00    5.6510569915e+01   -1.3818702735e+01    6.3225657617e+00    2.7030295574e+00   -1.6521732293e+01    1.2800000000e+02    7.8950159996e-03    6.3330078125e-01
       285   -7.5489524400e+00    5.7307268411e+01   -1.3936031153e+01    6.3870787126e+00    2.7352839445e+00   -1.6671315097e+01    1.2800000000e+02    8.0107009999e-03    6.5087890625e-01
       286   -7.3481984680e+00    5.4207687348e+01   -1.2450410422e+01    5.1022119537e+00    2.5689665217e+00   -1.5019376943e+01    1.2800000000e+02    8.1988069996e-03    6.4990234375e-01
       287   -7.4573135432e+00    5.5834644827e+01   -1.1686790414e+01    4.2294768706e+00    2.4848289939e+00   -1.4171619408e+01    1.2800000000e+02    8.0350439994e-03    6.4843750000e-01
       288   -7.6503178241e+00    5.8969653266e+01   -1.3135726277e+01    5.4854084529e+00    2.4901968471e+00   -1.5625923124e+01    1.2800000000e+02    7.9524109997e-03    6.5332031250e-01
       289   -7.5345236481e+00    5.7007985188e+01   -1.2467837900e+01    4.9333142521e+00    2.4788627651e+00   -1.4946700665e+01    1.2800000000e+02    8.1701050003e-03    6.5234375000e-01
       290   -7.4271752349e+00    5.5385433647e+01   -1.5922374669e+01    8.4951994337e+00    2.5149716560e+00   -1.8437346325e+01    1.2800000000e+02    8.1621469999e-03    6.5087890625e-01
       291   -7.4845443971e+00    5.6311135016e+01   -1.2533996232e+01    5.0494518351e+00    2.4743950016e+00   -1.5008391234e+01    1.2800000000e+02    8.5263629999e-03    6.5673828125e-01
       292   -7.4865854690e+00    5.6324916104e+01   -1.8482356878e+01    1.0995771409e+01    2.8118332170e+00   -2.1294190095e+01    1.2800000000e+02    8.1008919997e-03    6.2548828125e-01
       293   -7.4016796869e+00    5.4932266156e+01   -1.3271879846e+01    5.8702001593e+00    2.8577129866e+00   -1.6129592833e+01    1.2800000000e+02    7.9597739996e-03    6.4843750000e-01
       294   -7.3912685142e+00    5.4784300964e+01   -1.3426608284e+01    6.0353397695e+00    2.7466512600e+00   -1.6173259544e+01    1.2800000000e+02    8.0945979998e-03    6.5332031250e-01
       295   -7.4704900765e+00    5.6009773063e+01   -1.3252213098e+01    5.7817230213e+00    2.7715992555e+00   -1.6023812353e+01    1.2800000000e+02    7.9934870000e-03    6.4013671875e-01
       296   -7.3489180338e+00    5.4166507026e+01   -1.2451781756e+01    5.1028637226e+00    2.4652732556e+00   -1.4917055012e+01    1.2800000000e+02    8.2199600001e-03    6.5234375000e-01
       297   -7.5139784423e+00    5.6775896518e+01   -1.4422641623e+01    6.9086631810e+00    2.8419921342e+00   -1.7264633757e+01    1.2800000000e+02    8.2070440003e-03    6.3623046875e-01
       298   -7.5661446856e+00    5.7543157054e+01   -1.5801333223e+01    8.2351885374e+00    2.6574886911e+00   -1.8458821914e+01    1.2800000000e+02    9.2765669997e-03    6.4843750000e-01
       299   -7.3821254554e+00    5.4634132985e+01   -1.3727367352e+01    6.3452418967e+00    2.5089707893e+00   -1.6236338141e+01    1.2800000000e+02    8.1747679997e-03    6.3623046875e-01
       300   -7.4997806435e+00    5.6480303250e+01   -1.4653105377e+01    7.1533247337e+00    2.6185211163e+00   -1.7271626494e+01    1.2800000000e+02    9.0379619996e-03    6.4794921875e-01
       301   -7.5662699228e+00    5.7572757901e+01   -1.4724765765e+01    7.1584958424e+00    2.7110089598e+00   -1.7435774725e+01    1.2800000000e+02    8.3319470004e-03    6.4306640625e-01
       302   -7.4114236368e+00    5.5110754108e+01   -1.3268203851e+01    5.8567802146e+00    2.5787548908e+00   -1.5846958742e+01    1.2800000000e+02    8.0425569995e-03    6.5380859375e-01
       303   -7.8321323554e+00    6.1699347371e+01   -1.8120829931e+01    1.0288697575e+01    2.9340555793e+00   -2.1054885510e+01    1.2800000000e+02    7.9106719995e-03    6.1914062500e-01
       304   -7.3186743040e+00    5.3664536871e+01   -1.1501208300e+01    4.1825339962e+00    2.7836808553e+00   -1.4284889155e+01    1.2800000000e+02    8.5123439994e-03    6.5771484375e-01
       305   -7.3712658705e+00    5.4513954413e+01   -1.5516095186e+01    8.1448293154e+00    2.5023062983e+00   -1.8018401484e+01    1.2800000000e+02    8.1646350009e-03    6.3867187500e-01
       306   -7.2527782555e+00    5.2722319295e+01   -1.3650823721e+01    6.3980454655e+00    2.6419200275e+00   -1.6292743749e+01    1.2800000000e+02    7.9515110001e-03    6.3720703125e-01
       307   -7.3581004222e+00    5.4307344997e+01   -1.3401543381e+01    6.0434429585e+00    2.6905271826e+00   -1.6092070563e+01    1.2800000000e+02    8.2794150003e-03    6.4013671875e-01
       308   -7.5166753656e+00    5.6742444265e+01   -1.8237181748e+01    1.0720506382e+01    2.7578644700e+00   -2.0995046218e+01    1.2800000000e+02    7.9250859999e-03    6.3427734375e-01
       309   -7.6517079138e+00    5.8832800355e+01   -2.5217079758e+01    1.7565371844e+01    2.6299191524e+00   -2.7846998911e+01    1.2800000000e+02    8.0090879992e-03    6.3427734375e-01
       310   -7.4751047352e+00    5.6209997032e+01   -1.3701866890e+01    6.2267621551e+00    2.5308846409e+00   -1.6232751531e+01    1.2800000000e+02    8.3909069999e-03    6.3964843750e-01
       311   -7.4451379644e+00    5.5630252785e+01   -1.9190323792e+01    1.1745185828e+01    2.7576962181e+00   -2.1948020010e+01    1.2800000000e+02    7.9288000006e-03    6.4355468750e-01
       312   -7.5614902697e+00    5.7480255734e+01   -1.5558391630e+01    7.9969013607e+00    2.7939900895e+00   -1.8352381720e+01    1.2800000000e+02    7.9591760004e-03    6.3525390625e-01
       313   -7.3682076026e+00    5.4412469433e+01   -1.4448604580e+01    7.0803969774e+00    2.7359604709e+00   -1.7184565051e+01    1.2800000000e+02    8.2263640006e-03    6.2060546875e-01
       314   -7.3632536194e+00    5.4392142848e+01   -1.4494912467e+01    7.1316588477e+00    2.6574990994e+00   -1.7152411567e+01    1.2800000000e+02    8.1679599998e-03    6.1767578125e-01
       315   -7.4111723760e+00    5.5129609083e+01   -1.5393163347e+01    7.9819909712e+00    2.2726520292e+00   -1.7665815376e+01    1.2800000000e+02    7.8436590002e-03    6.4208984375e-01
       316   -7.7007307861e+00    5.9660674263e+01   -1.7283269614e+01    9.5825388282e+00    2.8818738770e+00   -2.0165143491e+01    1.2800000000e+02    8.1334019997e-03    6.2841796875e-01
       317   -7.3692080648e+00    5.4467070682e+01   -1.1961492190e+01    4.5922841251e+00    2.7858508700e+00   -1.4747343060e+01    1.2800000000e+02    8.0488160002e-03    6.3916015625e-01
       318   -7.4181928023e+00    5.5227089748e+01   -1.5123413945e+01    7.7052211432e+00    2.3452827044e+00   -1.7468696650e+01    1.2800000000e+02    7.8037200001e-03    6.3330078125e-01
       319   -7.4680536371e+00    5.6032100791e+01   -1.4006850558e+01    6.5387969206e+00    2.5586599808e+00   -1.6565510539e+01    1.2800000000e+02    8.0056400002e-03    6.3476562500e-01
       320   -7.5184562223e+00    5.6706965789e+01   -1.4917798829e+01    7.3993426066e+00    2.5445221228e+00   -1.7462320952e+01    1.2800000000e+02    7.8850370001e-03    6.5283203125e-01
       321   -7.5844021203e+00    5.7897462974e+01   -1.8206459146e+01    1.0622057026e+01    2.7376848580e+00   -2.0944144004e+01    1.2800000000e+02    7.9647010007e-03    6.2988281250e-01
       322   -7.4576634867e+00    5.5804012575e+01   -1.7893535711e+01    1.0435872224e+01    2.9130720989e+00   -2.0806607809e+01    1.2800000000e+02    8.0050090000e-03    6.4453125000e-01
       323   -7.7762354206e+00    6.1026139562e+01   -1.4904932209e+01    7.1286967882e+00    2.8473852800e+00   -1.7752317489e+01    1.2800000000e+02    9.5585210001e-03    6.2792968750e-01
       324   -7.4387890400e+00    5.5465025057e+01   -1.3845444565e+01    6.4066555246e+00    2.7614401519e+00   -1.6606884717e+01    1.2800000000e+02    7.8360219995e-03    6.3232421875e-01
       325   -7.5470483543e+00    5.7236837333e+01   -1.5873489461e+01    8.3264411066e+00    2.9737609676e+00   -1.8847250428e+01    1.2800000000e+02    8.1446660006e-03    6.4208984375e-01
       326   -7.3820616814e+00    5.4665147219e+01   -1.4507621008e+01    7.1255593266e+00    2.5751388861e+00   -1.7082759894e+01    1.2800000000e+02    7.9180979992e-03    6.3085937500e-01
       327   -7.2967933954e+00    5.3453426804e+01   -1.4252777142e+01    6.9559837463e+00    2.5564860854e+00   -1.6809263227e+01    1.2800000000e+02    9.3823340003e-03    6.3037109375e-01
       328   -7.4646814787e+00    5.5870165924e+01   -1.2941735649e+01    5.4770541700e+00    2.5099066482e+00   -1.5451642297e+01    1.2800000000e+02    8.2875190001e-03    6.3378906250e-01
       329   -7.2968770261e+00    5.3390987981e+01   -1.4068327433e+01    6.7714504069e+00    2.5453749680e+00   -1.6613702401e+01    1.2800000000e+02    8.3310900000e-03    6.1328125000e-01
       330   -7.4664170542e+00    5.6024500460e+01   -2.1622250433e+01    1.4155833378e+01    2.6499519579e+00   -2.4272202391e+01    1.2800000000e+02    8.1874830003e-03    6.3378906250e-01
       331   -7.4518463280e+00    5.5787322656e+01   -1.3519925886e+01    6.0680795583e+00    2.6177783242e+00   -1.6137704211e+01    1.2800000000e+02    8.0683699998e-03    6.4306640625e-01
       332   -7.5558485929e+00    5.7340055027e+01   -1.8106711621e+01    1.0550863028e+01    2.8781054817e+00   -2.0984817102e+01    1.2800000000e+02    7.8954110004e-03    6.2988281250e-01
       333   -7.5013469446e+00    5.6455188115e+01   -1.8086866368e+01    1.0585519423e+01    3.0239916045e+00   -2.1110857972e+01    1.2800000000e+02    7.8983089998e-03    6.3964843750e-01
       334   -7.5109517346e+00    5.6764692309e+01   -1.4385538121e+01    6.8745863860e+00    2.5465636926e+00   -1.6932101813e+01    1.2800000000e+02    8.0813710001e-03    6.2939453125e-01
       335   -7.3977133166e+00    5.4935854498e+01   -1.3469006119e+01    6.0712928022e+00    2.6236993384e+00   -1.6092705457e+01    1.2800000000e+02    8.5107430004e-03    6.4599609375e-01
       336   -7.5130695898e+00    5.6673823199e+01   -1.4507980430e+01    6.9949108405e+00    3.0963741301e+00   -1.7604354560e+01    1.2800000000e+02    8.1444429998e-03    6.4941406250e-01
       337   -7.5824089740e+00    5.7731506132e+01   -1.6349485270e+01    8.7670762956e+00    2.5333766756e+00   -1.8882861945e+01    1.2800000000e+02    7.9332759997e-03    6.5380859375e-01
       338   -7.4106341215e+00    5.5060870835e+01   -1.5038928605e+01    7.6282944836e+00    2.4063480919e+00   -1.7445276697e+01    1.2800000000e+02    8.1121980002e-03    6.3867187500e-01
       339   -7.5115766842e+00    5.6678811421e+01   -1.8273398204e+01    1.0761821519e+01    2.8810495625e+00   -2.1154447766e+01    1.2800000000e+02    7.9512129996e-03    6.3623046875e-01
       340   -7.4002146518e+00    5.4928954498e+01   -1.5856601549e+01    8.4563868975e+00    2.9175214037e+00   -1.8774122953e+01    1.2800000000e+02    7.9030480001e-03    6.4062500000e-01
       341   -7.5062584823e+00    5.6717975128e+01   -1.1587811741e+01    4.0815532591e+00    3.0731415604e+00   -1.4660953302e+01    1.2800000000e+02    8.2817450002e-03    6.5136718750e-01
       342   -7.4926485913e+00    5.6422883761e+01   -1.4224383841e+01    6.7317352492e+00    2.6194717972e+00   -1.6843855638e+01    1.2800000000e+02    8.1003659998e-03    6.4062500000e-01
       343   -7.4493136502e+00    5.5650608634e+01   -1.2922260832e+01    5.4729471817e+00    2.2964033524e+00   -1.5218664184e+01    1.2800000000e+02    8.0745300002e-03    6.6699218750e-01
       344   -7.5117024407e+00    5.6669433139e+01   -1.6341714771e+01    8.8300123300e+00    3.1301798386e+00   -1.9471894609e+01    1.2800000000e+02    8.0064269996e-03    6.2646484375e-01
       345   -7.5051047270e+00    5.6452245017e+01   -1.8209232710e+01    1.0704127983e+01    2.2068762213e+00   -2.0416108931e+01    1.2800000000e+02    7.9113420006e-03    6.5820312500e-01
       346   -7.6024221631e+00    5.8218954471e+01   -1.3394026478e+01    5.7916043150e+00    2.2992330610e+00   -1.5693259539e+01    1.2800000000e+02    8.0758459999e-03    6.4648437500e-01
       347   -7.5641957427e+00    5.7489390983e+01   -1.6289473008e+01    8.7252772652e+00    2.5797747743e+00   -1.8869247782e+01    1.2800000000e+02    8.2168680001e-03    6.2548828125e-01
       348   -7.4256310839e+00    5.5360892130e+01   -1.5008514647e+01    7.5828835631e+00    2.5615159679e+00   -1.7570030615e+01    1.2800000000e+02    7.7848680003e-03    6.1962890625e-01
       349   -7.4263145736e+00    5.5309584535e+01   -1.1657275523e+01    4.2309609494e+00    2.5475711979e+00   -1.4204846721e+01    1.2800000000e+02    7.8765419994e-03    6.4746093750e-01
       350   -7.4065989883e+00    5.5042188068e+01   -1.2517177092e+01    5.1105781035e+00    2.4065639747e+00   -1.4923741067e+01    1.2800000000e+02    8.1374720003e-03    6.5576171875e-01
       351   -7.5565131620e+00    5.7471440831e+01   -1.7526469121e+01    9.9699559595e+00    2.4151158511e+00   -1.9941584973e+01    1.2800000000e+02    7.7896389994e-03    6.1718750000e-01
       352   -7.5154899729e+00    5.6634085529e+01   -1.3511712843e+01    5.9962228699e+00    2.7032783453e+00   -1.6214991188e+01    1.2800000000e+02    7.9522020005e-03    6.4013671875e-01
       353   -7.5078040173e+00    5.6618599546e+01   -2.5116099852e+01    1.7608295835e+01    2.8952911653e+00   -2.8011391017e+01    1.2800000000e+02    8.3870779999e-03    6.2792968750e-01
       354   -7.5377229575e+00    5.7092303686e+01   -1.3886597576e+01    6.3488746188e+00    2.6582136920e+00   -1.6544811268e+01    1.2800000000e+02    8.4859950002e-03    6.5527343750e-01
       355   -7.5437531011e+00    5.7167196735e+01   -1.3119675382e+01    5.5759222805e+00    2.3559111200e+00   -1.5475586502e+01    1.2800000000e+02    7.9902549996e-03    6.6357421875e-01
       356   -7.4099028319e+00    5.5074786290e+01   -1.2300014280e+01    4.8901114483e+00    2.7405801801e+00   -1.5040594460e+01    1.2800000000e+02    8.0960690002e-03    6.4306640625e-01
       357   -7.4052822523e+00    5.5072987086e+01   -1.4099560118e+01    6.6942778658e+00    2.7224265422e+00   -1.6821986660e+01    1.2800000000e+02    8.0475479999e-03    6.2695312500e-01
       358   -7.5586100394e+00    5.7413608198e+01   -1.7220571324e+01    9.6619612848e+00    2.7808930361e+00   -2.0001464360e+01    1.2800000000e+02    8.1092390001e-03    6.4404296875e-01
       359   -7.4956320117e+00    5.6454588840e+01   -1.3458038038e+01    5.9624060264e+00    2.7038777919e+00   -1.6161915830e+01    1.2800000000e+02    8.4874400000e-03    6.5087890625e-01
       360   -7.5931888841e+00    5.7939744935e+01   -1.4159820472e+01    6.5666315883e+00    2.8478877776e+00   -1.7007708250e+01    1.2800000000e+02    8.1719390000e-03    6.2158203125e-01
       361   -7.3994689687e+00    5.4864312147e+01   -1.2636410196e+01    5.2369412273e+00    2.4955123960e+00   -1.5131922592e+01    1.2800000000e+02    7.9638150000e-03    6.3574218750e-01
       362   -7.4383554422e+00    5.5543698803e+01   -1.2663597541e+01    5.2252420987e+00    2.7289383607e+00   -1.5392535902e+01    1.2800000000e+02    7.9863139999e-03    6.5039062500e-01
       363   -7.2882879858e+00    5.3284576137e+01   -1.3787337028e+01    6.4990490422e+00    2.9484925557e+00   -1.6735829584e+01    1.2800000000e+02    7.8676730000e-03    6.2988281250e-01
       364   -7.3277641455e+00    5.3831550468e+01   -1.5711919390e+01    8.3841552445e+00    2.5715416230e+00   -1.8283461013e+01    1.2800000000e+02    8.1816630000e-03    6.4453125000e-01
       365   -7.4546197553e+00    5.5771827354e+01   -1.9448572178e+01    1.1993952422e+01    2.5528655774e+00   -2.2001437755e+01    1.2800000000e+02    7.9387800006e-03    6.4111328125e-01
       366   -7.3900130643e+00    5.4765932420e+01   -1.6558355601e+01    9.1683425364e+00    2.6391998145e+00   -1.9197555415e+01    1.2800000000e+02    8.1390389996e-03    6.3330078125e-01
       367   -7.4467756944e+00    5.5727856586e+01   -1.2675893266e+01    5.2291175719e+00    2.5170326812e+00   -1.5192925947e+01    1.2800000000e+02    7.9639629994e-03    6.4892578125e-01
       368   -7.5691353869e+00    5.7662825631e+01   -1.5567732888e+01    7.9985975015e+00    2.4719706726e+00   -1.8039703561e+01    1.2800000000e+02    7.9815569998e-03    6.4013671875e-01
       369   -7.5325231651e+00    5.6943577859e+01   -1.6424014117e+01    8.8914909515e+00    2.1554777943e+00   -1.8579491911e+01    1.2800000000e+02    7.8206669996e-03    6.4892578125e-01
       370   -7.4476468747e+00    5.5637351047e+01   -1.2466732348e+01    5.0190854736e+00    2.3509875058e+00   -1.4817719854e+01    1.2800000000e+02    7.8798120003e-03    6.5869140625e-01
       371   -7.4686527325e+00    5.5992125567e+01   -1.3486268758e+01    6.0176160254e+00    2.5469797303e+00   -1.6033248488e+01    1.2800000000e+02    7.9498550003e-03    6.4257812500e-01
       372   -7.5716930486e+00    5.7614773348e+01   -1.6582050360e+01    9.0103573116e+00    2.7013451602e+00   -1.9283395520e+01    1.2800000000e+02    8.0582159999e-03    6.1132812500e-01
       373   -7.6492143260e+00    5.8883764348e+01   -1.9306803306e+01    1.1657588980e+01    3.1517633904e+00   -2.2458566696e+01    1.2800000000e+02    7.8813990003e-03    6.4160156250e-01
       374   -7.5234160579e+00    5.6788590901e+01   -1.4156855216e+01    6.6334391577e+00    2.8048362929e+00   -1.6961691508e+01    1.2800000000e+02    7.9371369993e-03    6.3330078125e-01
       375   -7.5826322885e+00    5.7763764506e+01   -1.8501408357e+01    1.0918776068e+01    2.8742607784e+00   -2.1375669135e+01    1.2800000000e+02    8.0058209996e-03    6.3720703125e-01
       376   -7.4312072337e+00    5.5405126566e+01   -1.5053022286e+01    7.6218150525e+00    2.7774661305e+00   -1.7830488417e+01    1.2800000000e+02    8.1080120008e-03    6.5185546875e-01
       377   -7.3806061691e+00    5.4654798950e+01   -1.2879387932e+01    5.4987817625e+00    2.4093964169e+00   -1.5288784349e+01    1.2800000000e+02    7.9755320003e-03    6.6406250000e-01
       378   -7.5136557916e+00    5.6854069460e+01   -1.3624947990e+01    6.1112921988e+00    2.3994720447e+00   -1.6024420035e+01    1.2800000000e+02    8.5730119999e-03    6.3476562500e-01
       379   -7.4747441956e+00    5.6091888970e+01   -1.4957037823e+01    7.4822936279e+00    2.6213289967e+00   -1.7578366820e+01    1.2800000000e+02    8.0699769996e-03    6.3964843750e-01
       380   -7.4964545923e+00    5.6408110495e+01   -1.2538784115e+01    5.0423295223e+00    2.4537661070e+00   -1.4992550222e+01    1.2800000000e+02    8.1436060000e-03    6.5185546875e-01
       381   -7.4966244419e+00    5.6324552260e+01   -1.2357931541e+01    4.8613070988e+00    2.6153881117e+00   -1.4973319652e+01    1.2800000000e+02    8.8636510000e-03    6.4550781250e-01
       382   -7.4581701699e+00    5.5937374197e+01   -1.3044921673e+01    5.5867515030e+00    2.5967127015e+00   -1.5641634374e+01    1.2800000000e+02    8.2630050001e-03    6.4892578125e-01
       383   -7.4309342769e+00    5.5462482273e+01   -1.7901593215e+01    1.0470658938e+01    2.7976553355e+00   -2.0699248550e+01    1.2800000000e+02    8.1220829998e-03    6.3769531250e-01
       384   -7.5693033997e+00    5.7499720475e+01   -1.4228629042e+01    6.6593256421e+00    2.7047619668e+00   -1.6933391009e+01    1.2800000000e+02    8.2839630004e-03    6.3623046875e-01
       385   -7.3790200178e+00    5.4597980736e+01   -1.3763567339e+01    6.3845473207e+00    2.5801855487e+00   -1.6343752887e+01    1.2800000000e+02    8.1178130004e-03    6.4648437500e-01
       386   -7.5843301047e+00    5.7806690547e+01   -1.6085829372e+01    8.5014992671e+00    2.7169416137e+00   -1.8802770986e+01    1.2800000000e+02    8.0461509997e-03    6.3720703125e-01
       387   -7.6702958723e+00    5.9147138264e+01   -2.0410476475e+01    1.2740180602e+01    2.9282621761e+00   -2.3338738651e+01    1.2800000000e+02    7.9732360000e-03    6.2304687500e-01
       388   -7.6569872511e+00    5.8930762571e+01   -1.5701883013e+01    8.0448957615e+00    2.4372254647e+00   -1.8139108477e+01    1.2800000000e+02    8.0779199998e-03    6.5673828125e-01
       389   -7.4600979024e+00    5.5847882348e+01   -1.6355085754e+01    8.8949878517e+00    2.4809208247e+00   -1.8836006579e+01    1.2800000000e+02    7.8765019998e-03    6.3085937500e-01
       390   -7.3510525551e+00    5.4222495703e+01   -1.3118693094e+01    5.7676405391e+00    3.0101347205e+00   -1.6128827815e+01    1.2800000000e+02    7.9723760000e-03    6.3867187500e-01
       391   -7.6153893428e+00    5.8242234847e+01   -1.5108920469e+01    7.4935311259e+00    2.8618511018e+00   -1.7970771571e+01    1.2800000000e+02    8.1405800001e-03    6.2353515625e-01
       392   -7.4968078078e+00    5.6471845667e+01   -1.8790057442e+01    1.1293249635e+01    2.7511547739e+00   -2.1541212216e+01    1.2800000000e+02    7.8651459999e-03    6.2207031250e-01
       393   -7.5078903177e+00    5.6673273721e+01   -1.2726214434e+01    5.2183241161e+00    3.1450553345e+00   -1.5871269768e+01    1.2800000000e+02    7.9294879997e-03    6.3867187500e-01
       394   -7.3483785061e+00    5.4162569265e+01   -1.2149621650e+01    4.8012431437e+00    2.5310714728e+00   -1.4680693123e+01    1.2800000000e+02    7.7797439999e-03    6.3427734375e-01
       395   -7.4203725826e+00    5.5240390479e+01   -1.2929438618e+01    5.5090660359e+00    2.4172214950e+00   -1.5346660113e+01    1.2800000000e+02    7.8562090002e-03    6.3867187500e-01
       396   -7.4631887659e+00    5.5850442197e+01   -1.6743378372e+01    9.2801896061e+00    2.6653772393e+00   -1.9408755611e+01    1.2800000000e+02    7.8463390000e-03    6.2548828125e-01
       397   -7.4896938423e+00    5.6430408826e+01   -1.5114141767e+01    7.6244479247e+00    2.7079156150e+00   -1.7822057382e+01    1.2800000000e+02    7.9529109998e-03    6.2890625000e-01
       398   -7.4747271919e+00    5.6120617232e+01   -1.7330964890e+01    9.8562376982e+00    2.9663808718e+00   -2.0297345762e+01    1.2800000000e+02    7.7853080002e-03    6.1523437500e-01
       399   -7.4597598955e+00    5.5964672020e+01   -1.6675416202e+01    9.2156563069e+00    2.6075475249e+00   -1.9282963727e+01    1.2800000000e+02    7.8379609995e-03    6.3720703125e-01
       400   -7.5154650442e+00    5.6804386453e+01   -1.4475895335e+01    6.9604302910e+00    2.8587209439e+00   -1.7334616279e+01    1.2800000000e+02    7.8725040003e-03    6.1230468750e-01
       401   -7.3850562616e+00    5.4688610533e+01   -1.3985133542e+01    6.6000772802e+00    2.5828389255e+00   -1.6567972467e+01    1.2800000000e+02    7.9503200004e-03    6.4550781250e-01
       402   -7.5054574624e+00    5.6508409032e+01   -1.1989188216e+01    4.4837307540e+00    2.7170537369e+00   -1.4706241953e+01    1.2800000000e+02    7.9051729999e-03    6.4404296875e-01
       403   -7.4947132574e+00    5.6358557287e+01   -1.2062980554e+01    4.5682672969e+00    2.6242353750e+00   -1.4687215929e+01    1.2800000000e+02    8.1875139995e-03    6.4697265625e-01
       404   -7.4521751647e+00    5.5747203016e+01   -1.1789801515e+01    4.3376263500e+00    2.3928349025e+00   -1.4182636417e+01    1.2800000000e+02    9.9386090005e-03    6.5429687500e-01
       405   -7.4596734451e+00    5.5765080519e+01   -1.1583329414e+01    4.1236559693e+00    2.6490055224e+00   -1.4232334937e+01    1.2800000000e+02    8.0107610002e-03    6.5087890625e-01
       406   -7.3493584407e+00    5.4134218440e+01   -1.1753763722e+01    4.4044052817e+00    2.3896108346e+00   -1.4143374557e+01    1.2800000000e+02    8.1459619996e-03    6.5576171875e-01
       407   -7.5799135624e+00    5.7729230653e+01   -1.6362781946e+01    8.7828683840e+00    2.5735901848e+00   -1.8936372131e+01    1.2800000000e+02    7.7741010000e-03    6.3183593750e-01
       408   -7.4595984906e+00    5.5956265615e+01   -1.3091534853e+01    5.6319363623e+00    2.8620926417e+00   -1.5953627495e+01    1.2800000000e+02    8.1715189999e-03    6.4843750000e-01
       409   -7.6113038104e+00    5.8280047322e+01   -1.5339980662e+01    7.7286768512e+00    3.0444533139e+00   -1.8384433976e+01    1.2800000000e+02    7.8919319994e-03    6.2548828125e-01
       410   -7.5254011206e+00    5.6846437022e+01   -1.5184107805e+01    7.6587066839e+00    2.5245623413e+00   -1.7708670146e+01    1.2800000000e+02    8.1110450001e-03    6.5136718750e-01
       411   -7.4194630687e+00    5.5323454234e+01   -1.6302039418e+01    8.8825763493e+00    3.0302032363e+00   -1.9332242654e+01    1.2800000000e+02    7.8047249999e-03    6.1767578125e-01
       412   -7.4478501931e+00    5.5664455849e+01   -1.8363165034e+01    1.0915314841e+01    2.6139531766e+00   -2.0977118211e+01    1.2800000000e+02    7.9113700003e-03    6.3769531250e-01
       413   -7.6162992904e+00    5.8166439588e+01   -1.7449081202e+01    9.8327819118e+00    2.4709782315e+00   -1.9920059434e+01    1.2800000000e+02    7.9856070006e-03    6.4843750000e-01
       414   -7.3624759347e+00    5.4372762425e+01   -1.2436503710e+01    5.0740277757e+00    2.4957581410e+00   -1.4932261851e+01    1.2800000000e+02    8.0226199998e-03    6.6503906250e-01
       415   -7.4283096067e+00    5.5416362068e+01   -1.3850747998e+01    6.4224383915e+00    2.8397035379e+00   -1.6690451536e+01    1.2800000000e+02    7.9254040002e-03    6.4501953125e-01
       416   -7.2519391060e+00    5.2732289109e+01   -1.2574116065e+01    5.3221769591e+00    2.6766411273e+00   -1.5250757192e+01    1.2800000000e+02    8.2969899995e-03    6.4892578125e-01
       417   -7.4038269075e+00    5.5065570813e+01   -1.2315401547e+01    4.9115746393e+00    2.4961936252e+00   -1.4811595172e+01    1.2800000000e+02    8.1311909998e-03    6.4697265625e-01
       418   -7.4408556779e+00    5.5510747069e+01   -2.1761747675e+01    1.4320891997e+01    2.6335112277e+00   -2.4395258903e+01    1.2800000000e+02    7.9263020007e-03    6.5136718750e-01
       419   -7.5971439335e+00    5.8038513979e+01   -2.2224474255e+01    1.4627330321e+01    2.6164123641e+00   -2.4840886619e+01    1.2800000000e+02    8.7834510005e-03    6.2402343750e-01
       420   -7.5762105905e+00    5.7685703749e+01   -1.7773205133e+01    1.0196994542e+01    2.5400058658e+00   -2.0313210999e+01    1.2800000000e+02    8.1525730002e-03    6.3085937500e-01
       421   -7.4530622528e+00    5.5895761802e+01   -1.5898017065e+01    8.4449548121e+00    2.5798592379e+00   -1.8477876303e+01    1.2800000000e+02    8.0600839992e-03    6.3916015625e-01
       422   -7.4533562164e+00    5.5717615968e+01   -1.2139459230e+01    4.6861030136e+00    2.3174590944e+00   -1.4456918324e+01    1.2800000000e+02    8.2441080003e-03    6.5722656250e-01
       423   -7.6153817836e+00    5.8203414405e+01   -1.3269657837e+01    5.6542760530e+00    2.5366767614e+00   -1.5806334598e+01    1.2800000000e+02    8.8206119999e-03    6.4990234375e-01
       424   -7.4208392136e+00    5.5295889069e+01   -1.2315101557e+01    4.8942623431e+00    2.5559956253e+00   -1.4871097182e+01    1.2800000000e+02    7.9855929998e-03    6.4501953125e-01
       425   -7.4228583425e+00    5.5302865354e+01   -1.2293817848e+01    4.8709595053e+00    2.4885862668e+00   -1.4782404115e+01    1.2800000000e+02    8.1358190000e-03    6.5283203125e-01
       426   -7.4759859826e+00    5.6149717814e+01   -1.2476181669e+01    5.0001956864e+00    2.6075971143e+00   -1.5083778783e+01    1.2800000000e+02    8.4554209998e-03    6.6845703125e-01
       427   -7.3419148014e+00    5.4080965307e+01   -1.3366346119e+01    6.0244313174e+00    2.5347315403e+00   -1.5901077659e+01    1.2800000000e+02    8.0508920000e-03    6.4697265625e-01
       428   -7.5473094881e+00    5.7260146479e+01   -1.3898142670e+01    6.3508331817e+00    2.8563798302e+00   -1.6754522500e+01    1.2800000000e+02    8.4849270006e-03    6.3720703125e-01
       429   -7.5927163915e+00    5.8164110139e+01   -1.5838017161e+01    8.2453007699e+00    2.9731272789e+00   -1.8811144440e+01    1.2800000000e+02    7.9804460001e-03    6.1962890625e-01
       430   -7.4467126956e+00    5.5611611460e+01   -2.9313550442e+01    2.1866837746e+01    2.3667127908e+00   -3.1680263233e+01    1.2800000000e+02    7.7269730000e-03    6.4062500000e-01
       431   -7.4912499740e+00    5.6582194453e+01   -1.6226085905e+01    8.7348359307e+00    3.7180287347e+00   -1.9944114639e+01    1.2800000000e+02    7.8891550002e-03    6.3427734375e-01
       432   -7.6665445240e+00    5.9106967456e+01   -1.7566320299e+01    9.8997757748e+00    2.6057807622e+00   -2.0172101061e+01    1.2800000000e+02    7.9965200002e-03    6.3330078125e-01
       433   -7.3060372394e+00    5.3587972613e+01   -1.3375066247e+01    6.0690290074e+00    2.8704581412e+00   -1.6245524388e+01    1.2800000000e+02    7.8007720003e-03    6.1132812500e-01
       434   -7.4344276708e+00    5.5456095560e+01   -1.3221987031e+01    5.7875593598e+00    2.8854320746e+00   -1.6107419105e+01    1.2800000000e+02    8.0417090003e-03    6.3916015625e-01
       435   -7.3363913045e+00    5.3950494221e+01   -1.2968359656e+01    5.6319683520e+00    2.5490576235e+00   -1.5517417280e+01    1.2800000000e+02    7.9173670001e-03    6.2500000000e-01
       436   -7.5360055915e+00    5.7040412844e+01   -1.5319763657e+01    7.7837580653e+00    2.7308396020e+00   -1.8050603259e+01    1.2800000000e+02    8.0275929995e-03    6.4501953125e-01
       437   -7.4013339444e+00    5.5004950166e+01   -1.3248862215e+01    5.8475282707e+00    3.0397636334e+00   -1.6288625849e+01    1.2800000000e+02    7.8696940000e-03    6.4257812500e-01
       438   -7.4583728853e+00    5.5766561778e+01   -1.7073403334e+01    9.6150304485e+00    2.4018644903e+00   -1.9475267824e+01    1.2800000000e+02    8.8913670006e-03    6.5869140625e-01
       439   -7.6914650622e+00    5.9375923448e+01   -1.5963949208e+01    8.2724841453e+00    3.0166432687e+00   -1.8980592476e+01    1.2800000000e+02    7.8995770000e-03    6.2744140625e-01
       440   -7.4470942604e+00    5.5647580356e+01   -1.5151559832e+01    7.7044655712e+00    2.7138155494e+00   -1.7865375381e+01    1.2800000000e+02    7.9277969999e-03    6.2695312500e-01
       441   -7.5219154101e+00    5.7001719160e+01   -1.6678314614e+01    9.1563992040e+00    3.0451343009e+00   -1.9723448915e+01    1.2800000000e+02    8.1000540004e-03    6.4062500000e-01
       442   -7.3697743514e+00    5.4443720810e+01   -1.3096345716e+01    5.7265713642e+00    2.6636827499e+00   -1.5760028465e+01    1.2800000000e+02    8.1208960000e-03    6.2841796875e-01
       443   -7.6375798789e+00    5.8693295267e+01   -1.3241989686e+01    5.6044098074e+00    2.5246728128e+00   -1.5766662499e+01    1.2800000000e+02    8.0163729999e-03    6.6357421875e-01
       444   -7.4054300137e+00    5.5054051289e+01   -1.3156588086e+01    5.7511580722e+00    2.5621158073e+00   -1.5718703893e+01    1.2800000000e+02    8.2068430002e-03    6.3525390625e-01
       445   -7.4494438020e+00    5.5621241665e+01   -1.6250520709e+01    8.8010769075e+00    2.3508217829e+00   -1.8601342492e+01    1.2800000000e+02    8.0963219998e-03    6.4208984375e-01
       446   -7.5102577184e+00    5.6761533782e+01   -1.6202400440e+01    8.6921427217e+00    2.5109421181e+00   -1.8713342558e+01    1.2800000000e+02    8.2762339998e-03    6.4892578125e-01
       447   -7.4127895988e+00    5.5200358678e+01   -1.3150561601e+01    5.7377720022e+00    2.7836249054e+00   -1.5934186506e+01    1.2800000000e+02    8.1844269998e-03    6.4990234375e-01
       448   -7.4056233692e+00    5.4959682324e+01   -1.2020302768e+01    4.6146793991e+00    2.4095181171e+00   -1.4429820885e+01    1.2800000000e+02    8.3422540001e-03    6.6259765625e-01
       449   -7.6811708083e+00    5.9279770271e+01   -1.4001671310e+01    6.3205005019e+00    2.4815566221e+00   -1.6483227932e+01    1.2800000000e+02    1.1636452999e-02    6.5332031250e-01
       450   -7.5346582092e+00    5.6952898114e+01   -1.7224798038e+01    9.6901398292e+00    2.6256772451e+00   -1.9850475284e+01    1.2800000000e+02    8.1157269997e-03    6.6259765625e-01
       451   -7.4541636569e+00    5.5739870492e+01   -1.3269793671e+01    5.8156300137e+00    2.7161281002e+00   -1.5985921771e+01    1.2800000000e+02    8.1997610005e-03    6.5869140625e-01
       452   -7.4376162768e+00    5.5607490186e+01   -1.5582187237e+01    8.1445709602e+00    2.8394463528e+00   -1.8421633590e+01    1.2800000000e+02    8.0162569993e-03    6.2500000000e-01
       453   -7.3899376672e+00    5.4747508684e+01   -1.3234884361e+01    5.8449466941e+00    2.7227312881e+00   -1.5957615649e+01    1.2800000000e+02    9.5624710002e-03    6.4697265625e-01
       454   -7.4653560160e+00    5.5890216935e+01   -1.2763727544e+01    5.2983715278e+00    2.3571243620e+00   -1.5120851906e+01    1.2800000000e+02    8.2671029995e-03    6.5771484375e-01
       455   -7.3372411488e+00    5.4071328886e+01   -1.5773961641e+01    8.4367204918e+00    2.8742488607e+00   -1.8648210501e+01    1.2800000000e+02    8.0920809996e-03    6.2207031250e-01
       456   -7.4171727136e+00    5.5157623204e+01   -1.3182541204e+01    5.7653684904e+00    2.4133394863e+00   -1.5595880690e+01    1.2800000000e+02    8.1224910000e-03    6.4550781250e-01
       457   -7.4095173889e+00    5.5065136196e+01   -1.3169093702e+01    5.7595763130e+00    2.3774800362e+00   -1.5546573738e+01    1.2800000000e+02    9.4721699998e-03    6.4697265625e-01
       458   -7.5178727724e+00    5.6722165758e+01   -1.3539533206e+01    6.0216604333e+00    2.4519662064e+00   -1.5991499412e+01    1.2800000000e+02    7.9408239999e-03    6.5039062500e-01
       459   -7.5060213485e+00    5.6600413713e+01   -1.3681014548e+01    6.1749932000e+00    2.5751425951e+00   -1.6256157144e+01    1.2800000000e+02    8.4034649999e-03    6.4111328125e-01
       460   -7.4396602887e+00    5.5563671314e+01   -1.4054385197e+01    6.6147249084e+00    2.6546792475e+00   -1.6709064445e+01    1.2800000000e+02    8.2149009995e-03    6.6015625000e-01
       461   -7.4590065363e+00    5.5894087566e+01   -1.4055089438e+01    6.5960829019e+00    2.9220844052e+00   -1.6977173843e+01    1.2800000000e+02    8.1106560001e-03    6.5527343750e-01
       462   -7.5294996817e+00    5.6928923004e+01   -1.2972736757e+01    5.4432370752e+00    2.8647731783e+00   -1.5837509935e+01    1.2800000000e+02    7.9124260001e-03    6.4355468750e-01
       463   -7.4896563674e+00    5.6386614790e+01   -1.5246146432e+01    7.7564900650e+00    2.3392920726e+00   -1.7585438505e+01    1.2800000000e+02    7.9038340000e-03    6.2207031250e-01
       464   -7.3830987193e+00    5.4866915915e+01   -1.3359949741e+01    5.9768510215e+00    2.7004189174e+00   -1.6060368658e+01    1.2800000000e+02    8.2977350003e-03    6.5869140625e-01
       465   -7.6275408169e+00    5.8629624023e+01   -1.2893660361e+01    5.2661195442e+00    2.5766928389e+00   -1.5470353200e+01    1.2800000000e+02    8.3145549997e-03    6.6259765625e-01
       466   -7.2992315863e+00    5.3408744702e+01   -1.1332057000e+01    4.0328254133e+00    2.1524144127e+00   -1.3484471412e+01    1.2800000000e+02    7.9626469997e-03    6.6259765625e-01
       467   -7.5179404459e+00    5.6774700720e+01   -2.1080710618e+01    1.3562770172e+01    3.9175416579e+00   -2.4998252276e+01    1.2800000000e+02    7.7739500002e-03    5.9716796875e-01
       468   -7.4791711720e+00    5.6075279131e+01   -1.2910567147e+01    5.4313959753e+00    2.3638113804e+00   -1.5274378528e+01    1.2800000000e+02    8.1157300001e-03    6.4990234375e-01
       469   -7.6218210921e+00    5.8441648035e+01   -1.5086240931e+01    7.4644198389e+00    2.8901813118e+00   -1.7976422243e+01    1.2800000000e+02    9.4086870004e-03    6.3378906250e-01
       470   -7.4369606019e+00    5.5535755234e+01   -1.2431496792e+01    4.9945361901e+00    2.5238909175e+00   -1.4955387709e+01    1.2800000000e+02    8.0409140000e-03    6.4746093750e-01
       471   -7.6633364673e+00    5.9139740832e+01   -1.5446492529e+01    7.7831560619e+00    2.6852509399e+00   -1.8131743469e+01    1.2800000000e+02    8.7413019992e-03    6.2451171875e-01
       472   -7.4436077859e+00    5.5562693834e+01   -1.3775473982e+01    6.3318661965e+00    2.7796618608e+00   -1.6555135843e+01    1.2800000000e+02    8.5910819998e-03    6.4257812500e-01
       473   -7.4857302304e+00    5.6330760091e+01   -1.1565815489e+01    4.0800852586e+00    2.6237267484e+00   -1.4189542237e+01    1.2800000000e+02    1.3364599000e-02    6.4453125000e-01
       474   -7.3458022675e+00    5.4146599141e+01   -1.2159378427e+01    4.8135761591e+00    2.4719362076e+00   -1.4631314634e+01    1.2800000000e+02    8.6897279998e-03    6.5234375000e-01
       475   -7.5590194647e+00    5.7399562416e+01   -1.7045675039e+01    9.4866555747e+00    2.9268368585e+00   -1.9972511898e+01    1.2800000000e+02    8.3618330000e-03    6.2011718750e-01
       476   -7.3880704311e+00    5.4889405719e+01   -1.3532012645e+01    6.1439422134e+00    2.5401423293e+00   -1.6072154974e+01    1.2800000000e+02    1.0312187999e-02    6.5185546875e-01
       477   -7.4033671283e+00    5.4972695350e+01   -1.2792748108e+01    5.3893809797e+00    2.6232951990e+00   -1.5416043307e+01    1.2800000000e+02    8.3558649994e-03    6.2402343750e-01
       478   -7.4000145303e+00    5.4889710505e+01   -1.4901621001e+01    7.5016064707e+00    2.4570254226e+00   -1.7358646424e+01    1.2800000000e+02    1.2938222000e-02    6.3085937500e-01
       479   -7.5159243181e+00    5.6642173161e+01   -1.2835815448e+01    5.3198911296e+00    2.3779803736e+00   -1.5213795821e+01    1.2800000000e+02    1.1677491000e-02    6.4306640625e-01
       480   -7.4826411131e+00    5.6235445344e+01   -1.4777129487e+01    7.2944883740e+00    2.5619584675e+00   -1.7339087955e+01    1.2800000000e+02    7.9435330008e-03    6.4599609375e-01
       481   -7.4215508940e+00    5.5365455611e+01   -1.2616030256e+01    5.1944793618e+00    2.5600135310e+00   -1.5176043787e+01    1.2800000000e+02    8.3963070001e-03    6.4990234375e-01
       482   -7.5069832504e+00    5.6640325341e+01   -1.4627737537e+01    7.1207542867e+00    2.9830725313e+00   -1.7610810068e+01    1.2800000000e+02    8.4860460001e-03    6.1914062500e-01
       483   -7.4611784052e+00    5.5912538434e+01   -1.4153047691e+01    6.6918692862e+00    2.6070705072e+00   -1.6760118199e+01    1.2800000000e+02    8.5818769994e-03    6.5087890625e-01
       484   -7.5289925936e+00    5.6976194084e+01   -1.4268372701e+01    6.7393801074e+00    2.7038971003e+00   -1.6972269801e+01    1.2800000000e+02    7.8679210001e-03    6.3867187500e-01
       485   -7.4953606056e+00    5.6401947422e+01   -1.6087101688e+01    8.5917410827e+00    2.4155436313e+00   -1.8502645320e+01    1.2800000000e+02    8.2504649999e-03    6.5234375000e-01
       486   -7.7870763788e+00    6.1062529860e+01   -1.8411786059e+01    1.0624709680e+01    3.1893340399e+00   -2.1601120099e+01    1.2800000000e+02    7.9916449995e-03    6.1279296875e-01
       487   -7.3982649956e+00    5.4888016414e+01   -1.5283010000e+01    7.8847450046e+00    2.7520576096e+00   -1.8035067610e+01    1.2800000000e+02    8.2782850004e-03    6.1962890625e-01
       488   -7.4900783095e+00    5.6398199466e+01   -1.4196531813e+01    6.7064535040e+00    2.7012001709e+00   -1.6897731984e+01    1.2800000000e+02    7.9355690004e-03    6.4648437500e-01
       489   -7.4401078087e+00    5.5545861801e+01   -1.2489512667e+01    5.0494048584e+00    2.6248907533e+00   -1.5114403420e+01    1.2800000000e+02    8.0691630001e-03    6.5332031250e-01
       490   -7.5543088275e+00    5.7345506087e+01   -1.5227168681e+01    7.6728598535e+00    2.7659503483e+00   -1.7993119029e+01    1.2800000000e+02    8.0803380006e-03    6.3378906250e-01
       491   -7.4551488599e+00    5.5835344977e+01   -1.4970569049e+01    7.5154201896e+00    2.5231243957e+00   -1.7493693445e+01    1.2800000000e+02    8.1606040003e-03    6.4501953125e-01
       492   -7.3356264841e+00    5.3948219490e+01   -1.2224418364e+01    4.8887918797e+00    2.3790980094e+00   -1.4603516373e+01    1.2800000000e+02    8.5737480003e-03    6.4697265625e-01
       493   -7.3030366962e+00    5.3524588933e+01   -1.3568838915e+01    6.2658022187e+00    2.9984716108e+00   -1.6567310526e+01    1.2800000000e+02    8.2279470007e-03    6.2841796875e-01
       494   -7.3671774127e+00    5.4429597598e+01   -1.9496126860e+01    1.2128949448e+01    2.8059941663e+00   -2.2302121027e+01    1.2800000000e+02    8.4659690001e-03    6.3232421875e-01
       495   -7.4557284866e+00    5.5732884115e+01   -1.5589903778e+01    8.1341752917e+00    2.8007218609e+00   -1.8390625639e+01    1.2800000000e+02    8.8969890003e-03    6.2060546875e-01
       496   -7.4886132461e+00    5.6337968518e+01   -2.2337204322e+01    1.4848591076e+01    2.7167319710e+00   -2.5053936293e+01    1.2800000000e+02    7.9659999992e-03    6.3134765625e-01
       497   -7.5501267516e+00    5.7206482897e+01   -1.7713120729e+01    1.0162993978e+01    2.4957944282e+00   -2.0208915158e+01    1.2800000000e+02    1.0479481000e-02    6.3183593750e-01
       498   -7.4398861499e+00    5.5497942133e+01   -1.5573254220e+01    8.1333680706e+00    2.5891249895e+00   -1.8162379210e+01    1.2800000000e+02    1.3152533000e-02    6.5234375000e-01
       499   -7.4439404329e+00    5.5610558442e+01   -1.5939679732e+01    8.4957392994e+00    3.2486679985e+00   -1.9188347731e+01    1.2800000000e+02    8.6538940004e-03    6.0937500000e-01
