#   index    LocalEnergy         LocalEnergy_sq      LocalPotential      Kinetic             ElecElec            IonElec             BlockWeight         BlockCPU            AcceptRatio         
         0   -7.3176824472e+00    5.3701919280e+01   -1.2475250944e+01    5.1575684969e+00    2.4228622673e+00   -1.4898113211e+01    1.2800000000e+02    8.4476749998e-03    6.4355468750e-01
         1   -7.3387580081e+00    5.4044387243e+01   -1.3512219349e+01    6.1734613412e+00    2.6264965912e+00   -1.6138715941e+01    1.2800000000e+02    8.1089480000e-03    6.4013671875e-01
         2   -7.5832885767e+00    5.7793049917e+01   -2.3963500782e+01    1.6380212205e+01    2.7007100232e+00   -2.6664210805e+01    1.2800000000e+02    8.3015099999e-03    6.3818359375e-01
         3   -7.4542212866e+00    5.5769833270e+01   -1.4282921337e+01    6.8287000509e+00    2.6621376866e+00   -1.6945059024e+01    1.2800000000e+02    7.8608360000e-03    6.3964843750e-01
         4   -7.4217752556e+00    5.5258449338e+01   -1.6002995644e+01    8.5812203886e+00    2.5763762958e+00   -1.8579371940e+01    1.2800000000e+02    8.4287050004e-03    6.4111328125e-01
         5   -7.6112392756e+00    5.8277163468e+01   -2.4049955100e+01    1.6438715824e+01    2.6650067619e+00   -2.6714961862e+01    1.2800000000e+02    8.7085340001e-03    6.4648437500e-01
         6   -7.4327773512e+00    5.5413637917e+01   -1.2165101983e+01    4.7323246322e+00    2.6497992300e+00   -1.4814901213e+01    1.2800000000e+02    9.3317970004e-03    6.5087890625e-01
         7   -7.5616426249e+00    5.7555374716e+01   -1.5273305439e+01    7.7116628141e+00    2.9865690242e+00   -1.8259874463e+01    1.2800000000e+02    7.9332850000e-03    6.1523437500e-01
         8   -7.5905759222e+00    5.7953271326e+01   -1.5771515413e+01    8.1809394907e+00    2.8018672586e+00   -1.8573382672e+01    1.2800000000e+02    8.2545710002e-03    6.2060546875e-01
         9   -7.5619729176e+00    5.7433275061e+01   -1.4739878987e+01    7.1779060698e+00    2.6654838838e+00   -1.7405362871e+01    1.2800000000e+02    8.1075839998e-03    6.3818359375e-01
        10   -7.4434208790e+00    5.5550550425e+01   -1.3787907711e+01    6.3444868325e+00    2.3742694705e+00   -1.6162177182e+01    1.2800000000e+02    8.3122200003e-03    6.4746093750e-01
        11   -7.4107797014e+00    5.5073495861e+01   -1.0902186839e+01    3.4914071379e+00    2.4798258819e+00   -1.3382012721e+01    1.2800000000e+02    8.5437369999e-03    6.5673828125e-01
        12   -7.5508062339e+00    5.7345744541e+01   -1.5664995611e+01    8.1141893773e+00    2.8786359810e+00   -1.8543631592e+01    1.2800000000e+02    8.4459509999e-03    6.3525390625e-01
        13   -7.3265271797e+00    5.3904784665e+01   -1.3408110062e+01    6.0815828821e+00    2.9678057858e+00   -1.6375915848e+01    1.2800000000e+02    9.2569239996e-03    6.3183593750e-01
        14   -7.4380405544e+00    5.5538006679e+01   -1.2353455496e+01    4.9154149411e+00    2.6202961357e+00   -1.4973751631e+01    1.2800000000e+02    1.1706364000e-02    6.4355468750e-01
        15   -7.3247345826e+00    5.3837742586e+01   -1.1575769447e+01    4.2510348646e+00    2.7433616865e+00   -1.4319131134e+01    1.2800000000e+02    1.0314259999e-02    6.5625000000e-01
        16   -7.4820880124e+00    5.6184204989e+01   -1.4121662798e+01    6.6395747854e+00    2.2630442857e+00   -1.6384707083e+01    1.2800000000e+02    8.0286359998e-03    6.3720703125e-01
        17   -7.4119356179e+00    5.5113573125e+01   -1.5315012914e+01    7.9030772957e+00    2.7597956862e+00   -1.8074808600e+01    1.2800000000e+02    1.5110504000e-02    6.2792968750e-01
        18   -7.4258430150e+00    5.5443543283e+01   -1.8117093305e+01    1.0691250290e+01    2.5386785222e+00   -2.0655771828e+01    1.2800000000e+02    1.6556074000e-02    6.3085937500e-01
        19   -7.3303594230e+00    5.3853183515e+01   -1.0504308111e+01    3.1739486884e+00    2.3844856400e+00   -1.2888793751e+01    1.2800000000e+02    1.6078754000e-02    6.7333984375e-01
        20   -7.6231775805e+00    5.8432207908e+01   -1.7937435523e+01    1.0314257942e+01    2.9401844565e+00   -2.0877619979e+01    1.2800000000e+02    1.4933189000e-02    6.1523437500e-01
        21   -7.5069984690e+00    5.6671637221e+01   -1.5055101105e+01    7.5481026365e+00    2.6821719127e+00   -1.7737273018e+01    1.2800000000e+02    8.2157580000e-03    6.4208984375e-01
        22   -7.6588166950e+00    5.8960567838e+01   -1.9815081269e+01    1.2156264574e+01    2.9432491703e+00   -2.2758330439e+01    1.2800000000e+02    7.8824709999e-03    6.3037109375e-01
        23   -7.4122279037e+00    5.5204618981e+01   -1.3332297306e+01    5.9200694021e+00    2.4190593113e+00   -1.5751356617e+01    1.2800000000e+02    1.3793259000e-02    6.5087890625e-01
        24   -7.4854228811e+00    5.6189192986e+01   -1.1479505451e+01    3.9940825704e+00    2.4491908416e+00   -1.3928696293e+01    1.2800000000e+02    1.6198055000e-02    6.7480468750e-01
        25   -7.5407707113e+00    5.7107161779e+01   -1.7587719236e+01    1.0046948525e+01    2.7785803671e+00   -2.0366299603e+01    1.2800000000e+02    1.6290920000e-02    6.2500000000e-01
        26   -7.5367484005e+00    5.7211869696e+01   -1.4557279455e+01    7.0205310548e+00    2.5696034476e+00   -1.7126882903e+01    1.2800000000e+02    1.6244601999e-02    6.5039062500e-01
        27   -7.4775191032e+00    5.6056008260e+01   -1.5748368088e+01    8.2708489850e+00    2.7009706548e+00   -1.8449338743e+01    1.2800000000e+02    1.6565098001e-02    6.3867187500e-01
        28   -7.4325657160e+00    5.5423003984e+01   -1.2121334781e+01    4.6887690655e+00    2.4687023271e+00   -1.4590037109e+01    1.2800000000e+02    1.2734138000e-02    6.3037109375e-01
        29   -7.4261309384e+00    5.5266515847e+01   -1.1229042354e+01    3.8029114159e+00    2.3456267131e+00   -1.3574669067e+01    1.2800000000e+02    1.0657367000e-02    6.7382812500e-01
        30   -7.5262546301e+00    5.6882385979e+01   -1.4724128236e+01    7.1978736059e+00    2.5737051786e+00   -1.7297833415e+01    1.2800000000e+02    9.5111900000e-03    6.3525390625e-01
        31   -7.3682686754e+00    5.4393164976e+01   -1.2380477761e+01    5.0122090851e+00    2.4490293887e+00   -1.4829507149e+01    1.2800000000e+02    1.1979589000e-02    6.3134765625e-01
        32   -7.6432331322e+00    5.8720199303e+01   -1.4164131005e+01    6.5208978732e+00    2.4051076520e+00   -1.6569238657e+01    1.2800000000e+02    7.7939060002e-03    6.4306640625e-01
        33   -7.3737861869e+00    5.4538063779e+01   -1.2987827367e+01    5.6140411800e+00    2.6068241099e+00   -1.5594651477e+01    1.2800000000e+02    1.2048318000e-02    6.2646484375e-01
        34   -7.6016504118e+00    5.8006379665e+01   -1.9036229539e+01    1.1434579127e+01    2.7376522157e+00   -2.1773881755e+01    1.2800000000e+02    1.2359810000e-02    6.2060546875e-01
        35   -7.4979292661e+00    5.6450943877e+01   -1.6385767387e+01    8.8878381205e+00    2.7063333035e+00   -1.9092100690e+01    1.2800000000e+02    7.8365919999e-03    6.3378906250e-01
        36   -7.4518303760e+00    5.5673748112e+01   -1.3869696146e+01    6.4178657703e+00    2.5807884954e+00   -1.6450484642e+01    1.2800000000e+02    7.8645100002e-03    6.4355468750e-01
        37   -7.3372801980e+00    5.4100235907e+01   -1.2948153435e+01    5.6108732373e+00    2.8045145306e+00   -1.5752667966e+01    1.2800000000e+02    7.7054410003e-03    6.1767578125e-01
        38   -7.4894429410e+00    5.6290259500e+01   -1.4687902223e+01    7.1984592824e+00    2.6064725851e+00   -1.7294374809e+01    1.2800000000e+02    8.0245420004e-03    6.6552734375e-01
        39   -7.5912489781e+00    5.7917468551e+01   -1.7036073346e+01    9.4448243674e+00    2.9401604387e+00   -1.9976233784e+01    1.2800000000e+02    7.8019369994e-03    6.2744140625e-01
        40   -7.5012563421e+00    5.6617159696e+01   -1.4244878677e+01    6.7436223350e+00    2.6325825209e+00   -1.6877461198e+01    1.2800000000e+02    7.8482700001e-03    6.1914062500e-01
        41   -7.5867874826e+00    5.7853716088e+01   -1.3680918167e+01    6.0941306841e+00    3.1155706416e+00   -1.6796488808e+01    1.2800000000e+02    7.7519600000e-03    6.2109375000e-01
        42   -7.4058634395e+00    5.4984003667e+01   -1.0944887754e+01    3.5390243145e+00    2.5638538105e+00   -1.3508741564e+01    1.2800000000e+02    8.0122879999e-03    6.6748046875e-01
        43   -7.3735039727e+00    5.4515153795e+01   -1.3464977282e+01    6.0914733089e+00    2.6722870623e+00   -1.6137264344e+01    1.2800000000e+02    7.7965279997e-03    6.4843750000e-01
        44   -7.4002323532e+00    5.4910026785e+01   -1.2422465161e+01    5.0222328081e+00    2.4494565239e+00   -1.4871921685e+01    1.2800000000e+02    7.7686539998e-03    6.3574218750e-01
        45   -7.4163149407e+00    5.5114361854e+01   -1.2756460835e+01    5.3401458948e+00    2.7964888007e+00   -1.5552949636e+01    1.2800000000e+02    7.7918059997e-03    6.3085937500e-01
        46   -7.5126169221e+00    5.6647440245e+01   -1.5864782823e+01    8.3521659014e+00    2.5098418382e+00   -1.8374624662e+01    1.2800000000e+02    7.8411850000e-03    6.4306640625e-01
        47   -7.4785335087e+00    5.6223949155e+01   -1.5022552055e+01    7.5440185464e+00    2.7751975402e+00   -1.7797749595e+01    1.2800000000e+02    7.7934580004e-03    6.2060546875e-01
        48   -7.5815839924e+00    5.7815773505e+01   -1.4891706848e+01    7.3101228554e+00    2.5563094834e+00   -1.7448016331e+01    1.2800000000e+02    7.8296590000e-03    6.3281250000e-01
        49   -7.3373353983e+00    5.4080104237e+01   -1.6320179035e+01    8.9828436367e+00    2.9642389726e+00   -1.9284418008e+01    1.2800000000e+02    7.8862590008e-03    6.3183593750e-01
        50   -7.3464730104e+00    5.4267325225e+01   -1.3799753775e+01    6.4532807645e+00    2.6076063615e+00   -1.6407360136e+01    1.2800000000e+02    7.6559740000e-03    6.1816406250e-01
        51   -7.4615283737e+00    5.5898982539e+01   -1.2460984521e+01    4.9994561476e+00    3.2070126408e+00   -1.5667997162e+01    1.2800000000e+02    7.8618919997e-03    6.4453125000e-01
        52   -7.5164347564e+00    5.6733687210e+01   -1.3634766785e+01    6.1183320287e+00    2.4630010774e+00   -1.6097767862e+01    1.2800000000e+02    8.0575850006e-03    6.4257812500e-01
        53   -7.4248074193e+00    5.5330451833e+01   -1.6441164690e+01    9.0163572704e+00    2.5531460621e+00   -1.8994310752e+01    1.2800000000e+02    7.8508819997e-03    6.4208984375e-01
        54   -7.5721479926e+00    5.7622310673e+01   -1.6896328759e+01    9.3241807665e+00    2.5569696049e+00   -1.9453298364e+01    1.2800000000e+02    7.9278260000e-03    6.3867187500e-01
        55   -7.4406333605e+00    5.5484544381e+01   -1.3322387213e+01    5.8817538521e+00    2.9434880596e+00   -1.6265875272e+01    1.2800000000e+02    7.8435209998e-03    6.4355468750e-01
        56   -7.3845420551e+00    5.4626687282e+01   -1.1880829563e+01    4.4962875075e+00    2.4631574911e+00   -1.4343987054e+01    1.2800000000e+02    7.8898709999e-03    6.4013671875e-01
        57   -7.4815607217e+00    5.6323297085e+01   -1.9192054334e+01    1.1710493612e+01    3.3396252951e+00   -2.2531679629e+01    1.2800000000e+02    7.7644339999e-03    6.1718750000e-01
        58   -7.5318029754e+00    5.7121238133e+01   -1.6390190232e+01    8.8583872565e+00    3.2162763943e+00   -1.9606466626e+01    1.2800000000e+02    7.8565590002e-03    6.1328125000e-01
        59   -7.4044033579e+00    5.4951199447e+01   -1.1159385879e+01    3.7549825207e+00    2.4063161747e+00   -1.3565702053e+01    1.2800000000e+02    7.8813430000e-03    6.4599609375e-01
        60   -7.3383034007e+00    5.4090176944e+01   -1.4589003246e+01    7.2506998450e+00    2.7544127790e+00   -1.7343416025e+01    1.2800000000e+02    7.8607099995e-03    6.2695312500e-01
        61   -7.4786246777e+00    5.6166787666e+01   -1.2803507038e+01    5.3248823599e+00    2.6862692874e+00   -1.5489776325e+01    1.2800000000e+02    7.8520380002e-03    6.4794921875e-01
        62   -7.4058043343e+00    5.5034089641e+01   -1.2205036705e+01    4.7992323703e+00    2.2478072516e+00   -1.4452843956e+01    1.2800000000e+02    7.9506080001e-03    6.6796875000e-01
        63   -7.3225634107e+00    5.3777041300e+01   -1.1975049065e+01    4.6524856545e+00    2.3629158507e+00   -1.4337964916e+01    1.2800000000e+02    7.7981510003e-03    6.5283203125e-01
        64   -7.4224049062e+00    5.5310847905e+01   -1.4571443411e+01    7.1490385051e+00    2.8755700637e+00   -1.7447013475e+01    1.2800000000e+02    7.9470909996e-03    6.3769531250e-01
        65   -7.3799072468e+00    5.4783616811e+01   -1.3929835858e+01    6.5499286115e+00    2.6848692988e+00   -1.6614705157e+01    1.2800000000e+02    7.8674209999e-03    6.3867187500e-01
        66   -7.4360043961e+00    5.5431719199e+01   -1.5831883746e+01    8.3958793497e+00    2.1912965076e+00   -1.8023180253e+01    1.2800000000e+02    7.9797600001e-03    6.6796875000e-01
        67   -7.6765625000e+00    5.9158267355e+01   -2.0364933647e+01    1.2688371147e+01    2.7357540491e+00   -2.3100687696e+01    1.2800000000e+02    7.8085730001e-03    6.3037109375e-01
        68   -7.4132264790e+00    5.5082744958e+01   -1.0648371656e+01    3.2351451771e+00    2.1929403990e+00   -1.2841312055e+01    1.2800000000e+02    8.0059170004e-03    6.7138671875e-01
        69   -7.5554337408e+00    5.7442591414e+01   -1.6955673699e+01    9.4002399584e+00    2.8739410800e+00   -1.9829614779e+01    1.2800000000e+02    7.7713480005e-03    6.2060546875e-01
        70   -7.4659774643e+00    5.5988129902e+01   -1.2908723887e+01    5.4427464224e+00    2.9786836418e+00   -1.5887407529e+01    1.2800000000e+02    7.9853920006e-03    6.4257812500e-01
        71   -7.4845474981e+00    5.6384735334e+01   -1.3897756962e+01    6.4132094644e+00    2.8634441729e+00   -1.6761201135e+01    1.2800000000e+02    7.9266140001e-03    6.4746093750e-01
        72   -7.4019888570e+00    5.5002579153e+01   -1.3037188333e+01    5.6351994758e+00    2.3637786344e+00   -1.5400966967e+01    1.2800000000e+02    7.8580870004e-03    6.5673828125e-01
        73   -7.4048293124e+00    5.5011690567e+01   -1.3256059053e+01    5.8512297410e+00    2.6746823221e+00   -1.5930741375e+01    1.2800000000e+02    7.9833070004e-03    6.4062500000e-01
        74   -7.4930400740e+00    5.6439640042e+01   -1.3363731452e+01    5.8706913776e+00    2.5950513121e+00   -1.5958782764e+01    1.2800000000e+02    7.8094630007e-03    6.4306640625e-01
        75   -7.6835638218e+00    5.9350891118e+01   -1.4184711736e+01    6.5011479140e+00    2.7233549104e+00   -1.6908066646e+01    1.2800000000e+02    7.9236909996e-03    6.2988281250e-01
        76   -7.6171104286e+00    5.8338168441e+01   -1.7746758904e+01    1.0129648476e+01    2.7133605715e+00   -2.0460119476e+01    1.2800000000e+02    7.6860339996e-03    6.1230468750e-01
        77   -7.5546885396e+00    5.7322284748e+01   -1.5213141443e+01    7.6584529033e+00    2.7001161835e+00   -1.7913257626e+01    1.2800000000e+02    7.9227360002e-03    6.4208984375e-01
        78   -7.5202072767e+00    5.6820037158e+01   -1.4787082453e+01    7.2668751762e+00    2.7620146212e+00   -1.7549097074e+01    1.2800000000e+02    7.9308679997e-03    6.4990234375e-01
        79   -7.4024709275e+00    5.4965432318e+01   -2.1193422189e+01    1.3790951261e+01    2.6735235376e+00   -2.3866945726e+01    1.2800000000e+02    7.9740010005e-03    6.3525390625e-01
        80   -7.4818824852e+00    5.6138941138e+01   -1.4563570802e+01    7.0816883165e+00    2.5872514617e+00   -1.7150822263e+01    1.2800000000e+02    7.9151200007e-03    6.4355468750e-01
        81   -7.5570202431e+00    5.7496347708e+01   -1.8252430340e+01    1.0695410097e+01    2.8281335924e+00   -2.1080563932e+01    1.2800000000e+02    7.8165790001e-03    6.0644531250e-01
        82   -7.4459713340e+00    5.5623508895e+01   -1.2420915214e+01    4.9749438796e+00    2.4286935333e+00   -1.4849608747e+01    1.2800000000e+02    7.8246419998e-03    6.4990234375e-01
        83   -7.5475858904e+00    5.7235721570e+01   -1.4356897894e+01    6.8093120033e+00    2.8815818889e+00   -1.7238479783e+01    1.2800000000e+02    7.9390839992e-03    6.3720703125e-01
        84   -7.6559572723e+00    5.9089417345e+01   -1.4391737290e+01    6.7357800173e+00    3.1412025797e+00   -1.7532939869e+01    1.2800000000e+02    7.8717460001e-03    6.4355468750e-01
        85   -7.4904180678e+00    5.6420283588e+01   -1.3704800927e+01    6.2143828595e+00    2.8098587503e+00   -1.6514659678e+01    1.2800000000e+02    8.1382629996e-03    6.2988281250e-01
        86   -7.4448592347e+00    5.5654202011e+01   -1.7165298810e+01    9.7204395751e+00    2.6589895285e+00   -1.9824288338e+01    1.2800000000e+02    7.8957419992e-03    6.2304687500e-01
        87   -7.3981125719e+00    5.4863944414e+01   -1.2198673974e+01    4.8005614026e+00    2.5817472930e+00   -1.4780421267e+01    1.2800000000e+02    7.9533179996e-03    6.4892578125e-01
        88   -7.4579983909e+00    5.5863577129e+01   -1.2571279562e+01    5.1132811712e+00    2.6069321100e+00   -1.5178211672e+01    1.2800000000e+02    8.1648959995e-03    6.2792968750e-01
        89   -7.4777994146e+00    5.6203274533e+01   -1.3697073783e+01    6.2192743685e+00    2.7114840139e+00   -1.6408557797e+01    1.2800000000e+02    7.9422190001e-03    6.4794921875e-01
        90   -7.3440184354e+00    5.4081826568e+01   -1.3872942324e+01    6.5289238890e+00    2.8029998942e+00   -1.6675942219e+01    1.2800000000e+02    7.8872609993e-03    6.4355468750e-01
        91   -7.4567908746e+00    5.6022116459e+01   -1.4025020757e+01    6.5682298821e+00    2.5908886767e+00   -1.6615909433e+01    1.2800000000e+02    8.0542129999e-03    6.1474609375e-01
        92   -7.4050327773e+00    5.5086483057e+01   -2.1236905107e+01    1.3831872330e+01    2.7530727829e+00   -2.3989977890e+01    1.2800000000e+02    8.0933360005e-03    6.1914062500e-01
        93   -7.3865101841e+00    5.4719333075e+01   -1.3650818798e+01    6.2643086141e+00    2.4223135622e+00   -1.6073132360e+01    1.2800000000e+02    7.9902739999e-03    6.4794921875e-01
        94   -7.4383986962e+00    5.5522721293e+01   -1.5372909200e+01    7.9345105034e+00    2.6037501462e+00   -1.7976659346e+01    1.2800000000e+02    7.8423420000e-03    6.3623046875e-01
        95   -7.4084955999e+00    5.5012016615e+01   -1.2198444571e+01    4.7899489714e+00    2.6223566884e+00   -1.4820801260e+01    1.2800000000e+02    7.9173800004e-03    6.3769531250e-01
        96   -7.6165484261e+00    5.8344822972e+01   -1.5116053027e+01    7.4995046012e+00    2.7392024071e+00   -1.7855255434e+01    1.2800000000e+02    8.4543620005e-03    6.3525390625e-01
        97   -7.5301322875e+00    5.7002081492e+01   -1.4924858561e+01    7.3947262735e+00    2.4838590695e+00   -1.7408717630e+01    1.2800000000e+02    7.9433669998e-03    6.4794921875e-01
        98   -7.3291154576e+00    5.3881561775e+01   -1.2989695918e+01    5.6605804605e+00    2.4157174733e+00   -1.5405413391e+01    1.2800000000e+02    8.1784559998e-03    6.4257812500e-01
        99   -7.4660392539e+00    5.5896144438e+01   -1.2953103399e+01    5.4870641451e+00    2.1651718050e+00   -1.5118275204e+01    1.2800000000e+02    7.7238509994e-03    6.3964843750e-01
       100   -7.3945448213e+00    5.4839076782e+01   -1.4967848259e+01    7.5733034375e+00    2.8195870140e+00   -1.7787435273e+01    1.2800000000e+02    8.5590780000e-03    6.2744140625e-01
       101   -7.4135354447e+00    5.5182767620e+01   -1.3926274022e+01    6.5127385778e+00    2.7057447082e+00   -1.6632018731e+01    1.2800000000e+02    8.2151859997e-03    6.4843750000e-01
       102   -7.5351993122e+00    5.7122685072e+01   -1.4778205671e+01    7.2430063587e+00    2.3820504335e+00   -1.7160256104e+01    1.2800000000e+02    8.0997689993e-03    6.4306640625e-01
       103   -7.4659892070e+00    5.6019437722e+01   -1.7345372752e+01    9.8793835450e+00    2.6204206314e+00   -1.9965793383e+01    1.2800000000e+02    7.7496889999e-03    6.3476562500e-01
       104   -7.5813646033e+00    5.7878487554e+01   -1.4328977251e+01    6.7476126478e+00    2.4885878356e+00   -1.6817565087e+01    1.2800000000e+02    9.8869810008e-03    6.2402343750e-01
       105   -7.4662618392e+00    5.6105779544e+01   -1.3841950144e+01    6.3756883052e+00    2.5341155695e+00   -1.6376065714e+01    1.2800000000e+02    7.9152170001e-03    6.4990234375e-01
       106   -7.6688136940e+00    5.9240076833e+01   -1.6664372182e+01    8.9955584877e+00    2.7240311275e+00   -1.9388403309e+01    1.2800000000e+02    8.0669800000e-03    6.0644531250e-01
       107   -7.3901217085e+00    5.4838084883e+01   -1.3811427985e+01    6.4213062763e+00    2.5646702327e+00   -1.6376098218e+01    1.2800000000e+02    7.8820790004e-03    6.5234375000e-01
       108   -7.4961402931e+00    5.6377601872e+01   -1.6107335365e+01    8.6111950721e+00    2.4505526520e+00   -1.8557888017e+01    1.2800000000e+02    8.6111370001e-03    6.4062500000e-01
       109   -7.4425346224e+00    5.5709408314e+01   -1.3483684221e+01    6.0411495986e+00    2.8282153095e+00   -1.6311899531e+01    1.2800000000e+02    7.8388239999e-03    6.3134765625e-01
       110   -7.4312379545e+00    5.5351799423e+01   -1.1913491223e+01    4.4822532689e+00    2.5979670763e+00   -1.4511458300e+01    1.2800000000e+02    8.5136569996e-03    6.5722656250e-01
       111   -7.5546746149e+00    5.7401639910e+01   -1.2827117355e+01    5.2724427397e+00    2.7730758332e+00   -1.5600193188e+01    1.2800000000e+02    7.8948079999e-03    6.4404296875e-01
       112   -7.5028408387e+00    5.6544231643e+01   -1.4811218364e+01    7.3083775249e+00    3.0523720085e+00   -1.7863590372e+01    1.2800000000e+02    8.0691330004e-03    6.3818359375e-01
       113   -7.3765194033e+00    5.4656140890e+01   -1.2933645315e+01    5.5571259115e+00    2.3378463693e+00   -1.5271491684e+01    1.2800000000e+02    8.0100820005e-03    6.4501953125e-01
       114   -7.4846817725e+00    5.6185714673e+01   -1.4505162594e+01    7.0204808220e+00    2.7019301626e+00   -1.7207092757e+01    1.2800000000e+02    8.1152010007e-03    6.3867187500e-01
       115   -7.3893894652e+00    5.4797123984e+01   -1.4270667720e+01    6.8812782546e+00    2.4616402196e+00   -1.6732307939e+01    1.2800000000e+02    7.7785410003e-03    6.2890625000e-01
       116   -7.4478156708e+00    5.5665624517e+01   -1.3054771337e+01    5.6069556667e+00    2.7335392070e+00   -1.5788310544e+01    1.2800000000e+02    8.3391999997e-03    6.3720703125e-01
       117   -7.4625080226e+00    5.5856758903e+01   -1.1649321809e+01    4.1868137867e+00    2.5344947642e+00   -1.4183816573e+01    1.2800000000e+02    8.0906889998e-03    6.7187500000e-01
       118   -7.3797203724e+00    5.4565519424e+01   -1.0244215162e+01    2.8644947897e+00    2.2847285846e+00   -1.2528943747e+01    1.2800000000e+02    1.3974785000e-02    6.7529296875e-01
       119   -7.4434778982e+00    5.5630278908e+01   -1.4801428874e+01    7.3579509757e+00    2.6234519811e+00   -1.7424880855e+01    1.2800000000e+02    8.8702480007e-03    6.3232421875e-01
       120   -7.3955302942e+00    5.4875402092e+01   -1.4517559625e+01    7.1220293308e+00    2.8995248838e+00   -1.7417084509e+01    1.2800000000e+02    9.3472119997e-03    6.2890625000e-01
       121   -7.4904150553e+00    5.6314117320e+01   -1.2442629371e+01    4.9522143153e+00    2.9180158138e+00   -1.5360645184e+01    1.2800000000e+02    8.7872739996e-03    6.3330078125e-01
       122   -7.5212470518e+00    5.6896587281e+01   -1.4046683445e+01    6.5254363935e+00    2.4986778528e+00   -1.6545361298e+01    1.2800000000e+02    8.1053049998e-03    6.4453125000e-01
       123   -7.4999908264e+00    5.6429421304e+01   -1.4208951243e+01    6.7089604165e+00    2.4272224258e+00   -1.6636173669e+01    1.2800000000e+02    8.2452789993e-03    6.2597656250e-01
       124   -7.5112906688e+00    5.6682176865e+01   -1.6470882231e+01    8.9595915617e+00    2.7764256760e+00   -1.9247307907e+01    1.2800000000e+02    7.9790489999e-03    6.3525390625e-01
       125   -7.4249146142e+00    5.5397404814e+01   -1.6350098952e+01    8.9251843374e+00    2.9069575006e+00   -1.9257056452e+01    1.2800000000e+02    8.3174010006e-03    6.0937500000e-01
       126   -7.6311166963e+00    5.8622554496e+01   -2.0518430098e+01    1.2887313402e+01    2.8664570891e+00   -2.3384887187e+01    1.2800000000e+02    8.0098050003e-03    6.3281250000e-01
       127   -7.4285405286e+00    5.5341228816e+01   -1.4243669011e+01    6.8151284821e+00    2.6416612379e+00   -1.6885330249e+01    1.2800000000e+02    8.5307849995e-03    6.4355468750e-01
       128   -7.4523100535e+00    5.5789689430e+01   -1.4740313211e+01    7.2880031571e+00    2.9092633071e+00   -1.7649576518e+01    1.2800000000e+02    9.2504300001e-03    6.3720703125e-01
       129   -7.3995080020e+00    5.4939172859e+01   -1.4793748554e+01    7.3942405521e+00    2.7722974401e+00   -1.7566045994e+01    1.2800000000e+02    8.3371789997e-03    6.4550781250e-01
       130   -7.4118618477e+00    5.5229546369e+01   -1.5217698820e+01    7.8058369724e+00    2.5237379486e+00   -1.7741436769e+01    1.2800000000e+02    7.9863889996e-03    6.5625000000e-01
       131   -7.5353036751e+00    5.7125539746e+01   -2.2015774009e+01    1.4480470334e+01    2.7239265354e+00   -2.4739700545e+01    1.2800000000e+02    8.1212050000e-03    6.2353515625e-01
       132   -7.5251061058e+00    5.6797788482e+01   -1.2749918057e+01    5.2248119515e+00    2.4920467180e+00   -1.5241964775e+01    1.2800000000e+02    7.9133500003e-03    6.5039062500e-01
       133   -7.5065124076e+00    5.6520449002e+01   -1.5306405801e+01    7.7998933933e+00    2.3902202627e+00   -1.7696626064e+01    1.2800000000e+02    8.1582849998e-03    6.4892578125e-01
       134   -7.3856000632e+00    5.4789467932e+01   -1.7006790461e+01    9.6211903982e+00    2.6122774355e+00   -1.9619067897e+01    1.2800000000e+02    7.8558579999e-03    6.1132812500e-01
       135   -7.4082791354e+00    5.5078798506e+01   -1.8314376276e+01    1.0906097140e+01    2.6547108094e+00   -2.0969087085e+01    1.2800000000e+02    8.3538669996e-03    6.3427734375e-01
       136   -7.4856454342e+00    5.6236573758e+01   -1.1134211689e+01    3.6485662548e+00    2.3899718129e+00   -1.3524183502e+01    1.2800000000e+02    7.9607900007e-03    6.6943359375e-01
       137   -7.4120649381e+00    5.5116465885e+01   -1.9723416561e+01    1.2311351623e+01    3.0312063040e+00   -2.2754622865e+01    1.2800000000e+02    9.0673309996e-03    6.3183593750e-01
       138   -7.4689609613e+00    5.5926288579e+01   -1.8649327793e+01    1.1180366832e+01    2.7033912625e+00   -2.1352719055e+01    1.2800000000e+02    1.2941248000e-02    6.0986328125e-01
       139   -7.4224765319e+00    5.5267442893e+01   -1.2243790677e+01    4.8213141447e+00    2.5723868470e+00   -1.4816177524e+01    1.2800000000e+02    8.3988629995e-03    6.3574218750e-01
       140   -7.4240153483e+00    5.5254849893e+01   -1.1620470637e+01    4.1964552889e+00    2.2327304163e+00   -1.3853201054e+01    1.2800000000e+02    8.4918370003e-03    6.6162109375e-01
       141   -7.3746683471e+00    5.4507512213e+01   -1.1199655462e+01    3.8249871152e+00    2.6281316509e+00   -1.3827787113e+01    1.2800000000e+02    7.9866839997e-03    6.5625000000e-01
       142   -7.3477007888e+00    5.4189249688e+01   -1.2285306735e+01    4.9376059461e+00    2.4654510818e+00   -1.4750757817e+01    1.2800000000e+02    8.4363860005e-03    6.5625000000e-01
       143   -7.4353593077e+00    5.5479009975e+01   -1.4829320665e+01    7.3939613577e+00    2.8194110733e+00   -1.7648731739e+01    1.2800000000e+02    7.8532160005e-03    6.3232421875e-01
       144   -7.5254576464e+00    5.6925327815e+01   -1.3934178284e+01    6.4087206375e+00    2.5113289399e+00   -1.6445507224e+01    1.2800000000e+02    8.8541529994e-03    6.4404296875e-01
       145   -7.4017510968e+00    5.4938924438e+01   -1.3095691808e+01    5.6939407108e+00    2.7043798158e+00   -1.5800071623e+01    1.2800000000e+02    8.0367259998e-03    6.3281250000e-01
       146   -7.3072525403e+00    5.3524032586e+01   -1.2139526341e+01    4.8322738006e+00    2.5592119005e+00   -1.4698738241e+01    1.2800000000e+02    8.3149659995e-03    6.4111328125e-01
       147   -7.4204269233e+00    5.5232598779e+01   -1.5009220302e+01    7.5887933782e+00    2.9021895863e+00   -1.7911409888e+01    1.2800000000e+02    8.6685560000e-03    6.2207031250e-01
       148   -7.5647098837e+00    5.7507114632e+01   -1.5824046490e+01    8.2593366068e+00    2.7205389377e+00   -1.8544585428e+01    1.2800000000e+02    8.3827800008e-03    6.2988281250e-01
       149   -7.6112387253e+00    5.8122419549e+01   -1.8714084577e+01    1.1102845852e+01    2.5471272959e+00   -2.1261211873e+01    1.2800000000e+02    8.1379779995e-03    6.4648437500e-01
       150   -7.4733839078e+00    5.6066572340e+01   -1.3573747305e+01    6.1003633975e+00    2.7539609434e+00   -1.6327708249e+01    1.2800000000e+02    8.8429030002e-03    6.5039062500e-01
       151   -7.5538390704e+00    5.7277359259e+01   -1.3605393724e+01    6.0515546534e+00    2.4939544694e+00   -1.6099348193e+01    1.2800000000e+02    8.3793390004e-03    6.4013671875e-01
       152   -7.5596573605e+00    5.7325530694e+01   -1.4482179570e+01    6.9225222098e+00    2.2517585567e+00   -1.6733938127e+01    1.2800000000e+02    1.0975659000e-02    6.5869140625e-01
       153   -7.4062456184e+00    5.5074255614e+01   -1.2902075825e+01    5.4958302071e+00    2.5564460661e+00   -1.5458521892e+01    1.2800000000e+02    7.8346540004e-03    6.2792968750e-01
       154   -7.5294338578e+00    5.6949040520e+01   -1.5094751235e+01    7.5653173771e+00    2.9364344069e+00   -1.8031185642e+01    1.2800000000e+02    7.8578760003e-03    6.4013671875e-01
       155   -7.6540269448e+00    5.8814737332e+01   -1.5622469417e+01    7.9684424721e+00    2.5674797022e+00   -1.8189949119e+01    1.2800000000e+02    7.8879870007e-03    6.5429687500e-01
       156   -7.4467018612e+00    5.5604967123e+01   -1.4367524794e+01    6.9208229325e+00    2.5723454732e+00   -1.6939870267e+01    1.2800000000e+02    7.9533349999e-03    6.5283203125e-01
       157   -7.4338387824e+00    5.5400409293e+01   -1.2930300931e+01    5.4964621489e+00    2.5941096072e+00   -1.5524410538e+01    1.2800000000e+02    7.9182520003e-03    6.6259765625e-01
       158   -7.3839601212e+00    5.4722007887e+01   -1.3392776570e+01    6.0088164489e+00    2.5248494834e+00   -1.5917626053e+01    1.2800000000e+02    7.9701240002e-03    6.2451171875e-01
       159   -7.3637263804e+00    5.4348005317e+01   -1.3331552569e+01    5.9678261882e+00    2.6206712096e+00   -1.5952223778e+01    1.2800000000e+02    1.0373304000e-02    6.3232421875e-01
       160   -7.5185856326e+00    5.6904849286e+01   -1.5188592130e+01    7.6700064975e+00    2.8257463429e+00   -1.8014338473e+01    1.2800000000e+02    9.5120710002e-03    6.2890625000e-01
       161   -7.5226894320e+00    5.6836926547e+01   -1.4555971366e+01    7.0332819339e+00    2.6942211348e+00   -1.7250192501e+01    1.2800000000e+02    7.8782890005e-03    6.4355468750e-01
       162   -7.4840927289e+00    5.6443001622e+01   -1.8190953258e+01    1.0706860529e+01    2.9445435179e+00   -2.1135496776e+01    1.2800000000e+02    7.8320590001e-03    6.2890625000e-01
       163   -7.3640877605e+00    5.4357899922e+01   -1.4364013249e+01    6.9999254886e+00    2.8355608291e+00   -1.7199574078e+01    1.2800000000e+02    7.8908320002e-03    6.2988281250e-01
       164   -7.5677322186e+00    5.7527500704e+01   -1.7546216494e+01    9.9784842755e+00    4.1615305176e+00   -2.1707747012e+01    1.2800000000e+02    7.8880439996e-03    6.3916015625e-01
       165   -7.3219216333e+00    5.3722215583e+01   -1.1305665746e+01    3.9837441132e+00    2.2858379890e+00   -1.3591503735e+01    1.2800000000e+02    7.8678549999e-03    6.6113281250e-01
       166   -7.6211032497e+00    5.8441580772e+01   -2.1900151679e+01    1.4279048430e+01    3.1792615918e+00   -2.5079413271e+01    1.2800000000e+02    7.8986340004e-03    6.1914062500e-01
       167   -7.5822322721e+00    5.7703543934e+01   -1.5320144524e+01    7.7379122520e+00    2.5453786781e+00   -1.7865523202e+01    1.2800000000e+02    7.9796219998e-03    6.5869140625e-01
       168   -7.4295756656e+00    5.5383885023e+01   -1.6266063951e+01    8.8364882857e+00    2.5061765953e+00   -1.8772240547e+01    1.2800000000e+02    7.8882620001e-03    6.1767578125e-01
       169   -7.5010916718e+00    5.6569524809e+01   -2.5160855454e+01    1.7659763782e+01    2.6847846399e+00   -2.7845640094e+01    1.2800000000e+02    7.7231460000e-03    6.2255859375e-01
       170   -7.5617719110e+00    5.7466218853e+01   -3.1906533062e+01    2.4344761151e+01    2.8954428016e+00   -3.4801975864e+01    1.2800000000e+02    8.1473040000e-03    6.1669921875e-01
       171   -7.4167813842e+00    5.5159111657e+01   -1.3711837334e+01    6.2950559495e+00    2.5222098279e+00   -1.6234047162e+01    1.2800000000e+02    7.8426489999e-03    6.3232421875e-01
       172   -7.4828585788e+00    5.6175359812e+01   -1.3835524990e+01    6.3526664117e+00    2.5927062291e+00   -1.6428231220e+01    1.2800000000e+02    7.9601810003e-03    6.4697265625e-01
       173   -7.4499272943e+00    5.5898379403e+01   -1.3220187379e+01    5.7702600848e+00    2.1965533125e+00   -1.5416740692e+01    1.2800000000e+02    7.6440200000e-03    6.4355468750e-01
       174   -7.4145270845e+00    5.5189653119e+01   -1.2473390411e+01    5.0588633267e+00    2.3391748426e+00   -1.4812565254e+01    1.2800000000e+02    7.8969799997e-03    6.4208984375e-01
       175   -7.2986459966e+00    5.3494086786e+01   -1.3832939560e+01    6.5342935635e+00    2.8095091406e+00   -1.6642448701e+01    1.2800000000e+02    7.7939610001e-03    6.2841796875e-01
       176   -7.5672020372e+00    5.7446807454e+01   -1.7955368836e+01    1.0388166799e+01    2.6660322751e+00   -2.0621401111e+01    1.2800000000e+02    7.9705979997e-03    6.4990234375e-01
       177   -7.4496864041e+00    5.5695344103e+01   -1.2011855011e+01    4.5621686072e+00    2.7723483806e+00   -1.4784203392e+01    1.2800000000e+02    7.9056390005e-03    6.4990234375e-01
       178   -7.4165723123e+00    5.5149652705e+01   -1.4279187043e+01    6.8626147303e+00    2.1269776239e+00   -1.6406164666e+01    1.2800000000e+02    7.8386589994e-03    6.7236328125e-01
       179   -7.5393544384e+00    5.7022585742e+01   -1.9013157716e+01    1.1473803277e+01    2.3956471768e+00   -2.1408804893e+01    1.2800000000e+02    7.9665160001e-03    6.4990234375e-01
       180   -7.4609764289e+00    5.5823668018e+01   -1.3326269464e+01    5.8652930351e+00    2.4956238527e+00   -1.5821893317e+01    1.2800000000e+02    7.8209140001e-03    6.4648437500e-01
       181   -7.4331272308e+00    5.5400050461e+01   -1.2343104044e+01    4.9099768136e+00    2.4538472593e+00   -1.4796951304e+01    1.2800000000e+02    7.9615619998e-03    6.5527343750e-01
       182   -7.3972280955e+00    5.4960320178e+01   -1.4067609493e+01    6.6703813971e+00    2.7420910139e+00   -1.6809700506e+01    1.2800000000e+02    7.8924359996e-03    6.3916015625e-01
       183   -7.6398159902e+00    5.8838633484e+01   -1.4101120124e+01    6.4613041343e+00    2.9786582632e+00   -1.7079778388e+01    1.2800000000e+02    8.2109120003e-03    6.2207031250e-01
       184   -7.5351754076e+00    5.6967376879e+01   -1.3406920525e+01    5.8717451179e+00    2.4873520605e+00   -1.5894272586e+01    1.2800000000e+02    7.8838509999e-03    6.4355468750e-01
       185   -7.5219851422e+00    5.6778593184e+01   -1.6359252130e+01    8.8372669880e+00    2.6592529094e+00   -1.9018505040e+01    1.2800000000e+02    7.8620600007e-03    6.2255859375e-01
       186   -7.4564200178e+00    5.5780025509e+01   -1.7712943547e+01    1.0256523529e+01    2.5320761056e+00   -2.0245019652e+01    1.2800000000e+02    7.7121599998e-03    6.1181640625e-01
       187   -7.4837136450e+00    5.6212669922e+01   -1.5914630509e+01    8.4309168644e+00    2.7255161278e+00   -1.8640146637e+01    1.2800000000e+02    8.1676560003e-03    6.2695312500e-01
       188   -7.3915843242e+00    5.4834940161e+01   -1.3517811441e+01    6.1262271164e+00    2.5888107204e+00   -1.6106622161e+01    1.2800000000e+02    7.7917620001e-03    6.2988281250e-01
       189   -7.4347778160e+00    5.5555383522e+01   -1.3387246623e+01    5.9524688073e+00    2.5262917612e+00   -1.5913538384e+01    1.2800000000e+02    7.9545200006e-03    6.3916015625e-01
       190   -7.5016644309e+00    5.6495792695e+01   -1.3091571979e+01    5.5899075482e+00    2.2561339053e+00   -1.5347705884e+01    1.2800000000e+02    7.8358459996e-03    6.7187500000e-01
       191   -7.4800471541e+00    5.6186179589e+01   -1.2580434562e+01    5.1003874077e+00    2.5536266728e+00   -1.5134061235e+01    1.2800000000e+02    7.9560200002e-03    6.5576171875e-01
       192   -7.3827726481e+00    5.4635230225e+01   -1.2148015961e+01    4.7652433125e+00    2.6557646758e+00   -1.4803780636e+01    1.2800000000e+02    7.8297390000e-03    6.3916015625e-01
       193   -7.3671027787e+00    5.4397344597e+01   -1.8485199105e+01    1.1118096326e+01    2.8250209890e+00   -2.1310220094e+01    1.2800000000e+02    7.9884280003e-03    6.2695312500e-01
       194   -7.3656472503e+00    5.4393382158e+01   -1.2724119750e+01    5.3584725001e+00    2.6114615563e+00   -1.5335581307e+01    1.2800000000e+02    7.7998179995e-03    6.3378906250e-01
       195   -7.4169652585e+00    5.5259542892e+01   -1.4421877467e+01    7.0049122083e+00    2.5549840327e+00   -1.6976861500e+01    1.2800000000e+02    7.9873929999e-03    6.4599609375e-01
       196   -7.5643464152e+00    5.7494097027e+01   -1.4957441170e+01    7.3930947547e+00    2.5640898924e+00   -1.7521531062e+01    1.2800000000e+02    7.9898620006e-03    6.5429687500e-01
       197   -7.3916683969e+00    5.4781190345e+01   -1.9398649866e+01    1.2006981469e+01    3.0052077159e+00   -2.2403857582e+01    1.2800000000e+02    7.8625579999e-03    6.1767578125e-01
       198   -7.4666714712e+00    5.5949718695e+01   -1.7765189686e+01    1.0298518214e+01    2.6903366832e+00   -2.0455526369e+01    1.2800000000e+02    7.7869890001e-03    6.3769531250e-01
       199   -7.4505019391e+00    5.5684426409e+01   -1.3145853936e+01    5.6953519973e+00    2.5212168285e+00   -1.5667070765e+01    1.2800000000e+02    7.8547080002e-03    6.5234375000e-01
       200   -7.3159464133e+00    5.3771056375e+01   -1.3048561631e+01    5.7326152179e+00    2.9753289693e+00   -1.6023890601e+01    1.2800000000e+02    7.9660509991e-03    6.3671875000e-01
       201   -7.2718102076e+00    5.2988822838e+01   -1.1638732967e+01    4.3669227598e+00    2.4555335140e+00   -1.4094266481e+01    1.2800000000e+02    7.8204820002e-03    6.4648437500e-01
       202   -7.4817688525e+00    5.6134347020e+01   -2.0758894132e+01    1.3277125279e+01    2.6971773181e+00   -2.3456071450e+01    1.2800000000e+02    7.9664860004e-03    6.2988281250e-01
       203   -7.2912735776e+00    5.3381826266e+01   -1.4479203359e+01    7.1879297810e+00    2.7501227151e+00   -1.7229326074e+01    1.2800000000e+02    7.7833450005e-03    6.2646484375e-01
       204   -7.3640139979e+00    5.4364208115e+01   -1.3004828278e+01    5.6408142806e+00    2.8835288863e+00   -1.5888357165e+01    1.2800000000e+02    7.8798220002e-03    6.2255859375e-01
       205   -7.5181909501e+00    5.6728972853e+01   -1.5775309717e+01    8.2571187669e+00    2.4337477804e+00   -1.8209057497e+01    1.2800000000e+02    7.8675340001e-03    6.4306640625e-01
       206   -7.4842541886e+00    5.6189891202e+01   -1.3266618072e+01    5.7823638829e+00    2.6666236403e+00   -1.5933241712e+01    1.2800000000e+02    8.5129390000e-03    6.4306640625e-01
       207   -7.3759204312e+00    5.4546717370e+01   -1.4226365241e+01    6.8504448095e+00    2.9873344568e+00   -1.7213699698e+01    1.2800000000e+02    7.8872160002e-03    6.2988281250e-01
       208   -7.4198724108e+00    5.5337111696e+01   -1.4140281713e+01    6.7204093026e+00    2.7988931144e+00   -1.6939174828e+01    1.2800000000e+02    7.9915400001e-03    6.3378906250e-01
       209   -7.4730952762e+00    5.6066643931e+01   -1.1906949655e+01    4.4338543791e+00    2.6465087910e+00   -1.4553458446e+01    1.2800000000e+02    8.3658539997e-03    6.5966796875e-01
       210   -7.4511391745e+00    5.5847280784e+01   -1.5006600975e+01    7.5554618002e+00    2.6830802204e+00   -1.7689681195e+01    1.2800000000e+02    7.9797529997e-03    6.3085937500e-01
       211   -7.4109635655e+00    5.5089403674e+01   -1.2031860889e+01    4.6208973232e+00    2.5759632873e+00   -1.4607824176e+01    1.2800000000e+02    7.8941470001e-03    6.4599609375e-01
       212   -7.4727214605e+00    5.6075101279e+01   -1.8890466899e+01    1.1417745439e+01    2.3290369110e+00   -2.1219503810e+01    1.2800000000e+02    7.8538859998e-03    6.4062500000e-01
       213   -7.5586875067e+00    5.7434751516e+01   -1.4890144283e+01    7.3314567765e+00    2.6756510350e+00   -1.7565795318e+01    1.2800000000e+02    7.8189050000e-03    6.3232421875e-01
       214   -7.3372889369e+00    5.3999612248e+01   -1.3890170475e+01    6.5528815384e+00    2.4951505844e+00   -1.6385321060e+01    1.2800000000e+02    7.9714160001e-03    6.4941406250e-01
       215   -7.4277687985e+00    5.5326173060e+01   -1.4684062560e+01    7.2562937617e+00    2.6866138919e+00   -1.7370676452e+01    1.2800000000e+02    7.9129090000e-03    6.6406250000e-01
       216   -7.5437663990e+00    5.7158109546e+01   -1.6672349325e+01    9.1285829260e+00    2.7558776967e+00   -1.9428227022e+01    1.2800000000e+02    8.0064589993e-03    6.2939453125e-01
       217   -7.4769563580e+00    5.6133345749e+01   -1.5673209006e+01    8.1962526481e+00    2.8350393800e+00   -1.8508248386e+01    1.2800000000e+02    7.8342430006e-03    6.2988281250e-01
       218   -7.4276104171e+00    5.5281440262e+01   -1.2345762434e+01    4.9181520165e+00    2.6604955458e+00   -1.5006257979e+01    1.2800000000e+02    7.9375450005e-03    6.5039062500e-01
       219   -7.5357837312e+00    5.6984235443e+01   -1.5851373330e+01    8.3155895986e+00    2.4949809620e+00   -1.8346354292e+01    1.2800000000e+02    8.0384659996e-03    6.5429687500e-01
       220   -7.4946867081e+00    5.6390216145e+01   -1.9657370642e+01    1.2162683934e+01    2.7895416747e+00   -2.2446912317e+01    1.2800000000e+02    7.9587050004e-03    6.3427734375e-01
       221   -7.5211460862e+00    5.6796375760e+01   -1.4010973514e+01    6.4898274274e+00    2.9309366326e+00   -1.6941910146e+01    1.2800000000e+02    8.1474629997e-03    6.3134765625e-01
       222   -7.5943192311e+00    5.7990909402e+01   -1.4802516276e+01    7.2081970453e+00    2.8174882724e+00   -1.7620004549e+01    1.2800000000e+02    9.0485410001e-03    6.5283203125e-01
       223   -7.5559192691e+00    5.7315075274e+01   -1.3095003706e+01    5.5390844366e+00    2.4270450427e+00   -1.5522048748e+01    1.2800000000e+02    9.0275909997e-03    6.4746093750e-01
       224   -7.5182881156e+00    5.6756952458e+01   -1.6247124289e+01    8.7288361737e+00    2.7848350947e+00   -1.9031959384e+01    1.2800000000e+02    8.4012110001e-03    6.3085937500e-01
       225   -7.4292273394e+00    5.5527402006e+01   -1.5046565422e+01    7.6173380822e+00    2.7597103252e+00   -1.7806275747e+01    1.2800000000e+02    8.1698189997e-03    6.3427734375e-01
       226   -7.4662641799e+00    5.5922854538e+01   -1.5589196782e+01    8.1229326020e+00    2.4306481534e+00   -1.8019844935e+01    1.2800000000e+02    8.3768630002e-03    6.3330078125e-01
       227   -7.3362768301e+00    5.3983704684e+01   -1.3661655006e+01    6.3253781758e+00    2.7377290860e+00   -1.6399384092e+01    1.2800000000e+02    9.4827060002e-03    6.3330078125e-01
       228   -7.4475832279e+00    5.5675745211e+01   -1.4020067865e+01    6.5724846369e+00    2.4705697451e+00   -1.6490637610e+01    1.2800000000e+02    8.7935220008e-03    6.3476562500e-01
       229   -7.6099144548e+00    5.8326827840e+01   -1.4221227396e+01    6.6113129416e+00    2.6433121472e+00   -1.6864539544e+01    1.2800000000e+02    8.2637659998e-03    6.3134765625e-01
       230   -7.5567248512e+00    5.7461078764e+01   -1.6923535504e+01    9.3668106526e+00    2.4065752117e+00   -1.9330110715e+01    1.2800000000e+02    1.2937359000e-02    6.3623046875e-01
       231   -7.5066391389e+00    5.6552739332e+01   -1.6929439528e+01    9.4228003893e+00    2.5303480150e+00   -1.9459787543e+01    1.2800000000e+02    1.5043125000e-02    6.4013671875e-01
       232   -7.4080315966e+00    5.5051161831e+01   -1.5014171024e+01    7.6061394272e+00    2.5189563437e+00   -1.7533127367e+01    1.2800000000e+02    8.0193280000e-03    6.5087890625e-01
       233   -7.4705703156e+00    5.6048023232e+01   -1.4060311649e+01    6.5897413333e+00    2.8871660721e+00   -1.6947477721e+01    1.2800000000e+02    1.2734146000e-02    6.3525390625e-01
       234   -7.5711196133e+00    5.7607824656e+01   -1.4998252500e+01    7.4271328864e+00    2.6691996150e+00   -1.7667452115e+01    1.2800000000e+02    1.1466271000e-02    6.3916015625e-01
       235   -7.5066011489e+00    5.6655529304e+01   -1.3694501176e+01    6.1879000271e+00    2.5389217292e+00   -1.6233422905e+01    1.2800000000e+02    1.6774289001e-02    6.3818359375e-01
       236   -7.4471620367e+00    5.5705699132e+01   -1.2305213878e+01    4.8580518418e+00    2.4189680845e+00   -1.4724181963e+01    1.2800000000e+02    1.6800220000e-02    6.4404296875e-01
       237   -7.3987612132e+00    5.5231633034e+01   -1.3039062412e+01    5.6403011984e+00    3.5084196960e+00   -1.6547482108e+01    1.2800000000e+02    1.4886130000e-02    6.3037109375e-01
       238   -7.3960284709e+00    5.4887436109e+01   -1.2078316594e+01    4.6822881235e+00    2.6993769134e+00   -1.4777693508e+01    1.2800000000e+02    8.0354750007e-03    6.4892578125e-01
       239   -7.7766331783e+00    6.1165977925e+01   -1.9403149150e+01    1.1626515972e+01    4.2653174047e+00   -2.3668466555e+01    1.2800000000e+02    8.1365570004e-03    5.8691406250e-01
       240   -7.6766495810e+00    5.9417303437e+01   -2.8357663012e+01    2.0681013431e+01    4.0746796212e+00   -3.2432342633e+01    1.2800000000e+02    8.1209270002e-03    6.1181640625e-01
       241   -7.5215119936e+00    5.6765809664e+01   -1.2699003817e+01    5.1774918230e+00    2.5387035043e+00   -1.5237707321e+01    1.2800000000e+02    8.5318340007e-03    6.5429687500e-01
       242   -7.3779861149e+00    5.4588148318e+01   -1.4009616643e+01    6.6316305284e+00    2.4929197783e+00   -1.6502536422e+01    1.2800000000e+02    7.8918070003e-03    6.5039062500e-01
       243   -7.5088736741e+00    5.6577862958e+01   -1.5557421227e+01    8.0485475530e+00    2.8406917801e+00   -1.8398113007e+01    1.2800000000e+02    9.1831680002e-03    6.5283203125e-01
       244   -7.4369218086e+00    5.5514961103e+01   -1.5316574157e+01    7.8796523482e+00    2.5249605272e+00   -1.7841534684e+01    1.2800000000e+02    7.8237170001e-03    6.3867187500e-01
       245   -7.3030394995e+00    5.3507944396e+01   -1.4129076625e+01    6.8260371257e+00    2.4162785312e+00   -1.6545355156e+01    1.2800000000e+02    8.8628960002e-03    6.4599609375e-01
       246   -7.4494717162e+00    5.5799141901e+01   -1.2219949096e+01    4.7704773798e+00    2.4242733209e+00   -1.4644222417e+01    1.2800000000e+02    9.1904049996e-03    6.6357421875e-01
       247   -7.4990117688e+00    5.6440268248e+01   -1.4001469329e+01    6.5024575606e+00    2.4945793501e+00   -1.6496048680e+01    1.2800000000e+02    8.5926510001e-03    6.5283203125e-01
       248   -7.5406670212e+00    5.7109427072e+01   -1.3851442811e+01    6.3107757902e+00    2.6575800017e+00   -1.6509022813e+01    1.2800000000e+02    7.9569800000e-03    6.3134765625e-01
       249   -7.4458886793e+00    5.5620308984e+01   -1.2840896984e+01    5.3950083051e+00    2.5656928467e+00   -1.5406589831e+01    1.2800000000e+02    8.5889000002e-03    6.4941406250e-01
       250   -7.4965120980e+00    5.6375063835e+01   -1.3016063226e+01    5.5195511277e+00    2.5077535317e+00   -1.5523816757e+01    1.2800000000e+02    7.9051789999e-03    6.3623046875e-01
       251   -7.4653301742e+00    5.5992218012e+01   -1.3231254193e+01    5.7659240187e+00    2.7058815173e+00   -1.5937135710e+01    1.2800000000e+02    8.5010980001e-03    6.2451171875e-01
       252   -7.5239068499e+00    5.6819231374e+01   -1.3163768554e+01    5.6398617045e+00    2.4906128232e+00   -1.5654381378e+01    1.2800000000e+02    7.9972670001e-03    6.6113281250e-01
       253   -7.4467321184e+00    5.5593479823e+01   -1.1401689981e+01    3.9549578630e+00    2.2794466951e+00   -1.3681136677e+01    1.2800000000e+02    1.0873173001e-02    6.5966796875e-01
       254   -7.4882383447e+00    5.6322422092e+01   -1.4018540952e+01    6.5303026075e+00    2.3822714731e+00   -1.6400812425e+01    1.2800000000e+02    9.6247940000e-03    6.3964843750e-01
       255   -7.3412774876e+00    5.4113983304e+01   -1.5355110840e+01    8.0138333520e+00    2.5060276941e+00   -1.7861138534e+01    1.2800000000e+02    8.8827890004e-03    6.5625000000e-01
       256   -7.6444441561e+00    5.8809184718e+01   -1.4939060169e+01    7.2946160127e+00    2.7452877537e+00   -1.7684347923e+01    1.2800000000e+02    8.2849350001e-03    6.2597656250e-01
       257   -7.3839072375e+00    5.4744934078e+01   -1.3038673459e+01    5.6547662219e+00    2.8300365561e+00   -1.5868710015e+01    1.2800000000e+02    8.5736810006e-03    6.3330078125e-01
       258   -7.5971753357e+00    5.8153885009e+01   -1.4343901071e+01    6.7467257350e+00    2.7859441396e+00   -1.7129845210e+01    1.2800000000e+02    1.0099149000e-02    6.1865234375e-01
       259   -7.3819399093e+00    5.4641244452e+01   -1.2140453352e+01    4.7585134431e+00    2.4159503423e+00   -1.4556403695e+01    1.2800000000e+02    8.4747210003e-03    6.5722656250e-01
       260   -7.4194730224e+00    5.5212733324e+01   -1.4402924645e+01    6.9834516230e+00    2.2273164849e+00   -1.6630241130e+01    1.2800000000e+02    8.9953280003e-03    6.3574218750e-01
       261   -7.5077772751e+00    5.6605942827e+01   -1.2658362642e+01    5.1505853672e+00    2.2612650581e+00   -1.4919627700e+01    1.2800000000e+02    8.3219580001e-03    6.6015625000e-01
       262   -7.5191911055e+00    5.6765479824e+01   -1.4079100718e+01    6.5599096130e+00    2.6506384076e+00   -1.6729739126e+01    1.2800000000e+02    8.5877370002e-03    6.3916015625e-01
       263   -7.4024711538e+00    5.4934486328e+01   -1.1548043096e+01    4.1455719420e+00    2.3337811945e+00   -1.3881824290e+01    1.2800000000e+02    9.1878430003e-03    6.4697265625e-01
       264   -7.4607483351e+00    5.5798371677e+01   -1.0688521702e+01    3.2277733668e+00    2.3203053842e+00   -1.3008827086e+01    1.2800000000e+02    8.1546619995e-03    6.7431640625e-01
       265   -7.3864841868e+00    5.4790975389e+01   -1.6914099034e+01    9.5276148476e+00    2.3943297249e+00   -1.9308428759e+01    1.2800000000e+02    7.8895039996e-03    6.5185546875e-01
       266   -7.4570238820e+00    5.5790912664e+01   -1.6062267434e+01    8.6052435518e+00    2.5330120861e+00   -1.8595279520e+01    1.2800000000e+02    8.3451660003e-03    6.3867187500e-01
       267   -7.5206532867e+00    5.6917938572e+01   -1.2939678224e+01    5.4190249369e+00    2.6603139833e+00   -1.5599992207e+01    1.2800000000e+02    8.6190470001e-03    6.4697265625e-01
       268   -7.4255599940e+00    5.5361235990e+01   -1.2758886159e+01    5.3333261645e+00    2.4691673737e+00   -1.5228053532e+01    1.2800000000e+02    8.3172410004e-03    6.5185546875e-01
       269   -7.5242297653e+00    5.6755163051e+01   -2.0206807121e+01    1.2682577356e+01    3.1266159680e+00   -2.3333423089e+01    1.2800000000e+02    9.2318749994e-03    6.2548828125e-01
       270   -7.3740691765e+00    5.4537360026e+01   -1.2709798813e+01    5.3357296362e+00    2.5529807534e+00   -1.5262779566e+01    1.2800000000e+02    1.0174124001e-02    6.6455078125e-01
       271   -7.3458881445e+00    5.4090344491e+01   -1.1966232470e+01    4.6203443256e+00    2.1406222126e+00   -1.4106854683e+01    1.2800000000e+02    1.4661567000e-02    6.5478515625e-01
       272   -7.4828175563e+00    5.6259788957e+01   -1.2390156441e+01    4.9073388844e+00    2.5317054580e+00   -1.4921861899e+01    1.2800000000e+02    8.2752460003e-03    6.7187500000e-01
       273   -7.3978790831e+00    5.4931094947e+01   -1.9114828497e+01    1.1716949414e+01    2.9383023370e+00   -2.2053130834e+01    1.2800000000e+02    7.9630840000e-03    6.4160156250e-01
       274   -7.3850803575e+00    5.4655256227e+01   -1.2210875818e+01    4.8257954607e+00    2.5165728564e+00   -1.4727448675e+01    1.2800000000e+02    7.9303339999e-03    6.3183593750e-01
       275   -7.5206291125e+00    5.6803036081e+01   -1.8475397992e+01    1.0954768880e+01    2.8615583693e+00   -2.1336956362e+01    1.2800000000e+02    8.2418940001e-03    6.1914062500e-01
       276   -7.4764705159e+00    5.6098772804e+01   -1.3404885650e+01    5.9284151341e+00    2.6996278523e+00   -1.6104513502e+01    1.2800000000e+02    7.8915209997e-03    6.5087890625e-01
       277   -7.5197396291e+00    5.6788712559e+01   -1.4172175422e+01    6.6524357925e+00    2.7276422866e+00   -1.6899817708e+01    1.2800000000e+02    8.3938729995e-03    6.4648437500e-01
       278   -7.4987900106e+00    5.6412061810e+01   -1.4607448774e+01    7.1086587637e+00    2.4566233315e+00   -1.7064072106e+01    1.2800000000e+02    1.1542294999e-02    6.4013671875e-01
       279   -7.4592914989e+00    5.5908590358e+01   -1.3897255188e+01    6.4379636889e+00    2.6099924080e+00   -1.6507247596e+01    1.2800000000e+02    1.0122013000e-02    6.3183593750e-01
       280   -7.4759174122e+00    5.6119827327e+01   -1.4435562709e+01    6.9596452966e+00    2.8330735491e+00   -1.7268636258e+01    1.2800000000e+02    1.1552503001e-02    6.2109375000e-01
       281   -7.4155022225e+00    5.5126560574e+01   -1.2867173768e+01    5.4516715453e+00    2.2394796840e+00   -1.5106653452e+01    1.2800000000e+02    8.2909109997e-03    6.6699218750e-01
       282   -7.5134693616e+00    5.6656170819e+01   -1.3892041822e+01    6.3785724603e+00    2.6150987086e+00   -1.6507140530e+01    1.2800000000e+02    1.2610390000e-02    6.2792968750e-01
       283   -7.5270466584e+00    5.6897212390e+01   -1.2768316873e+01    5.2412702141e+00    2.4802248530e+00   -1.5248541726e+01    1.2800000000e+02    9.0468950002e-03    6.6064453125e-01
       284   -7.3884332749e+00    5.4780625628e+01   -1.2867829519e+01    5.4793962446e+00    2.2987095600e+00   -1.5166539079e+01    1.2800000000e+02    9.4542609995e-03    6.4355468750e-01
       285   -7.5464067760e+00    5.7347376374e+01   -1.9082530511e+01    1.1536123735e+01    2.7896109447e+00   -2.1872141456e+01    1.2800000000e+02    9.7707840005e-03    6.1621093750e-01
       286   -7.5349623955e+00    5.7084999821e+01   -1.3170092009e+01    5.6351296132e+00    2.4574756814e+00   -1.5627567690e+01    1.2800000000e+02    9.0294600004e-03    6.4257812500e-01
       287   -7.5408332148e+00    5.7113660329e+01   -1.2404983213e+01    4.8641499977e+00    2.5549211537e+00   -1.4959904366e+01    1.2800000000e+02    8.5194080002e-03    6.5527343750e-01
       288   -7.3861212295e+00    5.4726646341e+01   -1.2595612838e+01    5.2094916085e+00    2.2422560297e+00   -1.4837868868e+01    1.2800000000e+02    7.9778240006e-03    6.3818359375e-01
       289   -7.3880241918e+00    5.4710993758e+01   -1.2317262010e+01    4.9292378182e+00    2.7022980327e+00   -1.5019560043e+01    1.2800000000e+02    8.6601049998e-03    6.4453125000e-01
       290   -7.3570162760e+00    5.4257206580e+01   -1.1647112093e+01    4.2900958171e+00    2.6148753321e+00   -1.4261987425e+01    1.2800000000e+02    8.0772350002e-03    6.5087890625e-01
       291   -7.5127275971e+00    5.6689424165e+01   -1.4993274557e+01    7.4805469596e+00    2.8667370045e+00   -1.7860011561e+01    1.2800000000e+02    8.1500800006e-03    6.3964843750e-01
       292   -7.4141350748e+00    5.5252387365e+01   -1.3672046786e+01    6.2579117116e+00    2.6699762244e+00   -1.6342023011e+01    1.2800000000e+02    7.8333280007e-03    6.3769531250e-01
       293   -7.4814880517e+00    5.6220325170e+01   -1.3648057601e+01    6.1665695495e+00    2.7524622037e+00   -1.6400519805e+01    1.2800000000e+02    8.3964939995e-03    6.4062500000e-01
       294   -7.3731961062e+00    5.4512300038e+01   -1.2618707844e+01    5.2455117381e+00    2.5814451046e+00   -1.5200152949e+01    1.2800000000e+02    8.0545749997e-03    6.5136718750e-01
       295   -7.5235850181e+00    5.6807642428e+01   -1.2466707471e+01    4.9431224526e+00    2.2595096756e+00   -1.4726217146e+01    1.2800000000e+02    8.1259689996e-03    6.6455078125e-01
       296   -7.5088448546e+00    5.6606158789e+01   -1.3725850057e+01    6.2170052022e+00    2.6200007156e+00   -1.6345850772e+01    1.2800000000e+02    7.9181400006e-03    6.4843750000e-01
       297   -7.5054541753e+00    5.6566156161e+01   -1.5352006689e+01    7.8465525142e+00    2.8510795104e+00   -1.8203086200e+01    1.2800000000e+02    8.3963059997e-03    6.4648437500e-01
       298   -7.4736777457e+00    5.6035785931e+01   -1.3088448043e+01    5.6147702974e+00    2.4619903336e+00   -1.5550438377e+01    1.2800000000e+02    8.0937359999e-03    6.4306640625e-01
       299   -7.3316543331e+00    5.3899865253e+01   -1.1744443516e+01    4.4127891830e+00    2.2468343065e+00   -1.3991277823e+01    1.2800000000e+02    8.1685710002e-03    6.4355468750e-01
       300   -7.4578426937e+00    5.5834523965e+01   -1.3011967239e+01    5.5541245450e+00    2.6437803234e+00   -1.5655747562e+01    1.2800000000e+02    7.8877540000e-03    6.5673828125e-01
       301   -7.3664316233e+00    5.4369110574e+01   -1.3959550401e+01    6.5931187777e+00    2.5301857786e+00   -1.6489736180e+01    1.2800000000e+02    8.1511609997e-03    6.4648437500e-01
       302   -7.6683003148e+00    5.9215372183e+01   -1.9550859500e+01    1.1882559186e+01    3.4051894578e+00   -2.2956048958e+01    1.2800000000e+02    8.2001940000e-03    6.1083984375e-01
       303   -7.4901761665e+00    5.6269836234e+01   -2.0524044662e+01    1.3033868496e+01    2.5591518177e+00   -2.3083196480e+01    1.2800000000e+02    8.1313800001e-03    6.3623046875e-01
       304   -7.3990839463e+00    5.4903242297e+01   -1.6473245451e+01    9.0741615046e+00    2.8441875080e+00   -1.9317432959e+01    1.2800000000e+02    7.9910579998e-03    6.3427734375e-01
       305   -7.4788348755e+00    5.6097623756e+01   -1.7497111174e+01    1.0018276299e+01    2.4947606845e+00   -1.9991871859e+01    1.2800000000e+02    8.2459359992e-03    6.4599609375e-01
       306   -7.3596271116e+00    5.4274590362e+01   -1.1823105493e+01    4.4634783818e+00    2.6409295840e+00   -1.4464035077e+01    1.2800000000e+02    7.8408720001e-03    6.3818359375e-01
       307   -7.3487401248e+00    5.4148784493e+01   -1.1487114590e+01    4.1383744650e+00    2.3259098431e+00   -1.3813024433e+01    1.2800000000e+02    8.1664590007e-03    6.6259765625e-01
       308   -7.5067517337e+00    5.6616720987e+01   -1.4059468385e+01    6.5527166516e+00    2.3133187239e+00   -1.6372787109e+01    1.2800000000e+02    7.7993660007e-03    6.4306640625e-01
       309   -7.3245548858e+00    5.3792801572e+01   -1.0604598660e+01    3.2800437744e+00    2.9881167668e+00   -1.3592715427e+01    1.2800000000e+02    8.6780889997e-03    6.5869140625e-01
       310   -7.6532103398e+00    5.8881527867e+01   -1.3556790563e+01    5.9035802237e+00    3.1488875459e+00   -1.6705678109e+01    1.2800000000e+02    8.2310059997e-03    6.3330078125e-01
       311   -7.3902632839e+00    5.4774463020e+01   -1.3351573148e+01    5.9613098641e+00    2.6212949168e+00   -1.5972868065e+01    1.2800000000e+02    8.1034980003e-03    6.4501953125e-01
       312   -7.5909170705e+00    5.7949388007e+01   -1.4372660261e+01    6.7817431909e+00    2.6630141889e+00   -1.7035674450e+01    1.2800000000e+02    7.8617299996e-03    6.4697265625e-01
       313   -7.3855153545e+00    5.4654750887e+01   -1.5556463588e+01    8.1709482337e+00    2.4034714277e+00   -1.7959935016e+01    1.2800000000e+02    8.0482569992e-03    6.4404296875e-01
       314   -7.5585822705e+00    5.7435765295e+01   -1.4163913378e+01    6.6053311071e+00    2.8263250090e+00   -1.6990238387e+01    1.2800000000e+02    7.8839729995e-03    6.4941406250e-01
       315   -7.4838739320e+00    5.6153721343e+01   -1.5001224077e+01    7.5173501447e+00    2.5543803055e+00   -1.7555604382e+01    1.2800000000e+02    8.3757889997e-03    6.5478515625e-01
       316   -7.4240739886e+00    5.5309300964e+01   -1.2492496931e+01    5.0684229427e+00    2.4294089480e+00   -1.4921905879e+01    1.2800000000e+02    7.8314480006e-03    6.4892578125e-01
       317   -7.4458918661e+00    5.5610026758e+01   -1.1982883848e+01    4.5369919816e+00    2.6446668872e+00   -1.4627550735e+01    1.2800000000e+02    8.0697029998e-03    6.4941406250e-01
       318   -7.5062471379e+00    5.6601091349e+01   -1.2510611458e+01    5.0043643205e+00    2.5986146504e+00   -1.5109226109e+01    1.2800000000e+02    8.1790730001e-03    6.5283203125e-01
       319   -7.4525224359e+00    5.5652373427e+01   -1.2809629874e+01    5.3571074376e+00    2.6596787874e+00   -1.5469308661e+01    1.2800000000e+02    9.1293659998e-03    6.4941406250e-01
       320   -7.4123651414e+00    5.5107770838e+01   -1.2651451276e+01    5.2390861344e+00    2.6056468800e+00   -1.5257098156e+01    1.2800000000e+02    7.8827030002e-03    6.4355468750e-01
       321   -7.4128814024e+00    5.5096979406e+01   -1.3305846581e+01    5.8929651790e+00    2.5959931911e+00   -1.5901839773e+01    1.2800000000e+02    8.3500999999e-03    6.4062500000e-01
       322   -7.4649540632e+00    5.5962645071e+01   -1.3632928426e+01    6.1679743624e+00    2.8694186043e+00   -1.6502347030e+01    1.2800000000e+02    7.8551229999e-03    6.3427734375e-01
       323   -7.3214085646e+00    5.3745384144e+01   -1.1072996400e+01    3.7515878349e+00    2.0777961190e+00   -1.3150792519e+01    1.2800000000e+02    9.4274349995e-03    6.6650390625e-01
       324   -7.4032696002e+00    5.5010471482e+01   -1.5376983104e+01    7.9737135038e+00    2.3666985068e+00   -1.7743681611e+01    1.2800000000e+02    9.5421200003e-03    6.3671875000e-01
       325   -7.4906940206e+00    5.6310282138e+01   -1.5205094798e+01    7.7144007771e+00    2.3557048683e+00   -1.7560799666e+01    1.2800000000e+02    9.7182860000e-03    6.5527343750e-01
       326   -7.4463450715e+00    5.5650934577e+01   -1.3418105162e+01    5.9717600901e+00    2.5852834031e+00   -1.6003388565e+01    1.2800000000e+02    7.8821180005e-03    6.4843750000e-01
       327   -7.3957417099e+00    5.4834779158e+01   -1.1206086356e+01    3.8103446460e+00    2.2755438617e+00   -1.3481630218e+01    1.2800000000e+02    9.0245359997e-03    6.8310546875e-01
       328   -7.4321546689e+00    5.5527856162e+01   -2.1319992977e+01    1.3887838308e+01    2.5450716975e+00   -2.3865064675e+01    1.2800000000e+02    7.9041890003e-03    6.3476562500e-01
       329   -7.4902644647e+00    5.6348805615e+01   -1.7842244884e+01    1.0351980420e+01    2.5507216320e+00   -2.0392966516e+01    1.2800000000e+02    8.9873760007e-03    6.3818359375e-01
       330   -7.5091100421e+00    5.6670983021e+01   -1.6875397069e+01    9.3662870270e+00    2.0614151723e+00   -1.8936812241e+01    1.2800000000e+02    8.3202489996e-03    6.5380859375e-01
       331   -7.4103959605e+00    5.5159442803e+01   -1.5166091822e+01    7.7556958614e+00    2.6187710635e+00   -1.7784862885e+01    1.2800000000e+02    9.1079459999e-03    6.3623046875e-01
       332   -7.6113013161e+00    5.8276870201e+01   -1.4431848183e+01    6.8205468665e+00    2.7506831467e+00   -1.7182531329e+01    1.2800000000e+02    8.1385750000e-03    6.3232421875e-01
       333   -7.3998121997e+00    5.4890323384e+01   -1.2416162100e+01    5.0163499001e+00    2.5189605573e+00   -1.4935122657e+01    1.2800000000e+02    9.9970519996e-03    6.4794921875e-01
       334   -7.5209922069e+00    5.6799776988e+01   -1.8474082692e+01    1.0953090485e+01    3.4267849893e+00   -2.1900867681e+01    1.2800000000e+02    8.1093070003e-03    6.2109375000e-01
       335   -7.5109282190e+00    5.6654112025e+01   -1.4550203691e+01    7.0392754721e+00    2.6029111118e+00   -1.7153114803e+01    1.2800000000e+02    8.0793990001e-03    6.4453125000e-01
       336   -7.5152085026e+00    5.6693610955e+01   -1.6356997808e+01    8.8417893057e+00    2.2075316854e+00   -1.8564529494e+01    1.2800000000e+02    8.3863279997e-03    6.4257812500e-01
       337   -7.4426803263e+00    5.5550508823e+01   -1.2957084788e+01    5.5144044616e+00    2.5280165307e+00   -1.5485101319e+01    1.2800000000e+02    9.5798769999e-03    6.5869140625e-01
       338   -7.4953675830e+00    5.6509415767e+01   -1.6431916568e+01    8.9365489850e+00    2.6087226017e+00   -1.9040639170e+01    1.2800000000e+02    7.8213890001e-03    6.2792968750e-01
       339   -7.5412758250e+00    5.7144990342e+01   -1.6024020885e+01    8.4827450596e+00    2.7786162876e+00   -1.8802637172e+01    1.2800000000e+02    9.0925410004e-03    6.3037109375e-01
       340   -7.4759132414e+00    5.6095538044e+01   -1.2472269755e+01    4.9963565137e+00    2.9870735441e+00   -1.5459343299e+01    1.2800000000e+02    8.1564859993e-03    6.4111328125e-01
       341   -7.3611625398e+00    5.4307122228e+01   -1.1544959824e+01    4.1837972841e+00    2.3957660649e+00   -1.3940725889e+01    1.2800000000e+02    9.1425609999e-03    6.5429687500e-01
       342   -7.3825796844e+00    5.4665423797e+01   -1.9623412827e+01    1.2240833142e+01    2.5543985229e+00   -2.2177811350e+01    1.2800000000e+02    8.3068169997e-03    6.5966796875e-01
       343   -7.5142438419e+00    5.6634839022e+01   -1.2705408733e+01    5.1911648912e+00    2.6124336504e+00   -1.5317842383e+01    1.2800000000e+02    8.8221190008e-03    6.6210937500e-01
       344   -7.4534891490e+00    5.5732416996e+01   -1.3565076230e+01    6.1115870815e+00    2.5186364791e+00   -1.6083712710e+01    1.2800000000e+02    8.3964350006e-03    6.3671875000e-01
       345   -7.4178326600e+00    5.5198575929e+01   -1.4939815512e+01    7.5219828519e+00    2.6497653572e+00   -1.7589580869e+01    1.2800000000e+02    9.0070879996e-03    6.2744140625e-01
       346   -7.4020162731e+00    5.5126150964e+01   -1.4748890927e+01    7.3468746536e+00    2.7529430695e+00   -1.7501833996e+01    1.2800000000e+02    1.1333226000e-02    6.2548828125e-01
       347   -7.4363023184e+00    5.5440703040e+01   -1.4872547164e+01    7.4362448454e+00    2.4939493885e+00   -1.7366496552e+01    1.2800000000e+02    7.9829640008e-03    6.4306640625e-01
       348   -7.5452778126e+00    5.7149580204e+01   -1.4017172413e+01    6.4718946004e+00    2.6791188626e+00   -1.6696291276e+01    1.2800000000e+02    1.0301989000e-02    6.5136718750e-01
       349   -7.3935719382e+00    5.4886739053e+01   -1.2997422015e+01    5.6038500769e+00    2.6441211303e+00   -1.5641543145e+01    1.2800000000e+02    8.7686680008e-03    6.3818359375e-01
       350   -7.3560844352e+00    5.4289552736e+01   -1.3794428066e+01    6.4383436305e+00    2.9193606852e+00   -1.6713788751e+01    1.2800000000e+02    9.3912469993e-03    6.2207031250e-01
       351   -7.6061890254e+00    5.8286130212e+01   -1.3690779330e+01    6.0845903048e+00    2.2789150808e+00   -1.5969694411e+01    1.2800000000e+02    9.0539550001e-03    6.5527343750e-01
       352   -7.6664078089e+00    5.9080615550e+01   -1.5031529249e+01    7.3651214396e+00    2.8126463934e+00   -1.7844175642e+01    1.2800000000e+02    1.4108525999e-02    6.2109375000e-01
       353   -7.5427018365e+00    5.7137750063e+01   -1.5503454482e+01    7.9607526454e+00    2.6037198802e+00   -1.8107174362e+01    1.2800000000e+02    1.6313673000e-02    6.3427734375e-01
       354   -7.5059739247e+00    5.6614074285e+01   -1.3919287125e+01    6.4133132002e+00    2.4845681989e+00   -1.6403855324e+01    1.2800000000e+02    1.0885145000e-02    6.5332031250e-01
       355   -7.4311213223e+00    5.5421785512e+01   -1.2821658029e+01    5.3905367066e+00    2.5208215342e+00   -1.5342479563e+01    1.2800000000e+02    8.3723449998e-03    6.5332031250e-01
       356   -7.4624328328e+00    5.6007024488e+01   -1.4925199810e+01    7.4627669771e+00    2.6775409127e+00   -1.7602740723e+01    1.2800000000e+02    8.7153369996e-03    6.3769531250e-01
       357   -7.4529142962e+00    5.5707243812e+01   -1.3639939791e+01    6.1870254952e+00    2.3029237939e+00   -1.5942863585e+01    1.2800000000e+02    8.9725290009e-03    6.5332031250e-01
       358   -7.4646621023e+00    5.6019758029e+01   -1.4731696628e+01    7.2670345260e+00    2.6796565765e+00   -1.7411353205e+01    1.2800000000e+02    7.9094820003e-03    6.2158203125e-01
       359   -7.7091477569e+00    5.9782726406e+01   -1.9574591203e+01    1.1865443446e+01    3.6322745766e+00   -2.3206865780e+01    1.2800000000e+02    7.9530439998e-03    6.2060546875e-01
       360   -7.4017039097e+00    5.4964647787e+01   -1.3431506055e+01    6.0298021450e+00    2.2371822131e+00   -1.5668688268e+01    1.2800000000e+02    8.0833929997e-03    6.5722656250e-01
       361   -7.4479370931e+00    5.5612539871e+01   -1.3937215268e+01    6.4892781747e+00    2.6152595996e+00   -1.6552474867e+01    1.2800000000e+02    8.0721800005e-03    6.4306640625e-01
       362   -7.4037975444e+00    5.4920034308e+01   -1.1936021505e+01    4.5322239605e+00    2.4770386377e+00   -1.4413060143e+01    1.2800000000e+02    8.3131440006e-03    6.4648437500e-01
       363   -7.5734230687e+00    5.7720019232e+01   -1.4788055798e+01    7.2146327293e+00    2.4729026830e+00   -1.7260958481e+01    1.2800000000e+02    8.2464659999e-03    6.5820312500e-01
       364   -7.4848046091e+00    5.6243076520e+01   -1.3682295334e+01    6.1974907251e+00    2.6377438829e+00   -1.6320039217e+01    1.2800000000e+02    7.8835869999e-03    6.4257812500e-01
       365   -7.5221795566e+00    5.6745819437e+01   -1.4054226370e+01    6.5320468132e+00    2.8100771800e+00   -1.6864303550e+01    1.2800000000e+02    8.5728009999e-03    6.5136718750e-01
       366   -7.4235345682e+00    5.5315471620e+01   -1.4653682344e+01    7.2301477757e+00    2.7202440347e+00   -1.7373926379e+01    1.2800000000e+02    7.9860039996e-03    6.3525390625e-01
       367   -7.4726013213e+00    5.5980005460e+01   -1.2520275976e+01    5.0476746543e+00    2.4334628583e+00   -1.4953738834e+01    1.2800000000e+02    8.1789149999e-03    6.5869140625e-01
       368   -7.6803148546e+00    5.9342617571e+01   -1.4649594411e+01    6.9692795564e+00    3.0206492407e+00   -1.7670243652e+01    1.2800000000e+02    7.9402909996e-03    6.5917968750e-01
       369   -7.5070198399e+00    5.6556614182e+01   -1.3286487855e+01    5.7794680156e+00    2.6971377489e+00   -1.5983625604e+01    1.2800000000e+02    8.1548009994e-03    6.3574218750e-01
       370   -7.3973036349e+00    5.4877884244e+01   -1.3387224369e+01    5.9899207344e+00    2.7383086081e+00   -1.6125532977e+01    1.2800000000e+02    8.2065020006e-03    6.5771484375e-01
       371   -7.4891711675e+00    5.6342938796e+01   -1.1783332721e+01    4.2941615535e+00    2.5163666492e+00   -1.4299699370e+01    1.2800000000e+02    8.7100519995e-03    6.4550781250e-01
       372   -7.5105912325e+00    5.6607929416e+01   -1.2970047249e+01    5.4594560162e+00    2.6222069275e+00   -1.5592254176e+01    1.2800000000e+02    8.3952790001e-03    6.5039062500e-01
       373   -7.5012778064e+00    5.6477033649e+01   -1.9217663309e+01    1.1716385503e+01    2.6669235137e+00   -2.1884586823e+01    1.2800000000e+02    8.4103710005e-03    6.2890625000e-01
       374   -7.2898239775e+00    5.3295169440e+01   -1.1900615692e+01    4.6107917143e+00    2.5583775706e+00   -1.4458993262e+01    1.2800000000e+02    8.0449879997e-03    6.4355468750e-01
       375   -7.4775258244e+00    5.6081856523e+01   -2.0534208713e+01    1.3056682888e+01    2.4046395389e+00   -2.2938848251e+01    1.2800000000e+02    8.2473630000e-03    6.4404296875e-01
       376   -7.4922665306e+00    5.6446878147e+01   -1.5725123663e+01    8.2328571328e+00    2.6631056875e+00   -1.8388229351e+01    1.2800000000e+02    7.8440839998e-03    6.3232421875e-01
       377   -7.6471224596e+00    5.8727530338e+01   -2.0968641836e+01    1.3321519376e+01    3.0804531338e+00   -2.4049094969e+01    1.2800000000e+02    8.5719090002e-03    6.1962890625e-01
       378   -7.5966041600e+00    5.8141374871e+01   -1.4287844893e+01    6.6912407330e+00    2.8178811216e+00   -1.7105726015e+01    1.2800000000e+02    8.9873719999e-03    6.2500000000e-01
       379   -7.3508126797e+00    5.4196333144e+01   -1.2639871877e+01    5.2890591974e+00    2.6351677133e+00   -1.5275039590e+01    1.2800000000e+02    8.6141209995e-03    6.5673828125e-01
       380   -7.3465975235e+00    5.4161364423e+01   -1.3129107618e+01    5.7825100946e+00    2.7519661024e+00   -1.5881073720e+01    1.2800000000e+02    7.8700969998e-03    6.2988281250e-01
       381   -7.3967726127e+00    5.4816640194e+01   -1.9795087659e+01    1.2398315047e+01    2.7653212078e+00   -2.2560408867e+01    1.2800000000e+02    8.6281199992e-03    6.3818359375e-01
       382   -7.4906858285e+00    5.6406009756e+01   -1.9971161335e+01    1.2480475507e+01    2.6337760584e+00   -2.2604937394e+01    1.2800000000e+02    7.8258479998e-03    6.3330078125e-01
       383   -7.3776976416e+00    5.4575796528e+01   -1.2798225932e+01    5.4205282902e+00    2.6675225167e+00   -1.5465748448e+01    1.2800000000e+02    8.8129690002e-03    6.4746093750e-01
       384   -7.4925114056e+00    5.6353917288e+01   -1.4914223630e+01    7.4217122240e+00    2.5915962781e+00   -1.7505819908e+01    1.2800000000e+02    7.9866890001e-03    6.4208984375e-01
       385   -7.4139370440e+00    5.5132843344e+01   -1.2828109517e+01    5.4141724732e+00    2.7929249770e+00   -1.5621034494e+01    1.2800000000e+02    9.5925950000e-03    6.2597656250e-01
       386   -7.5944482900e+00    5.7953416116e+01   -2.2540053500e+01    1.4945605210e+01    2.3012609630e+00   -2.4841314463e+01    1.2800000000e+02    1.1672111999e-02    6.3671875000e-01
       387   -7.5260945953e+00    5.6887137142e+01   -1.4610289780e+01    7.0841951849e+00    2.3610514924e+00   -1.6971341273e+01    1.2800000000e+02    1.5352480000e-02    6.4355468750e-01
       388   -7.4768198288e+00    5.6034401450e+01   -1.3609215671e+01    6.1323958418e+00    2.5188276595e+00   -1.6128043330e+01    1.2800000000e+02    1.4798355999e-02    6.4794921875e-01
       389   -7.5978556809e+00    5.8003238101e+01   -1.4162019863e+01    6.5641641817e+00    3.2282834027e+00   -1.7390303265e+01    1.2800000000e+02    8.2455340007e-03    6.2304687500e-01
       390   -7.4823511896e+00    5.6183545356e+01   -1.1932816282e+01    4.4504650927e+00    2.5370838370e+00   -1.4469900119e+01    1.2800000000e+02    8.7517430002e-03    6.7431640625e-01
       391   -7.4908471649e+00    5.6293449733e+01   -1.3498001881e+01    6.0071547157e+00    2.3087482233e+00   -1.5806750104e+01    1.2800000000e+02    8.7186540004e-03    6.2939453125e-01
       392   -7.4503548312e+00    5.5670788432e+01   -1.1714835842e+01    4.2644810106e+00    2.6301695729e+00   -1.4345005415e+01    1.2800000000e+02    8.0772669999e-03    6.6406250000e-01
       393   -7.5561378623e+00    5.7342979287e+01   -1.3786512718e+01    6.2303748553e+00    2.9394590568e+00   -1.6725971774e+01    1.2800000000e+02    7.8959840002e-03    6.4111328125e-01
       394   -7.4193504307e+00    5.5306584858e+01   -1.2164282890e+01    4.7449324595e+00    2.5305658802e+00   -1.4694848770e+01    1.2800000000e+02    8.3429339993e-03    6.3134765625e-01
       395   -7.6719162523e+00    5.9115952523e+01   -1.8406394239e+01    1.0734477986e+01    3.0866580352e+00   -2.1493052274e+01    1.2800000000e+02    8.3998689997e-03    6.2695312500e-01
       396   -7.5158208785e+00    5.6821400881e+01   -1.6398825137e+01    8.8830042586e+00    3.0504828353e+00   -1.9449307972e+01    1.2800000000e+02    8.3982189999e-03    6.1669921875e-01
       397   -7.4761385932e+00    5.6125634670e+01   -1.2450090618e+01    4.9739520245e+00    2.5382212748e+00   -1.4988311893e+01    1.2800000000e+02    8.0974900002e-03    6.4746093750e-01
       398   -7.3989371128e+00    5.4960068734e+01   -1.4837075460e+01    7.4381383470e+00    2.7602104940e+00   -1.7597285954e+01    1.2800000000e+02    8.1080110003e-03    6.2646484375e-01
       399   -7.4246106749e+00    5.5278920488e+01   -1.1612491305e+01    4.1878806304e+00    2.3927481645e+00   -1.4005239470e+01    1.2800000000e+02    8.3540920004e-03    6.7578125000e-01
       400   -7.4481551252e+00    5.5616549419e+01   -1.4174018013e+01    6.7258628876e+00    2.6043709706e+00   -1.6778388983e+01    1.2800000000e+02    9.3093450005e-03    6.3427734375e-01
       401   -7.5438588644e+00    5.7211620464e+01   -1.5178273575e+01    7.6344147110e+00    2.9828971145e+00   -1.8161170690e+01    1.2800000000e+02    7.9244429999e-03    6.1621093750e-01
       402   -7.6725322403e+00    5.9162771959e+01   -1.8925763680e+01    1.1253231439e+01    3.0548377663e+00   -2.1980601446e+01    1.2800000000e+02    1.0561124001e-02    6.1669921875e-01
       403   -7.5709938225e+00    5.7531260339e+01   -1.2661532890e+01    5.0905390673e+00    2.4208075055e+00   -1.5082340395e+01    1.2800000000e+02    1.2191446000e-02    6.5234375000e-01
       404   -7.6094291177e+00    5.8161134511e+01   -1.3218400545e+01    5.6089714269e+00    2.6621046533e+00   -1.5880505198e+01    1.2800000000e+02    1.2032783000e-02    6.5283203125e-01
       405   -7.5155346196e+00    5.6714915307e+01   -1.7173765147e+01    9.6582305275e+00    2.8706555377e+00   -2.0044420685e+01    1.2800000000e+02    9.5096400000e-03    6.2646484375e-01
       406   -7.5191914795e+00    5.6726805417e+01   -1.4369412772e+01    6.8502212921e+00    2.3439242737e+00   -1.6713337045e+01    1.2800000000e+02    1.0599392001e-02    6.3867187500e-01
       407   -7.4062000521e+00    5.5187887671e+01   -1.4896401465e+01    7.4902014132e+00    2.6136164344e+00   -1.7510017900e+01    1.2800000000e+02    9.6640980000e-03    6.2646484375e-01
       408   -7.3639043941e+00    5.4374249747e+01   -1.0913995682e+01    3.5500912879e+00    2.6184368225e+00   -1.3532432504e+01    1.2800000000e+02    8.8837399999e-03    6.5429687500e-01
       409   -7.6508256814e+00    5.8918050397e+01   -1.7289868568e+01    9.6390428870e+00    2.9192099854e+00   -2.0209078554e+01    1.2800000000e+02    8.6296950003e-03    6.4599609375e-01
       410   -7.3972396330e+00    5.4899345729e+01   -1.1724455828e+01    4.3272161953e+00    2.2442079905e+00   -1.3968663819e+01    1.2800000000e+02    8.4501890005e-03    6.4501953125e-01
       411   -7.4454158667e+00    5.5642305140e+01   -1.3812632223e+01    6.3672163561e+00    2.5482715739e+00   -1.6360903797e+01    1.2800000000e+02    9.1133460000e-03    6.2597656250e-01
       412   -7.4405840124e+00    5.5547844099e+01   -1.2435464533e+01    4.9948805210e+00    2.5007672782e+00   -1.4936231812e+01    1.2800000000e+02    8.1883160001e-03    6.3232421875e-01
       413   -7.5254400627e+00    5.6909589368e+01   -1.3940006848e+01    6.4145667848e+00    2.5754301012e+00   -1.6515436949e+01    1.2800000000e+02    8.2056020001e-03    6.5332031250e-01
       414   -7.3690874151e+00    5.4520993664e+01   -1.4623297323e+01    7.2542099074e+00    2.7853401213e+00   -1.7408637444e+01    1.2800000000e+02    7.9256650006e-03    6.4550781250e-01
       415   -7.4339926611e+00    5.5430167503e+01   -1.2459025932e+01    5.0250332705e+00    2.4610139222e+00   -1.4920039854e+01    1.2800000000e+02    8.2450729997e-03    6.5917968750e-01
       416   -7.5330117837e+00    5.6963063433e+01   -1.6397372599e+01    8.8643608151e+00    2.9738136073e+00   -1.9371186206e+01    1.2800000000e+02    8.3135149998e-03    6.2890625000e-01
       417   -7.3152281694e+00    5.3714862850e+01   -1.7043763285e+01    9.7285351157e+00    2.4630759616e+00   -1.9506839247e+01    1.2800000000e+02    8.1622700000e-03    6.4208984375e-01
       418   -7.3375674172e+00    5.4019414130e+01   -1.2588455712e+01    5.2508882952e+00    2.2246794033e+00   -1.4813135116e+01    1.2800000000e+02    7.7567400003e-03    6.3671875000e-01
       419   -7.4298136463e+00    5.5383851525e+01   -1.3986201720e+01    6.5563880737e+00    2.3870354688e+00   -1.6373237189e+01    1.2800000000e+02    8.0963299997e-03    6.3427734375e-01
       420   -7.3186527835e+00    5.3751199664e+01   -1.3285411885e+01    5.9667591018e+00    2.6265089692e+00   -1.5911920854e+01    1.2800000000e+02    8.0554469996e-03    6.5234375000e-01
       421   -7.4422245113e+00    5.5557464164e+01   -1.4147903197e+01    6.7056786862e+00    2.7762744820e+00   -1.6924177679e+01    1.2800000000e+02    8.4210369996e-03    6.2646484375e-01
       422   -7.4653612049e+00    5.5938170302e+01   -1.2911168985e+01    5.4458077800e+00    2.5544855620e+00   -1.5465654547e+01    1.2800000000e+02    8.8459700000e-03    6.3330078125e-01
       423   -7.6944849445e+00    5.9637421831e+01   -1.3782475084e+01    6.0879901400e+00    2.7413757772e+00   -1.6523850862e+01    1.2800000000e+02    8.7651900003e-03    6.5234375000e-01
       424   -7.5354758354e+00    5.6980371024e+01   -1.2764701556e+01    5.2292257204e+00    2.7000847521e+00   -1.5464786308e+01    1.2800000000e+02    8.3825840002e-03    6.3134765625e-01
       425   -7.4679183925e+00    5.5929466363e+01   -1.2980965563e+01    5.5130471706e+00    2.4737888267e+00   -1.5454754390e+01    1.2800000000e+02    1.1308876000e-02    6.4111328125e-01
       426   -7.5381474326e+00    5.7002142993e+01   -1.5694963622e+01    8.1568161890e+00    2.7009702363e+00   -1.8395933858e+01    1.2800000000e+02    1.0515432999e-02    6.4843750000e-01
       427   -7.5194994973e+00    5.6722797148e+01   -1.3048606111e+01    5.5291066139e+00    2.4343013332e+00   -1.5482907444e+01    1.2800000000e+02    9.2898129997e-03    6.3281250000e-01
       428   -7.4272460454e+00    5.5311343345e+01   -1.2847710561e+01    5.4204645158e+00    2.4601239626e+00   -1.5307834524e+01    1.2800000000e+02    1.1403955000e-02    6.4013671875e-01
       429   -7.5229335570e+00    5.6956240814e+01   -1.3533790585e+01    6.0108570276e+00    2.6012442384e+00   -1.6135034823e+01    1.2800000000e+02    9.6501100006e-03    6.5185546875e-01
       430   -7.4831879867e+00    5.6187497207e+01   -1.2812492226e+01    5.3293042392e+00    2.5891162953e+00   -1.5401608521e+01    1.2800000000e+02    8.9093639999e-03    6.4062500000e-01
       431   -7.6896663676e+00    5.9574830327e+01   -1.3956776971e+01    6.2671106031e+00    2.4301632274e+00   -1.6386940198e+01    1.2800000000e+02    8.8260480006e-03    6.4892578125e-01
       432   -7.4863424507e+00    5.6218003974e+01   -1.6223897937e+01    8.7375554866e+00    2.9406980063e+00   -1.9164595944e+01    1.2800000000e+02    9.3855699997e-03    6.3085937500e-01
       433   -7.3818341727e+00    5.4780916820e+01   -2.5267124111e+01    1.7885289938e+01    3.4395289940e+00   -2.8706653105e+01    1.2800000000e+02    8.4220789995e-03    6.0791015625e-01
       434   -7.2911005753e+00    5.3286914489e+01   -1.1008440353e+01    3.7173397775e+00    2.2862296483e+00   -1.3294670001e+01    1.2800000000e+02    8.3269669994e-03    6.7041015625e-01
       435   -7.4247121612e+00    5.5244016523e+01   -1.1107270876e+01    3.6825587148e+00    2.2585388692e+00   -1.3365809745e+01    1.2800000000e+02    8.4510549996e-03    6.6162109375e-01
       436   -7.4935119891e+00    5.6344370057e+01   -2.1395335684e+01    1.3901823695e+01    2.5331008378e+00   -2.3928436522e+01    1.2800000000e+02    7.8251619998e-03    6.3720703125e-01
       437   -7.4449377031e+00    5.5665613754e+01   -1.9361296749e+01    1.1916359045e+01    2.7791873377e+00   -2.2140484086e+01    1.2800000000e+02    8.1531540000e-03    6.2402343750e-01
       438   -7.5845348091e+00    5.7702883428e+01   -1.2212173234e+01    4.6276384253e+00    2.5550973662e+00   -1.4767270601e+01    1.2800000000e+02    8.0338400003e-03    6.4892578125e-01
       439   -7.4510588310e+00    5.5679675686e+01   -1.3065365832e+01    5.6143070011e+00    2.6859879938e+00   -1.5751353826e+01    1.2800000000e+02    9.1375660004e-03    6.2744140625e-01
       440   -7.4854261533e+00    5.6253338253e+01   -1.3333074798e+01    5.8476486442e+00    2.5718638934e+00   -1.5904938691e+01    1.2800000000e+02    7.7980429996e-03    6.2841796875e-01
       441   -7.4885027523e+00    5.6192693662e+01   -1.4330579267e+01    6.8420765151e+00    2.9001443146e+00   -1.7230723582e+01    1.2800000000e+02    8.2808589996e-03    6.3476562500e-01
       442   -7.5702369924e+00    5.7587693776e+01   -1.4681732692e+01    7.1114956994e+00    2.5480649787e+00   -1.7229797671e+01    1.2800000000e+02    8.1245740002e-03    6.3037109375e-01
       443   -7.7278501933e+00    6.0165857533e+01   -1.5544751146e+01    7.8169009530e+00    2.7787673046e+00   -1.8323518451e+01    1.2800000000e+02    8.5304560007e-03    6.2304687500e-01
       444   -7.5606913193e+00    5.7330361045e+01   -1.3418052919e+01    5.8573615996e+00    2.7975120193e+00   -1.6215564938e+01    1.2800000000e+02    8.2557969999e-03    6.5625000000e-01
       445   -7.5297778564e+00    5.6953723242e+01   -1.4247546046e+01    6.7177681893e+00    2.7381215926e+00   -1.6985667638e+01    1.2800000000e+02    9.2034420004e-03    6.2011718750e-01
       446   -7.4681142424e+00    5.5925903918e+01   -1.9877563034e+01    1.2409448792e+01    2.7148459171e+00   -2.2592408951e+01    1.2800000000e+02    8.4492679998e-03    6.1572265625e-01
       447   -7.5650416773e+00    5.7500412055e+01   -1.3894087605e+01    6.3290459281e+00    3.0038010851e+00   -1.6897888690e+01    1.2800000000e+02    8.2830599995e-03    6.2695312500e-01
       448   -7.4204389420e+00    5.5268413947e+01   -1.3611518994e+01    6.1910800519e+00    2.5223174411e+00   -1.6133836435e+01    1.2800000000e+02    7.8939569994e-03    6.3769531250e-01
       449   -7.3562582152e+00    5.4341704614e+01   -1.6873379672e+01    9.5171214571e+00    2.8070385762e+00   -1.9680418248e+01    1.2800000000e+02    8.2835419998e-03    6.4453125000e-01
       450   -7.4663658385e+00    5.5877515792e+01   -1.2656907550e+01    5.1905417113e+00    2.3818217709e+00   -1.5038729321e+01    1.2800000000e+02    8.1820260002e-03    6.3867187500e-01
       451   -7.4343845430e+00    5.5433073771e+01   -1.4086002031e+01    6.6516174879e+00    2.7553374150e+00   -1.6841339446e+01    1.2800000000e+02    8.3970690002e-03    6.3134765625e-01
       452   -7.5632314735e+00    5.7396809873e+01   -1.3545376402e+01    5.9821449286e+00    2.8886608489e+00   -1.6434037251e+01    1.2800000000e+02    7.8636039998e-03    6.4697265625e-01
       453   -7.4687988714e+00    5.5995216334e+01   -1.4739600511e+01    7.2708016393e+00    2.4751880251e+00   -1.7214788536e+01    1.2800000000e+02    8.4907619994e-03    6.5039062500e-01
       454   -7.3490879553e+00    5.4144218385e+01   -1.2733240821e+01    5.3841528655e+00    2.6687677837e+00   -1.5402008605e+01    1.2800000000e+02    9.3732389996e-03    6.3281250000e-01
       455   -7.8759726235e+00    6.2751370556e+01   -1.8114913920e+01    1.0238941296e+01    3.6632949494e+00   -2.1778208869e+01    1.2800000000e+02    7.9532529999e-03    6.3037109375e-01
       456   -7.6340350282e+00    5.8657582811e+01   -1.4374421884e+01    6.7403868558e+00    2.5527193220e+00   -1.6927141206e+01    1.2800000000e+02    8.1577920000e-03    6.4550781250e-01
       457   -7.5495815226e+00    5.7300218580e+01   -1.6370813662e+01    8.8212321391e+00    2.6031845782e+00   -1.8973998240e+01    1.2800000000e+02    8.2781540004e-03    6.4160156250e-01
       458   -7.5316014492e+00    5.6935285377e+01   -1.4542358737e+01    7.0107572881e+00    2.4007237094e+00   -1.6943082447e+01    1.2800000000e+02    7.9525519996e-03    6.4599609375e-01
       459   -7.4577284026e+00    5.5840804744e+01   -1.1602601645e+01    4.1448732425e+00    2.4680874598e+00   -1.4070689105e+01    1.2800000000e+02    8.7630790003e-03    6.6650390625e-01
       460   -7.5876648437e+00    5.7819607737e+01   -1.6587818447e+01    9.0001536032e+00    2.4411485558e+00   -1.9028967003e+01    1.2800000000e+02    9.9753400000e-03    6.3525390625e-01
       461   -7.3607426148e+00    5.4349995600e+01   -1.2163397812e+01    4.8026551970e+00    2.2619401208e+00   -1.4425337933e+01    1.2800000000e+02    9.0321289999e-03    6.5087890625e-01
       462   -7.3589522256e+00    5.4280698753e+01   -1.3725197177e+01    6.3662449517e+00    2.5966296637e+00   -1.6321826841e+01    1.2800000000e+02    1.0443984999e-02    6.1425781250e-01
       463   -7.4280524783e+00    5.5496931349e+01   -1.4723004674e+01    7.2949521962e+00    2.7094296245e+00   -1.7432434299e+01    1.2800000000e+02    8.0158029996e-03    6.1621093750e-01
       464   -7.4840604245e+00    5.6219833601e+01   -1.4757021109e+01    7.2729606849e+00    2.7644704463e+00   -1.7521491556e+01    1.2800000000e+02    8.1321250000e-03    6.4941406250e-01
       465   -7.6065843277e+00    5.8119154869e+01   -1.5537129515e+01    7.9305451877e+00    2.5290626547e+00   -1.8066192170e+01    1.2800000000e+02    7.7806849995e-03    6.2597656250e-01
       466   -7.5057172948e+00    5.6523929022e+01   -1.3260431007e+01    5.7547137123e+00    2.7770539767e+00   -1.6037484984e+01    1.2800000000e+02    1.0106688000e-02    6.5283203125e-01
       467   -7.4285217107e+00    5.5413227974e+01   -1.5441422290e+01    8.0129005789e+00    2.9814302590e+00   -1.8422852549e+01    1.2800000000e+02    8.0277570005e-03    6.2890625000e-01
       468   -7.4623724085e+00    5.5965278494e+01   -1.3776800721e+01    6.3144283124e+00    2.8123483294e+00   -1.6589149050e+01    1.2800000000e+02    8.9860140006e-03    6.3427734375e-01
       469   -7.4671454945e+00    5.6009071560e+01   -1.8320927642e+01    1.0853782148e+01    3.0167612435e+00   -2.1337688886e+01    1.2800000000e+02    7.9788180001e-03    6.4501953125e-01
       470   -7.4073933031e+00    5.5013679912e+01   -1.4216748245e+01    6.8093549423e+00    2.5162489826e+00   -1.6732997228e+01    1.2800000000e+02    7.8092050007e-03    6.2109375000e-01
       471   -7.5249018392e+00    5.6820335138e+01   -1.6136912748e+01    8.6120109091e+00    2.6973203646e+00   -1.8834233113e+01    1.2800000000e+02    7.8425430002e-03    6.4746093750e-01
       472   -7.4646076918e+00    5.5896030826e+01   -1.3603091807e+01    6.1384841157e+00    2.4321264753e+00   -1.6035218283e+01    1.2800000000e+02    1.4879111000e-02    6.5283203125e-01
       473   -7.4140760962e+00    5.5155085930e+01   -1.1441068901e+01    4.0269928044e+00    2.2287703585e+00   -1.3669839259e+01    1.2800000000e+02    1.0804467001e-02    6.6894531250e-01
       474   -7.4213252940e+00    5.5207576181e+01   -1.1796160481e+01    4.3748351873e+00    2.4490078178e+00   -1.4245168299e+01    1.2800000000e+02    8.1377229999e-03    6.5625000000e-01
       475   -7.3669049489e+00    5.4376984514e+01   -1.2234904751e+01    4.8679998025e+00    2.6475315835e+00   -1.4882436335e+01    1.2800000000e+02    8.0183359996e-03    6.3818359375e-01
       476   -7.5300707649e+00    5.7004482887e+01   -1.3164969253e+01    5.6348984885e+00    2.5307150745e+00   -1.5695684328e+01    1.2800000000e+02    7.8896590003e-03    6.5332031250e-01
       477   -7.3534239914e+00    5.4266902716e+01   -1.3426545793e+01    6.0731218019e+00    2.9544633981e+00   -1.6381009191e+01    1.2800000000e+02    8.2472680006e-03    6.3964843750e-01
       478   -7.4912598628e+00    5.6327206951e+01   -1.2733183991e+01    5.2419241279e+00    2.6864360149e+00   -1.5419620006e+01    1.2800000000e+02    7.8757920000e-03    6.5234375000e-01
       479   -7.5393420036e+00    5.7063411819e+01   -1.5028357698e+01    7.4890156946e+00    2.5170963458e+00   -1.7545454044e+01    1.2800000000e+02    8.0036460004e-03    6.6503906250e-01
       480   -7.6368554848e+00    5.8651682219e+01   -1.4854902676e+01    7.2180471914e+00    2.8588867230e+00   -1.7713789399e+01    1.2800000000e+02    8.4083680003e-03    6.3037109375e-01
       481   -7.2804648816e+00    5.3149002015e+01   -1.2001791053e+01    4.7213261712e+00    2.2879604227e+00   -1.4289751476e+01    1.2800000000e+02    7.9010910003e-03    6.5673828125e-01
       482   -7.5974594153e+00    5.8009647964e+01   -1.6376856235e+01    8.7793968199e+00    2.5923369623e+00   -1.8969193198e+01    1.2800000000e+02    7.9179659997e-03    6.3525390625e-01
       483   -7.4421957069e+00    5.5512003865e+01   -1.2722239296e+01    5.2800435889e+00    2.3613929200e+00   -1.5083632216e+01    1.2800000000e+02    7.9991240000e-03    6.4013671875e-01
       484   -7.4153752590e+00    5.5205817734e+01   -1.4121047919e+01    6.7056726602e+00    2.6773851493e+00   -1.6798433069e+01    1.2800000000e+02    7.8834129999e-03    6.3037109375e-01
       485   -7.5976224027e+00    5.7958114760e+01   -1.5814124650e+01    8.2165022468e+00    2.9448948531e+00   -1.8759019503e+01    1.2800000000e+02    7.8362739996e-03    6.3720703125e-01
       486   -7.4406209687e+00    5.5594115794e+01   -1.1612445687e+01    4.1718247185e+00    2.5035790048e+00   -1.4116024692e+01    1.2800000000e+02    8.6113359994e-03    6.6210937500e-01
       487   -7.4328904139e+00    5.5414086263e+01   -1.2635451742e+01    5.2025613283e+00    2.5174574035e+00   -1.5152909146e+01    1.2800000000e+02    7.8118749998e-03    6.3818359375e-01
       488   -7.4396952243e+00    5.5551703164e+01   -1.4011947550e+01    6.5722523253e+00    2.6648640177e+00   -1.6676811567e+01    1.2800000000e+02    8.7758689997e-03    6.3574218750e-01
       489   -7.4764331322e+00    5.6099662807e+01   -1.3353856918e+01    5.8774237860e+00    2.6652930608e+00   -1.6019149979e+01    1.2800000000e+02    7.8303390001e-03    6.3427734375e-01
       490   -7.5461266575e+00    5.7284437633e+01   -1.5609201665e+01    8.0630750078e+00    2.6921086166e+00   -1.8301310282e+01    1.2800000000e+02    8.0152529999e-03    6.3378906250e-01
       491   -7.6172826953e+00    5.8250197908e+01   -1.4953273499e+01    7.3359908038e+00    2.6738201397e+00   -1.7627093639e+01    1.2800000000e+02    8.3526259996e-03    6.3574218750e-01
       492   -7.5008533569e+00    5.6458983847e+01   -1.3900497003e+01    6.3996436466e+00    2.8500959056e+00   -1.6750592909e+01    1.2800000000e+02    1.0383045999e-02    6.3818359375e-01
       493   -7.4343431809e+00    5.5489384796e+01   -1.2357790464e+01    4.9234472834e+00    2.4425678953e+00   -1.4800358360e+01    1.2800000000e+02    9.6345410002e-03    6.4599609375e-01
       494   -7.3837158034e+00    5.4649061500e+01   -1.2927583644e+01    5.5438678410e+00    2.5692325498e+00   -1.5496816194e+01    1.2800000000e+02    1.2881215000e-02    6.3574218750e-01
       495   -7.4724081684e+00    5.6015465997e+01   -1.5375835945e+01    7.9034277763e+00    2.5377781070e+00   -1.7913614052e+01    1.2800000000e+02    8.8548189997e-03    6.2988281250e-01
       496   -7.4312310058e+00    5.5352642225e+01   -1.3845775602e+01    6.4145445962e+00    2.5957266023e+00   -1.6441502204e+01    1.2800000000e+02    8.6712279999e-03    6.3183593750e-01
       497   -7.4140954917e+00    5.5187136427e+01   -1.7451821211e+01    1.0037725719e+01    2.8783080928e+00   -2.0330129303e+01    1.2800000000e+02    8.0435770005e-03    6.2988281250e-01
       498   -7.4178505245e+00    5.5208558385e+01   -1.2781895184e+01    5.3640446592e+00    2.9924665397e+00   -1.5774361723e+01    1.2800000000e+02    8.0121669998e-03    6.4306640625e-01
       499   -7.5785037025e+00    5.7767600571e+01   -1.5577637437e+01    7.9991337348e+00    2.4906921350e+00   -1.8068329572e+01    1.2800000000e+02    8.0814020002e-03    6.4697265625e-01
