#   index    LocalEnergy         LocalEnergy_sq      LocalPotential      Kinetic             ElecElec            IonElec             BlockWeight         BlockCPU            AcceptRatio         
         0   -7.5456662998e+00    5.7362884178e+01   -1.3371832167e+01    5.8261658671e+00    2.3695784670e+00   -1.5741410634e+01    1.2800000000e+02    7.9828159996e-03    6.4990234375e-01
         1   -7.4577748846e+00    5.5733086960e+01   -1.5275515828e+01    7.8177409437e+00    2.4058681884e+00   -1.7681384017e+01    1.2800000000e+02    7.9552249999e-03    6.4990234375e-01
         2   -7.4748696874e+00    5.6060374696e+01   -1.6016081138e+01    8.5412114502e+00    2.6572413581e+00   -1.8673322496e+01    1.2800000000e+02    8.5981760003e-03    6.4843750000e-01
         3   -7.3595131111e+00    5.4335900828e+01   -1.3454508286e+01    6.0949951744e+00    2.6827716630e+00   -1.6137279949e+01    1.2800000000e+02    7.9701810000e-03    6.3623046875e-01
         4   -7.4180891354e+00    5.5363812154e+01   -1.3255214059e+01    5.8371249240e+00    2.3236582194e+00   -1.5578872279e+01    1.2800000000e+02    8.1466250003e-03    6.4257812500e-01
         5   -7.5042233945e+00    5.6537010263e+01   -1.3684672453e+01    6.1804490587e+00    2.7252236990e+00   -1.6409896152e+01    1.2800000000e+02    7.9220429998e-03    6.4306640625e-01
         6   -7.5892419733e+00    5.7962116267e+01   -1.5909844294e+01    8.3206023207e+00    2.9150350992e+00   -1.8824879393e+01    1.2800000000e+02    8.0697160001e-03    6.2353515625e-01
         7   -7.4239856309e+00    5.5314512179e+01   -1.8968686336e+01    1.1544700705e+01    2.8970193949e+00   -2.1865705731e+01    1.2800000000e+02    7.8157380003e-03    6.3281250000e-01
         8   -7.4688628505e+00    5.5983139434e+01   -1.4466813275e+01    6.9979504245e+00    2.4580558507e+00   -1.6924869126e+01    1.2800000000e+02    7.8367650003e-03    6.2402343750e-01
         9   -7.6367977053e+00    5.8661482691e+01   -1.6358220728e+01    8.7214230223e+00    2.8156013681e+00   -1.9173822096e+01    1.2800000000e+02    7.8608519998e-03    6.2451171875e-01
        10   -7.3163079090e+00    5.3687529253e+01   -1.2223149237e+01    4.9068413279e+00    2.6671820194e+00   -1.4890331256e+01    1.2800000000e+02    8.2038730006e-03    6.3623046875e-01
        11   -7.4539985440e+00    5.5788860264e+01   -1.2270467258e+01    4.8164687138e+00    2.4945976575e+00   -1.4765064915e+01    1.2800000000e+02    8.0015249996e-03    6.5087890625e-01
        12   -7.5308515029e+00    5.6953634034e+01   -1.6024037587e+01    8.4931860845e+00    2.3917414095e+00   -1.8415778997e+01    1.2800000000e+02    8.0054000000e-03    6.2597656250e-01
        13   -7.4042340802e+00    5.4987821799e+01   -1.5090215117e+01    7.6859810368e+00    2.9255581760e+00   -1.8015773293e+01    1.2800000000e+02    7.9033259999e-03    6.2158203125e-01
        14   -7.5095739600e+00    5.6596500550e+01   -1.2270868423e+01    4.7612944627e+00    2.3697521464e+00   -1.4640620569e+01    1.2800000000e+02    8.0401030000e-03    6.5136718750e-01
        15   -7.5691224052e+00    5.7547414988e+01   -1.4274442744e+01    6.7053203387e+00    2.7148822941e+00   -1.6989325038e+01    1.2800000000e+02    7.9204240001e-03    6.3427734375e-01
        16   -7.4474349094e+00    5.5665128376e+01   -1.3100385792e+01    5.6529508822e+00    2.3076873796e+00   -1.5408073171e+01    1.2800000000e+02    8.3287810003e-03    6.5966796875e-01
        17   -7.3901109868e+00    5.4791069179e+01   -1.1495006202e+01    4.1048952156e+00    2.3253093691e+00   -1.3820315571e+01    1.2800000000e+02    8.0991900004e-03    6.4941406250e-01
        18   -7.2898156454e+00    5.3300192303e+01   -1.2905578121e+01    5.6157624752e+00    2.7765888600e+00   -1.5682166981e+01    1.2800000000e+02    8.0774940006e-03    6.3232421875e-01
        19   -7.4896823288e+00    5.6288018354e+01   -1.2397403740e+01    4.9077214111e+00    2.5094481729e+00   -1.4906851913e+01    1.2800000000e+02    7.9893809998e-03    6.4501953125e-01
        20   -7.4557858891e+00    5.5741755866e+01   -1.3085982779e+01    5.6301968904e+00    2.5385143721e+00   -1.5624497152e+01    1.2800000000e+02    8.0201740002e-03    6.7919921875e-01
        21   -7.4080049301e+00    5.5081735388e+01   -1.5408011293e+01    8.0000063631e+00    2.4143690952e+00   -1.7822380388e+01    1.2800000000e+02    8.8150410002e-03    6.3330078125e-01
        22   -7.5597638929e+00    5.7567545300e+01   -1.4975838810e+01    7.4160749171e+00    2.6516174903e+00   -1.7627456300e+01    1.2800000000e+02    8.5051719998e-03    6.5576171875e-01
        23   -7.4239255790e+00    5.5463606261e+01   -1.5903972758e+01    8.4800471793e+00    2.6604185682e+00   -1.8564391327e+01    1.2800000000e+02    8.1638259999e-03    6.2060546875e-01
        24   -7.5441636851e+00    5.7061999350e+01   -1.4761182994e+01    7.2170193090e+00    2.4133666547e+00   -1.7174549649e+01    1.2800000000e+02    8.0404390001e-03    6.3574218750e-01
        25   -7.3574135702e+00    5.4341226219e+01   -1.4475547720e+01    7.1181341498e+00    2.3511079212e+00   -1.6826655641e+01    1.2800000000e+02    8.8796250002e-03    6.4746093750e-01
        26   -7.3666421334e+00    5.4436762063e+01   -1.1755298511e+01    4.3886563772e+00    2.4289585738e+00   -1.4184257084e+01    1.2800000000e+02    8.2896360000e-03    6.5234375000e-01
        27   -7.5402453610e+00    5.7033353609e+01   -1.4690453673e+01    7.1502083124e+00    2.5182182927e+00   -1.7208671966e+01    1.2800000000e+02    8.2853880003e-03    6.3476562500e-01
        28   -7.4812490527e+00    5.6257814163e+01   -1.3473565930e+01    5.9923168774e+00    2.6050330961e+00   -1.6078599026e+01    1.2800000000e+02    8.1998520000e-03    6.4697265625e-01
        29   -7.5922961140e+00    5.7908136015e+01   -1.7721980149e+01    1.0129684035e+01    2.7508931411e+00   -2.0472873290e+01    1.2800000000e+02    8.0208370000e-03    6.2744140625e-01
        30   -7.5982473154e+00    5.7940138087e+01   -1.8797036287e+01    1.1198788972e+01    2.5752658511e+00   -2.1372302138e+01    1.2800000000e+02    8.1434229996e-03    6.3964843750e-01
        31   -7.4217134742e+00    5.5245342498e+01   -1.3322702340e+01    5.9009888662e+00    2.6126979855e+00   -1.5935400326e+01    1.2800000000e+02    7.9603790000e-03    6.2597656250e-01
        32   -7.7947284302e+00    6.1202466416e+01   -1.5769887418e+01    7.9751589882e+00    2.9894745795e+00   -1.8759361998e+01    1.2800000000e+02    7.8931720000e-03    6.3378906250e-01
        33   -7.5327030798e+00    5.7025938952e+01   -1.3191592600e+01    5.6588895206e+00    2.6212463011e+00   -1.5812838901e+01    1.2800000000e+02    8.0583360004e-03    6.5136718750e-01
        34   -7.3272695731e+00    5.3858801647e+01   -1.3117198702e+01    5.7899291288e+00    2.7301220214e+00   -1.5847320723e+01    1.2800000000e+02    8.1551710000e-03    6.4257812500e-01
        35   -7.3864271791e+00    5.4702136712e+01   -1.2994876146e+01    5.6084489670e+00    2.8578005855e+00   -1.5852676732e+01    1.2800000000e+02    8.3366629997e-03    6.2695312500e-01
        36   -7.3984415610e+00    5.4924128544e+01   -1.2519743185e+01    5.1213016242e+00    2.5027693484e+00   -1.5022512534e+01    1.2800000000e+02    7.8540490003e-03    6.3427734375e-01
        37   -7.5702943156e+00    5.7548524963e+01   -1.8388567329e+01    1.0818273013e+01    3.0199418310e+00   -2.1408509160e+01    1.2800000000e+02    7.8333519996e-03    6.1474609375e-01
        38   -7.4275920279e+00    5.5349438595e+01   -1.2624300202e+01    5.1967081741e+00    3.2309451284e+00   -1.5855245330e+01    1.2800000000e+02    8.8749019997e-03    6.3476562500e-01
        39   -7.5374196109e+00    5.7002311366e+01   -2.2957029436e+01    1.5419609825e+01    2.5547627889e+00   -2.5511792225e+01    1.2800000000e+02    1.6276513000e-02    6.4453125000e-01
        40   -7.4207247106e+00    5.5210018831e+01   -1.4873276675e+01    7.4525519648e+00    3.0151083088e+00   -1.7888384984e+01    1.2800000000e+02    1.2211168000e-02    6.3037109375e-01
        41   -7.5684232571e+00    5.7579361405e+01   -1.4923698158e+01    7.3552749014e+00    2.5541828038e+00   -1.7477880962e+01    1.2800000000e+02    1.0414893000e-02    6.2207031250e-01
        42   -7.3763631418e+00    5.4697168499e+01   -1.4161344188e+01    6.7849810463e+00    2.5248831831e+00   -1.6686227371e+01    1.2800000000e+02    8.7603579996e-03    6.4501953125e-01
        43   -7.5271758255e+00    5.6855314007e+01   -1.5977650101e+01    8.4504742754e+00    2.8799617764e+00   -1.8857611877e+01    1.2800000000e+02    1.0706031000e-02    6.2255859375e-01
        44   -7.4691235858e+00    5.5938924358e+01   -1.3840253546e+01    6.3711299603e+00    2.6101247826e+00   -1.6450378329e+01    1.2800000000e+02    9.4171840001e-03    6.3623046875e-01
        45   -7.4265977515e+00    5.5287200843e+01   -1.4119206514e+01    6.6926087624e+00    2.5344400789e+00   -1.6653646593e+01    1.2800000000e+02    1.1502707001e-02    6.5087890625e-01
        46   -7.4828197528e+00    5.6175801502e+01   -1.3687142036e+01    6.2043222827e+00    2.1981691039e+00   -1.5885311139e+01    1.2800000000e+02    1.1000832000e-02    6.7822265625e-01
        47   -7.4720987422e+00    5.6012022051e+01   -1.3617362895e+01    6.1452641530e+00    2.5280875595e+00   -1.6145450455e+01    1.2800000000e+02    8.0775260003e-03    6.4794921875e-01
        48   -7.6462133372e+00    5.8860872652e+01   -1.5210084339e+01    7.5638710023e+00    2.4567822286e+00   -1.7666866568e+01    1.2800000000e+02    1.4570584000e-02    6.4648437500e-01
        49   -7.5422070575e+00    5.7173838975e+01   -1.7770944450e+01    1.0228737392e+01    2.8055217759e+00   -2.0576466226e+01    1.2800000000e+02    1.6530856000e-02    6.2109375000e-01
        50   -7.5167852057e+00    5.6870774782e+01   -1.7494751111e+01    9.9779659049e+00    3.0466705234e+00   -2.0541421634e+01    1.2800000000e+02    1.1428845000e-02    6.3427734375e-01
        51   -7.6442000977e+00    5.8759779490e+01   -1.5567463639e+01    7.9232635414e+00    3.0480523135e+00   -1.8615515953e+01    1.2800000000e+02    7.9104610004e-03    6.3574218750e-01
        52   -7.4296542477e+00    5.5449427601e+01   -1.3007676220e+01    5.5780219724e+00    3.0459910054e+00   -1.6053667225e+01    1.2800000000e+02    8.6093949994e-03    6.1621093750e-01
        53   -7.4449366478e+00    5.5693910732e+01   -1.6215287529e+01    8.7703508810e+00    3.2104442164e+00   -1.9425731745e+01    1.2800000000e+02    8.2845130000e-03    6.2255859375e-01
        54   -7.4725249464e+00    5.5998687071e+01   -1.1923973781e+01    4.4514488347e+00    2.5315430308e+00   -1.4455516812e+01    1.2800000000e+02    8.2482669995e-03    6.4453125000e-01
        55   -7.4559880617e+00    5.5804114550e+01   -1.4354751536e+01    6.8987634746e+00    3.1157908672e+00   -1.7470542403e+01    1.2800000000e+02    7.8585990004e-03    6.3525390625e-01
        56   -7.3780292985e+00    5.4665989388e+01   -1.3262008906e+01    5.8839796076e+00    2.4127214906e+00   -1.5674730397e+01    1.2800000000e+02    8.0583839999e-03    6.3525390625e-01
        57   -7.6061251695e+00    5.8104264582e+01   -1.8206327612e+01    1.0600202443e+01    2.7054347857e+00   -2.0911762398e+01    1.2800000000e+02    8.2088310000e-03    6.5771484375e-01
        58   -7.5284205423e+00    5.6953441687e+01   -1.7752522560e+01    1.0224102018e+01    3.0117708971e+00   -2.0764293457e+01    1.2800000000e+02    8.1634040007e-03    6.4501953125e-01
        59   -7.3911012835e+00    5.4774479811e+01   -1.2825671274e+01    5.4345699906e+00    2.7999534142e+00   -1.5625624688e+01    1.2800000000e+02    7.9145870004e-03    6.4160156250e-01
        60   -7.4960325755e+00    5.6424313484e+01   -1.8469010605e+01    1.0972978029e+01    2.9462405903e+00   -2.1415251195e+01    1.2800000000e+02    8.8357949999e-03    6.1669921875e-01
        61   -7.6989361170e+00    5.9654381992e+01   -1.5755302319e+01    8.0563662022e+00    2.7983377764e+00   -1.8553640096e+01    1.2800000000e+02    8.0320110001e-03    6.3720703125e-01
        62   -7.5454809667e+00    5.7125866772e+01   -1.2867995775e+01    5.3225148082e+00    2.7818942508e+00   -1.5649890026e+01    1.2800000000e+02    8.9241099995e-03    6.5429687500e-01
        63   -7.3910211334e+00    5.4762457439e+01   -1.3948962913e+01    6.5579417797e+00    2.3251245780e+00   -1.6274087491e+01    1.2800000000e+02    1.0847951000e-02    6.3769531250e-01
        64   -7.4870703864e+00    5.6204178924e+01   -1.1727599659e+01    4.2405292724e+00    2.4323116507e+00   -1.4159911309e+01    1.2800000000e+02    9.2433480004e-03    6.5771484375e-01
        65   -7.4356529695e+00    5.5436058410e+01   -1.2175405919e+01    4.7397529496e+00    2.1185327500e+00   -1.4293938669e+01    1.2800000000e+02    8.2789059998e-03    6.5722656250e-01
        66   -7.5625338103e+00    5.7473355122e+01   -1.6704108316e+01    9.1415745057e+00    2.8133274176e+00   -1.9517435734e+01    1.2800000000e+02    8.3377100000e-03    6.3720703125e-01
        67   -7.5970550308e+00    5.7942026789e+01   -1.6521864470e+01    8.9248094397e+00    2.7706440965e+00   -1.9292508567e+01    1.2800000000e+02    8.0365629992e-03    6.1718750000e-01
        68   -7.4563650437e+00    5.5768081760e+01   -1.1974961327e+01    4.5185962837e+00    2.3257545002e+00   -1.4300715828e+01    1.2800000000e+02    7.8481669998e-03    6.4013671875e-01
        69   -7.4443750502e+00    5.5570887207e+01   -1.2913502867e+01    5.4691278168e+00    2.5415202705e+00   -1.5455023137e+01    1.2800000000e+02    8.1708299995e-03    6.4208984375e-01
        70   -7.4200385015e+00    5.5313828788e+01   -1.7341729622e+01    9.9216911202e+00    2.7509744546e+00   -2.0092704076e+01    1.2800000000e+02    8.0906309995e-03    6.4208984375e-01
        71   -7.5062383556e+00    5.6556300389e+01   -1.9361333006e+01    1.1855094650e+01    2.5074722159e+00   -2.1868805222e+01    1.2800000000e+02    7.9148779996e-03    6.4111328125e-01
        72   -7.5963663782e+00    5.8091008331e+01   -1.4422991629e+01    6.8266252512e+00    2.7480734408e+00   -1.7171065070e+01    1.2800000000e+02    8.2161029995e-03    6.3720703125e-01
        73   -7.4041086172e+00    5.5048681060e+01   -1.5155127490e+01    7.7510188728e+00    2.7742864194e+00   -1.7929413909e+01    1.2800000000e+02    7.9720369995e-03    6.3378906250e-01
        74   -7.5960275618e+00    5.7986480119e+01   -1.1437459855e+01    3.8414322932e+00    2.4532400618e+00   -1.3890699917e+01    1.2800000000e+02    8.2067679996e-03    6.7187500000e-01
        75   -7.5486562981e+00    5.7295903558e+01   -1.2041238945e+01    4.4925826472e+00    2.5967435108e+00   -1.4637982456e+01    1.2800000000e+02    7.9158529998e-03    6.4746093750e-01
        76   -7.6531516188e+00    5.8845444113e+01   -2.3229103546e+01    1.5575951927e+01    2.7584192125e+00   -2.5987522758e+01    1.2800000000e+02    7.8746919999e-03    6.2548828125e-01
        77   -7.6109230623e+00    5.8165437724e+01   -1.2504844313e+01    4.8939212503e+00    2.4575309322e+00   -1.4962375245e+01    1.2800000000e+02    8.0295929993e-03    6.6113281250e-01
        78   -7.3828753282e+00    5.4626871051e+01   -1.1212889594e+01    3.8300142657e+00    2.2971568082e+00   -1.3510046402e+01    1.2800000000e+02    8.2989969997e-03    6.6796875000e-01
        79   -7.4667705088e+00    5.5922509274e+01   -1.4007538183e+01    6.5407676746e+00    2.9098981077e+00   -1.6917436291e+01    1.2800000000e+02    8.0438110008e-03    6.3476562500e-01
        80   -7.4402395601e+00    5.5563313117e+01   -1.3536236360e+01    6.0959967998e+00    2.5481991790e+00   -1.6084435539e+01    1.2800000000e+02    7.8344069998e-03    6.3427734375e-01
        81   -7.4810944091e+00    5.6161118380e+01   -1.7856985495e+01    1.0375891086e+01    2.7288413675e+00   -2.0585826863e+01    1.2800000000e+02    7.9393440001e-03    6.1572265625e-01
        82   -7.3179162327e+00    5.3739375971e+01   -1.2062877892e+01    4.7449616595e+00    2.2901114717e+00   -1.4352989364e+01    1.2800000000e+02    8.0089730000e-03    6.4746093750e-01
        83   -7.5869671618e+00    5.7812718154e+01   -2.3632614580e+01    1.6045647418e+01    2.5966807769e+00   -2.6229295357e+01    1.2800000000e+02    7.9053840000e-03    6.4306640625e-01
        84   -7.4267982642e+00    5.5386360446e+01   -1.6603750742e+01    9.1769524778e+00    2.9459441082e+00   -1.9549694850e+01    1.2800000000e+02    7.7488660008e-03    6.1035156250e-01
        85   -7.7472657725e+00    6.0509062868e+01   -1.5519102998e+01    7.7718372255e+00    2.7467725703e+00   -1.8265875568e+01    1.2800000000e+02    8.2501130000e-03    6.3818359375e-01
        86   -7.6607294204e+00    5.9083714828e+01   -1.7736799399e+01    1.0076069978e+01    2.8904121724e+00   -2.0627211571e+01    1.2800000000e+02    9.8366109996e-03    6.1865234375e-01
        87   -7.4197747702e+00    5.5219624983e+01   -1.5046065809e+01    7.6262910383e+00    2.5592323800e+00   -1.7605298189e+01    1.2800000000e+02    8.1171689999e-03    6.3916015625e-01
        88   -7.5004275988e+00    5.6479184021e+01   -1.7774385819e+01    1.0273958221e+01    2.8947224662e+00   -2.0669108286e+01    1.2800000000e+02    8.1644180000e-03    6.4062500000e-01
        89   -7.4708113691e+00    5.5985960807e+01   -1.3768323253e+01    6.2975118843e+00    2.7924898246e+00   -1.6560813078e+01    1.2800000000e+02    7.9863999999e-03    6.3818359375e-01
        90   -7.4748492455e+00    5.6154301892e+01   -1.4230714932e+01    6.7558656861e+00    2.6925855626e+00   -1.6923300494e+01    1.2800000000e+02    9.6101729996e-03    6.4550781250e-01
        91   -7.4923551708e+00    5.6357277709e+01   -1.6304803268e+01    8.8124480976e+00    2.7620156527e+00   -1.9066818921e+01    1.2800000000e+02    7.8761129998e-03    6.2988281250e-01
        92   -7.4432544526e+00    5.5715845743e+01   -1.6484276415e+01    9.0410219627e+00    2.9601134244e+00   -1.9444389840e+01    1.2800000000e+02    8.0407380001e-03    6.2353515625e-01
        93   -7.5627923937e+00    5.7458086317e+01   -1.9477417349e+01    1.1914624955e+01    2.3691890346e+00   -2.1846606384e+01    1.2800000000e+02    8.0447800001e-03    6.2988281250e-01
        94   -7.4817441852e+00    5.6156907125e+01   -1.2166734718e+01    4.6849905330e+00    2.4548862401e+00   -1.4621620958e+01    1.2800000000e+02    9.5044230002e-03    6.6748046875e-01
        95   -7.3958554374e+00    5.4904905082e+01   -1.2161664812e+01    4.7658093745e+00    2.3954740583e+00   -1.4557138870e+01    1.2800000000e+02    7.8896240002e-03    6.5283203125e-01
        96   -7.5769943890e+00    5.7706273708e+01   -1.6295960039e+01    8.7189656505e+00    2.8740753878e+00   -1.9170035427e+01    1.2800000000e+02    8.0660710000e-03    6.2060546875e-01
        97   -7.4908225800e+00    5.6315471654e+01   -1.2783175258e+01    5.2923526777e+00    2.2026033789e+00   -1.4985778637e+01    1.2800000000e+02    8.2156219996e-03    6.7285156250e-01
        98   -7.5440699965e+00    5.7172968854e+01   -1.8293984896e+01    1.0749914899e+01    2.9698065671e+00   -2.1263791463e+01    1.2800000000e+02    9.4231840003e-03    6.2792968750e-01
        99   -7.3000717984e+00    5.3472567370e+01   -1.8400196558e+01    1.1100124760e+01    3.0178343379e+00   -2.1418030896e+01    1.2800000000e+02    7.8264560007e-03    6.2548828125e-01
       100   -7.4472613873e+00    5.5630798743e+01   -1.3154771980e+01    5.7075105929e+00    2.4464214597e+00   -1.5601193440e+01    1.2800000000e+02    8.1338279997e-03    6.6064453125e-01
       101   -7.4847959005e+00    5.6247906922e+01   -1.8854119904e+01    1.1369324004e+01    2.5585754786e+00   -2.1412695383e+01    1.2800000000e+02    7.8133420002e-03    6.1523437500e-01
       102   -7.3464695316e+00    5.4159484526e+01   -1.2960403346e+01    5.6139338140e+00    2.5139913255e+00   -1.5474394671e+01    1.2800000000e+02    7.9425109998e-03    6.5234375000e-01
       103   -7.3927917311e+00    5.4939834296e+01   -1.2331376255e+01    4.9385845241e+00    2.5200508462e+00   -1.4851427101e+01    1.2800000000e+02    7.8737069998e-03    6.4062500000e-01
       104   -7.5962174324e+00    5.7900334797e+01   -1.5273463885e+01    7.6772464530e+00    2.7259229948e+00   -1.7999386880e+01    1.2800000000e+02    7.8604139999e-03    6.3427734375e-01
       105   -7.4633993566e+00    5.6024366295e+01   -1.4814225454e+01    7.3508260972e+00    2.4459574586e+00   -1.7260182912e+01    1.2800000000e+02    7.8256369998e-03    6.4306640625e-01
       106   -7.3244671340e+00    5.3766795755e+01   -1.2657030777e+01    5.3325636433e+00    2.7916396099e+00   -1.5448670387e+01    1.2800000000e+02    8.0284679998e-03    6.3232421875e-01
       107   -7.4717321516e+00    5.6018180972e+01   -1.5843010793e+01    8.3712786415e+00    2.7273765462e+00   -1.8570387339e+01    1.2800000000e+02    7.8508650004e-03    6.2500000000e-01
       108   -7.4724680246e+00    5.6003945804e+01   -1.1865024589e+01    4.3925565647e+00    2.7175144026e+00   -1.4582538992e+01    1.2800000000e+02    8.5627859999e-03    6.5380859375e-01
       109   -7.3847000013e+00    5.4687475572e+01   -1.2585903145e+01    5.2012031434e+00    2.9165747462e+00   -1.5502477891e+01    1.2800000000e+02    8.2513919997e-03    6.4990234375e-01
       110   -7.4269892486e+00    5.5409904080e+01   -1.4644526773e+01    7.2175375240e+00    2.8166113293e+00   -1.7461138102e+01    1.2800000000e+02    8.2675940002e-03    6.3623046875e-01
       111   -7.5006859264e+00    5.6519126084e+01   -1.5189566844e+01    7.6888809180e+00    2.7835175055e+00   -1.7973084350e+01    1.2800000000e+02    7.9596940004e-03    6.4453125000e-01
       112   -7.4935165262e+00    5.6451227849e+01   -1.8979271944e+01    1.1485755418e+01    2.5317198406e+00   -2.1510991785e+01    1.2800000000e+02    7.8775029997e-03    6.1523437500e-01
       113   -7.4307413071e+00    5.5388717805e+01   -1.3333578125e+01    5.9028368182e+00    2.9026989106e+00   -1.6236277036e+01    1.2800000000e+02    7.8586059999e-03    6.2988281250e-01
       114   -7.3764726919e+00    5.4593122000e+01   -1.5867833228e+01    8.4913605358e+00    2.6889329322e+00   -1.8556766160e+01    1.2800000000e+02    8.2997729996e-03    6.5673828125e-01
       115   -7.3800301941e+00    5.4630600454e+01   -1.4568742212e+01    7.1887120183e+00    2.5546007342e+00   -1.7123342947e+01    1.2800000000e+02    7.9511409995e-03    6.3916015625e-01
       116   -7.3680494710e+00    5.4440833699e+01   -1.1852833894e+01    4.4847844228e+00    2.5706845320e+00   -1.4423518426e+01    1.2800000000e+02    8.1265440003e-03    6.4697265625e-01
       117   -7.4872517605e+00    5.6285138116e+01   -1.6022212212e+01    8.5349604517e+00    2.4767148728e+00   -1.8498927085e+01    1.2800000000e+02    8.1185950003e-03    6.5625000000e-01
       118   -7.6428772479e+00    5.8607921307e+01   -2.4055756604e+01    1.6412879356e+01    2.3898485796e+00   -2.6445605183e+01    1.2800000000e+02    8.1083990008e-03    6.4208984375e-01
       119   -7.5746767649e+00    5.7745539107e+01   -1.8692417385e+01    1.1117740620e+01    2.8137239962e+00   -2.1506141381e+01    1.2800000000e+02    8.1639549999e-03    6.2939453125e-01
       120   -7.5111221000e+00    5.6620641310e+01   -1.3949748808e+01    6.4386267076e+00    2.3688061772e+00   -1.6318554985e+01    1.2800000000e+02    8.1154559994e-03    6.4208984375e-01
       121   -7.5312335499e+00    5.6952561369e+01   -1.5492524635e+01    7.9612910852e+00    2.9080300728e+00   -1.8400554708e+01    1.2800000000e+02    7.8366819998e-03    6.3037109375e-01
       122   -7.4849323083e+00    5.6192674014e+01   -1.2005367318e+01    4.5204350101e+00    2.5723118110e+00   -1.4577679129e+01    1.2800000000e+02    8.3675370006e-03    6.4843750000e-01
       123   -7.3819041622e+00    5.4631113246e+01   -1.2160619125e+01    4.7787149627e+00    2.9887267195e+00   -1.5149345844e+01    1.2800000000e+02    8.1162740007e-03    6.3085937500e-01
       124   -7.3836188007e+00    5.4735994360e+01   -1.3382455038e+01    5.9988362372e+00    2.8544957072e+00   -1.6236950745e+01    1.2800000000e+02    7.8843359997e-03    6.2792968750e-01
       125   -7.5078195772e+00    5.6627730595e+01   -1.6887085392e+01    9.3792658147e+00    2.5356414608e+00   -1.9422726853e+01    1.2800000000e+02    7.8876029993e-03    6.3818359375e-01
       126   -7.4327699626e+00    5.5505873192e+01   -1.4028399628e+01    6.5956296656e+00    2.8526828520e+00   -1.6881082480e+01    1.2800000000e+02    8.1937669993e-03    6.1474609375e-01
       127   -7.5785029441e+00    5.7693633149e+01   -1.7948075184e+01    1.0369572240e+01    2.7426422568e+00   -2.0690717441e+01    1.2800000000e+02    7.9706890001e-03    6.4892578125e-01
       128   -7.4153559621e+00    5.5140564923e+01   -1.3404149896e+01    5.9887939339e+00    2.8141201371e+00   -1.6218270033e+01    1.2800000000e+02    8.1761179999e-03    6.4306640625e-01
       129   -7.3706555177e+00    5.4460975244e+01   -1.5747234325e+01    8.3765788068e+00    2.6493577009e+00   -1.8396592025e+01    1.2800000000e+02    7.7427850001e-03    6.1181640625e-01
       130   -7.3721837575e+00    5.4565233902e+01   -1.3275888691e+01    5.9037049335e+00    2.6330099592e+00   -1.5908898650e+01    1.2800000000e+02    8.2833639999e-03    6.3964843750e-01
       131   -7.4919453780e+00    5.6332061712e+01   -1.4181425104e+01    6.6894797260e+00    2.6196527545e+00   -1.6801077859e+01    1.2800000000e+02    8.8439560004e-03    6.2988281250e-01
       132   -7.4636429177e+00    5.5974819746e+01   -2.0678542666e+01    1.3214899748e+01    3.1197034277e+00   -2.3798246093e+01    1.2800000000e+02    7.9898580007e-03    6.0400390625e-01
       133   -7.4763076743e+00    5.6126842855e+01   -1.1737948498e+01    4.2616408237e+00    2.4603885592e+00   -1.4198337057e+01    1.2800000000e+02    7.9639710002e-03    6.6064453125e-01
       134   -7.6859061046e+00    5.9523701814e+01   -1.6182562009e+01    8.4966559043e+00    2.6812700359e+00   -1.8863832045e+01    1.2800000000e+02    8.6655639998e-03    6.3574218750e-01
       135   -7.8269830798e+00    6.1718773625e+01   -1.5708892544e+01    7.8819094646e+00    2.7894020763e+00   -1.8498294621e+01    1.2800000000e+02    8.1166199998e-03    6.5869140625e-01
       136   -7.3702823050e+00    5.4436925602e+01   -1.1588828933e+01    4.2185466284e+00    2.6854538944e+00   -1.4274282828e+01    1.2800000000e+02    7.9566250006e-03    6.6259765625e-01
       137   -7.4071188378e+00    5.5008070937e+01   -1.2637827584e+01    5.2307087466e+00    2.5488248958e+00   -1.5186652480e+01    1.2800000000e+02    7.9525649999e-03    6.5039062500e-01
       138   -7.5936712380e+00    5.7974696203e+01   -1.7275200016e+01    9.6815287778e+00    3.0316927111e+00   -2.0306892727e+01    1.2800000000e+02    8.0943210005e-03    6.2109375000e-01
       139   -7.4581177327e+00    5.5836441382e+01   -1.4738736719e+01    7.2806189866e+00    3.0485609202e+00   -1.7787297640e+01    1.2800000000e+02    8.0222350007e-03    6.4648437500e-01
       140   -7.4930323839e+00    5.6515485215e+01   -1.4356888181e+01    6.8638557971e+00    2.5895308852e+00   -1.6946419066e+01    1.2800000000e+02    7.9643089994e-03    6.4697265625e-01
       141   -7.4487065014e+00    5.5617128860e+01   -1.1475397774e+01    4.0266912722e+00    2.3945598417e+00   -1.3869957615e+01    1.2800000000e+02    8.1139459999e-03    6.5478515625e-01
       142   -7.4120456713e+00    5.5080150764e+01   -1.3050632678e+01    5.6385870068e+00    2.5026096489e+00   -1.5553242327e+01    1.2800000000e+02    8.1795269998e-03    6.5869140625e-01
       143   -7.5312184485e+00    5.7052366343e+01   -1.4576029486e+01    7.0448110371e+00    2.4252951525e+00   -1.7001324638e+01    1.2800000000e+02    7.9324959997e-03    6.4208984375e-01
       144   -7.4536228554e+00    5.5743554546e+01   -2.1021140220e+01    1.3567517365e+01    2.7076502335e+00   -2.3728790454e+01    1.2800000000e+02    7.9192809999e-03    6.4892578125e-01
       145   -7.4290018083e+00    5.5409609691e+01   -1.1575167250e+01    4.1461654418e+00    2.5150176396e+00   -1.4090184890e+01    1.2800000000e+02    7.9360199998e-03    6.5136718750e-01
       146   -7.4488797426e+00    5.5731813181e+01   -1.6494505927e+01    9.0456261841e+00    3.1167488252e+00   -1.9611254752e+01    1.2800000000e+02    8.0143340001e-03    6.2695312500e-01
       147   -7.3306392078e+00    5.3839680279e+01   -1.1174938564e+01    3.8442993558e+00    2.4642617818e+00   -1.3639200346e+01    1.2800000000e+02    8.2095640000e-03    6.4404296875e-01
       148   -7.4645604556e+00    5.5899498447e+01   -1.3271200577e+01    5.8066401210e+00    2.3369562715e+00   -1.5608156848e+01    1.2800000000e+02    7.7850390007e-03    6.4355468750e-01
       149   -7.3803476804e+00    5.4726526602e+01   -1.4844945087e+01    7.4645974066e+00    2.7703252531e+00   -1.7615270340e+01    1.2800000000e+02    7.8482660001e-03    6.3769531250e-01
       150   -7.4268295329e+00    5.5268039176e+01   -1.1178208483e+01    3.7513789498e+00    2.5653343155e+00   -1.3743542798e+01    1.2800000000e+02    7.9947380000e-03    6.5332031250e-01
       151   -7.4112777891e+00    5.5142428552e+01   -1.6366025323e+01    8.9547475341e+00    2.6421259929e+00   -1.9008151316e+01    1.2800000000e+02    8.2157990000e-03    6.4794921875e-01
       152   -7.6090006184e+00    5.8150555639e+01   -1.7117875549e+01    9.5088749306e+00    2.4757303271e+00   -1.9593605876e+01    1.2800000000e+02    7.9678550001e-03    6.6064453125e-01
       153   -7.5088853497e+00    5.6612610999e+01   -2.1727726414e+01    1.4218841065e+01    2.8223738883e+00   -2.4550100303e+01    1.2800000000e+02    8.1953540002e-03    6.2500000000e-01
       154   -7.3562390204e+00    5.4254521124e+01   -1.2430341985e+01    5.0741029644e+00    2.6559834297e+00   -1.5086325414e+01    1.2800000000e+02    8.8885800005e-03    6.3769531250e-01
       155   -7.5365585397e+00    5.7000063378e+01   -1.4456545564e+01    6.9199870243e+00    2.7409382856e+00   -1.7197483850e+01    1.2800000000e+02    8.4381199995e-03    6.2695312500e-01
       156   -7.5490873638e+00    5.7227430639e+01   -1.6707282168e+01    9.1581948039e+00    2.6174028299e+00   -1.9324684998e+01    1.2800000000e+02    7.8573320006e-03    6.4453125000e-01
       157   -7.4652905071e+00    5.5959248056e+01   -2.7041061062e+01    1.9575770555e+01    2.8929574109e+00   -2.9934018473e+01    1.2800000000e+02    8.1956399999e-03    6.4355468750e-01
       158   -7.4575386371e+00    5.5865147631e+01   -1.8687378355e+01    1.1229839718e+01    2.9259334742e+00   -2.1613311829e+01    1.2800000000e+02    7.8222840002e-03    6.2548828125e-01
       159   -7.4050695953e+00    5.4988398691e+01   -1.4813882124e+01    7.4088125282e+00    2.7382964743e+00   -1.7552178598e+01    1.2800000000e+02    8.3301279992e-03    6.2109375000e-01
       160   -7.4075150527e+00    5.5068364627e+01   -1.3797407122e+01    6.3898920697e+00    2.6333320647e+00   -1.6430739187e+01    1.2800000000e+02    7.8267560002e-03    6.3378906250e-01
       161   -7.4570496709e+00    5.5827488975e+01   -1.3658222453e+01    6.2011727821e+00    2.6987139766e+00   -1.6356936430e+01    1.2800000000e+02    7.8843140000e-03    6.3574218750e-01
       162   -7.4528331623e+00    5.5680007278e+01   -1.9141595885e+01    1.1688762723e+01    2.6037988295e+00   -2.1745394715e+01    1.2800000000e+02    7.7911509998e-03    6.2988281250e-01
       163   -7.4384561254e+00    5.5443606276e+01   -1.1323946988e+01    3.8854908624e+00    2.4155766796e+00   -1.3739523667e+01    1.2800000000e+02    8.1912679998e-03    6.6894531250e-01
       164   -7.3938763588e+00    5.4859680891e+01   -1.1395348499e+01    4.0014721397e+00    2.5440058745e+00   -1.3939354373e+01    1.2800000000e+02    7.9762640007e-03    6.6113281250e-01
       165   -7.5408726826e+00    5.7084007464e+01   -1.3486325167e+01    5.9454524839e+00    2.8040147998e+00   -1.6290339966e+01    1.2800000000e+02    7.9136149998e-03    6.3623046875e-01
       166   -7.4323483186e+00    5.5400761406e+01   -1.5295969722e+01    7.8636214031e+00    2.4834491533e+00   -1.7779418875e+01    1.2800000000e+02    8.0164769997e-03    6.3183593750e-01
       167   -7.6014187780e+00    5.8192168963e+01   -2.6269035133e+01    1.8667616355e+01    3.1213949923e+00   -2.9390430125e+01    1.2800000000e+02    8.0959059997e-03    6.1816406250e-01
       168   -7.4850347189e+00    5.6168996418e+01   -1.7228860784e+01    9.7438260649e+00    2.4570587232e+00   -1.9685919507e+01    1.2800000000e+02    8.0123799999e-03    6.4794921875e-01
       169   -7.5005455462e+00    5.6593429009e+01   -1.6157442957e+01    8.6568974110e+00    2.9267070041e+00   -1.9084149961e+01    1.2800000000e+02    7.9582070002e-03    6.2158203125e-01
       170   -7.5876051682e+00    5.7837568467e+01   -2.2048913107e+01    1.4461307938e+01    2.9369159343e+00   -2.4985829041e+01    1.2800000000e+02    7.8050100001e-03    6.2207031250e-01
       171   -7.2870211421e+00    5.3288763514e+01   -1.3626766242e+01    6.3397450999e+00    2.8075021309e+00   -1.6434268373e+01    1.2800000000e+02    7.9795089996e-03    6.4062500000e-01
       172   -7.4610551659e+00    5.5881999888e+01   -1.2894382454e+01    5.4333272877e+00    2.9070355493e+00   -1.5801418003e+01    1.2800000000e+02    8.2493809996e-03    6.3623046875e-01
       173   -7.3922451317e+00    5.4787858491e+01   -1.3516780157e+01    6.1245350255e+00    2.6540417726e+00   -1.6170821930e+01    1.2800000000e+02    7.9169900000e-03    6.3916015625e-01
       174   -7.5689976265e+00    5.7491681660e+01   -1.3975739087e+01    6.4067414601e+00    2.3565234044e+00   -1.6332262491e+01    1.2800000000e+02    9.1377709996e-03    6.4355468750e-01
       175   -7.4013225836e+00    5.4987634492e+01   -1.8312799116e+01    1.0911476532e+01    2.5556850058e+00   -2.0868484122e+01    1.2800000000e+02    8.2494740000e-03    6.1865234375e-01
       176   -7.3665548110e+00    5.4427488691e+01   -1.3050242727e+01    5.6836879158e+00    2.6172349893e+00   -1.5667477716e+01    1.2800000000e+02    8.6065000005e-03    6.3330078125e-01
       177   -7.4197355229e+00    5.5250753127e+01   -1.3328246081e+01    5.9085105581e+00    3.1727771647e+00   -1.6501023246e+01    1.2800000000e+02    8.3150760001e-03    6.4208984375e-01
       178   -7.3984979056e+00    5.4958437945e+01   -1.1981276563e+01    4.5827786570e+00    2.5920549756e+00   -1.4573331538e+01    1.2800000000e+02    8.1937549994e-03    6.6015625000e-01
       179   -7.3113675051e+00    5.3593066054e+01   -1.2289614229e+01    4.9782467243e+00    2.5111496606e+00   -1.4800763890e+01    1.2800000000e+02    8.0404670007e-03    6.3281250000e-01
       180   -7.4292478673e+00    5.5421694911e+01   -1.8145397157e+01    1.0716149290e+01    2.3495489167e+00   -2.0494946074e+01    1.2800000000e+02    7.8230909994e-03    6.2255859375e-01
       181   -7.3937882497e+00    5.4819596763e+01   -1.5823609240e+01    8.4298209899e+00    2.5356644687e+00   -1.8359273708e+01    1.2800000000e+02    7.8477440002e-03    6.2158203125e-01
       182   -7.5491705556e+00    5.7358461096e+01   -1.4929669214e+01    7.3804986587e+00    2.7542109604e+00   -1.7683880175e+01    1.2800000000e+02    7.9011749995e-03    6.1816406250e-01
       183   -7.4139906372e+00    5.5173096568e+01   -1.3034945565e+01    5.6209549280e+00    2.6753010751e+00   -1.5710246640e+01    1.2800000000e+02    8.0037060006e-03    6.4404296875e-01
       184   -7.3853454569e+00    5.4684714556e+01   -1.2514097172e+01    5.1287517149e+00    2.4597399147e+00   -1.4973837087e+01    1.2800000000e+02    8.6376339996e-03    6.4404296875e-01
       185   -7.4386200617e+00    5.5472157850e+01   -1.4033458636e+01    6.5948385743e+00    2.5520334051e+00   -1.6585492041e+01    1.2800000000e+02    8.0792590006e-03    6.5673828125e-01
       186   -7.4833808132e+00    5.6182175694e+01   -1.3146980141e+01    5.6635993275e+00    2.4082432554e+00   -1.5555223396e+01    1.2800000000e+02    7.8573159999e-03    6.4453125000e-01
       187   -7.5209136862e+00    5.6810410679e+01   -1.4921421054e+01    7.4005073676e+00    2.7137609860e+00   -1.7635182040e+01    1.2800000000e+02    7.9680979998e-03    6.0839843750e-01
       188   -7.4918842918e+00    5.6326549047e+01   -1.6741410042e+01    9.2495257500e+00    2.5693651660e+00   -1.9310775208e+01    1.2800000000e+02    8.1043230002e-03    6.3378906250e-01
       189   -7.4729248496e+00    5.6051765436e+01   -1.3460089546e+01    5.9871646963e+00    2.6389615829e+00   -1.6099051129e+01    1.2800000000e+02    7.8589670002e-03    6.3671875000e-01
       190   -7.3582045277e+00    5.4262271455e+01   -1.2284760850e+01    4.9265563220e+00    2.5672775512e+00   -1.4852038401e+01    1.2800000000e+02    7.8954990004e-03    6.3134765625e-01
       191   -7.3117719956e+00    5.3622087406e+01   -1.2711436197e+01    5.3996642012e+00    2.5641749849e+00   -1.5275611182e+01    1.2800000000e+02    8.1353810001e-03    6.3330078125e-01
       192   -7.4381731061e+00    5.5550948647e+01   -1.6135068050e+01    8.6968949442e+00    2.5772747114e+00   -1.8712342762e+01    1.2800000000e+02    8.2198740001e-03    6.5136718750e-01
       193   -7.5908541313e+00    5.8000087804e+01   -1.3895989950e+01    6.3051358190e+00    2.6461213717e+00   -1.6542111322e+01    1.2800000000e+02    7.8517049997e-03    6.2500000000e-01
       194   -7.4286368056e+00    5.5401852812e+01   -1.9449613202e+01    1.2020976397e+01    2.5906677309e+00   -2.2040280933e+01    1.2800000000e+02    8.0338179996e-03    6.4794921875e-01
       195   -7.4769083840e+00    5.6101206204e+01   -1.1934961950e+01    4.4580535664e+00    2.6865624034e+00   -1.4621524354e+01    1.2800000000e+02    8.1398410002e-03    6.4599609375e-01
       196   -7.4993690390e+00    5.6462344656e+01   -1.2924284651e+01    5.4249156124e+00    2.5386114011e+00   -1.5462896053e+01    1.2800000000e+02    8.4179810001e-03    6.4599609375e-01
       197   -7.3268873290e+00    5.3875095143e+01   -1.2811749424e+01    5.4848620954e+00    2.6777130551e+00   -1.5489462480e+01    1.2800000000e+02    8.2111060001e-03    6.5771484375e-01
       198   -7.4505008711e+00    5.5794750968e+01   -1.5535540887e+01    8.0850400155e+00    2.2654300154e+00   -1.7800970902e+01    1.2800000000e+02    7.9322910005e-03    6.4111328125e-01
       199   -7.6250591545e+00    5.8547684656e+01   -1.5287405991e+01    7.6623468365e+00    2.4654133678e+00   -1.7752819359e+01    1.2800000000e+02    9.1205669996e-03    6.5966796875e-01
       200   -7.6434854291e+00    5.8691669383e+01   -1.5862342926e+01    8.2188574968e+00    3.1538394962e+00   -1.9016182422e+01    1.2800000000e+02    8.3631769994e-03    6.3427734375e-01
       201   -7.3711538651e+00    5.4409255120e+01   -1.0081979878e+01    2.7108260130e+00    2.1821033957e+00   -1.2264083274e+01    1.2800000000e+02    7.9853820007e-03    6.6601562500e-01
       202   -7.5597404483e+00    5.7400181403e+01   -2.6673735568e+01    1.9113995120e+01    2.4480472239e+00   -2.9121782792e+01    1.2800000000e+02    8.0151010006e-03    6.3867187500e-01
       203   -7.3527916591e+00    5.4205031955e+01   -1.4988145201e+01    7.6353535421e+00    2.3296463341e+00   -1.7317791535e+01    1.2800000000e+02    7.8300870000e-03    6.3574218750e-01
       204   -7.5587783716e+00    5.7353519091e+01   -1.3948110885e+01    6.3893325135e+00    2.4796396164e+00   -1.6427750502e+01    1.2800000000e+02    8.0335610000e-03    6.2255859375e-01
       205   -7.3801516651e+00    5.4594145289e+01   -1.2456981292e+01    5.0768296270e+00    2.2667107561e+00   -1.4723692048e+01    1.2800000000e+02    7.7435359999e-03    6.2402343750e-01
       206   -7.3781667662e+00    5.4643153986e+01   -1.2052519792e+01    4.6743530260e+00    2.5137062391e+00   -1.4566226031e+01    1.2800000000e+02    7.9572819996e-03    6.4794921875e-01
       207   -7.4040147673e+00    5.5049303080e+01   -1.8067576016e+01    1.0663561249e+01    2.6330547506e+00   -2.0700630767e+01    1.2800000000e+02    7.7754589993e-03    6.3867187500e-01
       208   -7.3884535651e+00    5.4774109617e+01   -1.4699527874e+01    7.3110743091e+00    2.6951488924e+00   -1.7394676767e+01    1.2800000000e+02    8.0179380002e-03    6.3818359375e-01
       209   -7.3909912744e+00    5.4800529431e+01   -1.4451250174e+01    7.0602588997e+00    2.8006691101e+00   -1.7251919284e+01    1.2800000000e+02    8.2734470006e-03    6.3525390625e-01
       210   -7.4339884273e+00    5.5432523701e+01   -1.4167525513e+01    6.7335370854e+00    2.4921259525e+00   -1.6659651465e+01    1.2800000000e+02    8.0425119995e-03    6.5478515625e-01
       211   -7.4696765068e+00    5.5949238427e+01   -1.3838674375e+01    6.3689978685e+00    2.3312882857e+00   -1.6169962661e+01    1.2800000000e+02    7.9922030000e-03    6.4843750000e-01
       212   -7.3592182882e+00    5.4318950023e+01   -1.5721116848e+01    8.3618985600e+00    2.7481692481e+00   -1.8469286096e+01    1.2800000000e+02    8.2247560003e-03    6.4843750000e-01
       213   -7.4703130000e+00    5.5934270740e+01   -1.3840996840e+01    6.3706838404e+00    2.3285450208e+00   -1.6169541861e+01    1.2800000000e+02    8.1287240000e-03    6.6796875000e-01
       214   -7.4674729026e+00    5.6053673523e+01   -1.4196200539e+01    6.7287276368e+00    2.8419548907e+00   -1.7038155430e+01    1.2800000000e+02    8.0561610002e-03    6.3476562500e-01
       215   -7.3064429737e+00    5.3534072735e+01   -1.1478062913e+01    4.1716199388e+00    2.6092011278e+00   -1.4087264040e+01    1.2800000000e+02    7.9997910007e-03    6.3916015625e-01
       216   -7.4134962050e+00    5.5127914955e+01   -1.6098163078e+01    8.6846668732e+00    2.6251294290e+00   -1.8723292507e+01    1.2800000000e+02    8.1249670002e-03    6.2060546875e-01
       217   -7.5553295076e+00    5.7383952390e+01   -1.4459641059e+01    6.9043115518e+00    2.6526949855e+00   -1.7112336045e+01    1.2800000000e+02    8.1629580000e-03    6.4062500000e-01
       218   -7.4228849478e+00    5.5289314782e+01   -1.3737558918e+01    6.3146739697e+00    2.6476906980e+00   -1.6385249616e+01    1.2800000000e+02    7.8906110002e-03    6.4599609375e-01
       219   -7.4244006756e+00    5.5320720073e+01   -1.5265735138e+01    7.8413344622e+00    2.5821800707e+00   -1.7847915209e+01    1.2800000000e+02    8.1845519999e-03    6.4550781250e-01
       220   -7.3940513742e+00    5.4926643433e+01   -1.8300678523e+01    1.0906627148e+01    2.7662169597e+00   -2.1066895482e+01    1.2800000000e+02    8.0925379998e-03    6.2841796875e-01
       221   -7.5379596817e+00    5.7065208560e+01   -1.4316087290e+01    6.7781276084e+00    2.5997726131e+00   -1.6915859903e+01    1.2800000000e+02    8.2108930001e-03    6.3671875000e-01
       222   -7.4244841233e+00    5.5463479594e+01   -1.5675389363e+01    8.2509052401e+00    2.7614978917e+00   -1.8436887255e+01    1.2800000000e+02    9.1583909998e-03    6.1767578125e-01
       223   -7.6928903307e+00    5.9486655085e+01   -1.8391069720e+01    1.0698179389e+01    3.0396201568e+00   -2.1430689877e+01    1.2800000000e+02    8.0482379999e-03    6.4013671875e-01
       224   -7.3610368004e+00    5.4423008817e+01   -2.0392706819e+01    1.3031670019e+01    2.7765436813e+00   -2.3169250501e+01    1.2800000000e+02    8.2602579996e-03    6.2011718750e-01
       225   -7.5049422345e+00    5.6638462759e+01   -1.5675863559e+01    8.1709213241e+00    2.9505906008e+00   -1.8626454159e+01    1.2800000000e+02    8.2417989997e-03    6.2695312500e-01
       226   -7.4679537381e+00    5.5934262101e+01   -1.2007982811e+01    4.5400290727e+00    2.5457642875e+00   -1.4553747098e+01    1.2800000000e+02    7.8785559999e-03    6.5087890625e-01
       227   -7.5264103711e+00    5.6936178085e+01   -1.5357990083e+01    7.8315797115e+00    2.3504505031e+00   -1.7708440586e+01    1.2800000000e+02    7.9909469996e-03    6.5136718750e-01
       228   -7.5690398198e+00    5.7675758168e+01   -1.4462145645e+01    6.8931058255e+00    2.4719789054e+00   -1.6934124551e+01    1.2800000000e+02    8.2561290001e-03    6.3427734375e-01
       229   -7.5135233277e+00    5.6675576242e+01   -1.5995679610e+01    8.4821562821e+00    2.7689889282e+00   -1.8764668538e+01    1.2800000000e+02    7.9954740004e-03    6.4160156250e-01
       230   -7.4261609318e+00    5.5317087377e+01   -1.3308369655e+01    5.8822087229e+00    2.7584208814e+00   -1.6066790536e+01    1.2800000000e+02    8.0548540009e-03    6.4550781250e-01
       231   -7.6537583397e+00    5.8993743860e+01   -2.1150925023e+01    1.3497166684e+01    2.8509754190e+00   -2.4001900442e+01    1.2800000000e+02    7.6718939999e-03    6.0498046875e-01
       232   -7.3916301135e+00    5.4801300485e+01   -1.2833715817e+01    5.4420857038e+00    2.5782031023e+00   -1.5411918920e+01    1.2800000000e+02    7.9610220000e-03    6.2988281250e-01
       233   -7.6346427153e+00    5.8551169405e+01   -1.4876296421e+01    7.2416537056e+00    2.3931798104e+00   -1.7269476231e+01    1.2800000000e+02    8.4334330004e-03    6.3964843750e-01
       234   -7.4159207960e+00    5.5309871830e+01   -1.4146164940e+01    6.7302441442e+00    2.8882164028e+00   -1.7034381343e+01    1.2800000000e+02    8.0581909997e-03    6.4208984375e-01
       235   -7.4665370597e+00    5.5955040985e+01   -1.5145113778e+01    7.6785767182e+00    2.7118832722e+00   -1.7856997050e+01    1.2800000000e+02    7.8162270001e-03    6.2597656250e-01
       236   -7.4580645862e+00    5.5731164663e+01   -1.3417184971e+01    5.9591203851e+00    2.5593971472e+00   -1.5976582118e+01    1.2800000000e+02    8.0672529994e-03    6.6601562500e-01
       237   -7.5387634881e+00    5.7102237948e+01   -1.9294162808e+01    1.1755399320e+01    2.8162668690e+00   -2.2110429677e+01    1.2800000000e+02    8.0810400004e-03    6.2207031250e-01
       238   -7.5679126094e+00    5.7619698146e+01   -1.6126194911e+01    8.5582823020e+00    2.6800344630e+00   -1.8806229374e+01    1.2800000000e+02    7.8482399995e-03    6.0986328125e-01
       239   -7.4671876108e+00    5.5873817428e+01   -1.4333065541e+01    6.8658779299e+00    2.2321316632e+00   -1.6565197204e+01    1.2800000000e+02    7.8443840002e-03    6.4404296875e-01
       240   -7.3942413624e+00    5.4919884610e+01   -1.4662977341e+01    7.2687359790e+00    2.4039369137e+00   -1.7066914255e+01    1.2800000000e+02    8.0198890000e-03    6.5673828125e-01
       241   -7.4517638630e+00    5.5696299427e+01   -1.1929319365e+01    4.4775555022e+00    2.4815375864e+00   -1.4410856952e+01    1.2800000000e+02    8.3335310001e-03    6.6162109375e-01
       242   -7.4636545890e+00    5.5946272215e+01   -1.4824273426e+01    7.3606188366e+00    2.2755573422e+00   -1.7099830768e+01    1.2800000000e+02    7.9416820008e-03    6.4306640625e-01
       243   -7.5493371937e+00    5.7291242184e+01   -1.3689089369e+01    6.1397521751e+00    2.8856569905e+00   -1.6574746359e+01    1.2800000000e+02    7.8826630006e-03    6.4501953125e-01
       244   -7.5016584314e+00    5.6393484098e+01   -1.7552624022e+01    1.0050965591e+01    2.8139995147e+00   -2.0366623537e+01    1.2800000000e+02    8.0890160007e-03    6.2939453125e-01
       245   -7.4256098067e+00    5.5383067656e+01   -1.4686201543e+01    7.2605917364e+00    2.7433317677e+00   -1.7429533311e+01    1.2800000000e+02    8.4319259995e-03    6.2744140625e-01
       246   -7.3955167381e+00    5.4868821427e+01   -1.2408160820e+01    5.0126440823e+00    2.1235092633e+00   -1.4531670084e+01    1.2800000000e+02    8.0493400001e-03    6.6210937500e-01
       247   -7.3961118758e+00    5.4867453927e+01   -1.5651621696e+01    8.2555098205e+00    2.4534134559e+00   -1.8105035152e+01    1.2800000000e+02    8.2599870002e-03    6.3476562500e-01
       248   -7.3560352466e+00    5.4241888632e+01   -1.2010262875e+01    4.6542276283e+00    2.5058783407e+00   -1.4516141216e+01    1.2800000000e+02    8.0187279991e-03    6.4257812500e-01
       249   -7.3619944831e+00    5.4409860639e+01   -1.2353687323e+01    4.9916928404e+00    2.9413037824e+00   -1.5294991106e+01    1.2800000000e+02    8.3101380005e-03    6.2695312500e-01
       250   -7.5106092220e+00    5.6645262356e+01   -1.4458372279e+01    6.9477630567e+00    2.5439685891e+00   -1.7002340868e+01    1.2800000000e+02    8.0315449995e-03    6.2988281250e-01
       251   -7.2882234054e+00    5.3270156415e+01   -1.2711017597e+01    5.4227941911e+00    2.6388222439e+00   -1.5349839840e+01    1.2800000000e+02    7.8408410000e-03    6.4111328125e-01
       252   -7.4303507116e+00    5.5307190681e+01   -1.3567255827e+01    6.1369051155e+00    2.2083788139e+00   -1.5775634641e+01    1.2800000000e+02    7.9247160002e-03    6.5234375000e-01
       253   -7.5829785945e+00    5.7874713958e+01   -1.2761666815e+01    5.1786882203e+00    2.2723407487e+00   -1.5034007563e+01    1.2800000000e+02    8.2219600008e-03    6.5869140625e-01
       254   -7.4875054303e+00    5.6215135459e+01   -1.9050176795e+01    1.1562671365e+01    2.6315008038e+00   -2.1681677599e+01    1.2800000000e+02    8.1547950003e-03    6.2792968750e-01
       255   -7.4063332845e+00    5.4977558104e+01   -1.8337759253e+01    1.0931425969e+01    2.6367547616e+00   -2.0974514015e+01    1.2800000000e+02    7.8763730007e-03    6.3330078125e-01
       256   -7.4357208987e+00    5.5530098548e+01   -1.3667604803e+01    6.2318839046e+00    2.7961102870e+00   -1.6463715090e+01    1.2800000000e+02    8.0048650007e-03    6.4160156250e-01
       257   -7.4225963344e+00    5.5258001502e+01   -1.3373177253e+01    5.9505809187e+00    2.6222480501e+00   -1.5995425303e+01    1.2800000000e+02    8.1635060005e-03    6.3964843750e-01
       258   -7.5296930330e+00    5.6900977587e+01   -1.3172479072e+01    5.6427860391e+00    2.2576037763e+00   -1.5430082848e+01    1.2800000000e+02    8.1586640008e-03    6.3525390625e-01
       259   -7.5481606559e+00    5.7167026483e+01   -1.5627255506e+01    8.0790948504e+00    2.6269849101e+00   -1.8254240416e+01    1.2800000000e+02    7.9816369998e-03    6.4550781250e-01
       260   -7.4897497605e+00    5.6307068829e+01   -1.1539818877e+01    4.0500691168e+00    2.3850610115e+00   -1.3924879889e+01    1.2800000000e+02    8.1218030000e-03    6.5478515625e-01
       261   -7.4511881114e+00    5.5831834720e+01   -1.3782157501e+01    6.3309693899e+00    2.5890966139e+00   -1.6371254115e+01    1.2800000000e+02    7.9548719996e-03    6.4453125000e-01
       262   -7.4340674718e+00    5.5401967777e+01   -1.4949299249e+01    7.5152317773e+00    2.7025140990e+00   -1.7651813348e+01    1.2800000000e+02    7.9363270006e-03    6.3427734375e-01
       263   -7.3600304579e+00    5.4262703879e+01   -1.2875458068e+01    5.5154276100e+00    2.7980516914e+00   -1.5673509759e+01    1.2800000000e+02    7.9782089997e-03    6.3281250000e-01
       264   -7.3329813348e+00    5.3903173342e+01   -1.3110196248e+01    5.7772149132e+00    2.3190850242e+00   -1.5429281272e+01    1.2800000000e+02    7.8478249998e-03    6.3964843750e-01
       265   -7.5992421688e+00    5.7894808021e+01   -1.6383529195e+01    8.7842870263e+00    2.6848537884e+00   -1.9068382984e+01    1.2800000000e+02    8.0056700008e-03    6.2744140625e-01
       266   -7.5557409928e+00    5.7550119280e+01   -1.6918000030e+01    9.3622590375e+00    2.7546650604e+00   -1.9672665091e+01    1.2800000000e+02    1.3425556000e-02    6.2548828125e-01
       267   -7.5046293372e+00    5.6433247949e+01   -1.2575022234e+01    5.0703928968e+00    2.4625123505e+00   -1.5037534585e+01    1.2800000000e+02    1.2078353000e-02    6.4648437500e-01
       268   -7.4963099841e+00    5.6524691268e+01   -1.9595160305e+01    1.2098850320e+01    2.8212197145e+00   -2.2416380019e+01    1.2800000000e+02    9.5689190002e-03    6.2353515625e-01
       269   -7.6681961401e+00    5.9221245803e+01   -1.4882946504e+01    7.2147503642e+00    2.4988139188e+00   -1.7381760423e+01    1.2800000000e+02    1.1415185000e-02    6.3964843750e-01
       270   -7.3852211036e+00    5.4724967698e+01   -1.2672472449e+01    5.2872513456e+00    2.5167348026e+00   -1.5189207252e+01    1.2800000000e+02    8.1139799995e-03    6.4990234375e-01
       271   -7.7075486491e+00    5.9758767210e+01   -1.6338059523e+01    8.6305108740e+00    2.4204182791e+00   -1.8758477802e+01    1.2800000000e+02    7.7603950003e-03    6.2646484375e-01
       272   -7.6690736126e+00    5.9237734298e+01   -1.7694205534e+01    1.0025131922e+01    2.3575125206e+00   -2.0051718055e+01    1.2800000000e+02    8.1578829995e-03    6.1962890625e-01
       273   -7.4980272609e+00    5.6457964358e+01   -1.4928315730e+01    7.4302884691e+00    3.0875602484e+00   -1.8015875978e+01    1.2800000000e+02    7.8781069997e-03    6.2988281250e-01
       274   -7.4097089944e+00    5.5051359524e+01   -1.8818940067e+01    1.1409231073e+01    2.6453544279e+00   -2.1464294495e+01    1.2800000000e+02    7.9057950006e-03    6.3183593750e-01
       275   -7.4113797644e+00    5.5119528962e+01   -1.5725001515e+01    8.3136217502e+00    2.9363218410e+00   -1.8661323356e+01    1.2800000000e+02    7.8663910008e-03    6.3232421875e-01
       276   -7.5897973549e+00    5.8016622875e+01   -1.4887109344e+01    7.2973119892e+00    3.3476393583e+00   -1.8234748702e+01    1.2800000000e+02    8.2102470005e-03    6.1962890625e-01
       277   -7.4456427605e+00    5.5598534234e+01   -1.5376909586e+01    7.9312668254e+00    2.6629069548e+00   -1.8039816541e+01    1.2800000000e+02    8.2390359994e-03    6.5429687500e-01
       278   -7.2994235622e+00    5.3456169048e+01   -1.3430673831e+01    6.1312502693e+00    3.2197805975e+00   -1.6650454429e+01    1.2800000000e+02    7.9144530000e-03    6.2597656250e-01
       279   -7.4750032969e+00    5.5983711092e+01   -1.1304030213e+01    3.8290269159e+00    2.4510755082e+00   -1.3755105721e+01    1.2800000000e+02    8.0309410005e-03    6.7236328125e-01
       280   -7.4761928648e+00    5.6209285876e+01   -1.3649465220e+01    6.1732723548e+00    2.6240522247e+00   -1.6273517444e+01    1.2800000000e+02    8.1454980000e-03    6.4111328125e-01
       281   -7.4622731146e+00    5.5858348343e+01   -1.1734830914e+01    4.2725577990e+00    2.4366939742e+00   -1.4171524888e+01    1.2800000000e+02    7.9993760000e-03    6.5966796875e-01
       282   -7.2951777718e+00    5.3366893162e+01   -1.4115181022e+01    6.8200032505e+00    2.8233171631e+00   -1.6938498185e+01    1.2800000000e+02    8.1354479998e-03    6.2646484375e-01
       283   -7.3944307694e+00    5.4816340977e+01   -1.2114580767e+01    4.7201499975e+00    2.4556727033e+00   -1.4570253470e+01    1.2800000000e+02    8.2341770003e-03    6.6748046875e-01
       284   -7.3692585247e+00    5.4423844144e+01   -1.1111502885e+01    3.7422443606e+00    2.4735539114e+00   -1.3585056797e+01    1.2800000000e+02    7.9950929994e-03    6.5576171875e-01
       285   -7.4956541250e+00    5.6335258955e+01   -1.3507085128e+01    6.0114310033e+00    2.7093629944e+00   -1.6216448123e+01    1.2800000000e+02    8.0583389999e-03    6.4355468750e-01
       286   -7.4550714643e+00    5.5850215415e+01   -1.4403919903e+01    6.9488484386e+00    2.5664511155e+00   -1.6970371018e+01    1.2800000000e+02    7.7661949999e-03    6.2451171875e-01
       287   -7.4072506303e+00    5.5130515892e+01   -1.5740400030e+01    8.3331494002e+00    3.0408412514e+00   -1.8781241282e+01    1.2800000000e+02    7.8170570005e-03    6.0791015625e-01
       288   -7.5793672981e+00    5.7788555968e+01   -1.3806188185e+01    6.2268208874e+00    2.5988871790e+00   -1.6405075364e+01    1.2800000000e+02    8.1135060000e-03    6.4013671875e-01
       289   -7.4645352948e+00    5.5921588448e+01   -1.2300533107e+01    4.8359978120e+00    2.4087986523e+00   -1.4709331759e+01    1.2800000000e+02    9.2757559996e-03    6.4111328125e-01
       290   -7.4604045669e+00    5.5865046984e+01   -1.8526033776e+01    1.1065629209e+01    2.5738780792e+00   -2.1099911855e+01    1.2800000000e+02    7.9368259994e-03    6.4648437500e-01
       291   -7.4191971177e+00    5.5209690714e+01   -1.6107573720e+01    8.6883766021e+00    2.9067850169e+00   -1.9014358737e+01    1.2800000000e+02    7.9516709993e-03    6.2304687500e-01
       292   -7.5861793476e+00    5.7815467928e+01   -1.6714564814e+01    9.1283854665e+00    2.5520640340e+00   -1.9266628848e+01    1.2800000000e+02    7.8354610005e-03    6.4062500000e-01
       293   -7.4533441136e+00    5.5700401634e+01   -1.2083031986e+01    4.6296878720e+00    2.6181154192e+00   -1.4701147405e+01    1.2800000000e+02    8.2832519993e-03    6.5527343750e-01
       294   -7.4966360076e+00    5.6511932960e+01   -1.4056039103e+01    6.5594030951e+00    2.5064233921e+00   -1.6562462495e+01    1.2800000000e+02    7.8693380001e-03    6.3867187500e-01
       295   -7.5572916848e+00    5.7491456084e+01   -1.5498077758e+01    7.9407860727e+00    2.5614867395e+00   -1.8059564497e+01    1.2800000000e+02    8.3676240001e-03    6.0888671875e-01
       296   -7.5853312419e+00    5.7819643309e+01   -1.4654604469e+01    7.0692732272e+00    2.4678201115e+00   -1.7122424581e+01    1.2800000000e+02    8.5243840003e-03    6.3964843750e-01
       297   -7.6757515044e+00    5.9202238915e+01   -1.4113455787e+01    6.4377042821e+00    2.4808480946e+00   -1.6594303881e+01    1.2800000000e+02    1.0257993001e-02    6.6259765625e-01
       298   -7.3339114296e+00    5.3905313757e+01   -1.1782363505e+01    4.4484520750e+00    2.5778236637e+00   -1.4360187168e+01    1.2800000000e+02    7.9918520005e-03    6.4648437500e-01
       299   -7.2975378469e+00    5.3390915545e+01   -1.8309730048e+01    1.1012192201e+01    2.4139475871e+00   -2.0723677635e+01    1.2800000000e+02    8.1797659996e-03    6.4453125000e-01
       300   -7.2593577708e+00    5.2844635095e+01   -1.3989904168e+01    6.7305463969e+00    2.3996253482e+00   -1.6389529516e+01    1.2800000000e+02    7.9800240001e-03    6.4599609375e-01
       301   -7.5815677950e+00    5.7866663713e+01   -1.4777712859e+01    7.1961450635e+00    2.8668343944e+00   -1.7644547253e+01    1.2800000000e+02    8.1167360004e-03    6.4160156250e-01
       302   -7.5085447659e+00    5.6613874089e+01   -1.1908733445e+01    4.4001886790e+00    2.4989446725e+00   -1.4407678117e+01    1.2800000000e+02    8.1682929995e-03    6.5136718750e-01
       303   -7.4504015039e+00    5.5676832406e+01   -1.2350325831e+01    4.8999243270e+00    2.5942749748e+00   -1.4944600806e+01    1.2800000000e+02    8.1548970002e-03    6.4257812500e-01
       304   -7.5393755916e+00    5.7109533989e+01   -1.5377681567e+01    7.8383059755e+00    2.4861876649e+00   -1.7863869232e+01    1.2800000000e+02    8.0957630007e-03    6.3867187500e-01
       305   -7.6042306517e+00    5.8215366482e+01   -1.7267089386e+01    9.6628587347e+00    2.9215867818e+00   -2.0188676168e+01    1.2800000000e+02    9.9983380005e-03    6.1523437500e-01
       306   -7.3824127159e+00    5.4713332411e+01   -1.5221151513e+01    7.8387387966e+00    2.8681294900e+00   -1.8089281003e+01    1.2800000000e+02    7.9736420003e-03    6.2597656250e-01
       307   -7.4233481026e+00    5.5332028940e+01   -1.3627634462e+01    6.2042863596e+00    2.6734559424e+00   -1.6301090405e+01    1.2800000000e+02    8.7213529996e-03    6.1132812500e-01
       308   -7.4714161765e+00    5.6029683314e+01   -2.5138329172e+01    1.7666912996e+01    2.9954926225e+00   -2.8133821795e+01    1.2800000000e+02    7.9550319997e-03    6.1328125000e-01
       309   -7.6392533182e+00    5.8648953823e+01   -1.4667494274e+01    7.0282409559e+00    2.6158836283e+00   -1.7283377902e+01    1.2800000000e+02    9.7708900003e-03    6.4013671875e-01
       310   -7.3993219905e+00    5.4985151233e+01   -1.6294560361e+01    8.8952383707e+00    2.9861805688e+00   -1.9280740930e+01    1.2800000000e+02    8.1694030005e-03    6.2597656250e-01
       311   -7.6821409383e+00    5.9412733592e+01   -1.7794544807e+01    1.0112403869e+01    2.9929747232e+00   -2.0787519530e+01    1.2800000000e+02    8.4864230002e-03    6.1816406250e-01
       312   -7.3986232498e+00    5.4899215005e+01   -1.4360183221e+01    6.9615599712e+00    2.8754760356e+00   -1.7235659257e+01    1.2800000000e+02    9.4907149996e-03    6.2255859375e-01
       313   -7.4536697401e+00    5.5733736093e+01   -1.4150641296e+01    6.6969715563e+00    2.6963943719e+00   -1.6847035668e+01    1.2800000000e+02    8.7311319994e-03    6.4013671875e-01
       314   -7.4315208744e+00    5.5487501306e+01   -1.6348048409e+01    8.9165275346e+00    2.9866208718e+00   -1.9334669281e+01    1.2800000000e+02    8.1099950003e-03    6.2939453125e-01
       315   -7.4665719524e+00    5.5994391760e+01   -1.9286667595e+01    1.1820095642e+01    2.9254641668e+00   -2.2212131761e+01    1.2800000000e+02    8.0082770000e-03    6.1328125000e-01
       316   -7.3563180900e+00    5.4358446724e+01   -1.4946705871e+01    7.5903877814e+00    2.9776601386e+00   -1.7924366010e+01    1.2800000000e+02    1.0066584000e-02    6.1767578125e-01
       317   -7.5589774634e+00    5.7482951259e+01   -1.6078221998e+01    8.5192445344e+00    2.8433097757e+00   -1.8921531774e+01    1.2800000000e+02    7.8667099997e-03    6.2841796875e-01
       318   -7.4395192522e+00    5.5623628857e+01   -1.3795657367e+01    6.3561381147e+00    2.6942693695e+00   -1.6489926736e+01    1.2800000000e+02    8.2744040001e-03    6.3574218750e-01
       319   -7.6166132770e+00    5.8366161351e+01   -1.7195626211e+01    9.5790129343e+00    3.2077360586e+00   -2.0403362270e+01    1.2800000000e+02    8.2261950001e-03    6.2939453125e-01
       320   -7.6196666646e+00    5.8370593890e+01   -1.2757414459e+01    5.1377477943e+00    2.3438989030e+00   -1.5101313362e+01    1.2800000000e+02    1.0215589001e-02    6.6699218750e-01
       321   -7.4649840868e+00    5.5873113645e+01   -1.2221992584e+01    4.7570084975e+00    2.2994405219e+00   -1.4521433106e+01    1.2800000000e+02    8.1799809996e-03    6.5673828125e-01
       322   -7.3683921113e+00    5.4493477321e+01   -1.4202631457e+01    6.8342393457e+00    2.4799689841e+00   -1.6682600441e+01    1.2800000000e+02    8.1363380004e-03    6.2744140625e-01
       323   -7.4343412689e+00    5.5483380169e+01   -2.2679628915e+01    1.5245287646e+01    2.6254186368e+00   -2.5305047552e+01    1.2800000000e+02    8.0159159997e-03    6.4111328125e-01
       324   -7.5085039603e+00    5.6565424049e+01   -1.4282713956e+01    6.7742099962e+00    2.8072157161e+00   -1.7089929673e+01    1.2800000000e+02    8.2760900004e-03    6.2548828125e-01
       325   -7.4701019604e+00    5.6043028726e+01   -1.2578991406e+01    5.1088894458e+00    2.1084227469e+00   -1.4687414153e+01    1.2800000000e+02    8.3363739996e-03    6.4404296875e-01
       326   -7.4394456037e+00    5.5507128108e+01   -1.3814985869e+01    6.3755402650e+00    2.7009251726e+00   -1.6515911041e+01    1.2800000000e+02    8.0458120001e-03    6.5771484375e-01
       327   -7.4309428660e+00    5.5424350160e+01   -1.3172552422e+01    5.7416095560e+00    2.7445154265e+00   -1.5917067849e+01    1.2800000000e+02    7.9786220003e-03    6.4941406250e-01
       328   -7.4258653212e+00    5.5276478752e+01   -1.1711613566e+01    4.2857482451e+00    2.7542784436e+00   -1.4465892010e+01    1.2800000000e+02    8.3135149998e-03    6.5527343750e-01
       329   -7.5797087604e+00    5.7661134914e+01   -3.0749997109e+01    2.3170288349e+01    2.7929505464e+00   -3.3542947656e+01    1.2800000000e+02    7.8872380000e-03    6.1767578125e-01
       330   -7.4099436526e+00    5.5153836611e+01   -1.2513752945e+01    5.1038092923e+00    2.6545388707e+00   -1.5168291816e+01    1.2800000000e+02    8.0565159997e-03    6.4550781250e-01
       331   -7.5369034973e+00    5.7087084329e+01   -1.3314688689e+01    5.7777851921e+00    2.4428852407e+00   -1.5757573930e+01    1.2800000000e+02    8.1705390003e-03    6.4257812500e-01
       332   -7.5325679971e+00    5.6948585664e+01   -1.3491245717e+01    5.9586777195e+00    2.2256463069e+00   -1.5716892024e+01    1.2800000000e+02    8.4566109999e-03    6.4892578125e-01
       333   -7.5293175398e+00    5.6946127927e+01   -1.3911823584e+01    6.3825060442e+00    2.5627903292e+00   -1.6474613913e+01    1.2800000000e+02    9.0881119995e-03    6.4941406250e-01
       334   -7.4609570398e+00    5.5898445248e+01   -1.4513016741e+01    7.0520597015e+00    2.9111575174e+00   -1.7424174259e+01    1.2800000000e+02    8.2912939997e-03    6.1572265625e-01
       335   -7.4386716615e+00    5.5502275522e+01   -1.9549754411e+01    1.2111082750e+01    2.5232859698e+00   -2.2073040381e+01    1.2800000000e+02    8.0051210007e-03    6.4697265625e-01
       336   -7.4332067718e+00    5.5426876946e+01   -1.3110248869e+01    5.6770420970e+00    2.6064920130e+00   -1.5716740882e+01    1.2800000000e+02    8.8127470008e-03    6.2939453125e-01
       337   -7.3779826657e+00    5.4623168686e+01   -1.4176724381e+01    6.7987417148e+00    2.6233556279e+00   -1.6800080008e+01    1.2800000000e+02    8.8277470004e-03    6.3183593750e-01
       338   -7.4286501007e+00    5.5476639465e+01   -1.4110894118e+01    6.6822440174e+00    2.8483235042e+00   -1.6959217622e+01    1.2800000000e+02    7.9425840004e-03    6.3037109375e-01
       339   -7.4526833578e+00    5.5766714629e+01   -2.1357166914e+01    1.3904483556e+01    2.7229552396e+00   -2.4080122153e+01    1.2800000000e+02    7.8556620001e-03    6.2841796875e-01
       340   -7.5213197482e+00    5.6911836990e+01   -1.4513701541e+01    6.9923817929e+00    2.4597525776e+00   -1.6973454119e+01    1.2800000000e+02    7.9767299994e-03    6.3964843750e-01
       341   -7.4623643092e+00    5.5870687401e+01   -1.2122977801e+01    4.6606134921e+00    2.4983852257e+00   -1.4621363027e+01    1.2800000000e+02    7.9962350001e-03    6.4746093750e-01
       342   -7.3710124688e+00    5.4430856052e+01   -1.2063120982e+01    4.6921085129e+00    2.8275844439e+00   -1.4890705426e+01    1.2800000000e+02    7.8578739995e-03    6.3330078125e-01
       343   -7.4727880511e+00    5.6071856530e+01   -1.4091642063e+01    6.6188540122e+00    2.6780368563e+00   -1.6769678920e+01    1.2800000000e+02    8.0700070002e-03    6.1767578125e-01
       344   -7.4040386721e+00    5.5155227200e+01   -1.6285000173e+01    8.8809615011e+00    2.7637936868e+00   -1.9048793860e+01    1.2800000000e+02    7.8878059994e-03    5.9912109375e-01
       345   -7.6130301921e+00    5.8447375414e+01   -1.3609848905e+01    5.9968187125e+00    2.9173328276e+00   -1.6527181732e+01    1.2800000000e+02    8.1157440000e-03    6.5478515625e-01
       346   -7.3344099889e+00    5.3983348324e+01   -1.4707565065e+01    7.3731550762e+00    2.7421131242e+00   -1.7449678189e+01    1.2800000000e+02    8.2358780001e-03    6.2109375000e-01
       347   -7.4421655215e+00    5.5578510548e+01   -1.2976057671e+01    5.5338921491e+00    2.9288083012e+00   -1.5904865972e+01    1.2800000000e+02    7.9775569993e-03    6.3574218750e-01
       348   -7.3481297607e+00    5.4092421358e+01   -1.2354342334e+01    5.0062125738e+00    2.5538254316e+00   -1.4908167766e+01    1.2800000000e+02    8.2905669997e-03    6.4355468750e-01
       349   -7.4368235910e+00    5.5460695992e+01   -1.1941080159e+01    4.5042565684e+00    2.4384048821e+00   -1.4379485042e+01    1.2800000000e+02    8.3492029999e-03    6.6162109375e-01
       350   -7.4759411682e+00    5.6012830150e+01   -1.3046116167e+01    5.5701749983e+00    2.6218838623e+00   -1.5668000029e+01    1.2800000000e+02    8.1017580005e-03    6.6601562500e-01
       351   -7.3931735303e+00    5.4779889346e+01   -1.2020082160e+01    4.6269086296e+00    2.3673680326e+00   -1.4387450193e+01    1.2800000000e+02    8.0270540002e-03    6.7138671875e-01
       352   -7.3444110492e+00    5.4087103761e+01   -1.6024803624e+01    8.6803925753e+00    2.7435100545e+00   -1.8768313679e+01    1.2800000000e+02    8.1222560002e-03    6.3330078125e-01
       353   -7.6405892473e+00    5.8717549238e+01   -1.6184854623e+01    8.5442653761e+00    2.5957001511e+00   -1.8780554775e+01    1.2800000000e+02    8.0798680001e-03    6.4062500000e-01
       354   -7.3810413296e+00    5.4643864984e+01   -1.2347630926e+01    4.9665895967e+00    2.4101724351e+00   -1.4757803361e+01    1.2800000000e+02    8.0082089999e-03    6.4453125000e-01
       355   -7.5309856992e+00    5.6961084778e+01   -1.3858332793e+01    6.3273470938e+00    2.5444239816e+00   -1.6402756775e+01    1.2800000000e+02    9.4509270002e-03    6.5283203125e-01
       356   -7.3948879022e+00    5.4884013273e+01   -1.3588215935e+01    6.1933280325e+00    2.6755585848e+00   -1.6263774520e+01    1.2800000000e+02    8.2248869994e-03    6.4306640625e-01
       357   -7.6095344828e+00    5.8244855067e+01   -1.4719425052e+01    7.1098905695e+00    2.4488948364e+00   -1.7168319889e+01    1.2800000000e+02    7.8831829996e-03    6.4306640625e-01
       358   -7.6217737511e+00    5.8352030718e+01   -1.8876646776e+01    1.1254873025e+01    2.8242453720e+00   -2.1700892148e+01    1.2800000000e+02    7.6936209998e-03    6.0449218750e-01
       359   -7.3554135558e+00    5.4316185248e+01   -1.2903567799e+01    5.5481542433e+00    2.4619878247e+00   -1.5365555624e+01    1.2800000000e+02    7.7900329998e-03    6.2255859375e-01
       360   -7.3785148852e+00    5.4645312188e+01   -1.2815900539e+01    5.4373856539e+00    2.7516225217e+00   -1.5567523061e+01    1.2800000000e+02    8.4087269997e-03    6.4648437500e-01
       361   -7.4746141019e+00    5.6211433312e+01   -1.3938252815e+01    6.4636387127e+00    2.9775652471e+00   -1.6915818062e+01    1.2800000000e+02    7.9519569999e-03    6.4306640625e-01
       362   -7.4240468104e+00    5.5409982925e+01   -1.3079630794e+01    5.6555839833e+00    2.4817172577e+00   -1.5561348051e+01    1.2800000000e+02    8.0252839998e-03    6.5283203125e-01
       363   -7.4857828979e+00    5.6185655353e+01   -1.2885434086e+01    5.3996511879e+00    2.5112116930e+00   -1.5396645779e+01    1.2800000000e+02    7.8097460000e-03    6.5429687500e-01
       364   -7.5510689297e+00    5.7362545539e+01   -1.5656027074e+01    8.1049581441e+00    2.7911693898e+00   -1.8447196464e+01    1.2800000000e+02    8.6244170006e-03    6.5673828125e-01
       365   -7.5797955998e+00    5.7794252956e+01   -1.6428937805e+01    8.8491422054e+00    2.5946980968e+00   -1.9023635902e+01    1.2800000000e+02    8.8546170000e-03    6.2890625000e-01
       366   -7.3924809732e+00    5.4787040733e+01   -1.0361439507e+01    2.9689585340e+00    2.3288553203e+00   -1.2690294827e+01    1.2800000000e+02    8.2805200000e-03    6.8603515625e-01
       367   -7.5131195197e+00    5.6700227534e+01   -1.7842712746e+01    1.0329593227e+01    2.7523977270e+00   -2.0595110473e+01    1.2800000000e+02    7.8918540003e-03    6.4404296875e-01
       368   -7.6059124137e+00    5.8176788671e+01   -2.9974684827e+01    2.2368772413e+01    2.4344700011e+00   -3.2409154828e+01    1.2800000000e+02    8.0824189999e-03    6.2646484375e-01
       369   -7.4551593744e+00    5.5811291858e+01   -1.6858372642e+01    9.4032132675e+00    2.8011032198e+00   -1.9659475862e+01    1.2800000000e+02    7.9168800003e-03    6.2841796875e-01
       370   -7.4281662520e+00    5.5314682187e+01   -1.3437162725e+01    6.0089964735e+00    3.0717627532e+00   -1.6508925479e+01    1.2800000000e+02    7.9114860000e-03    6.4794921875e-01
       371   -7.4261860858e+00    5.5320737966e+01   -1.3865972432e+01    6.4397863463e+00    2.8051296338e+00   -1.6671102066e+01    1.2800000000e+02    7.9654270003e-03    6.4111328125e-01
       372   -7.5291548408e+00    5.6930757810e+01   -1.8470222377e+01    1.0941067536e+01    2.8892905490e+00   -2.1359512926e+01    1.2800000000e+02    7.9351690001e-03    6.2500000000e-01
       373   -7.4216721093e+00    5.5221331429e+01   -1.3778924356e+01    6.3572522465e+00    2.6908869485e+00   -1.6469811304e+01    1.2800000000e+02    7.9147719998e-03    6.3476562500e-01
       374   -7.6150573613e+00    5.8270101572e+01   -2.1149290709e+01    1.3534233348e+01    2.5093291012e+00   -2.3658619811e+01    1.2800000000e+02    8.1358940006e-03    6.3232421875e-01
       375   -7.5978835711e+00    5.8203812679e+01   -1.7199266320e+01    9.6013827488e+00    3.0715876036e+00   -2.0270853924e+01    1.2800000000e+02    7.8693419991e-03    6.2451171875e-01
       376   -7.4820674394e+00    5.6206828241e+01   -1.6583570803e+01    9.1015033632e+00    2.6473321190e+00   -1.9230902922e+01    1.2800000000e+02    8.1602069995e-03    6.3916015625e-01
       377   -7.4739639085e+00    5.6101387072e+01   -1.5909919780e+01    8.4359558713e+00    2.6894108250e+00   -1.8599330605e+01    1.2800000000e+02    8.0558449999e-03    6.5917968750e-01
       378   -7.4724165581e+00    5.6065168123e+01   -1.6705106625e+01    9.2326900667e+00    2.7100008615e+00   -1.9415107486e+01    1.2800000000e+02    8.9609170000e-03    6.2695312500e-01
       379   -7.4244381201e+00    5.5292917620e+01   -1.2185960613e+01    4.7615224931e+00    2.5039617167e+00   -1.4689922330e+01    1.2800000000e+02    9.1290770006e-03    6.5429687500e-01
       380   -7.8500589712e+00    6.2031657910e+01   -1.6635131950e+01    8.7850729784e+00    2.8061388807e+00   -1.9441270830e+01    1.2800000000e+02    8.3194990002e-03    6.2939453125e-01
       381   -7.6732094105e+00    5.9256801126e+01   -1.4161693372e+01    6.4884839618e+00    2.6793304875e+00   -1.6841023860e+01    1.2800000000e+02    8.0719600001e-03    6.4062500000e-01
       382   -7.4747896661e+00    5.6086228281e+01   -1.5649800816e+01    8.1750111496e+00    2.2161328081e+00   -1.7865933624e+01    1.2800000000e+02    7.9230760002e-03    6.6455078125e-01
       383   -7.4503251192e+00    5.5734483116e+01   -1.2941478467e+01    5.4911533473e+00    2.2447172248e+00   -1.5186195691e+01    1.2800000000e+02    7.8565459999e-03    6.4550781250e-01
       384   -7.7880399401e+00    6.1121805991e+01   -1.8750577744e+01    1.0962537804e+01    3.1855619910e+00   -2.1936139735e+01    1.2800000000e+02    7.8159189998e-03    6.1230468750e-01
       385   -7.4318332584e+00    5.5352204432e+01   -1.5211373232e+01    7.7795399741e+00    2.3835722634e+00   -1.7594945496e+01    1.2800000000e+02    8.0844530003e-03    6.6406250000e-01
       386   -7.5132645840e+00    5.6681796182e+01   -1.4493978262e+01    6.9807136781e+00    2.6667513683e+00   -1.7160729630e+01    1.2800000000e+02    7.9197169998e-03    6.4648437500e-01
       387   -7.3430000570e+00    5.4133699320e+01   -1.3242731066e+01    5.8997310093e+00    2.4609642476e+00   -1.5703695314e+01    1.2800000000e+02    7.9252629994e-03    6.3476562500e-01
       388   -7.3914835047e+00    5.4893308021e+01   -1.3439783011e+01    6.0482995068e+00    2.2072918415e+00   -1.5647074853e+01    1.2800000000e+02    7.6741680004e-03    6.3037109375e-01
       389   -7.3836791059e+00    5.4808801861e+01   -1.8180470005e+01    1.0796790899e+01    2.8885880650e+00   -2.1069058070e+01    1.2800000000e+02    7.8382120000e-03    6.0888671875e-01
       390   -7.4399637772e+00    5.5576029680e+01   -1.3826268818e+01    6.3863050403e+00    2.5832713519e+00   -1.6409540169e+01    1.2800000000e+02    7.8336920005e-03    6.2939453125e-01
       391   -7.4623420188e+00    5.5957222536e+01   -1.2475074228e+01    5.0127322089e+00    2.8737553920e+00   -1.5348829620e+01    1.2800000000e+02    7.8369299999e-03    6.3769531250e-01
       392   -7.3484681073e+00    5.4131813016e+01   -1.1790235686e+01    4.4417675786e+00    2.4108848365e+00   -1.4201120522e+01    1.2800000000e+02    7.9736290008e-03    6.5917968750e-01
       393   -7.4279851652e+00    5.5306428764e+01   -1.5925318574e+01    8.4973334087e+00    2.6113007165e+00   -1.8536619290e+01    1.2800000000e+02    8.2336059995e-03    6.3623046875e-01
       394   -7.4537839459e+00    5.5771138530e+01   -1.5983583371e+01    8.5297994252e+00    2.5965078275e+00   -1.8580091199e+01    1.2800000000e+02    7.8474660004e-03    6.3867187500e-01
       395   -7.5293665220e+00    5.6910583444e+01   -1.3732035850e+01    6.2026693277e+00    2.4908418008e+00   -1.6222877651e+01    1.2800000000e+02    7.9065520003e-03    6.5869140625e-01
       396   -7.3765891346e+00    5.4568170013e+01   -1.2001556042e+01    4.6249669071e+00    2.2942706031e+00   -1.4295826645e+01    1.2800000000e+02    7.8133480001e-03    6.5380859375e-01
       397   -7.4861783745e+00    5.6265997333e+01   -1.5138630542e+01    7.6524521678e+00    2.5802369521e+00   -1.7718867494e+01    1.2800000000e+02    7.9515389998e-03    6.2890625000e-01
       398   -7.4514437299e+00    5.5695889927e+01   -1.8506879759e+01    1.1055436029e+01    2.6940671186e+00   -2.1200946878e+01    1.2800000000e+02    7.9872649994e-03    6.1718750000e-01
       399   -7.5689957562e+00    5.7575929660e+01   -2.6980134174e+01    1.9411138418e+01    2.5986973281e+00   -2.9578831502e+01    1.2800000000e+02    7.8010119996e-03    6.2353515625e-01
       400   -7.6767026371e+00    5.9302354122e+01   -3.1096691702e+01    2.3419989064e+01    3.0003014406e+00   -3.4096993142e+01    1.2800000000e+02    8.4018540001e-03    6.2304687500e-01
       401   -7.5860752109e+00    5.7832933836e+01   -1.3627748674e+01    6.0416734635e+00    2.4075788408e+00   -1.6035327515e+01    1.2800000000e+02    8.9858869997e-03    6.5234375000e-01
       402   -7.5875988673e+00    5.7810273367e+01   -1.8799345353e+01    1.1211746485e+01    2.6588528609e+00   -2.1458198213e+01    1.2800000000e+02    7.9638409998e-03    6.4013671875e-01
       403   -7.3415916831e+00    5.4008443605e+01   -1.1598683188e+01    4.2570915047e+00    2.3000730437e+00   -1.3898756231e+01    1.2800000000e+02    7.8963859996e-03    6.4941406250e-01
       404   -7.3900531603e+00    5.4787742530e+01   -1.2952943762e+01    5.5628906021e+00    2.5126053549e+00   -1.5465549117e+01    1.2800000000e+02    7.9336270001e-03    6.3867187500e-01
       405   -7.3449188523e+00    5.4167655050e+01   -1.4839796800e+01    7.4948779472e+00    2.5489417165e+00   -1.7388738516e+01    1.2800000000e+02    8.3677839993e-03    6.2548828125e-01
       406   -7.6230545071e+00    5.8447241823e+01   -1.9143743410e+01    1.1520688903e+01    3.4333086989e+00   -2.2577052109e+01    1.2800000000e+02    7.7832709994e-03    5.9375000000e-01
       407   -7.3476796646e+00    5.4145966072e+01   -1.1783612511e+01    4.4359328466e+00    2.4068990459e+00   -1.4190511557e+01    1.2800000000e+02    7.8747620000e-03    6.6455078125e-01
       408   -7.2656841362e+00    5.3049590912e+01   -1.2966043846e+01    5.7003597097e+00    2.4983827971e+00   -1.5464426643e+01    1.2800000000e+02    7.8803899996e-03    6.4794921875e-01
       409   -7.7394349888e+00    6.0353283039e+01   -1.7143472448e+01    9.4040374593e+00    2.7155921647e+00   -1.9859064613e+01    1.2800000000e+02    8.0008129999e-03    6.0400390625e-01
       410   -7.4750942417e+00    5.6069096837e+01   -1.3150051129e+01    5.6749568869e+00    2.3718126286e+00   -1.5521863757e+01    1.2800000000e+02    8.0336290002e-03    6.6748046875e-01
       411   -7.4289662646e+00    5.5342472958e+01   -1.6448861269e+01    9.0198950040e+00    2.7104517700e+00   -1.9159313039e+01    1.2800000000e+02    7.8927620007e-03    6.3525390625e-01
       412   -7.4986076828e+00    5.6460115837e+01   -1.7336224840e+01    9.8376171576e+00    2.7304404345e+00   -2.0066665275e+01    1.2800000000e+02    7.9793989999e-03    6.3037109375e-01
       413   -7.5949641087e+00    5.7948830105e+01   -1.2895602746e+01    5.3006386369e+00    2.7146104456e+00   -1.5610213191e+01    1.2800000000e+02    7.9771379997e-03    6.4355468750e-01
       414   -7.4038610609e+00    5.4937855993e+01   -1.3032489713e+01    5.6286286523e+00    2.7468785860e+00   -1.5779368299e+01    1.2800000000e+02    7.9170269992e-03    6.3427734375e-01
       415   -7.7765700173e+00    6.0984652350e+01   -1.8756363100e+01    1.0979793083e+01    2.6046101826e+00   -2.1360973283e+01    1.2800000000e+02    7.9027140000e-03    6.3623046875e-01
       416   -7.5648461444e+00    5.7411174399e+01   -1.3001183817e+01    5.4363376728e+00    2.5432998340e+00   -1.5544483651e+01    1.2800000000e+02    8.4567149997e-03    6.4355468750e-01
       417   -7.4789959419e+00    5.6107206708e+01   -1.2655587247e+01    5.1765913047e+00    2.3775280304e+00   -1.5033115277e+01    1.2800000000e+02    8.2292119996e-03    6.6992187500e-01
       418   -7.5460634001e+00    5.7268473067e+01   -1.5642827131e+01    8.0967637307e+00    2.4054753858e+00   -1.8048302517e+01    1.2800000000e+02    8.2785850000e-03    6.3476562500e-01
       419   -7.6275401266e+00    5.8411306464e+01   -2.2722890808e+01    1.5095350682e+01    2.2941985166e+00   -2.5017089325e+01    1.2800000000e+02    7.8955999998e-03    6.5673828125e-01
       420   -7.3335473257e+00    5.3980429297e+01   -1.2568888763e+01    5.2353414377e+00    2.2713596368e+00   -1.4840248400e+01    1.2800000000e+02    7.8947219999e-03    6.4697265625e-01
       421   -7.5140426801e+00    5.6635228109e+01   -1.3677287041e+01    6.1632443612e+00    2.5851477320e+00   -1.6262434773e+01    1.2800000000e+02    7.8115750002e-03    6.4355468750e-01
       422   -7.4173437082e+00    5.5290636206e+01   -1.4249982284e+01    6.8326385753e+00    2.5971889331e+00   -1.6847171217e+01    1.2800000000e+02    8.3212420004e-03    6.5185546875e-01
       423   -7.3693616843e+00    5.4475861901e+01   -1.3073250456e+01    5.7038887714e+00    2.4263473694e+00   -1.5499597825e+01    1.2800000000e+02    8.0955899994e-03    6.4160156250e-01
       424   -7.3315674851e+00    5.3916708679e+01   -1.2539077721e+01    5.2075102362e+00    2.4286511825e+00   -1.4967728904e+01    1.2800000000e+02    8.4776350004e-03    6.4355468750e-01
       425   -7.5671394212e+00    5.7552501886e+01   -1.8429191632e+01    1.0862052210e+01    2.6557924170e+00   -2.1084984049e+01    1.2800000000e+02    7.8574340005e-03    6.3427734375e-01
       426   -7.3880835794e+00    5.4710595527e+01   -1.2728499309e+01    5.3404157295e+00    2.4268371080e+00   -1.5155336417e+01    1.2800000000e+02    8.1749709998e-03    6.4599609375e-01
       427   -7.6815348760e+00    5.9385728423e+01   -1.5731356467e+01    8.0498215909e+00    3.0080965939e+00   -1.8739453061e+01    1.2800000000e+02    7.8533570004e-03    6.3525390625e-01
       428   -7.6001841593e+00    5.8167898060e+01   -1.5937493915e+01    8.3373097560e+00    2.5957282049e+00   -1.8533222120e+01    1.2800000000e+02    7.8357909997e-03    6.3671875000e-01
       429   -7.4041972901e+00    5.5060276372e+01   -1.6130895191e+01    8.7266979011e+00    2.6720141032e+00   -1.8802909294e+01    1.2800000000e+02    7.9626320003e-03    6.4111328125e-01
       430   -7.3927561883e+00    5.4783889339e+01   -1.4125536691e+01    6.7327805028e+00    2.0733207144e+00   -1.6198857405e+01    1.2800000000e+02    8.2917780001e-03    6.4794921875e-01
       431   -7.4617460237e+00    5.5861764006e+01   -2.1554491397e+01    1.4092745374e+01    2.5847660794e+00   -2.4139257477e+01    1.2800000000e+02    7.8703730005e-03    6.2304687500e-01
       432   -7.3738523171e+00    5.4600716311e+01   -1.6239852354e+01    8.8660000371e+00    2.7048842557e+00   -1.8944736610e+01    1.2800000000e+02    7.8792570002e-03    6.3085937500e-01
       433   -7.5709148186e+00    5.7702483147e+01   -1.7302836329e+01    9.7319215103e+00    2.8304314592e+00   -2.0133267788e+01    1.2800000000e+02    7.8646050006e-03    6.3037109375e-01
       434   -7.5629635219e+00    5.7527712031e+01   -1.6098031530e+01    8.5350680086e+00    3.1567289331e+00   -1.9254760464e+01    1.2800000000e+02    8.3302860003e-03    6.3574218750e-01
       435   -7.4261969642e+00    5.5338511165e+01   -1.5536191895e+01    8.1099949311e+00    2.5221870121e+00   -1.8058378907e+01    1.2800000000e+02    7.9813670000e-03    6.4111328125e-01
       436   -7.4647339861e+00    5.5923546761e+01   -1.5482153209e+01    8.0174192224e+00    2.8612159181e+00   -1.8343369127e+01    1.2800000000e+02    7.9635570000e-03    6.4013671875e-01
       437   -7.4748710198e+00    5.6096984316e+01   -1.3849567212e+01    6.3746961919e+00    2.8379713232e+00   -1.6687538535e+01    1.2800000000e+02    7.8896020004e-03    6.4062500000e-01
       438   -7.5467190586e+00    5.7192011223e+01   -1.5002386656e+01    7.4556675977e+00    2.7571265204e+00   -1.7759513177e+01    1.2800000000e+02    8.2358589998e-03    6.2255859375e-01
       439   -7.3440246216e+00    5.4045458065e+01   -1.0607569181e+01    3.2635445592e+00    2.3429225686e+00   -1.2950491749e+01    1.2800000000e+02    8.1223620000e-03    6.7187500000e-01
       440   -7.3925737026e+00    5.4817552737e+01   -1.2650844800e+01    5.2582710975e+00    2.3700740071e+00   -1.5020918807e+01    1.2800000000e+02    7.8028620001e-03    6.4062500000e-01
       441   -7.5055491549e+00    5.6618601209e+01   -1.6030877990e+01    8.5253288356e+00    2.8643916954e+00   -1.8895269686e+01    1.2800000000e+02    8.0570390001e-03    6.6162109375e-01
       442   -7.4252663395e+00    5.5326813788e+01   -1.8620591729e+01    1.1195325389e+01    2.8603810023e+00   -2.1480972731e+01    1.2800000000e+02    8.2329669995e-03    6.2158203125e-01
       443   -7.3921197129e+00    5.4742351074e+01   -1.1658184628e+01    4.2660649153e+00    2.4740197739e+00   -1.4132204402e+01    1.2800000000e+02    8.0994729997e-03    6.5234375000e-01
       444   -7.4758177897e+00    5.6182063530e+01   -1.3951734678e+01    6.4759168884e+00    2.5526999956e+00   -1.6504434674e+01    1.2800000000e+02    7.9232939997e-03    6.4843750000e-01
       445   -7.4480799222e+00    5.5623042143e+01   -1.3602801280e+01    6.1547213579e+00    2.3781672363e+00   -1.5980968516e+01    1.2800000000e+02    7.9079150000e-03    6.4306640625e-01
       446   -7.5193730127e+00    5.6743060486e+01   -1.1934108956e+01    4.4147359429e+00    2.2277109969e+00   -1.4161819952e+01    1.2800000000e+02    8.1771160003e-03    6.5722656250e-01
       447   -7.6044877423e+00    5.8213011369e+01   -1.5038949421e+01    7.4344616791e+00    2.7588483953e+00   -1.7797797817e+01    1.2800000000e+02    8.1723849999e-03    6.1621093750e-01
       448   -7.4323639145e+00    5.5424675614e+01   -2.2224468435e+01    1.4792104521e+01    2.5151809425e+00   -2.4739649377e+01    1.2800000000e+02    7.8089030003e-03    6.1523437500e-01
       449   -7.3128615082e+00    5.3646267400e+01   -1.4011817472e+01    6.6989559641e+00    2.6141184957e+00   -1.6625935968e+01    1.2800000000e+02    8.1184269993e-03    6.3671875000e-01
       450   -7.5805336264e+00    5.7851389164e+01   -1.3990759649e+01    6.4102260225e+00    2.8205749823e+00   -1.6811334631e+01    1.2800000000e+02    8.0830919997e-03    6.3916015625e-01
       451   -7.3440915035e+00    5.4073939369e+01   -1.1502557982e+01    4.1584664789e+00    2.3268036074e+00   -1.3829361590e+01    1.2800000000e+02    8.6449850005e-03    6.5625000000e-01
       452   -7.4869289884e+00    5.6281092572e+01   -1.3811730307e+01    6.3248013182e+00    2.9200472083e+00   -1.6731777515e+01    1.2800000000e+02    7.9906890005e-03    6.3916015625e-01
       453   -7.5180880588e+00    5.6914871501e+01   -1.4251924442e+01    6.7338363828e+00    2.4906935545e+00   -1.6742617996e+01    1.2800000000e+02    7.8979230002e-03    6.4208984375e-01
       454   -7.5331182398e+00    5.6975577298e+01   -1.6870113580e+01    9.3369953397e+00    2.6973400652e+00   -1.9567453645e+01    1.2800000000e+02    7.9929129997e-03    6.2988281250e-01
       455   -7.4171904031e+00    5.5228470540e+01   -1.3599571673e+01    6.1823812696e+00    2.5287554696e+00   -1.6128327142e+01    1.2800000000e+02    8.4978149998e-03    6.3574218750e-01
       456   -7.4761921261e+00    5.6123414118e+01   -1.4195593255e+01    6.7194011294e+00    2.6565438300e+00   -1.6852137086e+01    1.2800000000e+02    7.9814149994e-03    6.2792968750e-01
       457   -7.5279363572e+00    5.6854408840e+01   -1.3988253562e+01    6.4603172044e+00    2.7766570313e+00   -1.6764910593e+01    1.2800000000e+02    7.8937009994e-03    6.4404296875e-01
       458   -7.3341861611e+00    5.3939962964e+01   -1.1319537707e+01    3.9853515461e+00    2.3890985509e+00   -1.3708636258e+01    1.2800000000e+02    7.9985880002e-03    6.5771484375e-01
       459   -7.5590702252e+00    5.7400839474e+01   -1.7868148630e+01    1.0309078405e+01    2.9965201476e+00   -2.0864668777e+01    1.2800000000e+02    8.3347450000e-03    6.2060546875e-01
       460   -7.4404128570e+00    5.5586912562e+01   -1.6371422490e+01    8.9310096331e+00    2.6165415367e+00   -1.8987964027e+01    1.2800000000e+02    7.9619110002e-03    6.1572265625e-01
       461   -7.4019045806e+00    5.4956470479e+01   -1.3415202047e+01    6.0132974668e+00    2.7284323268e+00   -1.6143634374e+01    1.2800000000e+02    7.9133390000e-03    6.4306640625e-01
       462   -7.4411661250e+00    5.5632865104e+01   -1.3580707715e+01    6.1395415897e+00    2.3614999960e+00   -1.5942207711e+01    1.2800000000e+02    7.8986050003e-03    6.4501953125e-01
       463   -7.4344321296e+00    5.5495683445e+01   -1.4336744230e+01    6.9023121004e+00    2.7146486240e+00   -1.7051392854e+01    1.2800000000e+02    8.3146699999e-03    6.3330078125e-01
       464   -7.5489150474e+00    5.7128209155e+01   -1.6539493407e+01    8.9905783598e+00    2.4417481230e+00   -1.8981241530e+01    1.2800000000e+02    8.1029539997e-03    6.5771484375e-01
       465   -7.6309585862e+00    5.8566400131e+01   -1.7963138101e+01    1.0332179515e+01    2.5650108214e+00   -2.0528148923e+01    1.2800000000e+02    7.9227209999e-03    6.4843750000e-01
       466   -7.5715513257e+00    5.7630251987e+01   -1.4451706134e+01    6.8801548085e+00    2.3848795414e+00   -1.6836585676e+01    1.2800000000e+02    7.9350380001e-03    6.5234375000e-01
       467   -7.4080742295e+00    5.5092662363e+01   -1.5954811578e+01    8.5467373485e+00    2.4867932010e+00   -1.8441604779e+01    1.2800000000e+02    7.9732080003e-03    6.4404296875e-01
       468   -7.3685735935e+00    5.4477198039e+01   -1.2667250692e+01    5.2986770988e+00    2.5618051989e+00   -1.5229055891e+01    1.2800000000e+02    8.4163110005e-03    6.3281250000e-01
       469   -7.4868715053e+00    5.6269154842e+01   -1.2947541684e+01    5.4606701786e+00    2.5892771912e+00   -1.5536818875e+01    1.2800000000e+02    8.9976879999e-03    6.4306640625e-01
       470   -7.4402838353e+00    5.5525179160e+01   -1.6344086496e+01    8.9038026611e+00    2.9506122209e+00   -1.9294698717e+01    1.2800000000e+02    7.9770499997e-03    6.3818359375e-01
       471   -7.3699430326e+00    5.4457617332e+01   -1.3313538909e+01    5.9435958762e+00    2.5721044760e+00   -1.5885643385e+01    1.2800000000e+02    8.2282739995e-03    6.3085937500e-01
       472   -7.5870013418e+00    5.7820980138e+01   -1.4189700410e+01    6.6026990678e+00    2.5292253853e+00   -1.6718925795e+01    1.2800000000e+02    8.0512599998e-03    6.4648437500e-01
       473   -7.4492316934e+00    5.5746605266e+01   -1.6715629801e+01    9.2663981075e+00    2.7255485560e+00   -1.9441178357e+01    1.2800000000e+02    7.9915180004e-03    6.5136718750e-01
       474   -7.3280402809e+00    5.3869167788e+01   -1.1758397976e+01    4.4303576947e+00    2.5119008459e+00   -1.4270298822e+01    1.2800000000e+02    8.3462460007e-03    6.4648437500e-01
       475   -7.4272586332e+00    5.5304413315e+01   -1.3367447283e+01    5.9401886503e+00    2.4736773449e+00   -1.5841124628e+01    1.2800000000e+02    8.0404229993e-03    6.3427734375e-01
       476   -7.5218834005e+00    5.6828085846e+01   -1.3873153814e+01    6.3512704135e+00    2.9596487577e+00   -1.6832802572e+01    1.2800000000e+02    8.6503950006e-03    6.2988281250e-01
       477   -7.5655881515e+00    5.7504620794e+01   -1.6594175502e+01    9.0285873501e+00    2.7458592869e+00   -1.9340034788e+01    1.2800000000e+02    7.8393379999e-03    6.3183593750e-01
       478   -7.6722120814e+00    5.9202392448e+01   -1.8935036586e+01    1.1262824504e+01    2.7443602227e+00   -2.1679396808e+01    1.2800000000e+02    8.2877530003e-03    6.2548828125e-01
       479   -7.4124893006e+00    5.5195810875e+01   -1.3351200516e+01    5.9387112158e+00    2.5718952249e+00   -1.5923095741e+01    1.2800000000e+02    1.2342854000e-02    6.5136718750e-01
       480   -7.3373466007e+00    5.4042581349e+01   -1.5538956254e+01    8.2016096532e+00    2.9109065163e+00   -1.8449862770e+01    1.2800000000e+02    1.4636508000e-02    6.1425781250e-01
       481   -7.3628431964e+00    5.4379534444e+01   -1.2308545130e+01    4.9457019338e+00    2.5660406809e+00   -1.4874585811e+01    1.2800000000e+02    1.2606599000e-02    6.3964843750e-01
       482   -7.4271186846e+00    5.5436575828e+01   -1.2927867939e+01    5.5007492548e+00    2.5773105190e+00   -1.5505178458e+01    1.2800000000e+02    7.9747489999e-03    6.4599609375e-01
       483   -7.4800596652e+00    5.6113409792e+01   -3.4124231773e+01    2.6644172107e+01    2.9557570845e+00   -3.7079988857e+01    1.2800000000e+02    8.0904090000e-03    6.3330078125e-01
       484   -7.5542897765e+00    5.7264322499e+01   -2.1290927160e+01    1.3736637383e+01    2.3623956579e+00   -2.3653322818e+01    1.2800000000e+02    7.8519740000e-03    6.3134765625e-01
       485   -7.5267669381e+00    5.6834056671e+01   -2.0140296731e+01    1.2613529793e+01    2.5642049593e+00   -2.2704501690e+01    1.2800000000e+02    8.4589669996e-03    6.3378906250e-01
       486   -7.3355394202e+00    5.3972474479e+01   -1.2610206489e+01    5.2746670685e+00    2.6596248841e+00   -1.5269831373e+01    1.2800000000e+02    8.0539970004e-03    6.3330078125e-01
       487   -7.4209153483e+00    5.5333592066e+01   -1.7211517964e+01    9.7906026153e+00    2.7054920663e+00   -1.9917010030e+01    1.2800000000e+02    8.1751690004e-03    6.3085937500e-01
       488   -7.6308243100e+00    5.8519298396e+01   -1.9010903400e+01    1.1380079090e+01    3.2017582263e+00   -2.2212661627e+01    1.2800000000e+02    7.8082330001e-03    6.0986328125e-01
       489   -7.4398158660e+00    5.5608531696e+01   -1.5396488784e+01    7.9566729181e+00    2.5700555729e+00   -1.7966544357e+01    1.2800000000e+02    8.6553110004e-03    6.3818359375e-01
       490   -7.5615577685e+00    5.7503465893e+01   -1.3384248067e+01    5.8226902988e+00    2.5710371764e+00   -1.5955285244e+01    1.2800000000e+02    1.0844636000e-02    6.6015625000e-01
       491   -7.5266796269e+00    5.6933818198e+01   -1.3403578618e+01    5.8768989912e+00    2.5788254847e+00   -1.5982404103e+01    1.2800000000e+02    1.0682558999e-02    6.4306640625e-01
       492   -7.3328355689e+00    5.3864610295e+01   -1.1585193680e+01    4.2523581113e+00    2.0101476796e+00   -1.3595341360e+01    1.2800000000e+02    7.7687339999e-03    6.5771484375e-01
       493   -7.5876710977e+00    5.7829554670e+01   -1.3843769673e+01    6.2560985751e+00    2.4804857371e+00   -1.6324255410e+01    1.2800000000e+02    8.0451949998e-03    6.5087890625e-01
       494   -7.5534549886e+00    5.7401515426e+01   -1.5601611909e+01    8.0481569200e+00    2.8582382594e+00   -1.8459850168e+01    1.2800000000e+02    7.8435480000e-03    6.1425781250e-01
       495   -7.4928478513e+00    5.6331746910e+01   -1.7738136251e+01    1.0245288399e+01    2.7549481256e+00   -2.0493084376e+01    1.2800000000e+02    7.8940320000e-03    6.4501953125e-01
       496   -7.4582638907e+00    5.5747969284e+01   -1.2678406273e+01    5.2201423823e+00    2.4215907844e+00   -1.5099997057e+01    1.2800000000e+02    7.9957039998e-03    6.5283203125e-01
       497   -7.3998149982e+00    5.4877405937e+01   -1.2300297315e+01    4.9004823169e+00    2.5728407928e+00   -1.4873138108e+01    1.2800000000e+02    8.2666740000e-03    6.2792968750e-01
       498   -7.4724705490e+00    5.6034313742e+01   -1.6251236292e+01    8.7787657430e+00    2.4047199589e+00   -1.8655956251e+01    1.2800000000e+02    7.9196080005e-03    6.6113281250e-01
       499   -7.6380116559e+00    5.8680701534e+01   -1.3775600617e+01    6.1375889610e+00    2.9621749293e+00   -1.6737775546e+01    1.2800000000e+02    7.7968509995e-03    6.3671875000e-01
