#   index    LocalEnergy         LocalEnergy_sq      LocalPotential      Kinetic             ElecElec            IonElec             BlockWeight         BlockCPU            AcceptRatio         
         0   -7.5346778417e+00    5.7020873673e+01   -1.2021641384e+01    4.4869635419e+00    2.2499193797e+00   -1.4271560763e+01    3.2000000000e+01    3.8377289993e-03    6.7187500000e-01
         1   -7.4976129220e+00    5.6386575821e+01   -1.2764330880e+01    5.2667179580e+00    2.4476115358e+00   -1.5211942416e+01    3.2000000000e+01    2.9612619992e-03    6.4062500000e-01
         2   -7.5081589350e+00    5.6742774483e+01   -1.1094865521e+01    3.5867065856e+00    2.1377147188e+00   -1.3232580239e+01    3.2000000000e+01    3.6001609997e-03    6.9335937500e-01
         3   -7.4414928739e+00    5.5505535245e+01   -1.3105633754e+01    5.6641408801e+00    2.6124133635e+00   -1.5718047117e+01    3.2000000000e+01    3.5495479997e-03    6.7578125000e-01
         4   -7.3041817078e+00    5.3500237670e+01   -1.2250181664e+01    4.9459999566e+00    1.9528941223e+00   -1.4203075787e+01    3.2000000000e+01    2.5477529998e-03    6.0937500000e-01
         5   -7.3424416630e+00    5.3956000628e+01   -1.0072086630e+01    2.7296449674e+00    2.4043826119e+00   -1.2476469242e+01    3.2000000000e+01    3.1487560000e-03    6.7382812500e-01
         6   -7.3706972465e+00    5.4431839440e+01   -9.8562123520e+00    2.4855151055e+00    2.6343340721e+00   -1.2490546424e+01    3.2000000000e+01    2.0075360007e-03    6.7382812500e-01
         7   -7.5440410804e+00    5.7164412953e+01   -1.2366863127e+01    4.8228220465e+00    2.6112798560e+00   -1.4978142983e+01    3.2000000000e+01    1.9819259996e-03    6.5820312500e-01
         8   -7.4305781142e+00    5.5313323585e+01   -1.0880487748e+01    3.4499096337e+00    2.4603800698e+00   -1.3340867818e+01    3.2000000000e+01    2.0228590001e-03    6.5234375000e-01
         9   -7.8240794172e+00    6.1607787713e+01   -2.9905473242e+01    2.2081393825e+01    3.3486855066e+00   -3.3254158748e+01    3.2000000000e+01    1.9280910001e-03    5.7617187500e-01
        10   -7.2194179394e+00    5.2242271160e+01   -1.0500999658e+01    3.2815817182e+00    3.0425363566e+00   -1.3543536014e+01    3.2000000000e+01    1.9985159997e-03    6.8359375000e-01
        11   -7.3033320961e+00    5.3407123473e+01   -9.6114697454e+00    2.3081376493e+00    2.3762225586e+00   -1.1987692304e+01    3.2000000000e+01    2.0687699998e-03    6.9140625000e-01
        12   -7.2933160296e+00    5.3373558675e+01   -1.3524802673e+01    6.2314866436e+00    2.4022716585e+00   -1.5927074332e+01    3.2000000000e+01    1.9808900006e-03    6.5429687500e-01
        13   -7.5340874893e+00    5.7217547559e+01   -1.5338295063e+01    7.8042075732e+00    2.6190559489e+00   -1.7957351011e+01    3.2000000000e+01    1.9427329999e-03    6.1328125000e-01
        14   -7.5834761349e+00    5.7710280288e+01   -1.3222805127e+01    5.6393289924e+00    3.5737366788e+00   -1.6796541806e+01    3.2000000000e+01    1.9878510002e-03    6.3085937500e-01
        15   -7.4628574744e+00    5.5907171113e+01   -2.5877625482e+01    1.8414768007e+01    2.4753542766e+00   -2.8352979758e+01    3.2000000000e+01    1.9680630003e-03    6.5039062500e-01
        16   -7.4061598760e+00    5.4978660276e+01   -1.2666558066e+01    5.2603981898e+00    2.6213264999e+00   -1.5287884566e+01    3.2000000000e+01    2.0087409994e-03    6.5039062500e-01
        17   -7.5477981884e+00    5.7395120403e+01   -1.2447922504e+01    4.9001243158e+00    2.5383876259e+00   -1.4986310130e+01    3.2000000000e+01    1.9809490004e-03    6.3671875000e-01
        18   -7.6332704019e+00    5.8938623937e+01   -1.5741075000e+01    8.1078045981e+00    2.4688000058e+00   -1.8209875006e+01    3.2000000000e+01    1.9324429995e-03    6.2890625000e-01
        19   -7.7763831315e+00    6.1219224967e+01   -1.3795173338e+01    6.0187902060e+00    2.5712648943e+00   -1.6366438232e+01    3.2000000000e+01    1.9937020006e-03    6.6992187500e-01
        20   -7.5187686535e+00    5.6667046838e+01   -1.0910551578e+01    3.3917829249e+00    2.2660536785e+00   -1.3176605257e+01    3.2000000000e+01    1.9820789994e-03    6.6992187500e-01
        21   -7.2781802975e+00    5.3160827381e+01   -1.2284557692e+01    5.0063773944e+00    3.2577006979e+00   -1.5542258390e+01    3.2000000000e+01    2.0512820001e-03    6.4648437500e-01
        22   -7.4301992565e+00    5.5515827486e+01   -1.1847611186e+01    4.4174119292e+00    2.3468832090e+00   -1.4194494395e+01    3.2000000000e+01    2.0091850001e-03    6.7968750000e-01
        23   -7.7551033904e+00    6.0593443917e+01   -1.5637747297e+01    7.8826439062e+00    2.3355602598e+00   -1.7973307556e+01    3.2000000000e+01    2.0031750000e-03    6.1132812500e-01
        24   -7.7457858903e+00    6.0435687531e+01   -1.4833441270e+01    7.0876553794e+00    3.2260457763e+00   -1.8059487046e+01    3.2000000000e+01    2.0044530002e-03    6.3476562500e-01
        25   -7.5264951515e+00    5.7023947048e+01   -1.3935382145e+01    6.4088869933e+00    2.5977152161e+00   -1.6533097361e+01    3.2000000000e+01    1.9642469997e-03    6.4257812500e-01
        26   -7.2377921440e+00    5.2493620090e+01   -1.3030721459e+01    5.7929293151e+00    2.5441482596e+00   -1.5574869719e+01    3.2000000000e+01    1.9556719999e-03    6.2695312500e-01
        27   -7.5538045468e+00    5.7130013230e+01   -1.9680882934e+01    1.2127078387e+01    2.7961086246e+00   -2.2476991558e+01    3.2000000000e+01    1.9420379995e-03    6.1132812500e-01
        28   -7.3648907991e+00    5.4370971133e+01   -1.0998531326e+01    3.6336405271e+00    2.4218111662e+00   -1.3420342492e+01    3.2000000000e+01    1.9731940001e-03    6.5429687500e-01
        29   -8.0882365518e+00    6.5787437721e+01   -2.0352365341e+01    1.2264128789e+01    2.8326441422e+00   -2.3185009483e+01    3.2000000000e+01    1.9368849999e-03    6.0156250000e-01
        30   -7.5413087122e+00    5.7027345674e+01   -1.8288945233e+01    1.0747636521e+01    2.8644719266e+00   -2.1153417160e+01    3.2000000000e+01    1.9232090008e-03    5.9375000000e-01
        31   -7.4183648011e+00    5.5134321328e+01   -1.1968311526e+01    4.5499467247e+00    2.3655883748e+00   -1.4333899901e+01    3.2000000000e+01    2.1732050000e-03    6.1914062500e-01
        32   -7.3005611702e+00    5.3425143654e+01   -1.4938609062e+01    7.6380478916e+00    2.3595351511e+00   -1.7298144213e+01    3.2000000000e+01    2.0222229996e-03    6.6796875000e-01
        33   -7.5475123200e+00    5.7165223265e+01   -1.2747264638e+01    5.1997523178e+00    2.7181649257e+00   -1.5465429563e+01    3.2000000000e+01    2.0340310002e-03    6.7578125000e-01
        34   -7.6613238273e+00    5.8881064764e+01   -1.9804020776e+01    1.2142696949e+01    2.6077581232e+00   -2.2411778899e+01    3.2000000000e+01    1.9642089992e-03    6.3085937500e-01
        35   -7.3464893166e+00    5.4060829470e+01   -9.7817022472e+00    2.4352129306e+00    2.2985877304e+00   -1.2080289978e+01    3.2000000000e+01    2.0027840001e-03    6.9531250000e-01
        36   -7.6680283171e+00    5.9163271652e+01   -1.3947765729e+01    6.2797374116e+00    2.7469809887e+00   -1.6694746717e+01    3.2000000000e+01    1.9552700005e-03    6.2304687500e-01
        37   -7.6584673070e+00    5.8842288953e+01   -1.3904772649e+01    6.2463053421e+00    2.1614634827e+00   -1.6066236132e+01    3.2000000000e+01    1.9330140003e-03    6.5234375000e-01
        38   -7.6867655849e+00    5.9471601169e+01   -1.6546746001e+01    8.8599804159e+00    2.2656624263e+00   -1.8812408427e+01    3.2000000000e+01    1.9450150003e-03    6.5625000000e-01
        39   -7.4158068881e+00    5.5184025166e+01   -1.3508444700e+01    6.0926378120e+00    2.2795482701e+00   -1.5787992970e+01    3.2000000000e+01    1.9891840002e-03    6.6601562500e-01
        40   -7.5069520096e+00    5.6631420142e+01   -1.2949651312e+01    5.4426993024e+00    2.9237460336e+00   -1.5873397346e+01    3.2000000000e+01    1.9664490001e-03    6.5039062500e-01
        41   -7.6166344868e+00    5.8478273843e+01   -1.5014439876e+01    7.3978053895e+00    3.6928446627e+00   -1.8707284539e+01    3.2000000000e+01    1.9842070005e-03    6.2109375000e-01
        42   -7.5051718608e+00    5.6678783082e+01   -2.8104878975e+01    2.0599707114e+01    2.7322579445e+00   -3.0837136919e+01    3.2000000000e+01    1.9655019996e-03    6.3476562500e-01
        43   -7.4340278619e+00    5.5342388505e+01   -1.4885151075e+01    7.4511232126e+00    2.4449521589e+00   -1.7330103233e+01    3.2000000000e+01    1.9886199998e-03    6.2304687500e-01
        44   -7.4991657509e+00    5.6459454205e+01   -1.2045272492e+01    4.5461067416e+00    2.3856187058e+00   -1.4430891198e+01    3.2000000000e+01    1.9790310007e-03    6.4453125000e-01
        45   -7.5365597863e+00    5.7238198352e+01   -1.6535612421e+01    8.9990526347e+00    2.5252829364e+00   -1.9060895357e+01    3.2000000000e+01    1.9486359997e-03    6.2500000000e-01
        46   -7.3708265878e+00    5.4565914320e+01   -1.8856586660e+01    1.1485760073e+01    2.8473887312e+00   -2.1703975391e+01    3.2000000000e+01    1.9512189992e-03    5.9765625000e-01
        47   -7.3670038569e+00    5.4611160148e+01   -1.1390454847e+01    4.0234509898e+00    2.0450279151e+00   -1.3435482762e+01    3.2000000000e+01    2.0257910001e-03    6.6796875000e-01
        48   -7.3833866920e+00    5.4902315063e+01   -1.2333907563e+01    4.9505208712e+00    2.5203764117e+00   -1.4854283975e+01    3.2000000000e+01    2.2150639998e-03    6.7187500000e-01
        49   -7.5291526399e+00    5.7079251384e+01   -1.0747050415e+01    3.2178977752e+00    2.2755338288e+00   -1.3022584244e+01    3.2000000000e+01    2.0368559999e-03    6.9531250000e-01
        50   -7.4002872101e+00    5.5026268081e+01   -1.1298004060e+01    3.8977168503e+00    2.0829817448e+00   -1.3380985805e+01    3.2000000000e+01    2.0164670004e-03    6.9921875000e-01
        51   -7.7373793268e+00    6.0450056218e+01   -1.3048023737e+01    5.3106444100e+00    2.2003715155e+00   -1.5248395252e+01    3.2000000000e+01    1.9732970004e-03    6.5820312500e-01
        52   -7.4038986517e+00    5.4998404620e+01   -1.0470417341e+01    3.0665186894e+00    1.9241987563e+00   -1.2394616097e+01    3.2000000000e+01    2.8713930005e-03    6.6601562500e-01
        53   -7.3171401026e+00    5.3829007467e+01   -1.4788915007e+01    7.4717749045e+00    2.7367625890e+00   -1.7525677596e+01    3.2000000000e+01    3.5325629997e-03    6.0742187500e-01
        54   -7.3480772401e+00    5.4128149411e+01   -1.5386269661e+01    8.0381924204e+00    2.4578838480e+00   -1.7844153509e+01    3.2000000000e+01    3.6686700005e-03    6.3671875000e-01
        55   -7.5381813094e+00    5.7072854591e+01   -2.0358763261e+01    1.2820581952e+01    2.5121529931e+00   -2.2870916254e+01    3.2000000000e+01    3.5683270007e-03    6.4648437500e-01
        56   -7.4089516490e+00    5.5044601132e+01   -1.2552117071e+01    5.1431654222e+00    2.4495901396e+00   -1.5001707211e+01    3.2000000000e+01    3.7238810000e-03    6.5820312500e-01
        57   -7.3893322991e+00    5.4710933074e+01   -1.4994081598e+01    7.6047492990e+00    2.8790715756e+00   -1.7873153174e+01    3.2000000000e+01    3.7285079998e-03    6.4257812500e-01
        58   -7.3756268039e+00    5.4472814864e+01   -1.1534360655e+01    4.1587338509e+00    2.5501043060e+00   -1.4084464961e+01    3.2000000000e+01    3.7009190000e-03    6.4648437500e-01
        59   -7.1532511337e+00    5.1274396002e+01   -1.2127512904e+01    4.9742617704e+00    2.8224279274e+00   -1.4949940832e+01    3.2000000000e+01    3.7250960004e-03    6.4062500000e-01
        60   -7.4137381796e+00    5.5154221539e+01   -9.5557016957e+00    2.1419635160e+00    2.2399793578e+00   -1.1795681053e+01    3.2000000000e+01    3.8161630000e-03    6.9335937500e-01
        61   -7.5864771171e+00    5.7835470189e+01   -1.7350393062e+01    9.7639159446e+00    3.4517240151e+00   -2.0802117077e+01    3.2000000000e+01    3.6815379999e-03    6.1914062500e-01
        62   -7.2932439312e+00    5.3339821047e+01   -1.6216696317e+01    8.9234523860e+00    2.6906334390e+00   -1.8907329756e+01    3.2000000000e+01    3.6949180003e-03    6.3867187500e-01
        63   -7.3445906688e+00    5.4021713148e+01   -1.1100992698e+01    3.7564020292e+00    2.4856360540e+00   -1.3586628752e+01    3.2000000000e+01    3.7364959999e-03    6.5625000000e-01
        64   -7.7380807671e+00    6.0079087985e+01   -1.6972780455e+01    9.2346996878e+00    3.5568962619e+00   -2.0529676717e+01    3.2000000000e+01    3.6348180001e-03    5.9570312500e-01
        65   -7.4658292421e+00    5.5793154899e+01   -1.0368741996e+01    2.9029127540e+00    2.2035514333e+00   -1.2572293429e+01    3.2000000000e+01    3.6929849994e-03    6.6015625000e-01
        66   -7.6381706160e+00    5.8720260857e+01   -1.4040940669e+01    6.4027700532e+00    1.8754280324e+00   -1.5916368702e+01    3.2000000000e+01    3.6378750001e-03    6.3476562500e-01
        67   -7.3041822410e+00    5.3509735064e+01   -1.4722743997e+01    7.4185617557e+00    2.0413466063e+00   -1.6764090603e+01    3.2000000000e+01    3.6389710003e-03    6.4453125000e-01
        68   -7.2329004834e+00    5.2449539857e+01   -1.1346640584e+01    4.1137401002e+00    2.1276949213e+00   -1.3474335505e+01    3.2000000000e+01    3.7965219999e-03    6.8164062500e-01
        69   -7.4947561716e+00    5.6373372466e+01   -1.1497631680e+01    4.0028755081e+00    2.1706691797e+00   -1.3668300859e+01    3.2000000000e+01    3.7430940001e-03    6.5820312500e-01
        70   -7.5911044776e+00    5.7755641298e+01   -1.6346027570e+01    8.7549230920e+00    2.1066194250e+00   -1.8452646994e+01    3.2000000000e+01    3.7591510008e-03    6.3671875000e-01
        71   -7.6338973514e+00    5.8457529675e+01   -1.2400741493e+01    4.7668441416e+00    2.2969125007e+00   -1.4697653994e+01    3.2000000000e+01    3.7076530007e-03    6.3476562500e-01
        72   -7.2457993109e+00    5.2658253763e+01   -1.3926766101e+01    6.6809667904e+00    2.5836101242e+00   -1.6510376225e+01    3.2000000000e+01    3.6892199996e-03    6.3085937500e-01
        73   -7.2159651282e+00    5.2158875848e+01   -1.0415499292e+01    3.1995341639e+00    2.2849445819e+00   -1.2700443874e+01    3.2000000000e+01    2.0598910005e-03    6.6015625000e-01
        74   -7.5366450732e+00    5.7010162027e+01   -2.6899632050e+01    1.9362986977e+01    2.8340762347e+00   -2.9733708285e+01    3.2000000000e+01    1.9879660003e-03    6.4843750000e-01
        75   -7.2910128037e+00    5.3577981630e+01   -1.3990657500e+01    6.6996446960e+00    2.2977712902e+00   -1.6288428790e+01    3.2000000000e+01    1.9743180001e-03    6.6796875000e-01
        76   -7.3064053701e+00    5.3539698375e+01   -1.3064506537e+01    5.7581011670e+00    2.3759724601e+00   -1.5440478997e+01    3.2000000000e+01    2.1368889993e-03    7.0117187500e-01
        77   -7.2748883202e+00    5.3008931713e+01   -1.2224346640e+01    4.9494583196e+00    2.8863712420e+00   -1.5110717882e+01    3.2000000000e+01    2.0014840002e-03    6.5820312500e-01
        78   -7.4665172491e+00    5.6070727029e+01   -1.2354586662e+01    4.8880694131e+00    3.2575604399e+00   -1.5612147102e+01    3.2000000000e+01    1.9853890008e-03    6.5429687500e-01
        79   -7.2516231061e+00    5.2740269421e+01   -1.3855016388e+01    6.6033932817e+00    3.8435516815e+00   -1.7698568069e+01    3.2000000000e+01    2.0092620007e-03    6.1914062500e-01
        80   -7.6261789304e+00    5.8489052241e+01   -1.6471216797e+01    8.8450378661e+00    3.0136797331e+00   -1.9484896530e+01    3.2000000000e+01    2.0250429998e-03    6.5429687500e-01
        81   -7.5965515444e+00    5.7853080995e+01   -1.5455158257e+01    7.8586067130e+00    2.5184306009e+00   -1.7973588858e+01    3.2000000000e+01    2.0071399995e-03    6.6406250000e-01
        82   -7.2875450595e+00    5.3229498700e+01   -1.2101856444e+01    4.8143113847e+00    2.6298216176e+00   -1.4731678062e+01    3.2000000000e+01    2.0024200003e-03    6.4843750000e-01
        83   -7.2747429405e+00    5.3050995675e+01   -1.4005670142e+01    6.7309272016e+00    2.5949879493e+00   -1.6600658091e+01    3.2000000000e+01    1.9800909995e-03    6.5820312500e-01
        84   -7.2248125752e+00    5.2330239472e+01   -1.0992180953e+01    3.7673683778e+00    2.6474984591e+00   -1.3639679412e+01    3.2000000000e+01    1.9609250003e-03    6.3085937500e-01
        85   -7.3809590683e+00    5.4809510660e+01   -1.2730035431e+01    5.3490763629e+00    2.3299240646e+00   -1.5059959496e+01    3.2000000000e+01    2.0427689997e-03    6.4062500000e-01
        86   -7.4304541130e+00    5.5390573776e+01   -1.1966331981e+01    4.5358778676e+00    2.3353577857e+00   -1.4301689766e+01    3.2000000000e+01    1.9982669992e-03    6.6992187500e-01
        87   -7.3356429697e+00    5.3916589132e+01   -1.2264089375e+01    4.9284464055e+00    2.5819238781e+00   -1.4846013253e+01    3.2000000000e+01    1.9879190004e-03    6.6406250000e-01
        88   -7.3330154856e+00    5.3857750011e+01   -8.6462129260e+00    1.3131974404e+00    2.1380703951e+00   -1.0784283321e+01    3.2000000000e+01    2.0154059994e-03    7.0117187500e-01
        89   -7.3680507977e+00    5.4501933718e+01   -1.3521394213e+01    6.1533434149e+00    2.6198021951e+00   -1.6141196408e+01    3.2000000000e+01    2.0470769996e-03    6.4843750000e-01
        90   -7.3725855585e+00    5.4633109449e+01   -1.1316886648e+01    3.9443010894e+00    2.9430050474e+00   -1.4259891695e+01    3.2000000000e+01    1.9946439998e-03    6.7578125000e-01
        91   -7.3080282562e+00    5.3520242908e+01   -9.5785693916e+00    2.2705411354e+00    2.1613519016e+00   -1.1739921293e+01    3.2000000000e+01    2.0129160002e-03    6.9531250000e-01
        92   -7.3756798479e+00    5.4452907867e+01   -9.2949266324e+00    1.9192467845e+00    2.7312935014e+00   -1.2026220134e+01    3.2000000000e+01    2.0210929997e-03    7.0117187500e-01
        93   -7.3101340289e+00    5.3567177286e+01   -1.2077386375e+01    4.7672523463e+00    2.5685017261e+00   -1.4645888101e+01    3.2000000000e+01    1.9609709998e-03    6.4257812500e-01
        94   -7.6416586044e+00    5.8700345458e+01   -1.2845378057e+01    5.2037194528e+00    2.6042551864e+00   -1.5449633244e+01    3.2000000000e+01    1.9753560000e-03    6.4453125000e-01
        95   -7.6470653709e+00    5.8921797079e+01   -1.7822304730e+01    1.0175239359e+01    3.3797930007e+00   -2.1202097731e+01    3.2000000000e+01    1.9416530004e-03    6.2304687500e-01
        96   -7.5384808396e+00    5.7051613095e+01   -1.1622239990e+01    4.0837591508e+00    2.8186597631e+00   -1.4440899753e+01    3.2000000000e+01    2.2012930003e-03    6.5625000000e-01
        97   -7.3050449626e+00    5.3475237388e+01   -1.2828520193e+01    5.5234752301e+00    2.3834695919e+00   -1.5211989785e+01    3.2000000000e+01    2.0185190006e-03    6.2695312500e-01
        98   -7.1789330023e+00    5.1588709861e+01   -1.1650628981e+01    4.4716959791e+00    2.0379545581e+00   -1.3688583539e+01    3.2000000000e+01    1.9333729997e-03    6.4062500000e-01
        99   -7.9233014926e+00    6.3419505115e+01   -1.5240135845e+01    7.3168343524e+00    2.3797971764e+00   -1.7619933021e+01    3.2000000000e+01    1.9917460004e-03    6.5234375000e-01
       100   -7.4240197376e+00    5.5483123196e+01   -1.1965419628e+01    4.5413998899e+00    2.4470644244e+00   -1.4412484052e+01    3.2000000000e+01    1.9777260004e-03    6.3476562500e-01
       101   -7.1318790117e+00    5.0962086849e+01   -8.6439024201e+00    1.5120234084e+00    2.2652224152e+00   -1.0909124835e+01    3.2000000000e+01    2.0338109998e-03    6.7968750000e-01
       102   -7.4633174451e+00    5.5879784009e+01   -1.2986682488e+01    5.5233650426e+00    2.1102325092e+00   -1.5096914997e+01    3.2000000000e+01    1.9791850000e-03    6.5625000000e-01
       103   -7.4195874572e+00    5.5210895965e+01   -9.1011682730e+00    1.6815808158e+00    1.9526716764e+00   -1.1053839949e+01    3.2000000000e+01    2.0155430002e-03    7.2070312500e-01
       104   -7.3702052249e+00    5.4424086965e+01   -1.3292472335e+01    5.9222671099e+00    2.2623975354e+00   -1.5554869870e+01    3.2000000000e+01    2.0305400003e-03    6.7382812500e-01
       105   -7.4334855434e+00    5.5418982714e+01   -1.2841747362e+01    5.4082618184e+00    2.7160756357e+00   -1.5557822998e+01    3.2000000000e+01    1.9991570007e-03    6.2500000000e-01
       106   -7.4636682577e+00    5.6008737265e+01   -1.2067803276e+01    4.6041350187e+00    2.4842386070e+00   -1.4552041883e+01    3.2000000000e+01    2.1382949999e-03    6.3476562500e-01
       107   -7.4216904019e+00    5.5300807785e+01   -2.0974156391e+01    1.3552465989e+01    2.7147421481e+00   -2.3688898539e+01    3.2000000000e+01    2.0029490006e-03    6.3671875000e-01
       108   -7.5463335532e+00    5.7137609236e+01   -1.4734145161e+01    7.1878116073e+00    3.1018345577e+00   -1.7835979718e+01    3.2000000000e+01    1.9500250000e-03    6.0351562500e-01
       109   -7.2880139955e+00    5.3219227749e+01   -1.1293662842e+01    4.0056488462e+00    2.6741569917e+00   -1.3967819833e+01    3.2000000000e+01    1.9940610000e-03    6.6406250000e-01
       110   -7.3647728991e+00    5.4355315000e+01   -1.2616935574e+01    5.2521626751e+00    2.6337750213e+00   -1.5250710595e+01    3.2000000000e+01    1.9422260002e-03    6.1132812500e-01
       111   -7.6091715495e+00    5.8229485667e+01   -1.4451285428e+01    6.8421138789e+00    2.4855120266e+00   -1.6936797455e+01    3.2000000000e+01    2.1012799998e-03    6.6015625000e-01
       112   -7.9091280975e+00    6.2990766645e+01   -1.7035377915e+01    9.1262498171e+00    3.1188559908e+00   -2.0154233905e+01    3.2000000000e+01    2.5855590002e-03    6.5039062500e-01
       113   -7.5543687472e+00    5.7698404430e+01   -1.4973696494e+01    7.4193277471e+00    2.6671337851e+00   -1.7640830279e+01    3.2000000000e+01    2.0627820004e-03    6.4648437500e-01
       114   -7.4004337751e+00    5.5118184229e+01   -1.3515962330e+01    6.1155285545e+00    2.7568202842e+00   -1.6272782614e+01    3.2000000000e+01    2.1008820004e-03    6.6992187500e-01
       115   -7.6526992560e+00    5.8877361220e+01   -1.5869972349e+01    8.2172730935e+00    2.8006801467e+00   -1.8670652496e+01    3.2000000000e+01    1.9590809998e-03    5.9960937500e-01
       116   -7.5488385124e+00    5.7269775927e+01   -1.4393558290e+01    6.8447197778e+00    2.3671566455e+00   -1.6760714936e+01    3.2000000000e+01    1.9706680005e-03    6.4843750000e-01
       117   -7.3271090192e+00    5.3879343959e+01   -1.5620004813e+01    8.2928957938e+00    2.4043883051e+00   -1.8024393118e+01    3.2000000000e+01    1.9259669998e-03    6.0937500000e-01
       118   -7.2846747118e+00    5.3288110228e+01   -1.3306246290e+01    6.0215715784e+00    2.5768795912e+00   -1.5883125881e+01    3.2000000000e+01    1.9972999999e-03    6.7382812500e-01
       119   -7.5724444629e+00    5.7668630151e+01   -1.4414133604e+01    6.8416891414e+00    2.7949823276e+00   -1.7209115932e+01    3.2000000000e+01    1.9467789998e-03    6.1914062500e-01
       120   -7.6639635512e+00    5.9342373110e+01   -1.7602747169e+01    9.9387836173e+00    2.7364252579e+00   -2.0339172426e+01    3.2000000000e+01    1.9606520000e-03    6.4648437500e-01
       121   -7.4291519124e+00    5.5410258830e+01   -1.4593859779e+01    7.1647078668e+00    2.2430139190e+00   -1.6836873698e+01    3.2000000000e+01    2.0568170003e-03    6.3281250000e-01
       122   -7.1846578135e+00    5.1693774562e+01   -1.0085756706e+01    2.9010988922e+00    1.8718438794e+00   -1.1957600585e+01    3.2000000000e+01    1.9532609995e-03    6.5625000000e-01
       123   -7.3725215660e+00    5.4509143334e+01   -1.3843425807e+01    6.4709042410e+00    2.4359929534e+00   -1.6279418760e+01    3.2000000000e+01    1.9537519993e-03    6.1328125000e-01
       124   -7.6071577452e+00    5.8130739956e+01   -2.0522572799e+01    1.2915415054e+01    2.9727458024e+00   -2.3495318601e+01    3.2000000000e+01    1.9461420006e-03    6.1914062500e-01
       125   -7.2925231312e+00    5.3275354936e+01   -1.5458269074e+01    8.1657459430e+00    3.0063370037e+00   -1.8464606078e+01    3.2000000000e+01    2.0116550004e-03    6.1132812500e-01
       126   -7.4006235573e+00    5.5071521529e+01   -1.1394499169e+01    3.9938756116e+00    2.3020989486e+00   -1.3696598117e+01    3.2000000000e+01    2.0025950007e-03    6.6796875000e-01
       127   -7.8866066964e+00    6.2918374623e+01   -1.4393224081e+01    6.5066173843e+00    2.0452653655e+00   -1.6438489446e+01    3.2000000000e+01    2.0052649998e-03    6.9140625000e-01
       128   -7.3183782246e+00    5.3666246311e+01   -1.0105239701e+01    2.7868614764e+00    2.4524416135e+00   -1.2557681314e+01    3.2000000000e+01    2.0775510002e-03    6.7578125000e-01
       129   -7.5059446502e+00    5.6492934087e+01   -1.6407497252e+01    8.9015526017e+00    2.7171092468e+00   -1.9124606499e+01    3.2000000000e+01    2.2366960002e-03    6.2304687500e-01
       130   -7.4095649555e+00    5.5040267869e+01   -1.1053155641e+01    3.6435906852e+00    2.1636247063e+00   -1.3216780347e+01    3.2000000000e+01    1.9786960002e-03    6.6601562500e-01
       131   -7.4100791135e+00    5.5020193801e+01   -1.3536584013e+01    6.1265048994e+00    2.3761160880e+00   -1.5912700101e+01    3.2000000000e+01    2.0113239998e-03    6.5039062500e-01
       132   -7.3859765725e+00    5.4865698074e+01   -1.2934610207e+01    5.5486336340e+00    2.4828294948e+00   -1.5417439701e+01    3.2000000000e+01    1.9918070002e-03    6.6796875000e-01
       133   -7.5928297508e+00    5.7960644523e+01   -1.6940382449e+01    9.3475526983e+00    2.7526323490e+00   -1.9693014798e+01    3.2000000000e+01    1.9748229997e-03    6.3867187500e-01
       134   -7.2660232843e+00    5.2976784935e+01   -1.0083383920e+01    2.8173606356e+00    2.3812444488e+00   -1.2464628369e+01    3.2000000000e+01    1.9879699994e-03    6.4648437500e-01
       135   -7.3741280888e+00    5.4544344892e+01   -1.4548415605e+01    7.1742875164e+00    2.7248339255e+00   -1.7273249531e+01    3.2000000000e+01    1.9326970005e-03    6.0937500000e-01
       136   -7.4273980456e+00    5.5259401770e+01   -1.3019211520e+01    5.5918134742e+00    2.4364263396e+00   -1.5455637860e+01    3.2000000000e+01    1.9584109996e-03    6.3085937500e-01
       137   -7.9817744254e+00    6.4247367195e+01   -1.5039279003e+01    7.0575045780e+00    2.5008066300e+00   -1.7540085633e+01    3.2000000000e+01    1.9538699999e-03    6.3085937500e-01
       138   -7.6987201043e+00    5.9712795340e+01   -1.5354919421e+01    7.6561993163e+00    3.3632160561e+00   -1.8718135477e+01    3.2000000000e+01    1.9672260005e-03    6.1523437500e-01
       139   -7.3002020513e+00    5.3408179707e+01   -1.2437878325e+01    5.1376762741e+00    2.4715432147e+00   -1.4909421540e+01    3.2000000000e+01    1.9715180006e-03    6.3281250000e-01
       140   -7.3454594336e+00    5.4106116209e+01   -1.3645353192e+01    6.2998937588e+00    2.7179681902e+00   -1.6363321383e+01    3.2000000000e+01    1.9709510007e-03    6.4257812500e-01
       141   -7.5673195884e+00    5.7438519048e+01   -1.3857262623e+01    6.2899430345e+00    2.3879700261e+00   -1.6245232649e+01    3.2000000000e+01    1.9626390003e-03    6.3671875000e-01
       142   -7.3688389450e+00    5.4414298722e+01   -1.1608011981e+01    4.2391730362e+00    2.4773516631e+00   -1.4085363644e+01    3.2000000000e+01    1.9607790000e-03    6.2695312500e-01
       143   -7.3455321308e+00    5.4061371486e+01   -1.2393200878e+01    5.0476687471e+00    2.7203476393e+00   -1.5113548517e+01    3.2000000000e+01    1.9801070002e-03    6.4453125000e-01
       144   -7.3974511296e+00    5.4980268483e+01   -1.1680215210e+01    4.2827640803e+00    3.1690103265e+00   -1.4849225536e+01    3.2000000000e+01    1.9533559998e-03    6.3281250000e-01
       145   -7.2599810879e+00    5.2838128300e+01   -1.1321772054e+01    4.0617909665e+00    2.3413471773e+00   -1.3663119232e+01    3.2000000000e+01    2.2591320003e-03    6.4062500000e-01
       146   -7.5722456366e+00    5.7604185887e+01   -1.2080990743e+01    4.5087451065e+00    2.0753181780e+00   -1.4156308921e+01    3.2000000000e+01    1.9720640003e-03    6.5820312500e-01
       147   -7.3540666063e+00    5.4247210292e+01   -8.3557907205e+00    1.0017241142e+00    4.0831840248e+00   -1.2438974745e+01    3.2000000000e+01    2.0818650000e-03    6.7968750000e-01
       148   -7.2962941976e+00    5.3331857870e+01   -1.3351407392e+01    6.0551131948e+00    2.4902506637e+00   -1.5841658056e+01    3.2000000000e+01    2.1145119999e-03    6.4648437500e-01
       149   -7.4058232972e+00    5.5056486000e+01   -1.0336405127e+01    2.9305818297e+00    2.1433109211e+00   -1.2479716048e+01    3.2000000000e+01    1.9779320000e-03    6.4648437500e-01
       150   -7.4709538486e+00    5.5987864713e+01   -1.6425969921e+01    8.9550160725e+00    3.0933213761e+00   -1.9519291297e+01    3.2000000000e+01    1.9323619999e-03    6.0351562500e-01
       151   -7.5415463728e+00    5.7154235785e+01   -2.7716572938e+01    2.0175026566e+01    2.5156579803e+00   -3.0232230919e+01    3.2000000000e+01    1.9708870004e-03    6.4257812500e-01
       152   -7.4150484579e+00    5.5369836940e+01   -3.3452382648e+01    2.6037334190e+01    3.5592852574e+00   -3.7011667905e+01    3.2000000000e+01    1.9231039996e-03    5.9375000000e-01
       153   -7.2499202663e+00    5.2631265572e+01   -1.0205141407e+01    2.9552211410e+00    1.9837442423e+00   -1.2188885650e+01    3.2000000000e+01    2.0726550001e-03    6.8164062500e-01
       154   -7.4188634640e+00    5.5126380449e+01   -1.1848419110e+01    4.4295556464e+00    2.4442314172e+00   -1.4292650528e+01    3.2000000000e+01    2.4343679997e-03    6.5039062500e-01
       155   -7.5753169075e+00    5.7537759148e+01   -1.5614206188e+01    8.0388892803e+00    2.7212424198e+00   -1.8335448608e+01    3.2000000000e+01    1.9685240004e-03    6.2109375000e-01
       156   -7.5551137351e+00    5.7359536801e+01   -1.1689464218e+01    4.1343504829e+00    1.8649558296e+00   -1.3554420048e+01    3.2000000000e+01    2.5537899992e-03    6.7187500000e-01
       157   -7.2885821751e+00    5.3223355402e+01   -1.1282880925e+01    3.9942987504e+00    2.2090575428e+00   -1.3491938468e+01    3.2000000000e+01    2.5644919997e-03    6.7968750000e-01
       158   -7.3114611963e+00    5.3696882974e+01   -1.4045102491e+01    6.7336412945e+00    2.5128002037e+00   -1.6557902695e+01    3.2000000000e+01    2.0583579999e-03    6.6015625000e-01
       159   -7.7723736923e+00    6.0693899282e+01   -2.0072748568e+01    1.2300374876e+01    3.2057766493e+00   -2.3278525217e+01    3.2000000000e+01    3.0548730001e-03    5.8007812500e-01
       160   -7.5003701459e+00    5.6415961047e+01   -1.2660288028e+01    5.1599178820e+00    2.4400614338e+00   -1.5100349462e+01    3.2000000000e+01    2.2718709997e-03    6.2304687500e-01
       161   -7.2418134110e+00    5.2575271772e+01   -1.1383072981e+01    4.1412595702e+00    2.7784827716e+00   -1.4161555753e+01    3.2000000000e+01    2.1278859995e-03    6.2695312500e-01
       162   -7.7769212985e+00    6.1052300756e+01   -1.4650611681e+01    6.8736903828e+00    2.6983292827e+00   -1.7348940964e+01    3.2000000000e+01    2.0646980001e-03    6.3867187500e-01
       163   -7.5559357964e+00    5.7218391068e+01   -1.3692974155e+01    6.1370383585e+00    3.1013687190e+00   -1.6794342874e+01    3.2000000000e+01    2.0675440001e-03    5.9960937500e-01
       164   -7.3469291102e+00    5.4208043975e+01   -1.3221802042e+01    5.8748729317e+00    2.5629113177e+00   -1.5784713360e+01    3.2000000000e+01    2.0609559997e-03    6.3281250000e-01
       165   -7.2140233856e+00    5.2093614247e+01   -1.1476253367e+01    4.2622299810e+00    2.3358804893e+00   -1.3812133856e+01    3.2000000000e+01    1.9954159998e-03    6.3281250000e-01
       166   -7.3843313497e+00    5.4789399062e+01   -1.2623834770e+01    5.2395034199e+00    2.6302934592e+00   -1.5254128229e+01    3.2000000000e+01    1.9946640004e-03    6.5625000000e-01
       167   -7.4484645189e+00    5.5608512234e+01   -1.2340617595e+01    4.8921530759e+00    2.9324795070e+00   -1.5273097102e+01    3.2000000000e+01    1.9912629996e-03    6.4843750000e-01
       168   -7.5330375179e+00    5.6985142443e+01   -1.3187551125e+01    5.6545136076e+00    2.9476633619e+00   -1.6135214487e+01    3.2000000000e+01    1.9765510006e-03    6.4648437500e-01
       169   -7.6068482060e+00    5.8170788497e+01   -1.3652825537e+01    6.0459773309e+00    2.5614968738e+00   -1.6214322411e+01    3.2000000000e+01    2.2533170004e-03    6.4257812500e-01
       170   -7.6688818481e+00    5.9377125737e+01   -1.3384936631e+01    5.7160547830e+00    2.2376015972e+00   -1.5622538228e+01    3.2000000000e+01    2.0334189994e-03    6.8359375000e-01
       171   -7.3707786604e+00    5.4486886177e+01   -1.3238842842e+01    5.8680641819e+00    2.3974300425e+00   -1.5636272885e+01    3.2000000000e+01    1.9767530002e-03    6.4453125000e-01
       172   -7.5407118181e+00    5.7121824826e+01   -1.3357487066e+01    5.8167752479e+00    2.9353372358e+00   -1.6292824302e+01    3.2000000000e+01    1.9759380002e-03    6.2890625000e-01
       173   -7.6750643105e+00    5.9087604122e+01   -2.8205255624e+01    2.0530191313e+01    3.5112726266e+00   -3.1716528250e+01    3.2000000000e+01    1.9520110000e-03    5.8789062500e-01
       174   -7.5128396097e+00    5.6692876028e+01   -2.5572031981e+01    1.8059192371e+01    2.8312424295e+00   -2.8403274411e+01    3.2000000000e+01    1.9401039999e-03    5.8398437500e-01
       175   -7.3112892067e+00    5.3600579049e+01   -9.6997818303e+00    2.3884926236e+00    2.7236452943e+00   -1.2423427125e+01    3.2000000000e+01    2.0004250000e-03    6.6406250000e-01
       176   -7.4461385568e+00    5.5679382325e+01   -1.5445642109e+01    7.9995035525e+00    2.6523115415e+00   -1.8097953651e+01    3.2000000000e+01    2.2903289992e-03    6.3867187500e-01
       177   -7.3715429555e+00    5.4493460513e+01   -1.4082030075e+01    6.7104871200e+00    2.5105878026e+00   -1.6592617878e+01    3.2000000000e+01    2.0276759997e-03    6.2304687500e-01
       178   -7.2917529318e+00    5.3253227083e+01   -1.1118432862e+01    3.8266799298e+00    2.2572413915e+00   -1.3375674253e+01    3.2000000000e+01    2.1379919999e-03    6.8750000000e-01
       179   -7.2979745834e+00    5.3404804533e+01   -9.7265856131e+00    2.4286110297e+00    2.5009763397e+00   -1.2227561953e+01    3.2000000000e+01    2.0774329996e-03    6.4648437500e-01
       180   -7.4062825259e+00    5.5017526784e+01   -1.2677152340e+01    5.2708698142e+00    2.3647773554e+00   -1.5041929696e+01    3.2000000000e+01    2.0081040002e-03    6.6992187500e-01
       181   -7.7292403056e+00    6.0292712443e+01   -1.5576329654e+01    7.8470893485e+00    2.6386678120e+00   -1.8214997466e+01    3.2000000000e+01    1.9940650000e-03    6.4257812500e-01
       182   -7.2670303968e+00    5.2891538130e+01   -1.1504322821e+01    4.2372924243e+00    2.4327705348e+00   -1.3937093356e+01    3.2000000000e+01    2.0013809999e-03    6.7187500000e-01
       183   -7.6911097077e+00    5.9568001752e+01   -1.5946747683e+01    8.2556379750e+00    2.3858645326e+00   -1.8332612215e+01    3.2000000000e+01    1.9565660004e-03    6.5820312500e-01
       184   -7.4130076563e+00    5.5081339149e+01   -1.1056071681e+01    3.6430640249e+00    2.1757571900e+00   -1.3231828871e+01    3.2000000000e+01    2.0102529998e-03    6.9726562500e-01
       185   -7.6408166552e+00    5.8789121781e+01   -1.3293667025e+01    5.6528503698e+00    2.6339337930e+00   -1.5927600818e+01    3.2000000000e+01    2.0010270000e-03    6.4648437500e-01
       186   -7.5100388862e+00    5.6616995311e+01   -9.5285152889e+00    2.0184764027e+00    2.2403402947e+00   -1.1768855584e+01    3.2000000000e+01    2.0350340001e-03    7.2656250000e-01
       187   -7.7794695594e+00    6.1049933685e+01   -1.6454431064e+01    8.6749615046e+00    3.1408161895e+00   -1.9595247253e+01    3.2000000000e+01    1.9529570000e-03    6.1132812500e-01
       188   -7.3095727350e+00    5.3594271213e+01   -1.3118601623e+01    5.8090288879e+00    3.4667628719e+00   -1.6585364495e+01    3.2000000000e+01    1.9749519997e-03    6.4257812500e-01
       189   -7.5287788702e+00    5.6861142818e+01   -1.1962508025e+01    4.4337291546e+00    3.0911087661e+00   -1.5053616791e+01    3.2000000000e+01    1.9758279996e-03    6.3671875000e-01
       190   -7.5650747958e+00    5.7604041721e+01   -1.6805222712e+01    9.2401479157e+00    2.8995795925e+00   -1.9704802304e+01    3.2000000000e+01    1.9671809996e-03    6.2695312500e-01
       191   -7.5496004431e+00    5.7262571800e+01   -1.8215087262e+01    1.0665486818e+01    2.4939475385e+00   -2.0709034800e+01    3.2000000000e+01    1.9539429995e-03    6.6210937500e-01
       192   -7.5742843893e+00    5.7562029381e+01   -2.0332759319e+01    1.2758474930e+01    2.2380872691e+00   -2.2570846588e+01    3.2000000000e+01    2.0525280006e-03    6.4843750000e-01
       193   -7.4386158005e+00    5.5529797075e+01   -1.5022542605e+01    7.5839268044e+00    2.0431165981e+00   -1.7065659203e+01    3.2000000000e+01    2.3714899999e-03    6.6406250000e-01
       194   -7.5417982181e+00    5.7076185904e+01   -1.3364405024e+01    5.8226068060e+00    2.2656934005e+00   -1.5630098425e+01    3.2000000000e+01    3.8540189998e-03    6.0546875000e-01
       195   -7.5929629175e+00    5.7768528085e+01   -1.3012860442e+01    5.4198975245e+00    2.8092487006e+00   -1.5822109143e+01    3.2000000000e+01    3.1090849998e-03    6.1328125000e-01
       196   -7.4979838225e+00    5.6383820940e+01   -1.3473810850e+01    5.9758270275e+00    2.5866500131e+00   -1.6060460863e+01    3.2000000000e+01    2.0120489999e-03    6.4453125000e-01
       197   -7.2301992263e+00    5.2385650905e+01   -1.0822501090e+01    3.5923018633e+00    2.5781761509e+00   -1.3400677240e+01    3.2000000000e+01    1.9917420004e-03    6.5820312500e-01
       198   -7.2487479774e+00    5.2628290284e+01   -1.1026918616e+01    3.7781706391e+00    2.0420827152e+00   -1.3069001332e+01    3.2000000000e+01    2.0086959994e-03    6.6406250000e-01
       199   -7.2322272599e+00    5.2497830102e+01   -1.1400078396e+01    4.1678511357e+00    2.6037093708e+00   -1.4003787766e+01    3.2000000000e+01    2.0007129997e-03    6.8554687500e-01
       200   -7.7035982065e+00    5.9719867293e+01   -1.4122953762e+01    6.4193555550e+00    2.4738598475e+00   -1.6596813609e+01    3.2000000000e+01    2.2400600001e-03    6.5820312500e-01
       201   -7.2384465704e+00    5.2562264589e+01   -1.5378313264e+01    8.1398666940e+00    2.2172752713e+00   -1.7595588536e+01    3.2000000000e+01    2.0625760008e-03    6.9140625000e-01
       202   -7.4368292551e+00    5.5589645115e+01   -1.4585639843e+01    7.1488105880e+00    2.5023018047e+00   -1.7087941648e+01    3.2000000000e+01    1.9211740000e-03    6.1132812500e-01
       203   -7.3448369943e+00    5.4077103492e+01   -1.0202659622e+01    2.8578226282e+00    1.9957626112e+00   -1.2198422234e+01    3.2000000000e+01    2.0136749999e-03    6.9726562500e-01
       204   -7.4525948031e+00    5.5764708283e+01   -1.1306472525e+01    3.8538777216e+00    2.4789622622e+00   -1.3785434787e+01    3.2000000000e+01    1.9996940000e-03    6.4648437500e-01
       205   -7.7379930620e+00    6.0324026812e+01   -1.4552009726e+01    6.8140166641e+00    2.3760244417e+00   -1.6928034168e+01    3.2000000000e+01    1.9842580004e-03    6.6210937500e-01
       206   -7.3833322755e+00    5.4673463843e+01   -1.0242866541e+01    2.8595342656e+00    2.6540670999e+00   -1.2896933641e+01    3.2000000000e+01    1.9915660005e-03    6.7187500000e-01
       207   -7.7315626126e+00    6.0456608787e+01   -1.4343925890e+01    6.6123632775e+00    2.5380880511e+00   -1.6882013941e+01    3.2000000000e+01    2.1519809998e-03    6.5625000000e-01
       208   -7.4042548880e+00    5.4846262846e+01   -1.0920690013e+01    3.5164351253e+00    2.5139042704e+00   -1.3434594284e+01    3.2000000000e+01    2.0026910006e-03    6.3281250000e-01
       209   -7.7885704913e+00    6.1311410743e+01   -1.5840848337e+01    8.0522778462e+00    2.2769335602e+00   -1.8117781898e+01    3.2000000000e+01    1.9885080001e-03    6.4648437500e-01
       210   -7.8398841434e+00    6.1799108015e+01   -1.6617320997e+01    8.7774368539e+00    2.7782269970e+00   -1.9395547994e+01    3.2000000000e+01    1.9664069996e-03    5.9960937500e-01
       211   -7.4375373345e+00    5.5425863355e+01   -1.3859748697e+01    6.4222113627e+00    2.3122476447e+00   -1.6171996342e+01    3.2000000000e+01    1.9611700000e-03    6.5820312500e-01
       212   -7.3889841423e+00    5.4699148674e+01   -1.1242256692e+01    3.8532725494e+00    2.0913079928e+00   -1.3333564684e+01    3.2000000000e+01    1.9867940000e-03    6.6015625000e-01
       213   -7.3903189620e+00    5.4760309872e+01   -1.1768299145e+01    4.3779801832e+00    2.1957693136e+00   -1.3964068459e+01    3.2000000000e+01    2.0115239995e-03    6.8554687500e-01
       214   -7.4692163811e+00    5.5965149725e+01   -1.6218739409e+01    8.7495230279e+00    3.0490988254e+00   -1.9267838234e+01    3.2000000000e+01    1.9687520007e-03    6.0742187500e-01
       215   -7.2666559587e+00    5.2951243463e+01   -1.0670942953e+01    3.4042869944e+00    2.5422948265e+00   -1.3213237780e+01    3.2000000000e+01    1.9925510005e-03    6.5039062500e-01
       216   -7.6981014941e+00    5.9790867623e+01   -1.5544377492e+01    7.8462759976e+00    2.9121857701e+00   -1.8456563262e+01    3.2000000000e+01    2.0351240000e-03    6.4257812500e-01
       217   -7.5593155612e+00    5.7421540863e+01   -1.8967401119e+01    1.1408085558e+01    3.6245089241e+00   -2.2591910044e+01    3.2000000000e+01    1.9733279996e-03    6.2890625000e-01
       218   -7.4879235366e+00    5.6583484543e+01   -1.3156179413e+01    5.6682558767e+00    2.8778288482e+00   -1.6034008262e+01    3.2000000000e+01    2.1562060001e-03    6.3671875000e-01
       219   -7.3449314414e+00    5.4156537187e+01   -1.2724031168e+01    5.3790997264e+00    3.2855906877e+00   -1.6009621855e+01    3.2000000000e+01    1.9607140002e-03    6.3867187500e-01
       220   -7.4173601237e+00    5.5153297489e+01   -2.1024483244e+01    1.3607123120e+01    4.5062459316e+00   -2.5530729175e+01    3.2000000000e+01    2.0548650000e-03    6.3281250000e-01
       221   -7.6223584103e+00    5.8280601828e+01   -1.5972205997e+01    8.3498475864e+00    2.3208601565e+00   -1.8293066153e+01    3.2000000000e+01    1.9846050000e-03    6.5429687500e-01
       222   -7.3239751945e+00    5.3715421055e+01   -9.8468932039e+00    2.5229180094e+00    1.6609352101e+00   -1.1507828414e+01    3.2000000000e+01    1.9989930006e-03    7.1289062500e-01
       223   -7.4322666684e+00    5.5323457421e+01   -1.3317411044e+01    5.8851443759e+00    2.4964118570e+00   -1.5813822901e+01    3.2000000000e+01    2.1308770001e-03    6.2695312500e-01
       224   -7.3017280820e+00    5.3549176680e+01   -2.2490404777e+01    1.5188676695e+01    2.8133901655e+00   -2.5303794943e+01    3.2000000000e+01    2.0306430006e-03    6.2695312500e-01
       225   -7.2553025604e+00    5.2765734007e+01   -1.1813641098e+01    4.5583385381e+00    2.5318464351e+00   -1.4345487534e+01    3.2000000000e+01    2.3089649994e-03    6.7187500000e-01
       226   -7.3792934375e+00    5.4614801994e+01   -1.2956965395e+01    5.5776719575e+00    2.5807875639e+00   -1.5537752959e+01    3.2000000000e+01    1.9843069995e-03    6.2109375000e-01
       227   -7.3031345701e+00    5.3477602772e+01   -1.1692820976e+01    4.3896864056e+00    2.8180256507e+00   -1.4510846626e+01    3.2000000000e+01    1.9977339998e-03    6.6015625000e-01
       228   -7.4352619369e+00    5.5498245210e+01   -2.4283377045e+01    1.6848115108e+01    2.8613338954e+00   -2.7144710940e+01    3.2000000000e+01    2.0037849999e-03    6.4648437500e-01
       229   -7.5447116002e+00    5.7337256676e+01   -1.6013363378e+01    8.4686517774e+00    2.9800497327e+00   -1.8993413110e+01    3.2000000000e+01    2.0000019995e-03    6.7187500000e-01
       230   -7.7530276304e+00    6.0435542122e+01   -1.5373201431e+01    7.6201738004e+00    2.7536246163e+00   -1.8126826047e+01    3.2000000000e+01    1.9361609993e-03    6.1523437500e-01
       231   -7.6336147322e+00    5.8811643842e+01   -1.3165681025e+01    5.5320662929e+00    2.2758468158e+00   -1.5441527841e+01    3.2000000000e+01    1.9935290002e-03    6.6992187500e-01
       232   -7.4053451138e+00    5.4967119871e+01   -1.2132632451e+01    4.7272873370e+00    2.7663188485e+00   -1.4898951299e+01    3.2000000000e+01    2.0058929995e-03    6.5625000000e-01
       233   -7.6701736065e+00    5.9044328652e+01   -2.1763666682e+01    1.4093493075e+01    2.4483006511e+00   -2.4211967333e+01    3.2000000000e+01    1.9243759998e-03    5.9960937500e-01
       234   -7.6162340952e+00    5.8587402520e+01   -2.0139779560e+01    1.2523545465e+01    3.8668642121e+00   -2.4006643772e+01    3.2000000000e+01    1.9302960000e-03    5.6640625000e-01
       235   -7.2839990067e+00    5.3123155238e+01   -1.2854673891e+01    5.5706748842e+00    2.3583844580e+00   -1.5213058349e+01    3.2000000000e+01    1.9292199995e-03    6.2695312500e-01
       236   -7.1923104347e+00    5.1787229599e+01   -1.1186476453e+01    3.9941660179e+00    2.2579081103e+00   -1.3444384563e+01    3.2000000000e+01    2.0064939999e-03    6.3867187500e-01
       237   -7.4886813098e+00    5.6346444405e+01   -2.6911842371e+01    1.9423161061e+01    2.8358398103e+00   -2.9747682181e+01    3.2000000000e+01    1.9520079995e-03    6.2500000000e-01
       238   -7.2653731539e+00    5.2889043227e+01   -1.3539832489e+01    6.2744593352e+00    2.0892990269e+00   -1.5629131516e+01    3.2000000000e+01    2.0580549999e-03    6.6796875000e-01
       239   -7.1927141158e+00    5.1845190140e+01   -1.4378403479e+01    7.1856893627e+00    2.0382693047e+00   -1.6416672783e+01    3.2000000000e+01    2.0263449996e-03    6.4062500000e-01
       240   -7.4287154654e+00    5.5516179919e+01   -1.3970715977e+01    6.5420005113e+00    2.4596286356e+00   -1.6430344612e+01    3.2000000000e+01    2.1684670000e-03    6.5039062500e-01
       241   -7.4319330579e+00    5.5554096786e+01   -1.1915115883e+01    4.4831828252e+00    2.5136636451e+00   -1.4428779528e+01    3.2000000000e+01    2.1732160003e-03    6.5820312500e-01
       242   -7.6724684326e+00    5.9229677904e+01   -2.6706993279e+01    1.9034524847e+01    2.4254671657e+00   -2.9132460445e+01    3.2000000000e+01    2.1042359995e-03    6.5234375000e-01
       243   -7.7011926910e+00    5.9701408625e+01   -2.6192903864e+01    1.8491711173e+01    2.7562118139e+00   -2.8949115678e+01    3.2000000000e+01    2.4592469999e-03    5.9960937500e-01
       244   -7.5240616884e+00    5.6912182499e+01   -1.3249894667e+01    5.7258329791e+00    2.6570162469e+00   -1.5906910914e+01    3.2000000000e+01    3.4649010004e-03    6.7968750000e-01
       245   -7.2702717493e+00    5.2901482304e+01   -1.1029497622e+01    3.7592258729e+00    2.5032305086e+00   -1.3532728131e+01    3.2000000000e+01    2.5622800003e-03    6.9335937500e-01
       246   -7.3826484343e+00    5.4800214333e+01   -1.2102183295e+01    4.7195348607e+00    2.4724570637e+00   -1.4574640359e+01    3.2000000000e+01    2.0988150000e-03    6.9921875000e-01
       247   -7.2591472001e+00    5.2875512188e+01   -1.2873139026e+01    5.6139918255e+00    2.5060649595e+00   -1.5379203985e+01    3.2000000000e+01    2.0631199995e-03    6.4257812500e-01
       248   -7.3949661982e+00    5.4762031489e+01   -9.1678691939e+00    1.7729029957e+00    2.2399858362e+00   -1.1407855030e+01    3.2000000000e+01    2.3649530003e-03    7.0312500000e-01
       249   -7.2697550170e+00    5.2986288661e+01   -1.1789708212e+01    4.5199531949e+00    2.8316390551e+00   -1.4621347267e+01    3.2000000000e+01    1.9910649999e-03    6.4062500000e-01
       250   -7.7469974029e+00    6.0425920936e+01   -1.7411932887e+01    9.6649354836e+00    2.7317528946e+00   -2.0143685781e+01    3.2000000000e+01    1.9639180000e-03    6.2109375000e-01
       251   -7.2587255377e+00    5.2769381290e+01   -1.1380626615e+01    4.1219010777e+00    2.4047469265e+00   -1.3785373542e+01    3.2000000000e+01    2.0873869998e-03    6.4257812500e-01
       252   -7.4803952789e+00    5.6186117456e+01   -1.3595101631e+01    6.1147063516e+00    2.5508368092e+00   -1.6145938440e+01    3.2000000000e+01    2.1294890003e-03    6.3476562500e-01
       253   -7.9794411713e+00    6.4517698196e+01   -1.9800349084e+01    1.1820907912e+01    2.6546038278e+00   -2.2454952911e+01    3.2000000000e+01    1.9332860002e-03    6.1328125000e-01
       254   -7.2995695533e+00    5.3550823926e+01   -1.3770571127e+01    6.4710015734e+00    3.1882764507e+00   -1.6958847577e+01    3.2000000000e+01    2.2226179999e-03    6.4062500000e-01
       255   -7.8610423528e+00    6.2099500231e+01   -5.2032083561e+01    4.4171041208e+01    3.6349505316e+00   -5.5667034093e+01    3.2000000000e+01    2.2055120007e-03    5.6445312500e-01
       256   -7.3643386830e+00    5.4279713570e+01   -1.1176783981e+01    3.8124452978e+00    2.0280114036e+00   -1.3204795384e+01    3.2000000000e+01    2.1939680000e-03    7.0507812500e-01
       257   -7.2651758369e+00    5.2931290035e+01   -1.4274686183e+01    7.0095103457e+00    2.5445958954e+00   -1.6819282078e+01    3.2000000000e+01    1.9599190000e-03    6.2500000000e-01
       258   -7.4417615190e+00    5.5527847036e+01   -9.7567212908e+00    2.3149597718e+00    2.3749636294e+00   -1.2131684920e+01    3.2000000000e+01    2.0705050001e-03    6.6992187500e-01
       259   -7.3914767310e+00    5.4806573975e+01   -1.0827413980e+01    3.4359372494e+00    2.4395022901e+00   -1.3266916270e+01    3.2000000000e+01    2.0388639996e-03    6.6406250000e-01
       260   -7.7458874622e+00    6.0285960631e+01   -1.5761670933e+01    8.0157834707e+00    2.3813175671e+00   -1.8142988500e+01    3.2000000000e+01    1.9955939997e-03    6.4843750000e-01
       261   -7.2942740439e+00    5.3406361253e+01   -1.1525205739e+01    4.2309316956e+00    2.4981775328e+00   -1.4023383272e+01    3.2000000000e+01    2.0223040001e-03    6.9335937500e-01
       262   -7.3461036425e+00    5.4073951129e+01   -9.5759128506e+00    2.2298092080e+00    1.9589431563e+00   -1.1534856007e+01    3.2000000000e+01    1.9966139998e-03    6.8750000000e-01
       263   -7.5181535664e+00    5.6631512506e+01   -1.2217508669e+01    4.6993551021e+00    2.4593029164e+00   -1.4676811585e+01    3.2000000000e+01    2.0583320002e-03    6.7187500000e-01
       264   -7.3427336906e+00    5.4069435200e+01   -1.9025854879e+01    1.1683121188e+01    2.7314787694e+00   -2.1757333648e+01    3.2000000000e+01    1.8972999997e-03    5.8789062500e-01
       265   -7.3651622302e+00    5.4409791644e+01   -1.2175808371e+01    4.8106461406e+00    2.5305594450e+00   -1.4706367816e+01    3.2000000000e+01    2.1790589999e-03    6.7187500000e-01
       266   -7.3054467431e+00    5.3463892035e+01   -9.6366132868e+00    2.3311665437e+00    2.2821972808e+00   -1.1918810568e+01    3.2000000000e+01    2.0079599999e-03    6.8554687500e-01
       267   -7.6596536228e+00    5.8989659518e+01   -1.6975585882e+01    9.3159322592e+00    2.9291534750e+00   -1.9904739357e+01    3.2000000000e+01    2.0131709998e-03    6.6015625000e-01
       268   -7.7345151440e+00    6.0658052335e+01   -1.5765344595e+01    8.0308294513e+00    3.1607576394e+00   -1.8926102235e+01    3.2000000000e+01    1.9569350006e-03    6.1328125000e-01
       269   -7.3397769069e+00    5.4074902463e+01   -1.3647384668e+01    6.3076077606e+00    2.7474681966e+00   -1.6394852864e+01    3.2000000000e+01    1.9919609995e-03    6.7578125000e-01
       270   -7.3528993569e+00    5.4206510359e+01   -1.3799890027e+01    6.4469906704e+00    2.4429906889e+00   -1.6242880716e+01    3.2000000000e+01    2.1428740001e-03    6.9921875000e-01
       271   -7.3574714238e+00    5.4246206653e+01   -1.0176116631e+01    2.8186452075e+00    2.0146101906e+00   -1.2190726822e+01    3.2000000000e+01    2.0396580003e-03    6.7773437500e-01
       272   -7.2882694686e+00    5.3301627598e+01   -1.1104539348e+01    3.8162698798e+00    2.7095043727e+00   -1.3814043721e+01    3.2000000000e+01    2.0989020004e-03    6.2304687500e-01
       273   -7.4081929550e+00    5.5202687312e+01   -1.0870861756e+01    3.4626688006e+00    2.8794609930e+00   -1.3750322749e+01    3.2000000000e+01    2.0440990002e-03    6.6992187500e-01
       274   -7.4404619314e+00    5.5707698152e+01   -1.3890604055e+01    6.4501421235e+00    2.6171798293e+00   -1.6507783884e+01    3.2000000000e+01    2.1324710006e-03    6.7773437500e-01
       275   -7.1573522510e+00    5.1371791348e+01   -1.4070076565e+01    6.9127243136e+00    2.4444180286e+00   -1.6514494593e+01    3.2000000000e+01    2.0023019997e-03    6.5429687500e-01
       276   -7.3482158450e+00    5.4246728702e+01   -1.3482486500e+01    6.1342706548e+00    2.6889295782e+00   -1.6171416078e+01    3.2000000000e+01    1.9875240005e-03    6.5820312500e-01
       277   -7.4063009278e+00    5.5034906726e+01   -1.3992159534e+01    6.5858586061e+00    2.7971892754e+00   -1.6789348809e+01    3.2000000000e+01    1.9719649999e-03    6.5039062500e-01
       278   -7.4126176282e+00    5.5080644191e+01   -1.2444805973e+01    5.0321883450e+00    2.6284158375e+00   -1.5073221811e+01    3.2000000000e+01    1.9712730000e-03    6.4257812500e-01
       279   -7.4481830197e+00    5.5597313845e+01   -1.3772494919e+01    6.3243118989e+00    2.4191920622e+00   -1.6191686981e+01    3.2000000000e+01    1.9725249995e-03    6.1523437500e-01
       280   -7.4095590518e+00    5.5019151920e+01   -1.0983825696e+01    3.5742666446e+00    2.6797940062e+00   -1.3663619703e+01    3.2000000000e+01    2.0789740001e-03    6.9531250000e-01
       281   -7.4423195751e+00    5.5482767246e+01   -1.1774120039e+01    4.3318004641e+00    3.1100145119e+00   -1.4884134551e+01    3.2000000000e+01    2.1081260002e-03    6.6015625000e-01
       282   -7.4212137173e+00    5.5171595721e+01   -1.4676434314e+01    7.2552205967e+00    2.6136935348e+00   -1.7290127849e+01    3.2000000000e+01    1.9779479999e-03    6.4648437500e-01
       283   -7.4606792324e+00    5.5805232559e+01   -1.2579131569e+01    5.1184523367e+00    2.5785880163e+00   -1.5157719585e+01    3.2000000000e+01    1.9952230004e-03    6.4453125000e-01
       284   -7.7935800870e+00    6.1047047996e+01   -1.3541991845e+01    5.7484117576e+00    2.4180249468e+00   -1.5960016791e+01    3.2000000000e+01    1.9731359998e-03    6.4257812500e-01
       285   -7.4365141724e+00    5.5370061591e+01   -1.0452637002e+01    3.0161228293e+00    2.2267607531e+00   -1.2679397755e+01    3.2000000000e+01    1.9973039998e-03    6.8359375000e-01
       286   -7.3649367174e+00    5.4429544134e+01   -1.1679219873e+01    4.3142831557e+00    2.8250534833e+00   -1.4504273356e+01    3.2000000000e+01    2.0263530005e-03    6.5039062500e-01
       287   -7.3158825327e+00    5.3630209927e+01   -1.3661070509e+01    6.3451879759e+00    2.6129464507e+00   -1.6274016959e+01    3.2000000000e+01    2.1267640004e-03    6.5039062500e-01
       288   -7.7968527790e+00    6.1140394697e+01   -2.7868878959e+01    2.0072026180e+01    2.8850895651e+00   -3.0753968524e+01    3.2000000000e+01    1.9948130002e-03    6.4453125000e-01
       289   -7.3920781802e+00    5.4802216538e+01   -1.2859877998e+01    5.4677998174e+00    2.2039313753e+00   -1.5063809373e+01    3.2000000000e+01    2.1617640004e-03    6.8554687500e-01
       290   -7.5982684157e+00    5.7942662853e+01   -1.4261050669e+01    6.6627822533e+00    2.3370807695e+00   -1.6598131439e+01    3.2000000000e+01    1.9797090008e-03    6.6992187500e-01
       291   -7.3866096789e+00    5.4764895612e+01   -2.4866884802e+01    1.7480275123e+01    2.2768100398e+00   -2.7143694842e+01    3.2000000000e+01    1.9903599996e-03    6.2304687500e-01
       292   -7.5135829444e+00    5.6805395809e+01   -1.2525982329e+01    5.0123993850e+00    2.2322995482e+00   -1.4758281878e+01    3.2000000000e+01    1.9734170000e-03    6.5039062500e-01
       293   -7.3685696085e+00    5.4359434007e+01   -1.2013725592e+01    4.6451559837e+00    2.4001301317e+00   -1.4413855724e+01    3.2000000000e+01    1.9649759997e-03    6.3085937500e-01
       294   -7.3285214882e+00    5.3851913803e+01   -1.1462130275e+01    4.1336087868e+00    2.8369512227e+00   -1.4299081498e+01    3.2000000000e+01    1.9962450006e-03    6.6015625000e-01
       295   -7.2727983635e+00    5.2980957040e+01   -1.1947683068e+01    4.6748847049e+00    2.7605873944e+00   -1.4708270463e+01    3.2000000000e+01    1.9801799999e-03    6.5625000000e-01
       296   -7.4367094277e+00    5.5512678768e+01   -1.2474010393e+01    5.0373009649e+00    2.9037015610e+00   -1.5377711954e+01    3.2000000000e+01    2.0165729993e-03    6.1718750000e-01
       297   -7.4772338383e+00    5.6119621601e+01   -1.1394247737e+01    3.9170138985e+00    2.3515753710e+00   -1.3745823108e+01    3.2000000000e+01    2.2572469998e-03    6.8750000000e-01
       298   -7.6828424343e+00    5.9341959001e+01   -1.6047500285e+01    8.3646578512e+00    2.3144156374e+00   -1.8361915923e+01    3.2000000000e+01    1.9658420006e-03    6.4648437500e-01
       299   -7.2215286708e+00    5.2345709142e+01   -1.1483529801e+01    4.2620011302e+00    2.4384926969e+00   -1.3922022498e+01    3.2000000000e+01    2.0065320005e-03    6.4648437500e-01
       300   -7.3465962002e+00    5.4139290796e+01   -1.0482234601e+01    3.1356384007e+00    2.9685040327e+00   -1.3450738634e+01    3.2000000000e+01    2.0067729993e-03    6.6210937500e-01
       301   -7.3932204355e+00    5.4915855962e+01   -1.4209185820e+01    6.8159653842e+00    2.0554720822e+00   -1.6264657902e+01    3.2000000000e+01    1.9967090002e-03    6.7968750000e-01
       302   -7.5198407920e+00    5.6915412673e+01   -1.1767421192e+01    4.2475804003e+00    2.6515628200e+00   -1.4418984012e+01    3.2000000000e+01    1.9673360002e-03    6.6015625000e-01
       303   -7.6456766064e+00    5.9117177721e+01   -1.1983357529e+01    4.3376809221e+00    2.0466969216e+00   -1.4030054450e+01    3.2000000000e+01    2.1270709994e-03    6.5820312500e-01
       304   -7.4899612232e+00    5.6307237070e+01   -9.7603322855e+00    2.2703710623e+00    2.5140535121e+00   -1.2274385798e+01    3.2000000000e+01    2.0311030003e-03    6.7382812500e-01
       305   -7.2246632408e+00    5.2286844052e+01   -8.6636702353e+00    1.4390069945e+00    2.3359351094e+00   -1.0999605345e+01    3.2000000000e+01    2.1802090005e-03    6.9335937500e-01
       306   -7.2867179220e+00    5.3192087445e+01   -9.3107902498e+00    2.0240723278e+00    2.2766644698e+00   -1.1587454720e+01    3.2000000000e+01    2.0023159996e-03    6.8554687500e-01
       307   -7.4193437405e+00    5.5178006477e+01   -1.3901845463e+01    6.4825017229e+00    2.5626002130e+00   -1.6464445676e+01    3.2000000000e+01    1.9643899996e-03    6.2890625000e-01
       308   -7.5359715006e+00    5.7034467748e+01   -2.1689507841e+01    1.4153536340e+01    2.8351459420e+00   -2.4524653783e+01    3.2000000000e+01    1.8867070003e-03    5.8984375000e-01
       309   -7.5762262429e+00    5.7674064594e+01   -1.9322046865e+01    1.1745820622e+01    2.5356218661e+00   -2.1857668731e+01    3.2000000000e+01    1.8934319996e-03    5.9765625000e-01
       310   -7.3339781096e+00    5.3845937348e+01   -1.0992508704e+01    3.6585305949e+00    2.4615506941e+00   -1.3454059399e+01    3.2000000000e+01    1.9918090002e-03    6.6406250000e-01
       311   -7.8312385396e+00    6.2099825294e+01   -2.1185349412e+01    1.3354110873e+01    3.8563777134e+00   -2.5041727126e+01    3.2000000000e+01    1.9390719999e-03    6.1328125000e-01
       312   -7.3366971266e+00    5.3987666284e+01   -2.1308478323e+01    1.3971781196e+01    2.7400208121e+00   -2.4048499135e+01    3.2000000000e+01    1.9432790004e-03    6.0351562500e-01
       313   -7.2599194629e+00    5.2889736632e+01   -1.1201787528e+01    3.9418680656e+00    2.1730125483e+00   -1.3374800077e+01    3.2000000000e+01    2.0863549998e-03    6.9140625000e-01
       314   -7.5732888700e+00    5.7690776035e+01   -1.5087767384e+01    7.5144785143e+00    2.4453323049e+00   -1.7533099689e+01    3.2000000000e+01    1.9460379999e-03    6.4453125000e-01
       315   -7.4974823441e+00    5.6419244870e+01   -1.8317456803e+01    1.0819974459e+01    2.9149433517e+00   -2.1232400155e+01    3.2000000000e+01    1.9581309998e-03    6.1914062500e-01
       316   -7.2488879695e+00    5.2600567528e+01   -1.0313652124e+01    3.0647641548e+00    1.9597657836e+00   -1.2273417908e+01    3.2000000000e+01    1.9768230004e-03    6.4843750000e-01
       317   -7.4151846778e+00    5.5304432841e+01   -1.3232988998e+01    5.8178043206e+00    2.8313174562e+00   -1.6064306455e+01    3.2000000000e+01    1.9561360004e-03    6.3476562500e-01
       318   -7.3579000317e+00    5.4251658795e+01   -1.2852951671e+01    5.4950516396e+00    2.4030687426e+00   -1.5256020414e+01    3.2000000000e+01    1.9418649999e-03    6.4062500000e-01
       319   -7.3569704886e+00    5.4247550545e+01   -1.1280725302e+01    3.9237548135e+00    3.1650982959e+00   -1.4445823598e+01    3.2000000000e+01    2.2058479999e-03    6.7382812500e-01
       320   -7.5862083644e+00    5.7778152995e+01   -2.2380950622e+01    1.4794742257e+01    2.8806359352e+00   -2.5261586557e+01    3.2000000000e+01    1.9327270002e-03    5.8203125000e-01
       321   -7.6146903406e+00    5.8291952812e+01   -1.4710549385e+01    7.0958590443e+00    2.3134962007e+00   -1.7024045586e+01    3.2000000000e+01    2.1333360000e-03    6.2890625000e-01
       322   -7.5622431580e+00    5.7417502984e+01   -1.4298533398e+01    6.7362902395e+00    3.0597832668e+00   -1.7358316664e+01    3.2000000000e+01    1.9578140000e-03    6.2304687500e-01
       323   -7.4935963718e+00    5.6369433139e+01   -1.4836500170e+01    7.3429037983e+00    2.6620655313e+00   -1.7498565701e+01    3.2000000000e+01    2.1453039999e-03    6.1523437500e-01
       324   -7.5824344157e+00    5.7782216220e+01   -1.8491352533e+01    1.0908918117e+01    3.0267263552e+00   -2.1518078888e+01    3.2000000000e+01    2.0682479999e-03    6.5234375000e-01
       325   -7.5389436542e+00    5.7156914025e+01   -3.2874907827e+01    2.5335964173e+01    3.4675003178e+00   -3.6342408145e+01    3.2000000000e+01    1.9290789996e-03    5.8789062500e-01
       326   -7.4709689872e+00    5.6019632804e+01   -2.2892798942e+01    1.5421829955e+01    3.4699832666e+00   -2.6362782209e+01    3.2000000000e+01    1.9412729998e-03    6.1914062500e-01
       327   -7.4241340134e+00    5.5278996740e+01   -1.0857352490e+01    3.4332184766e+00    2.3081058858e+00   -1.3165458376e+01    3.2000000000e+01    1.9914290006e-03    6.7968750000e-01
       328   -7.4667870532e+00    5.5993162439e+01   -2.5688021938e+01    1.8221234885e+01    2.8593029862e+00   -2.8547324924e+01    3.2000000000e+01    1.9454169997e-03    6.1328125000e-01
       329   -7.5369271875e+00    5.7087142494e+01   -1.1085557009e+01    3.5486298210e+00    2.3885628947e+00   -1.3474119903e+01    3.2000000000e+01    2.0282310006e-03    6.6601562500e-01
       330   -7.5539397366e+00    5.7528242045e+01   -1.4849780107e+01    7.2958403705e+00    2.7746161671e+00   -1.7624396274e+01    3.2000000000e+01    2.5952449996e-03    6.5429687500e-01
       331   -7.6487868794e+00    5.9097442003e+01   -1.6565666494e+01    8.9168796141e+00    2.6132567270e+00   -1.9178923221e+01    3.2000000000e+01    1.9931540000e-03    6.3867187500e-01
       332   -7.4532919507e+00    5.5845032143e+01   -1.2258329925e+01    4.8050379748e+00    2.4990157435e+00   -1.4757345669e+01    3.2000000000e+01    2.9227300001e-03    6.9140625000e-01
       333   -7.1766157178e+00    5.1664912082e+01   -1.1257877033e+01    4.0812613154e+00    2.5002435368e+00   -1.3758120570e+01    3.2000000000e+01    2.1361680001e-03    6.5820312500e-01
       334   -7.6053793142e+00    5.8312522715e+01   -1.3689643725e+01    6.0842644109e+00    2.2198718955e+00   -1.5909515621e+01    3.2000000000e+01    2.0882740000e-03    6.9531250000e-01
       335   -7.6933658644e+00    5.9623774831e+01   -1.4875451168e+01    7.1820853035e+00    3.3834502568e+00   -1.8258901425e+01    3.2000000000e+01    2.0915670002e-03    6.2695312500e-01
       336   -7.4046656139e+00    5.4988342925e+01   -1.0693532041e+01    3.2888664268e+00    2.0789953486e+00   -1.2772527389e+01    3.2000000000e+01    2.1018429998e-03    6.7773437500e-01
       337   -7.4512795104e+00    5.5648992502e+01   -1.2221551481e+01    4.7702719704e+00    2.2212119110e+00   -1.4442763392e+01    3.2000000000e+01    2.1571810003e-03    6.2695312500e-01
       338   -7.5926519751e+00    5.7825881522e+01   -1.2886146816e+01    5.2934948413e+00    2.6569412163e+00   -1.5543088033e+01    3.2000000000e+01    1.9630349998e-03    6.3671875000e-01
       339   -7.6050135392e+00    5.8153445362e+01   -1.9997711919e+01    1.2392698379e+01    2.5346247352e+00   -2.2532336654e+01    3.2000000000e+01    1.9531299995e-03    6.1523437500e-01
       340   -7.2139973925e+00    5.2080190834e+01   -1.1486676601e+01    4.2726792083e+00    2.5015406304e+00   -1.3988217231e+01    3.2000000000e+01    2.0075020002e-03    6.8164062500e-01
       341   -7.3471939171e+00    5.4115958969e+01   -1.2052669528e+01    4.7054756107e+00    2.5556854163e+00   -1.4608354944e+01    3.2000000000e+01    1.9838379994e-03    6.7382812500e-01
       342   -7.7882109206e+00    6.1358684254e+01   -2.3827537804e+01    1.6039326883e+01    2.9843451264e+00   -2.6811882930e+01    3.2000000000e+01    2.0035429998e-03    6.4257812500e-01
       343   -7.4491010934e+00    5.5788053740e+01   -9.5639034025e+00    2.1148023091e+00    2.1824184834e+00   -1.1746321886e+01    3.2000000000e+01    2.0445270002e-03    7.0507812500e-01
       344   -7.4708576678e+00    5.5921298507e+01   -2.1626456329e+01    1.4155598662e+01    2.6944203819e+00   -2.4320876711e+01    3.2000000000e+01    2.1698199998e-03    6.5625000000e-01
       345   -7.5917053402e+00    5.7820325046e+01   -1.6417911654e+01    8.8262063133e+00    1.7616608213e+00   -1.8179572475e+01    3.2000000000e+01    2.1148799997e-03    6.8164062500e-01
       346   -7.7200854813e+00    5.9794967844e+01   -1.6068352740e+01    8.3482672584e+00    2.3670630649e+00   -1.8435415805e+01    3.2000000000e+01    2.6407570003e-03    6.5820312500e-01
       347   -7.2608870473e+00    5.2861327503e+01   -1.0811758938e+01    3.5508718905e+00    2.4602797199e+00   -1.3272038658e+01    3.2000000000e+01    1.9765839997e-03    6.5820312500e-01
       348   -7.3738936159e+00    5.4604366834e+01   -1.5790715737e+01    8.4168221207e+00    3.4363324505e+00   -1.9227048187e+01    3.2000000000e+01    1.9832099997e-03    6.2695312500e-01
       349   -7.5620325202e+00    5.7358934086e+01   -1.7928796921e+01    1.0366764401e+01    3.1816064353e+00   -2.1110403357e+01    3.2000000000e+01    1.9956899996e-03    6.6015625000e-01
       350   -7.3433539248e+00    5.4216881326e+01   -1.7288221697e+01    9.9448677722e+00    3.0742047745e+00   -2.0362426472e+01    3.2000000000e+01    2.1390679995e-03    5.9960937500e-01
       351   -8.1771670413e+00    6.7256468280e+01   -1.9759813111e+01    1.1582646069e+01    3.5796644610e+00   -2.3339477572e+01    3.2000000000e+01    1.9379699997e-03    6.0156250000e-01
       352   -7.4874808430e+00    5.6385056567e+01   -1.4919814180e+01    7.4323333375e+00    2.7114952521e+00   -1.7631309433e+01    3.2000000000e+01    1.9617779999e-03    6.2304687500e-01
       353   -7.6239325918e+00    5.8450265376e+01   -1.4368334348e+01    6.7444017562e+00    2.3015836578e+00   -1.6669918006e+01    3.2000000000e+01    2.0806109997e-03    6.2500000000e-01
       354   -7.3471009490e+00    5.4045464644e+01   -1.1281087024e+01    3.9339860749e+00    1.4965325401e+00   -1.2777619564e+01    3.2000000000e+01    1.8824589997e-03    6.5039062500e-01
       355   -7.3929428829e+00    5.4815263176e+01   -1.7353000004e+01    9.9600571207e+00    1.6979429341e+00   -1.9050942938e+01    3.2000000000e+01    1.9695219999e-03    6.5039062500e-01
       356   -7.5256264535e+00    5.6899558923e+01   -1.6604965567e+01    9.0793391132e+00    2.5103755689e+00   -1.9115341136e+01    3.2000000000e+01    1.9171109998e-03    6.0742187500e-01
       357   -8.0425368853e+00    6.4912163316e+01   -4.4392857344e+01    3.6350320459e+01    2.5283799432e+00   -4.6921237288e+01    3.2000000000e+01    1.9325289995e-03    5.9960937500e-01
       358   -7.4816011184e+00    5.6091951579e+01   -1.6855595065e+01    9.3739939466e+00    2.8263753784e+00   -1.9681970443e+01    3.2000000000e+01    1.9511370001e-03    6.1914062500e-01
       359   -7.5641325253e+00    5.7312635405e+01   -1.9310657490e+01    1.1746524965e+01    2.9321218532e+00   -2.2242779343e+01    3.2000000000e+01    1.9264430002e-03    5.9765625000e-01
       360   -7.4883866684e+00    5.6373815978e+01   -1.4727220436e+01    7.2388337675e+00    2.8372875596e+00   -1.7564507996e+01    3.2000000000e+01    2.0082980000e-03    6.2695312500e-01
       361   -7.5367894793e+00    5.7036856277e+01   -1.2044399351e+01    4.5076098721e+00    2.3752576616e+00   -1.4419657013e+01    3.2000000000e+01    1.9800750006e-03    6.5625000000e-01
       362   -7.4646152773e+00    5.5826169897e+01   -9.9307143510e+00    2.4660990737e+00    2.7100309070e+00   -1.2640745258e+01    3.2000000000e+01    1.9818319997e-03    6.6210937500e-01
       363   -7.4923060805e+00    5.6319425561e+01   -1.4678015951e+01    7.1857098700e+00    2.6726166971e+00   -1.7350632648e+01    3.2000000000e+01    1.9220290005e-03    5.9375000000e-01
       364   -7.5436012805e+00    5.7286399284e+01   -1.0734995418e+01    3.1913941374e+00    2.0689458028e+00   -1.2803941221e+01    3.2000000000e+01    1.9892959999e-03    6.8359375000e-01
       365   -7.2399155841e+00    5.2568995040e+01   -1.1737845040e+01    4.4979294564e+00    2.6354995731e+00   -1.4373344614e+01    3.2000000000e+01    1.9740689995e-03    6.5429687500e-01
       366   -7.3746923925e+00    5.4615226957e+01   -1.7107464257e+01    9.7327718641e+00    2.8244830798e+00   -1.9931947336e+01    3.2000000000e+01    1.9695060000e-03    6.4062500000e-01
       367   -7.4627889949e+00    5.5872146684e+01   -1.1531459949e+01    4.0686709538e+00    2.6181991151e+00   -1.4149659064e+01    3.2000000000e+01    2.1315290005e-03    6.6796875000e-01
       368   -7.2641203040e+00    5.2915850862e+01   -1.5479408726e+01    8.2152884217e+00    2.6944327960e+00   -1.8173841522e+01    3.2000000000e+01    1.9562669995e-03    6.1718750000e-01
       369   -7.3001215709e+00    5.3382446334e+01   -1.0324601949e+01    3.0244803777e+00    2.4048413904e+00   -1.2729443339e+01    3.2000000000e+01    2.1858800001e-03    6.9921875000e-01
       370   -7.4319134292e+00    5.5412895686e+01   -1.5695503463e+01    8.2635900339e+00    2.7489588668e+00   -1.8444462330e+01    3.2000000000e+01    1.9509340000e-03    6.1328125000e-01
       371   -7.4272513195e+00    5.5376177679e+01   -1.0928631802e+01    3.5013804823e+00    2.2691945038e+00   -1.3197826306e+01    3.2000000000e+01    2.0233660007e-03    6.6992187500e-01
       372   -7.5247081197e+00    5.6874477656e+01   -1.5953495711e+01    8.4287875915e+00    2.3388864021e+00   -1.8292382113e+01    3.2000000000e+01    2.0936609999e-03    6.4062500000e-01
       373   -7.3905279935e+00    5.4772706061e+01   -1.2267893747e+01    4.8773657535e+00    1.8070700697e+00   -1.4074963817e+01    3.2000000000e+01    1.9298269999e-03    6.4257812500e-01
       374   -7.5842093315e+00    5.7863928470e+01   -1.4033569731e+01    6.4493603990e+00    2.7785362223e+00   -1.6812105953e+01    3.2000000000e+01    1.9282670000e-03    6.4648437500e-01
       375   -7.7485339168e+00    6.0325079968e+01   -2.0055158766e+01    1.2306624849e+01    2.4886191623e+00   -2.2543777929e+01    3.2000000000e+01    1.9229550007e-03    6.2695312500e-01
       376   -7.2059622549e+00    5.2037361272e+01   -1.3018222562e+01    5.8122603070e+00    2.3623715276e+00   -1.5380594089e+01    3.2000000000e+01    2.2958959999e-03    6.4843750000e-01
       377   -7.5040772405e+00    5.6602877703e+01   -2.7904496986e+01    2.0400419746e+01    3.4316965294e+00   -3.1336193516e+01    3.2000000000e+01    1.9804529993e-03    6.4062500000e-01
       378   -7.5630284295e+00    5.7535733143e+01   -1.6217896461e+01    8.6548680317e+00    2.4155363540e+00   -1.8633432815e+01    3.2000000000e+01    2.0188510007e-03    6.9531250000e-01
       379   -8.2275784507e+00    6.8300491466e+01   -2.0043870650e+01    1.1816292200e+01    2.1888102584e+00   -2.2232680909e+01    3.2000000000e+01    1.9770939998e-03    6.4843750000e-01
       380   -7.4600816842e+00    5.5812459308e+01   -1.0728052484e+01    3.2679707996e+00    2.6222323105e+00   -1.3350284794e+01    3.2000000000e+01    2.0967849996e-03    6.5625000000e-01
       381   -7.4011184589e+00    5.4943955524e+01   -1.2444125350e+01    5.0430068907e+00    2.8817420720e+00   -1.5325867422e+01    3.2000000000e+01    1.9933580006e-03    6.5625000000e-01
       382   -7.3007729657e+00    5.3444925961e+01   -1.0673867182e+01    3.3730942165e+00    2.4596993175e+00   -1.3133566500e+01    3.2000000000e+01    2.0027470000e-03    6.8945312500e-01
       383   -7.4119379581e+00    5.5094807643e+01   -9.9288209448e+00    2.5168829867e+00    2.1823119717e+00   -1.2111132916e+01    3.2000000000e+01    2.0777410000e-03    6.8359375000e-01
       384   -7.4586253417e+00    5.5743087816e+01   -1.2725291298e+01    5.2666659566e+00    2.6265005930e+00   -1.5351791891e+01    3.2000000000e+01    2.0229550000e-03    6.8945312500e-01
       385   -7.4710340786e+00    5.5949816807e+01   -1.5969544083e+01    8.4985100041e+00    2.7106668160e+00   -1.8680210899e+01    3.2000000000e+01    2.0840140005e-03    6.4648437500e-01
       386   -7.4735599760e+00    5.5947523894e+01   -1.3825902953e+01    6.3523429771e+00    2.3968141902e+00   -1.6222717143e+01    3.2000000000e+01    2.0480769999e-03    6.5820312500e-01
       387   -7.4010138413e+00    5.4966709261e+01   -1.1534690446e+01    4.1336766050e+00    2.4835053449e+00   -1.4018195791e+01    3.2000000000e+01    1.9886470000e-03    6.6015625000e-01
       388   -7.3764373241e+00    5.4620967335e+01   -1.2754324643e+01    5.3778873186e+00    2.1233447932e+00   -1.4877669436e+01    3.2000000000e+01    2.0948049996e-03    6.3867187500e-01
       389   -7.5699053846e+00    5.7610267961e+01   -1.2515648672e+01    4.9457432873e+00    2.3884561156e+00   -1.4904104787e+01    3.2000000000e+01    1.9773499998e-03    6.5234375000e-01
       390   -7.5239555022e+00    5.6869389105e+01   -1.2498276661e+01    4.9743211587e+00    2.2275448329e+00   -1.4725821494e+01    3.2000000000e+01    1.9831050004e-03    6.6601562500e-01
       391   -7.3043842298e+00    5.3502706980e+01   -1.0993159907e+01    3.6887756775e+00    2.4802512656e+00   -1.3473411173e+01    3.2000000000e+01    2.0422769994e-03    6.9140625000e-01
       392   -7.4578859730e+00    5.5780472238e+01   -1.4056339514e+01    6.5984535406e+00    2.3409924226e+00   -1.6397331936e+01    3.2000000000e+01    1.9721540002e-03    6.5234375000e-01
       393   -7.2655137997e+00    5.2931124617e+01   -9.8442384163e+00    2.5787246166e+00    2.5829253251e+00   -1.2427163741e+01    3.2000000000e+01    2.0694830000e-03    7.2460937500e-01
       394   -7.4882464887e+00    5.6265786858e+01   -1.8490553256e+01    1.1002306767e+01    2.3617734196e+00   -2.0852326675e+01    3.2000000000e+01    1.9526970000e-03    6.2304687500e-01
       395   -7.3513672745e+00    5.4126486618e+01   -1.0322977946e+01    2.9716106718e+00    2.5546569624e+00   -1.2877634909e+01    3.2000000000e+01    2.0861789999e-03    6.3671875000e-01
       396   -7.3010805724e+00    5.3458698450e+01   -1.0765716492e+01    3.4646359197e+00    1.7912025283e+00   -1.2556919020e+01    3.2000000000e+01    2.1672210005e-03    6.5234375000e-01
       397   -8.1051462431e+00    6.6737346157e+01   -2.6043759660e+01    1.7938613416e+01    3.2533593858e+00   -2.9297119045e+01    3.2000000000e+01    1.9300280001e-03    6.1914062500e-01
       398   -7.5175528165e+00    5.6839457910e+01   -1.3166810079e+01    5.6492572624e+00    2.3580884581e+00   -1.5524898537e+01    3.2000000000e+01    1.9373690002e-03    6.1718750000e-01
       399   -7.4063161491e+00    5.4945799584e+01   -2.9253204084e+01    2.1846887935e+01    2.6363938017e+00   -3.1889597886e+01    3.2000000000e+01    2.1373239997e-03    6.2695312500e-01
       400   -7.4997127316e+00    5.6446630159e+01   -1.3482034756e+01    5.9823220244e+00    2.2541232365e+00   -1.5736157993e+01    3.2000000000e+01    1.9756000002e-03    6.4648437500e-01
       401   -7.3133213831e+00    5.3554338396e+01   -1.1002542949e+01    3.6892215655e+00    2.7957389801e+00   -1.3798281929e+01    3.2000000000e+01    2.0102590006e-03    6.6601562500e-01
       402   -7.3498029983e+00    5.4147387990e+01   -1.1389754346e+01    4.0399513474e+00    2.5309845985e+00   -1.3920738944e+01    3.2000000000e+01    2.1721739995e-03    6.7578125000e-01
       403   -7.2465340809e+00    5.2733312076e+01   -1.1645057632e+01    4.3985235513e+00    2.7141771179e+00   -1.4359234750e+01    3.2000000000e+01    1.9680930000e-03    6.5625000000e-01
       404   -7.3724857279e+00    5.4440650798e+01   -1.0421450999e+01    3.0489652706e+00    2.7147551601e+00   -1.3136206159e+01    3.2000000000e+01    2.1104179996e-03    6.5234375000e-01
       405   -7.2957857663e+00    5.3383163997e+01   -1.4899788334e+01    7.6040025674e+00    2.7705173225e+00   -1.7670305656e+01    3.2000000000e+01    1.9712730000e-03    6.3085937500e-01
       406   -7.3686208938e+00    5.4435617255e+01   -1.5066909129e+01    7.6982882350e+00    2.7595182661e+00   -1.7826427395e+01    3.2000000000e+01    1.9522129996e-03    6.2304687500e-01
       407   -7.4911597737e+00    5.6260683483e+01   -1.1427104438e+01    3.9359446645e+00    2.4909978692e+00   -1.3918102307e+01    3.2000000000e+01    2.0043599998e-03    6.7773437500e-01
       408   -7.4168895488e+00    5.5155968435e+01   -1.3072541406e+01    5.6556518573e+00    2.6343941680e+00   -1.5706935574e+01    3.2000000000e+01    1.9496320001e-03    6.2304687500e-01
       409   -7.2250832995e+00    5.2476595497e+01   -1.2124438380e+01    4.8993550807e+00    2.6215478909e+00   -1.4745986271e+01    3.2000000000e+01    2.0222329995e-03    6.4843750000e-01
       410   -7.5325320670e+00    5.7108811491e+01   -1.1351186781e+01    3.8186547138e+00    2.4289050168e+00   -1.3780091798e+01    3.2000000000e+01    2.0009430000e-03    6.8359375000e-01
       411   -7.3974891151e+00    5.4978667726e+01   -1.1253216638e+01    3.8557275232e+00    2.6751824484e+00   -1.3928399087e+01    3.2000000000e+01    1.9789940006e-03    6.6210937500e-01
       412   -7.8988656307e+00    6.3146890207e+01   -1.6518536411e+01    8.6196707807e+00    3.5548248916e+00   -2.0073361303e+01    3.2000000000e+01    1.9680329997e-03    6.1523437500e-01
       413   -7.5311562898e+00    5.6838749876e+01   -1.3079106848e+01    5.5479505578e+00    2.8053400942e+00   -1.5884446942e+01    3.2000000000e+01    2.0181780001e-03    6.3281250000e-01
       414   -7.8763500686e+00    6.2372601531e+01   -1.6011315935e+01    8.1349658661e+00    2.2317700276e+00   -1.8243085962e+01    3.2000000000e+01    1.9448479998e-03    6.3281250000e-01
       415   -7.2936936673e+00    5.3269309278e+01   -1.1311488615e+01    4.0177949482e+00    1.9713363160e+00   -1.3282824931e+01    3.2000000000e+01    2.1382929999e-03    7.0312500000e-01
       416   -7.3509116232e+00    5.4181335100e+01   -1.2477279435e+01    5.1263678116e+00    2.1712332092e+00   -1.4648512644e+01    3.2000000000e+01    2.1054000008e-03    6.2304687500e-01
       417   -7.3465046318e+00    5.4030846970e+01   -9.6807517240e+00    2.3342470922e+00    2.1960044613e+00   -1.1876756185e+01    3.2000000000e+01    2.0350029999e-03    6.9140625000e-01
       418   -7.6684381628e+00    5.9169444622e+01   -1.6356469979e+01    8.6880318158e+00    2.3958285772e+00   -1.8752298556e+01    3.2000000000e+01    2.1105550004e-03    6.6796875000e-01
       419   -7.4394949726e+00    5.5513757362e+01   -1.2478576140e+01    5.0390811675e+00    2.4242111208e+00   -1.4902787261e+01    3.2000000000e+01    2.0658989997e-03    6.5234375000e-01
       420   -7.4373371688e+00    5.5423951726e+01   -1.2341045234e+01    4.9037080650e+00    2.8827701232e+00   -1.5223815357e+01    3.2000000000e+01    2.0259209996e-03    6.3476562500e-01
       421   -7.9058138612e+00    6.2984024006e+01   -1.8908024495e+01    1.1002210633e+01    3.5192243623e+00   -2.2427248857e+01    3.2000000000e+01    2.8454809999e-03    5.8984375000e-01
       422   -7.8680711793e+00    6.2407191475e+01   -2.7631126017e+01    1.9763054838e+01    3.6622449161e+00   -3.1293370933e+01    3.2000000000e+01    2.2666360001e-03    5.8398437500e-01
       423   -7.3840358752e+00    5.4608037398e+01   -1.1163811468e+01    3.7797755932e+00    2.2239524446e+00   -1.3387763913e+01    3.2000000000e+01    2.0549750006e-03    6.7382812500e-01
       424   -7.6398271459e+00    5.8635464328e+01   -2.1064911112e+01    1.3425083966e+01    2.8901939671e+00   -2.3955105079e+01    3.2000000000e+01    2.1587649999e-03    5.9765625000e-01
       425   -7.3740921491e+00    5.4531487258e+01   -1.1174839598e+01    3.8007474485e+00    2.5371328546e+00   -1.3711972452e+01    3.2000000000e+01    1.9379959995e-03    6.5820312500e-01
       426   -7.2796637577e+00    5.3060588015e+01   -1.0677364040e+01    3.3977002821e+00    2.3376591144e+00   -1.3015023154e+01    3.2000000000e+01    1.9867989995e-03    6.6210937500e-01
       427   -7.4644413389e+00    5.6067358087e+01   -1.1662021593e+01    4.1975802539e+00    2.3566963518e+00   -1.4018717945e+01    3.2000000000e+01    1.9865439999e-03    6.6796875000e-01
       428   -7.4640217168e+00    5.6018329564e+01   -1.6623331437e+01    9.1593097202e+00    2.3750323592e+00   -1.8998363796e+01    3.2000000000e+01    2.0818949997e-03    6.4257812500e-01
       429   -7.3057229172e+00    5.3489083524e+01   -1.3751547287e+01    6.4458243702e+00    2.1146192937e+00   -1.5866166581e+01    3.2000000000e+01    1.9731519997e-03    6.8359375000e-01
       430   -7.4710365540e+00    5.6133147813e+01   -1.6555976955e+01    9.0849404007e+00    3.1831876020e+00   -1.9739164557e+01    3.2000000000e+01    1.9382769997e-03    6.2500000000e-01
       431   -7.1202848782e+00    5.0838579822e+01   -1.3867259145e+01    6.7469742671e+00    3.3330030929e+00   -1.7200262238e+01    3.2000000000e+01    2.3236670004e-03    6.1328125000e-01
       432   -7.5394395481e+00    5.7126047851e+01   -1.9681911135e+01    1.2142471586e+01    2.4205798184e+00   -2.2102490953e+01    3.2000000000e+01    2.2431520001e-03    6.7382812500e-01
       433   -7.5766035892e+00    5.7724204774e+01   -1.4115505562e+01    6.5389019727e+00    2.6240718217e+00   -1.6739577384e+01    3.2000000000e+01    2.2106260003e-03    6.6992187500e-01
       434   -7.4121272976e+00    5.5136768473e+01   -1.1154072816e+01    3.7419455182e+00    2.1622459300e+00   -1.3316318746e+01    3.2000000000e+01    2.0257360002e-03    6.8554687500e-01
       435   -7.3755671774e+00    5.4700300885e+01   -1.2475270995e+01    5.0997038173e+00    2.0767444691e+00   -1.4552015464e+01    3.2000000000e+01    2.0119009996e-03    6.7968750000e-01
       436   -7.5908740697e+00    5.8024934833e+01   -1.5789707781e+01    8.1988337115e+00    2.4753138030e+00   -1.8265021584e+01    3.2000000000e+01    2.8921610001e-03    6.5820312500e-01
       437   -7.2358753301e+00    5.2503206256e+01   -1.3469319736e+01    6.2334444055e+00    2.4821420396e+00   -1.5951461775e+01    3.2000000000e+01    1.9774650000e-03    6.5820312500e-01
       438   -7.4422608537e+00    5.5599653647e+01   -1.3836955444e+01    6.3946945906e+00    2.5079620192e+00   -1.6344917463e+01    3.2000000000e+01    1.9896710000e-03    6.6015625000e-01
       439   -7.2559860581e+00    5.2730130749e+01   -1.1319453284e+01    4.0634672257e+00    2.5359880934e+00   -1.3855441377e+01    3.2000000000e+01    1.9757279997e-03    6.6015625000e-01
       440   -7.2765330331e+00    5.3103717966e+01   -1.2092883354e+01    4.8163503206e+00    2.4956033748e+00   -1.4588486729e+01    3.2000000000e+01    1.9779710001e-03    6.4648437500e-01
       441   -7.6561907523e+00    5.9015079271e+01   -1.7544440449e+01    9.8882496965e+00    2.4775529985e+00   -2.0021993447e+01    3.2000000000e+01    1.9591420005e-03    6.4257812500e-01
       442   -7.4882549677e+00    5.6399302220e+01   -1.3206494630e+01    5.7182396623e+00    2.9374043350e+00   -1.6143898965e+01    3.2000000000e+01    1.9543779999e-03    6.3085937500e-01
       443   -7.4119473753e+00    5.5137546359e+01   -1.5577889610e+01    8.1659422348e+00    2.4407970607e+00   -1.8018686671e+01    3.2000000000e+01    2.1126229994e-03    6.4453125000e-01
       444   -7.4079822088e+00    5.5050978418e+01   -1.1890644189e+01    4.4826619806e+00    2.5852634044e+00   -1.4475907594e+01    3.2000000000e+01    2.0945960005e-03    6.6406250000e-01
       445   -7.7683886798e+00    6.0736537529e+01   -1.8348265121e+01    1.0579876441e+01    2.4993071148e+00   -2.0847572236e+01    3.2000000000e+01    1.9784730002e-03    6.4257812500e-01
       446   -7.3749818327e+00    5.4563031943e+01   -1.3029703528e+01    5.6547216954e+00    2.6427814669e+00   -1.5672484995e+01    3.2000000000e+01    1.9729529995e-03    6.6406250000e-01
       447   -7.6407377262e+00    5.8733665515e+01   -1.5130583796e+01    7.4898460701e+00    2.1415609499e+00   -1.7272144746e+01    3.2000000000e+01    2.1852999998e-03    6.6015625000e-01
       448   -7.4981051563e+00    5.6357244003e+01   -1.4247147484e+01    6.7490423280e+00    2.3308548003e+00   -1.6578002285e+01    3.2000000000e+01    2.0058160007e-03    6.7382812500e-01
       449   -7.4918516332e+00    5.6216959614e+01   -1.6364599594e+01    8.8727479611e+00    3.0397311581e+00   -1.9404330752e+01    3.2000000000e+01    2.0794980001e-03    5.9960937500e-01
       450   -7.3944491327e+00    5.4814730929e+01   -1.3229746543e+01    5.8352974106e+00    2.4460477430e+00   -1.5675794286e+01    3.2000000000e+01    1.9546109997e-03    6.3085937500e-01
       451   -7.6122794150e+00    5.8263306474e+01   -1.9352023631e+01    1.1739744216e+01    2.0074826528e+00   -2.1359506284e+01    3.2000000000e+01    2.0051550000e-03    6.7773437500e-01
       452   -7.6235815804e+00    5.8592395855e+01   -1.5678240637e+01    8.0546590570e+00    2.5188016883e+00   -1.8197042326e+01    3.2000000000e+01    1.9424060001e-03    6.1132812500e-01
       453   -7.9335155699e+00    6.3491620513e+01   -1.7951310309e+01    1.0017794739e+01    2.9406475916e+00   -2.0891957900e+01    3.2000000000e+01    2.0258439999e-03    6.2304687500e-01
       454   -7.7534132994e+00    6.0408464415e+01   -1.8976679176e+01    1.1223265877e+01    2.5396804992e+00   -2.1516359676e+01    3.2000000000e+01    1.9153430003e-03    6.5039062500e-01
       455   -7.5225785218e+00    5.6941130748e+01   -1.5705613961e+01    8.1830354391e+00    2.5779580457e+00   -1.8283572007e+01    3.2000000000e+01    1.9713010006e-03    6.5429687500e-01
       456   -7.4507502967e+00    5.5641143433e+01   -1.5204055053e+01    7.7533047568e+00    2.5120619558e+00   -1.7716117009e+01    3.2000000000e+01    1.9831560003e-03    6.4843750000e-01
       457   -7.4932972338e+00    5.6254065470e+01   -1.1740903235e+01    4.2476060008e+00    2.7743123122e+00   -1.4515215547e+01    3.2000000000e+01    1.9769020000e-03    6.5820312500e-01
       458   -7.3300879841e+00    5.3844935336e+01   -1.2393078001e+01    5.0629900169e+00    2.4365498457e+00   -1.4829627847e+01    3.2000000000e+01    1.9670389993e-03    6.3671875000e-01
       459   -7.3302258789e+00    5.3911981160e+01   -1.5163522103e+01    7.8332962240e+00    3.0019266286e+00   -1.8165448731e+01    3.2000000000e+01    1.9408130001e-03    6.1718750000e-01
       460   -7.4827519412e+00    5.6124556794e+01   -1.8359471608e+01    1.0876719667e+01    2.7582449325e+00   -2.1117716540e+01    3.2000000000e+01    1.9814990001e-03    6.5429687500e-01
       461   -7.3659406315e+00    5.4375222357e+01   -1.2062220702e+01    4.6962800706e+00    2.3908883760e+00   -1.4453109078e+01    3.2000000000e+01    1.9941860000e-03    6.6601562500e-01
       462   -7.5129658719e+00    5.6668415290e+01   -1.0433247956e+01    2.9202820842e+00    2.6926545748e+00   -1.3125902531e+01    3.2000000000e+01    1.9941000000e-03    6.8164062500e-01
       463   -7.2222025977e+00    5.2241283850e+01   -1.2428295445e+01    5.2060928473e+00    2.6885166519e+00   -1.5116812097e+01    3.2000000000e+01    2.1430630004e-03    6.4843750000e-01
       464   -7.3967931724e+00    5.4868179477e+01   -1.2465970092e+01    5.0691769195e+00    2.7543554396e+00   -1.5220325531e+01    3.2000000000e+01    2.0561709998e-03    6.3867187500e-01
       465   -7.5354513617e+00    5.7065011751e+01   -1.5706560490e+01    8.1711091281e+00    2.4450435773e+00   -1.8151604067e+01    3.2000000000e+01    2.0057029997e-03    6.2695312500e-01
       466   -7.2549013052e+00    5.2724898553e+01   -1.3408706973e+01    6.1538056680e+00    2.8454079205e+00   -1.6254114894e+01    3.2000000000e+01    2.1060039999e-03    6.1718750000e-01
       467   -7.5160112337e+00    5.6706977140e+01   -1.2940693261e+01    5.4246820270e+00    2.3247484062e+00   -1.5265441667e+01    3.2000000000e+01    1.9466559997e-03    6.6796875000e-01
       468   -7.3487123526e+00    5.4105691645e+01   -9.8752886530e+00    2.5265763004e+00    1.9892553022e+00   -1.1864543955e+01    3.2000000000e+01    2.0209169998e-03    7.1289062500e-01
       469   -7.3550064392e+00    5.4255333374e+01   -1.6246693926e+01    8.8916874867e+00    2.7536370127e+00   -1.9000330939e+01    3.2000000000e+01    2.0040630006e-03    6.0742187500e-01
       470   -7.3234100580e+00    5.3773167758e+01   -1.4394751715e+01    7.0713416568e+00    3.0511443929e+00   -1.7445896108e+01    3.2000000000e+01    1.9898639994e-03    6.1718750000e-01
       471   -7.3672459043e+00    5.4464396838e+01   -1.0934938952e+01    3.5676930478e+00    2.5179318674e+00   -1.3452870819e+01    3.2000000000e+01    2.0181750006e-03    6.8945312500e-01
       472   -7.3725951611e+00    5.4487662557e+01   -1.1893926542e+01    4.5213313807e+00    3.3484887311e+00   -1.5242415273e+01    3.2000000000e+01    2.0212629997e-03    6.2500000000e-01
       473   -7.3939900819e+00    5.4841696185e+01   -1.3983385547e+01    6.5893954651e+00    2.6924304715e+00   -1.6675816019e+01    3.2000000000e+01    2.0171810002e-03    6.2304687500e-01
       474   -7.4452874931e+00    5.5585547300e+01   -1.3571347322e+01    6.1260598286e+00    2.3079192992e+00   -1.5879266621e+01    3.2000000000e+01    1.9929680002e-03    6.7187500000e-01
       475   -7.4929318397e+00    5.6419557592e+01   -1.3170410738e+01    5.6774788981e+00    2.9103127102e+00   -1.6080723448e+01    3.2000000000e+01    1.9605560001e-03    6.5820312500e-01
       476   -7.3636951559e+00    5.4280405341e+01   -9.5939651190e+00    2.2302699631e+00    2.2455443287e+00   -1.1839509448e+01    3.2000000000e+01    1.9838840008e-03    6.6992187500e-01
       477   -7.6214055226e+00    5.8282338379e+01   -1.0895356464e+01    3.2739509410e+00    2.2504443886e+00   -1.3145800852e+01    3.2000000000e+01    1.9892999999e-03    6.7773437500e-01
       478   -7.5777057597e+00    5.7657675883e+01   -1.1646435206e+01    4.0687294465e+00    2.5133788748e+00   -1.4159814081e+01    3.2000000000e+01    1.9750479996e-03    6.5429687500e-01
       479   -7.3052779025e+00    5.3453880907e+01   -1.3013103054e+01    5.7078251516e+00    2.4513481171e+00   -1.5464451171e+01    3.2000000000e+01    2.0573430002e-03    6.3867187500e-01
       480   -7.5952165107e+00    5.8172874091e+01   -1.3423184579e+01    5.8279680682e+00    2.7148650270e+00   -1.6138049606e+01    3.2000000000e+01    2.1069710001e-03    6.3476562500e-01
       481   -7.3382913594e+00    5.3986629369e+01   -1.0514660423e+01    3.1763690632e+00    1.9624985675e+00   -1.2477158990e+01    3.2000000000e+01    2.0057210004e-03    6.8164062500e-01
       482   -7.4891564251e+00    5.6410684953e+01   -1.3938071898e+01    6.4489154734e+00    2.9122684452e+00   -1.6850340344e+01    3.2000000000e+01    2.1443329997e-03    6.5234375000e-01
       483   -7.5575418231e+00    5.7506328407e+01   -1.7106446592e+01    9.5489047687e+00    3.0209908944e+00   -2.0127437486e+01    3.2000000000e+01    1.9866429993e-03    6.6406250000e-01
       484   -7.3298619279e+00    5.3856751295e+01   -1.5660734970e+01    8.3308730417e+00    2.9972199251e+00   -1.8657954895e+01    3.2000000000e+01    1.9528379999e-03    6.1718750000e-01
       485   -7.4616945525e+00    5.5910057071e+01   -1.9973473031e+01    1.2511778479e+01    3.2186093799e+00   -2.3192082411e+01    3.2000000000e+01    1.9996629999e-03    6.4257812500e-01
       486   -7.5374168284e+00    5.7047171122e+01   -1.1449574427e+01    3.9121575985e+00    2.9398662301e+00   -1.4389440657e+01    3.2000000000e+01    1.9826879998e-03    6.5039062500e-01
       487   -7.3023649878e+00    5.3399274336e+01   -1.1901288849e+01    4.5989238609e+00    2.3065397677e+00   -1.4207828616e+01    3.2000000000e+01    1.9716690003e-03    6.4257812500e-01
       488   -7.4961163235e+00    5.6553359831e+01   -1.4232882431e+01    6.7367661075e+00    2.5339524571e+00   -1.6766834888e+01    3.2000000000e+01    1.9481950003e-03    6.2109375000e-01
       489   -7.3214964840e+00    5.3725732586e+01   -1.1343252041e+01    4.0217555570e+00    2.2090030739e+00   -1.3552255115e+01    3.2000000000e+01    2.0153860005e-03    6.9531250000e-01
       490   -7.4161421692e+00    5.5081406551e+01   -1.1344460668e+01    3.9283184992e+00    2.6910716358e+00   -1.4035532304e+01    3.2000000000e+01    2.0005169999e-03    6.8554687500e-01
       491   -7.4687485754e+00    5.5991102575e+01   -1.3141280643e+01    5.6725320678e+00    2.7129751196e+00   -1.5854255763e+01    3.2000000000e+01    1.9832240005e-03    6.5820312500e-01
       492   -7.4201122324e+00    5.5118879389e+01   -9.6694686191e+00    2.2493563867e+00    1.9112854878e+00   -1.1580754107e+01    3.2000000000e+01    2.0155430002e-03    6.8945312500e-01
       493   -7.6156762176e+00    5.8321429115e+01   -1.5324938510e+01    7.7092622926e+00    2.5137048256e+00   -1.7838643336e+01    3.2000000000e+01    2.0309229994e-03    6.4843750000e-01
       494   -7.4947965741e+00    5.6404325713e+01   -1.4451873695e+01    6.9570771204e+00    2.5583241485e+00   -1.7010197843e+01    3.2000000000e+01    2.2747379999e-03    6.2890625000e-01
       495   -7.4313396222e+00    5.5371464628e+01   -1.3496896124e+01    6.0655565020e+00    2.8007706911e+00   -1.6297666815e+01    3.2000000000e+01    1.9687240001e-03    6.2500000000e-01
       496   -7.4859226010e+00    5.6172850702e+01   -1.5366993834e+01    7.8810712328e+00    2.8482030379e+00   -1.8215196872e+01    3.2000000000e+01    2.0790219996e-03    6.1718750000e-01
       497   -7.6739768059e+00    5.9317086753e+01   -2.0368893567e+01    1.2694916761e+01    2.8913915673e+00   -2.3260285134e+01    3.2000000000e+01    1.9886820000e-03    6.0546875000e-01
       498   -7.3006750938e+00    5.3446029043e+01   -1.2276645885e+01    4.9759707917e+00    2.5830378848e+00   -1.4859683770e+01    3.2000000000e+01    2.1566779997e-03    6.7773437500e-01
       499   -7.5991678914e+00    5.8030498788e+01   -2.3150816226e+01    1.5551648335e+01    2.5630814488e+00   -2.5713897675e+01    3.2000000000e+01    2.0021470000e-03    6.5625000000e-01
