#   index    LocalEnergy         LocalEnergy_sq      LocalPotential      Kinetic             ElecElec            IonElec             BlockWeight         BlockCPU            AcceptRatio         
         0   -7.6498398203e+00    5.8901298048e+01   -1.5873931791e+01    8.2240919704e+00    2.4249850542e+00   -1.8298916845e+01    1.2800000000e+02    8.2067690000e-03    6.4404296875e-01
         1   -7.4451581783e+00    5.5600017503e+01   -1.2799905515e+01    5.3547473366e+00    2.4509188216e+00   -1.5250824337e+01    1.2800000000e+02    1.0120987000e-02    6.2451171875e-01
         2   -7.5233749044e+00    5.7028780139e+01   -1.6002966542e+01    8.4795916380e+00    2.8799994219e+00   -1.8882965964e+01    1.2800000000e+02    8.0953440001e-03    6.1816406250e-01
         3   -7.4684978923e+00    5.5983530314e+01   -1.1229594952e+01    3.7610970600e+00    2.5896531623e+00   -1.3819248114e+01    1.2800000000e+02    8.0485750004e-03    6.6455078125e-01
         4   -7.3940712217e+00    5.4867329176e+01   -1.5070061904e+01    7.6759906822e+00    2.5786165464e+00   -1.7648678450e+01    1.2800000000e+02    7.7823110005e-03    6.3574218750e-01
         5   -7.5138962875e+00    5.6624392574e+01   -1.6273369321e+01    8.7594730339e+00    2.6396720058e+00   -1.8913041327e+01    1.2800000000e+02    7.7994220001e-03    6.3818359375e-01
         6   -7.3532013172e+00    5.4155277621e+01   -1.1431839482e+01    4.0786381651e+00    2.2630953580e+00   -1.3694934840e+01    1.2800000000e+02    7.9270090000e-03    6.5136718750e-01
         7   -7.4003113705e+00    5.4930168098e+01   -1.5121007542e+01    7.7206961719e+00    2.5570057984e+00   -1.7678013341e+01    1.2800000000e+02    8.2805570000e-03    6.5429687500e-01
         8   -7.5616542802e+00    5.7467851460e+01   -1.4217880528e+01    6.6562262482e+00    2.9433269455e+00   -1.7161207474e+01    1.2800000000e+02    7.8633000003e-03    6.2451171875e-01
         9   -7.4672009568e+00    5.6166584502e+01   -1.3652058785e+01    6.1848578283e+00    2.5706365084e+00   -1.6222695293e+01    1.2800000000e+02    8.0762510006e-03    6.6113281250e-01
        10   -7.3368731024e+00    5.3992473756e+01   -1.3474009469e+01    6.1371363665e+00    2.7319947617e+00   -1.6206004231e+01    1.2800000000e+02    8.9542149999e-03    6.2841796875e-01
        11   -7.5250267789e+00    5.6902410323e+01   -2.4855876300e+01    1.7330849521e+01    2.7003379047e+00   -2.7556214205e+01    1.2800000000e+02    7.9198150006e-03    6.1865234375e-01
        12   -7.4384950152e+00    5.5562606689e+01   -1.4804102646e+01    7.3656076306e+00    2.7762750560e+00   -1.7580377702e+01    1.2800000000e+02    8.0943980001e-03    6.4013671875e-01
        13   -7.2949280581e+00    5.3361399632e+01   -1.3345473812e+01    6.0505457542e+00    2.6577993736e+00   -1.6003273186e+01    1.2800000000e+02    8.4371809999e-03    6.3281250000e-01
        14   -7.4198610164e+00    5.5185236871e+01   -1.0953998121e+01    3.5341371041e+00    2.6998411558e+00   -1.3653839276e+01    1.2800000000e+02    8.3630320005e-03    6.4453125000e-01
        15   -7.6924235933e+00    5.9461258707e+01   -1.6798927713e+01    9.1065041193e+00    2.4340543230e+00   -1.9232982036e+01    1.2800000000e+02    7.8182719999e-03    6.3427734375e-01
        16   -7.4795248476e+00    5.6157232176e+01   -1.3771581352e+01    6.2920565047e+00    3.0373235017e+00   -1.6808904854e+01    1.2800000000e+02    8.0490640003e-03    6.3818359375e-01
        17   -7.4454124279e+00    5.5661992549e+01   -1.3204097899e+01    5.7586854709e+00    2.5307845975e+00   -1.5734882496e+01    1.2800000000e+02    7.7312270005e-03    6.3134765625e-01
        18   -7.5850559704e+00    5.7819997111e+01   -1.5873600105e+01    8.2885441345e+00    2.5893562701e+00   -1.8462956375e+01    1.2800000000e+02    8.3109030002e-03    6.4843750000e-01
        19   -7.4361719663e+00    5.5489343955e+01   -1.2636958072e+01    5.2007861058e+00    2.4744439400e+00   -1.5111402012e+01    1.2800000000e+02    8.0571640001e-03    6.4746093750e-01
        20   -7.5795807351e+00    5.7809108060e+01   -1.2603425734e+01    5.0238449987e+00    2.5522396457e+00   -1.5155665379e+01    1.2800000000e+02    8.3616740003e-03    6.5966796875e-01
        21   -7.4429364893e+00    5.5551205002e+01   -1.2196227857e+01    4.7532913681e+00    2.6386896544e+00   -1.4834917512e+01    1.2800000000e+02    7.9336839999e-03    6.5087890625e-01
        22   -7.2937755418e+00    5.3305912637e+01   -1.2369033699e+01    5.0752581575e+00    2.6824105546e+00   -1.5051444254e+01    1.2800000000e+02    8.0367539995e-03    6.3867187500e-01
        23   -7.5397529545e+00    5.7394439150e+01   -1.8075348153e+01    1.0535595199e+01    2.7934455734e+00   -2.0868793727e+01    1.2800000000e+02    7.8212829994e-03    6.0644531250e-01
        24   -7.4560582935e+00    5.5813126036e+01   -1.3602451420e+01    6.1463931267e+00    2.2163551945e+00   -1.5818806615e+01    1.2800000000e+02    8.0988620002e-03    6.4941406250e-01
        25   -7.5913550195e+00    5.7916150035e+01   -2.3468464178e+01    1.5877109159e+01    3.1715356683e+00   -2.6639999846e+01    1.2800000000e+02    7.8154949997e-03    6.1621093750e-01
        26   -7.4033950099e+00    5.4954067982e+01   -1.3067014901e+01    5.6636198916e+00    2.6925601407e+00   -1.5759575042e+01    1.2800000000e+02    8.0330689998e-03    6.4453125000e-01
        27   -7.4794008480e+00    5.6184165368e+01   -1.2998589078e+01    5.5191882304e+00    2.3249629379e+00   -1.5323552016e+01    1.2800000000e+02    8.2596559996e-03    6.4160156250e-01
        28   -7.3862294467e+00    5.4793217472e+01   -1.5667570009e+01    8.2813405619e+00    2.7391877851e+00   -1.8406757794e+01    1.2800000000e+02    8.2515040003e-03    6.1328125000e-01
        29   -7.4269380410e+00    5.5438738829e+01   -1.2630694632e+01    5.2037565909e+00    2.5784640299e+00   -1.5209158662e+01    1.2800000000e+02    9.1386810000e-03    6.5527343750e-01
        30   -7.3303969647e+00    5.3860773254e+01   -1.1768042481e+01    4.4376455161e+00    2.3837447435e+00   -1.4151787224e+01    1.2800000000e+02    8.7734279996e-03    6.5722656250e-01
        31   -7.4669383141e+00    5.5973207656e+01   -1.3307028652e+01    5.8400903381e+00    2.6806387996e+00   -1.5987667452e+01    1.2800000000e+02    8.0104070003e-03    6.3574218750e-01
        32   -7.5083602669e+00    5.6738330712e+01   -1.7293430165e+01    9.7850698983e+00    2.9026293668e+00   -2.0196059532e+01    1.2800000000e+02    8.8476999999e-03    6.1914062500e-01
        33   -7.5970390934e+00    5.8060009295e+01   -1.5674686486e+01    8.0776473927e+00    2.8152866575e+00   -1.8489973144e+01    1.2800000000e+02    8.9205869999e-03    6.1279296875e-01
        34   -7.3885476665e+00    5.4816806838e+01   -1.5629840402e+01    8.2412927357e+00    2.8126964686e+00   -1.8442536871e+01    1.2800000000e+02    7.9871959997e-03    6.2402343750e-01
        35   -7.3112042850e+00    5.3581785386e+01   -1.3744872680e+01    6.4336683948e+00    2.5907533216e+00   -1.6335626001e+01    1.2800000000e+02    7.9221719998e-03    6.3720703125e-01
        36   -7.3255867642e+00    5.3816486506e+01   -1.2946275561e+01    5.6206887965e+00    2.7058840121e+00   -1.5652159573e+01    1.2800000000e+02    7.9755429997e-03    6.1181640625e-01
        37   -7.4355922271e+00    5.5581364078e+01   -1.7441491421e+01    1.0005899193e+01    2.6616534649e+00   -2.0103144885e+01    1.2800000000e+02    7.6878749996e-03    6.1621093750e-01
        38   -7.4926651548e+00    5.6440788573e+01   -1.2662542949e+01    5.1698777942e+00    2.5596324043e+00   -1.5222175353e+01    1.2800000000e+02    8.4251150001e-03    6.3769531250e-01
        39   -7.5544476320e+00    5.7401335745e+01   -1.8643989189e+01    1.1089541557e+01    2.4767000626e+00   -2.1120689252e+01    1.2800000000e+02    7.7826240004e-03    6.1865234375e-01
        40   -7.4159128122e+00    5.5193527468e+01   -1.2853697837e+01    5.4377850247e+00    2.6107334156e+00   -1.5464431253e+01    1.2800000000e+02    8.1524299994e-03    6.6259765625e-01
        41   -7.5960212815e+00    5.8019108119e+01   -1.4860920969e+01    7.2648996870e+00    2.5368428093e+00   -1.7397763778e+01    1.2800000000e+02    7.7402770003e-03    6.3769531250e-01
        42   -7.6733681876e+00    5.9250912856e+01   -1.5433799375e+01    7.7604311870e+00    2.8719260207e+00   -1.8305725395e+01    1.2800000000e+02    7.8631880006e-03    6.3134765625e-01
        43   -7.4986838648e+00    5.6468867770e+01   -1.6794233742e+01    9.2955498769e+00    2.6856057645e+00   -1.9479839506e+01    1.2800000000e+02    8.1691080004e-03    6.3818359375e-01
        44   -7.6661335030e+00    5.9110430950e+01   -1.8973735297e+01    1.1307601794e+01    3.1914636410e+00   -2.2165198938e+01    1.2800000000e+02    8.3791669995e-03    6.1669921875e-01
        45   -7.5690364344e+00    5.7520777567e+01   -1.8088773914e+01    1.0519737480e+01    2.5999994888e+00   -2.0688773403e+01    1.2800000000e+02    7.8474319998e-03    6.2695312500e-01
        46   -7.4015575105e+00    5.4969320757e+01   -1.4961177737e+01    7.5596202270e+00    2.7232555552e+00   -1.7684433293e+01    1.2800000000e+02    7.9227189999e-03    6.4599609375e-01
        47   -7.4354749947e+00    5.5542624436e+01   -1.5098757799e+01    7.6632828045e+00    2.7952277961e+00   -1.7893985595e+01    1.2800000000e+02    7.9109550006e-03    6.2548828125e-01
        48   -7.4713591239e+00    5.6003871206e+01   -1.2158495333e+01    4.6871362095e+00    2.7458097809e+00   -1.4904305114e+01    1.2800000000e+02    8.1308139997e-03    6.5625000000e-01
        49   -7.4249841882e+00    5.5303147366e+01   -1.1122921864e+01    3.6979376761e+00    2.5279671236e+00   -1.3650888988e+01    1.2800000000e+02    9.1802239995e-03    6.6796875000e-01
        50   -7.6929858348e+00    5.9646993253e+01   -1.5452070463e+01    7.7590846286e+00    2.8480579327e+00   -1.8300128396e+01    1.2800000000e+02    7.8834870001e-03    6.4453125000e-01
        51   -7.4350168721e+00    5.5468746826e+01   -1.4120449959e+01    6.6854330871e+00    2.6213127004e+00   -1.6741762660e+01    1.2800000000e+02    8.6305269997e-03    6.3574218750e-01
        52   -7.3758713869e+00    5.4533040004e+01   -1.3014312793e+01    5.6384414060e+00    2.5474423683e+00   -1.5561755161e+01    1.2800000000e+02    8.2062580004e-03    6.3916015625e-01
        53   -7.3208525667e+00    5.3792566462e+01   -1.5055886617e+01    7.7350340499e+00    2.5573214140e+00   -1.7613208031e+01    1.2800000000e+02    7.8188280004e-03    6.5087890625e-01
        54   -7.3101357087e+00    5.3616992858e+01   -1.4368971297e+01    7.0588355884e+00    2.9910202856e+00   -1.7359991583e+01    1.2800000000e+02    7.8593709995e-03    6.1962890625e-01
        55   -7.4549044614e+00    5.5850781338e+01   -1.7597758798e+01    1.0142854336e+01    2.8177614890e+00   -2.0415520287e+01    1.2800000000e+02    8.1721429997e-03    6.3671875000e-01
        56   -7.4650724381e+00    5.5993478679e+01   -1.5893414132e+01    8.4283416942e+00    2.9808437209e+00   -1.8874257853e+01    1.2800000000e+02    7.9354870004e-03    6.1914062500e-01
        57   -7.4052113837e+00    5.4996146581e+01   -1.2710772927e+01    5.3055615435e+00    2.3799966620e+00   -1.5090769589e+01    1.2800000000e+02    8.8534480001e-03    6.4111328125e-01
        58   -7.4812735316e+00    5.6275764327e+01   -1.3093326588e+01    5.6120530562e+00    2.6002080862e+00   -1.5693534674e+01    1.2800000000e+02    8.0501009998e-03    6.4794921875e-01
        59   -7.6215657331e+00    5.8317363234e+01   -1.6023212885e+01    8.4016471514e+00    2.7012395744e+00   -1.8724452459e+01    1.2800000000e+02    8.4970079997e-03    6.2451171875e-01
        60   -7.4643844657e+00    5.6021430561e+01   -1.4738772288e+01    7.2743878223e+00    3.2221078286e+00   -1.7960880117e+01    1.2800000000e+02    8.0717339997e-03    6.4501953125e-01
        61   -7.3300259564e+00    5.3862266895e+01   -1.1450233210e+01    4.1202072533e+00    2.6915344579e+00   -1.4141767668e+01    1.2800000000e+02    8.0365200001e-03    6.6015625000e-01
        62   -7.4582887389e+00    5.5841169244e+01   -2.0806820264e+01    1.3348531525e+01    2.7296123458e+00   -2.3536432610e+01    1.2800000000e+02    7.9585370004e-03    6.4257812500e-01
        63   -7.5337917464e+00    5.6943323293e+01   -1.8952443768e+01    1.1418652022e+01    3.0408826660e+00   -2.1993326434e+01    1.2800000000e+02    8.4823030002e-03    6.2548828125e-01
        64   -7.4619671153e+00    5.5924391363e+01   -1.8979695028e+01    1.1517727913e+01    3.2990582859e+00   -2.2278753314e+01    1.2800000000e+02    9.3871449999e-03    6.1718750000e-01
        65   -7.3452808366e+00    5.4089256378e+01   -1.4262550029e+01    6.9172691926e+00    2.8899378539e+00   -1.7152487883e+01    1.2800000000e+02    7.8670870007e-03    6.3720703125e-01
        66   -7.4411245310e+00    5.5538358522e+01   -1.3662953507e+01    6.2218289762e+00    2.4656612111e+00   -1.6128614718e+01    1.2800000000e+02    7.9170400004e-03    6.3623046875e-01
        67   -7.5415631005e+00    5.7136283030e+01   -1.6295371112e+01    8.7538080112e+00    2.7771406756e+00   -1.9072511787e+01    1.2800000000e+02    8.2503269996e-03    6.4648437500e-01
        68   -7.5278959495e+00    5.6921478071e+01   -1.4648524218e+01    7.1206282687e+00    2.7570311849e+00   -1.7405555403e+01    1.2800000000e+02    8.0270170001e-03    6.4013671875e-01
        69   -7.4490002900e+00    5.5643893595e+01   -1.2998490673e+01    5.5494903832e+00    2.6433357433e+00   -1.5641826416e+01    1.2800000000e+02    8.4237830006e-03    6.3867187500e-01
        70   -7.3276261803e+00    5.3822278186e+01   -1.1670271472e+01    4.3426452918e+00    2.4875004666e+00   -1.4157771939e+01    1.2800000000e+02    7.8788259998e-03    6.3476562500e-01
        71   -7.3882638089e+00    5.4760135300e+01   -1.3077164951e+01    5.6889011422e+00    2.6986442270e+00   -1.5775809178e+01    1.2800000000e+02    8.0377940003e-03    6.3769531250e-01
        72   -7.5307987797e+00    5.6952455310e+01   -1.3313101484e+01    5.7823027044e+00    2.5822608963e+00   -1.5895362380e+01    1.2800000000e+02    7.9023039998e-03    6.4013671875e-01
        73   -7.3159097980e+00    5.3648784090e+01   -1.3879867125e+01    6.5639573273e+00    2.7316909464e+00   -1.6611558072e+01    1.2800000000e+02    7.8507540002e-03    6.3232421875e-01
        74   -7.6875790856e+00    5.9561677499e+01   -1.5871596950e+01    8.1840178646e+00    2.5818610471e+00   -1.8453457997e+01    1.2800000000e+02    7.9833140007e-03    6.4697265625e-01
        75   -7.5696871179e+00    5.7680330744e+01   -1.3828456378e+01    6.2587692600e+00    2.5049110948e+00   -1.6333367473e+01    1.2800000000e+02    8.0944420006e-03    6.3818359375e-01
        76   -7.3403868538e+00    5.4078598590e+01   -1.4216153528e+01    6.8757666744e+00    2.8917399178e+00   -1.7107893446e+01    1.2800000000e+02    7.8585709998e-03    6.2841796875e-01
        77   -7.4229912154e+00    5.5349541504e+01   -1.4021798865e+01    6.5988076497e+00    2.6865794548e+00   -1.6708378320e+01    1.2800000000e+02    1.2168941000e-02    6.2597656250e-01
        78   -7.5196686021e+00    5.6868276779e+01   -1.5138047201e+01    7.6183785991e+00    2.7303395189e+00   -1.7868386720e+01    1.2800000000e+02    7.8946600006e-03    6.2744140625e-01
        79   -7.5008605943e+00    5.6453737786e+01   -1.4329112580e+01    6.8282519857e+00    2.7426062358e+00   -1.7071718816e+01    1.2800000000e+02    7.9881739994e-03    6.5136718750e-01
        80   -7.4921766621e+00    5.6466166725e+01   -1.6487266391e+01    8.9950897285e+00    2.9210237541e+00   -1.9408290145e+01    1.2800000000e+02    7.9125069997e-03    6.1865234375e-01
        81   -7.3337569797e+00    5.3921059267e+01   -1.3006635875e+01    5.6728788957e+00    2.7791467971e+00   -1.5785782673e+01    1.2800000000e+02    8.9797000001e-03    6.4306640625e-01
        82   -7.4320579614e+00    5.5476770916e+01   -1.5097191084e+01    7.6651331224e+00    2.7740849542e+00   -1.7871276038e+01    1.2800000000e+02    7.9044519998e-03    6.3867187500e-01
        83   -7.5036755276e+00    5.6548530321e+01   -1.5337611828e+01    7.8339363009e+00    2.5472039339e+00   -1.7884815762e+01    1.2800000000e+02    7.9435859998e-03    6.4013671875e-01
        84   -7.4281654554e+00    5.5384081422e+01   -2.2566561529e+01    1.5138396074e+01    2.8024900798e+00   -2.5369051609e+01    1.2800000000e+02    7.9910470004e-03    6.5917968750e-01
        85   -7.6112887199e+00    5.8246685494e+01   -1.4520014919e+01    6.9087261989e+00    2.3915855067e+00   -1.6911600425e+01    1.2800000000e+02    7.7241730005e-03    6.2988281250e-01
        86   -7.3922641362e+00    5.4860878850e+01   -1.9336133791e+01    1.1943869655e+01    2.6875796914e+00   -2.2023713482e+01    1.2800000000e+02    7.7342120003e-03    6.2792968750e-01
        87   -7.4968688112e+00    5.6493093890e+01   -1.2759838939e+01    5.2629701278e+00    2.5522327046e+00   -1.5312071644e+01    1.2800000000e+02    8.1632190004e-03    6.5283203125e-01
        88   -7.4797473292e+00    5.6139223888e+01   -1.7459221655e+01    9.9794743256e+00    2.7190788361e+00   -2.0178300491e+01    1.2800000000e+02    7.8769370002e-03    6.2597656250e-01
        89   -7.4752726467e+00    5.6238877357e+01   -1.3119095678e+01    5.6438230315e+00    2.5454850269e+00   -1.5664580705e+01    1.2800000000e+02    7.9015430001e-03    6.3281250000e-01
        90   -7.4762294727e+00    5.6095460523e+01   -1.7512547520e+01    1.0036318047e+01    2.6790089215e+00   -2.0191556441e+01    1.2800000000e+02    7.8924740001e-03    6.5380859375e-01
        91   -7.4072322896e+00    5.5000221672e+01   -1.1903958721e+01    4.4967264315e+00    2.4776936188e+00   -1.4381652340e+01    1.2800000000e+02    7.9759390001e-03    6.4990234375e-01
        92   -7.5948250533e+00    5.7927385945e+01   -1.3831747233e+01    6.2369221801e+00    2.8745394318e+00   -1.6706286665e+01    1.2800000000e+02    7.8960550009e-03    6.4355468750e-01
        93   -7.3392135831e+00    5.3990381643e+01   -1.4071641912e+01    6.7324283291e+00    3.0173880475e+00   -1.7089029960e+01    1.2800000000e+02    7.9730979996e-03    6.3378906250e-01
        94   -7.4917133620e+00    5.6372194772e+01   -2.5590830827e+01    1.8099117465e+01    2.9431671715e+00   -2.8533997998e+01    1.2800000000e+02    8.0607929995e-03    6.2011718750e-01
        95   -7.3979063479e+00    5.4880156295e+01   -1.2416778616e+01    5.0188722685e+00    2.8553339704e+00   -1.5272112587e+01    1.2800000000e+02    7.9698540003e-03    6.3867187500e-01
        96   -7.5009673481e+00    5.6628618612e+01   -1.4845846715e+01    7.3448793665e+00    2.6736046266e+00   -1.7519451341e+01    1.2800000000e+02    7.7596990004e-03    6.2255859375e-01
        97   -7.4471349020e+00    5.5723154605e+01   -1.3659139656e+01    6.2120047537e+00    2.6635750273e+00   -1.6322714683e+01    1.2800000000e+02    7.9716579994e-03    6.3525390625e-01
        98   -7.3856627681e+00    5.4700319810e+01   -1.7005974632e+01    9.6203118635e+00    2.8280161968e+00   -1.9833990828e+01    1.2800000000e+02    7.7522679994e-03    6.2255859375e-01
        99   -7.3870818167e+00    5.4756670663e+01   -1.3709363487e+01    6.3222816706e+00    2.3067824980e+00   -1.6016145985e+01    1.2800000000e+02    9.4705290003e-03    6.4111328125e-01
       100   -7.4923128853e+00    5.6367786761e+01   -1.5482971378e+01    7.9906584926e+00    3.0510298350e+00   -1.8534001213e+01    1.2800000000e+02    9.8924829999e-03    6.1474609375e-01
       101   -7.4335533806e+00    5.5430479806e+01   -1.2216624973e+01    4.7830715921e+00    2.8403204658e+00   -1.5056945439e+01    1.2800000000e+02    8.1746300002e-03    6.4990234375e-01
       102   -7.4906069266e+00    5.6419682202e+01   -1.3692990682e+01    6.2023837557e+00    2.5834481905e+00   -1.6276438873e+01    1.2800000000e+02    7.9479139995e-03    6.5136718750e-01
       103   -7.4223363319e+00    5.5223630730e+01   -1.3057448892e+01    5.6351125599e+00    2.7069688071e+00   -1.5764417699e+01    1.2800000000e+02    8.0684960003e-03    6.4648437500e-01
       104   -7.4028083141e+00    5.4949474110e+01   -1.5969964508e+01    8.5671561941e+00    2.7416351774e+00   -1.8711599686e+01    1.2800000000e+02    7.8009879999e-03    6.2207031250e-01
       105   -7.3787508846e+00    5.4621923990e+01   -1.3055162587e+01    5.6764117026e+00    2.3157847611e+00   -1.5370947348e+01    1.2800000000e+02    7.9969609997e-03    6.3867187500e-01
       106   -7.3934615492e+00    5.4854078820e+01   -1.4931570875e+01    7.5381093255e+00    2.7271475282e+00   -1.7658718403e+01    1.2800000000e+02    9.0579259995e-03    6.3183593750e-01
       107   -7.5143074382e+00    5.6699421963e+01   -3.6282029471e+01    2.8767722033e+01    2.5083081749e+00   -3.8790337646e+01    1.2800000000e+02    7.8300830000e-03    6.3769531250e-01
       108   -7.4889577233e+00    5.6385259797e+01   -1.5810210985e+01    8.3212532620e+00    3.0938647052e+00   -1.8904075691e+01    1.2800000000e+02    7.8156580003e-03    6.1279296875e-01
       109   -7.3657974120e+00    5.4394549810e+01   -1.3176266940e+01    5.8104695275e+00    2.7948218430e+00   -1.5971088783e+01    1.2800000000e+02    8.0569430002e-03    6.2988281250e-01
       110   -7.4874705866e+00    5.6241560638e+01   -1.3717765673e+01    6.2302950868e+00    2.8841318224e+00   -1.6601897496e+01    1.2800000000e+02    8.7329729995e-03    6.4111328125e-01
       111   -7.5046999542e+00    5.6505388815e+01   -1.5116218899e+01    7.6115189450e+00    2.5535666999e+00   -1.7669785599e+01    1.2800000000e+02    8.0821279998e-03    6.3769531250e-01
       112   -7.5013972673e+00    5.6420325648e+01   -1.7996940834e+01    1.0495543567e+01    2.6482095638e+00   -2.0645150398e+01    1.2800000000e+02    8.3913020007e-03    6.2841796875e-01
       113   -7.4285339990e+00    5.5372606846e+01   -1.2240546881e+01    4.8120128817e+00    2.4695504425e+00   -1.4710097323e+01    1.2800000000e+02    8.3140229999e-03    6.4013671875e-01
       114   -7.3947959215e+00    5.4815867442e+01   -1.2360478584e+01    4.9656826624e+00    2.3950733255e+00   -1.4755551909e+01    1.2800000000e+02    7.8955340005e-03    6.4453125000e-01
       115   -7.6886427530e+00    5.9583947284e+01   -1.4546994805e+01    6.8583520523e+00    2.7012018457e+00   -1.7248196651e+01    1.2800000000e+02    8.4581460005e-03    6.3476562500e-01
       116   -7.4490242340e+00    5.5713449457e+01   -1.4378293786e+01    6.9292695524e+00    2.3383245013e+00   -1.6716618288e+01    1.2800000000e+02    8.2010509996e-03    6.5771484375e-01
       117   -7.5283081039e+00    5.6906470236e+01   -3.0410557798e+01    2.2882249694e+01    2.6292260176e+00   -3.3039783815e+01    1.2800000000e+02    9.4297659998e-03    6.3769531250e-01
       118   -7.5836084911e+00    5.7707968083e+01   -1.8682582255e+01    1.1098973764e+01    3.1039217181e+00   -2.1786503974e+01    1.2800000000e+02    8.7210510001e-03    6.0839843750e-01
       119   -7.4080989672e+00    5.5112208341e+01   -1.3640814260e+01    6.2327152927e+00    2.5156565065e+00   -1.6156470766e+01    1.2800000000e+02    8.1399759993e-03    6.4550781250e-01
       120   -7.4756549496e+00    5.6045401839e+01   -1.3367549569e+01    5.8918946190e+00    2.5115165488e+00   -1.5879066117e+01    1.2800000000e+02    7.9177570005e-03    6.4892578125e-01
       121   -7.5024703705e+00    5.6432791744e+01   -1.2179925749e+01    4.6774553782e+00    2.4428801881e+00   -1.4622805937e+01    1.2800000000e+02    1.0050950000e-02    6.6357421875e-01
       122   -7.4818474368e+00    5.6208176754e+01   -1.5088490977e+01    7.6066435399e+00    2.6254456127e+00   -1.7713936589e+01    1.2800000000e+02    9.3827929995e-03    6.4453125000e-01
       123   -7.4552160494e+00    5.5695371563e+01   -1.0265304762e+01    2.8100887122e+00    2.4550251647e+00   -1.2720329926e+01    1.2800000000e+02    8.1583399997e-03    6.6162109375e-01
       124   -7.4749042307e+00    5.6095528664e+01   -1.5284804302e+01    7.8099000718e+00    2.8869790583e+00   -1.8171783361e+01    1.2800000000e+02    8.1595359998e-03    6.3037109375e-01
       125   -7.4648156033e+00    5.5933158361e+01   -1.2411821838e+01    4.9470062348e+00    2.6432195269e+00   -1.5055041365e+01    1.2800000000e+02    8.0199530003e-03    6.4501953125e-01
       126   -7.5151280366e+00    5.6674845006e+01   -1.5510582179e+01    7.9954541420e+00    3.1522167142e+00   -1.8662798893e+01    1.2800000000e+02    8.1829390001e-03    6.3330078125e-01
       127   -7.6056218223e+00    5.8130555503e+01   -1.6222715517e+01    8.6170936948e+00    3.0715462737e+00   -1.9294261791e+01    1.2800000000e+02    8.1024020001e-03    6.2304687500e-01
       128   -7.4567471583e+00    5.5807373264e+01   -1.4618546411e+01    7.1617992528e+00    2.5302598515e+00   -1.7148806263e+01    1.2800000000e+02    8.0103239998e-03    6.2695312500e-01
       129   -7.4845244999e+00    5.6338806584e+01   -1.4566588790e+01    7.0820642905e+00    2.5893447492e+00   -1.7155933540e+01    1.2800000000e+02    7.9066230001e-03    6.4257812500e-01
       130   -7.4890620608e+00    5.6292720497e+01   -1.7042958381e+01    9.5538963205e+00    2.5516134314e+00   -1.9594571813e+01    1.2800000000e+02    8.7612249999e-03    6.4501953125e-01
       131   -7.3133946451e+00    5.3631820897e+01   -1.4389823563e+01    7.0764289183e+00    2.8114661754e+00   -1.7201289739e+01    1.2800000000e+02    8.0530460000e-03    6.4208984375e-01
       132   -7.3734597690e+00    5.4481810200e+01   -1.1921546385e+01    4.5480866165e+00    2.4224919212e+00   -1.4344038307e+01    1.2800000000e+02    7.9727659995e-03    6.5576171875e-01
       133   -7.5843885745e+00    5.7864792546e+01   -1.3847746630e+01    6.2633580554e+00    2.4840077566e+00   -1.6331754386e+01    1.2800000000e+02    8.0298989997e-03    6.5673828125e-01
       134   -7.5515423149e+00    5.7304580604e+01   -1.7218486124e+01    9.6669438092e+00    2.8328107218e+00   -2.0051296846e+01    1.2800000000e+02    7.8786290005e-03    6.2158203125e-01
       135   -7.3974834224e+00    5.4902208971e+01   -1.2764900777e+01    5.3674173548e+00    2.8208202376e+00   -1.5585721015e+01    1.2800000000e+02    8.1337739994e-03    6.4257812500e-01
       136   -7.5050598774e+00    5.6629816985e+01   -1.2939065819e+01    5.4340059412e+00    2.4315584419e+00   -1.5370624260e+01    1.2800000000e+02    8.2547929997e-03    6.5185546875e-01
       137   -7.4593701604e+00    5.5880738117e+01   -1.1990279569e+01    4.5309094090e+00    2.7789013500e+00   -1.4769180919e+01    1.2800000000e+02    7.9818060003e-03    6.4453125000e-01
       138   -7.6155232109e+00    5.8343249165e+01   -1.4533202727e+01    6.9176795160e+00    2.2085519294e+00   -1.6741754656e+01    1.2800000000e+02    7.8678639993e-03    6.4111328125e-01
       139   -7.4589900140e+00    5.5876203809e+01   -1.4413983554e+01    6.9549935401e+00    2.6402555235e+00   -1.7054239078e+01    1.2800000000e+02    8.2061129997e-03    6.4404296875e-01
       140   -7.4309795267e+00    5.5446749694e+01   -1.5364191161e+01    7.9332116342e+00    2.6195602261e+00   -1.7983751387e+01    1.2800000000e+02    7.9082149996e-03    6.3769531250e-01
       141   -7.7449735418e+00    6.0357808293e+01   -2.2374226832e+01    1.4629253291e+01    3.0941494558e+00   -2.5468376288e+01    1.2800000000e+02    7.9212470000e-03    6.3183593750e-01
       142   -7.5486143588e+00    5.7208626182e+01   -1.3718767519e+01    6.1701531599e+00    2.8041911567e+00   -1.6522958675e+01    1.2800000000e+02    7.8816039995e-03    6.3818359375e-01
       143   -7.4180368561e+00    5.5313929458e+01   -1.4052419148e+01    6.6343822916e+00    2.4870180524e+00   -1.6539437200e+01    1.2800000000e+02    8.1066799994e-03    6.3183593750e-01
       144   -7.3788902949e+00    5.4748937140e+01   -1.4849098065e+01    7.4702077700e+00    2.6120203176e+00   -1.7461118382e+01    1.2800000000e+02    1.1243088000e-02    6.2695312500e-01
       145   -7.3794258486e+00    5.4579070853e+01   -1.0943869280e+01    3.5644434313e+00    2.4221615168e+00   -1.3366030797e+01    1.2800000000e+02    8.0881839995e-03    6.6308593750e-01
       146   -7.5974255065e+00    5.8035757711e+01   -1.4443236764e+01    6.8458112572e+00    2.5477567628e+00   -1.6990993526e+01    1.2800000000e+02    7.7185310001e-03    6.3330078125e-01
       147   -7.4184051765e+00    5.5247542708e+01   -1.4536299106e+01    7.1178939294e+00    2.5536964400e+00   -1.7089995546e+01    1.2800000000e+02    7.8066010001e-03    6.3574218750e-01
       148   -7.5113380101e+00    5.6659325371e+01   -1.5250382327e+01    7.7390443173e+00    2.7467922441e+00   -1.7997174571e+01    1.2800000000e+02    7.8631639999e-03    6.2500000000e-01
       149   -7.5695659933e+00    5.7638617521e+01   -1.5398434023e+01    7.8288680296e+00    2.7806490849e+00   -1.8179083108e+01    1.2800000000e+02    8.1028110008e-03    6.2353515625e-01
       150   -7.3320924563e+00    5.3892397630e+01   -1.2288849314e+01    4.9567568576e+00    2.6694496772e+00   -1.4958298991e+01    1.2800000000e+02    1.0648628000e-02    6.7138671875e-01
       151   -7.3729632437e+00    5.4551613903e+01   -1.4978597129e+01    7.6056338851e+00    2.9522219334e+00   -1.7930819062e+01    1.2800000000e+02    1.4464176000e-02    6.2890625000e-01
       152   -7.3642708062e+00    5.4390286707e+01   -1.2729386976e+01    5.3651161694e+00    2.4994004279e+00   -1.5228787404e+01    1.2800000000e+02    8.6134429994e-03    6.3085937500e-01
       153   -7.5275012175e+00    5.6934415634e+01   -1.4848199230e+01    7.3206980127e+00    3.9366843816e+00   -1.8784883612e+01    1.2800000000e+02    8.4790940000e-03    6.3134765625e-01
       154   -7.5402923333e+00    5.7269258949e+01   -1.6880358665e+01    9.3400663317e+00    3.0128165584e+00   -1.9893175223e+01    1.2800000000e+02    8.0821189995e-03    6.3183593750e-01
       155   -7.5105351502e+00    5.6711906602e+01   -1.4214559858e+01    6.7040247078e+00    2.5554765452e+00   -1.6770036403e+01    1.2800000000e+02    7.9808230003e-03    6.6259765625e-01
       156   -7.4454959967e+00    5.5641058576e+01   -1.5212760136e+01    7.7672641395e+00    3.0643122138e+00   -1.8277072350e+01    1.2800000000e+02    7.9319789993e-03    6.1425781250e-01
       157   -7.4607578911e+00    5.5948793566e+01   -1.2248352928e+01    4.7875950365e+00    2.4362516330e+00   -1.4684604561e+01    1.2800000000e+02    7.9789209994e-03    6.6259765625e-01
       158   -7.6919236899e+00    5.9632434807e+01   -1.6023979163e+01    8.3320554727e+00    2.7874014037e+00   -1.8811380566e+01    1.2800000000e+02    7.9599960000e-03    6.3769531250e-01
       159   -7.5222877940e+00    5.6845837728e+01   -1.4025081525e+01    6.5027937314e+00    2.3670755273e+00   -1.6392157053e+01    1.2800000000e+02    7.9047220006e-03    6.3964843750e-01
       160   -7.3009860397e+00    5.3440558374e+01   -1.1250149326e+01    3.9491632866e+00    2.5838243481e+00   -1.3833973674e+01    1.2800000000e+02    8.6104239999e-03    6.4941406250e-01
       161   -7.5095174878e+00    5.6597528223e+01   -1.2158652549e+01    4.6491350612e+00    2.5914206568e+00   -1.4750073206e+01    1.2800000000e+02    7.8565949998e-03    6.4257812500e-01
       162   -7.5349845698e+00    5.7041909264e+01   -1.4365754719e+01    6.8307701495e+00    2.6854339568e+00   -1.7051188676e+01    1.2800000000e+02    8.0224519998e-03    6.5576171875e-01
       163   -7.4574784816e+00    5.5862070981e+01   -1.4297219250e+01    6.8397407683e+00    2.5428128235e+00   -1.6840032073e+01    1.2800000000e+02    7.9242990005e-03    6.4208984375e-01
       164   -7.4722653219e+00    5.6075544057e+01   -1.8432946663e+01    1.0960681341e+01    2.6922628647e+00   -2.1125209527e+01    1.2800000000e+02    8.0515250002e-03    6.4697265625e-01
       165   -7.4884894507e+00    5.6290893076e+01   -1.4209735796e+01    6.7212463455e+00    2.3450140215e+00   -1.6554749818e+01    1.2800000000e+02    1.1156705000e-02    6.3671875000e-01
       166   -7.4660469218e+00    5.6002529568e+01   -1.2748328418e+01    5.2822814957e+00    2.5221715868e+00   -1.5270500004e+01    1.2800000000e+02    9.3114810006e-03    6.4648437500e-01
       167   -7.4013006598e+00    5.4893949393e+01   -1.2341515869e+01    4.9402152091e+00    2.2203615984e+00   -1.4561877467e+01    1.2800000000e+02    7.9682910000e-03    6.4257812500e-01
       168   -7.4354004675e+00    5.5442893555e+01   -1.4392808670e+01    6.9574082028e+00    2.6488649410e+00   -1.7041673611e+01    1.2800000000e+02    8.3857420004e-03    6.3037109375e-01
       169   -7.3812121770e+00    5.4571945444e+01   -1.1387628698e+01    4.0064165205e+00    2.1973301838e+00   -1.3584958881e+01    1.2800000000e+02    8.2933770000e-03    6.5039062500e-01
       170   -7.4676743383e+00    5.6082547785e+01   -1.3386165103e+01    5.9184907651e+00    2.5815625473e+00   -1.5967727651e+01    1.2800000000e+02    8.4580860002e-03    6.3574218750e-01
       171   -7.6497691196e+00    5.8918292484e+01   -1.4853866864e+01    7.2040977449e+00    3.1099470027e+00   -1.7963813867e+01    1.2800000000e+02    7.8609600005e-03    6.2109375000e-01
       172   -7.5914997433e+00    5.7937976461e+01   -1.6211783184e+01    8.6202834403e+00    2.9469173744e+00   -1.9158700558e+01    1.2800000000e+02    7.9583790002e-03    6.3671875000e-01
       173   -7.3506337099e+00    5.4175702342e+01   -1.4192043611e+01    6.8414099014e+00    2.4496873932e+00   -1.6641731005e+01    1.2800000000e+02    7.9172639998e-03    6.2841796875e-01
       174   -7.4736670587e+00    5.6049140065e+01   -1.4003684682e+01    6.5300176235e+00    2.6108402513e+00   -1.6614524933e+01    1.2800000000e+02    8.0770280001e-03    6.6015625000e-01
       175   -7.4067887016e+00    5.5104818192e+01   -1.4438991590e+01    7.0322028885e+00    2.9675421484e+00   -1.7406533739e+01    1.2800000000e+02    7.9284730000e-03    6.2939453125e-01
       176   -7.5903200869e+00    5.7973711307e+01   -1.5351347386e+01    7.7610272989e+00    2.6199417728e+00   -1.7971289159e+01    1.2800000000e+02    8.0318249993e-03    6.5332031250e-01
       177   -7.5178280778e+00    5.6779459039e+01   -1.4121479018e+01    6.6036509398e+00    2.9842539846e+00   -1.7105733002e+01    1.2800000000e+02    7.7744910004e-03    6.2792968750e-01
       178   -7.5027468592e+00    5.6491446939e+01   -1.5096103323e+01    7.5933564640e+00    3.0271126680e+00   -1.8123215991e+01    1.2800000000e+02    8.9328739996e-03    6.1523437500e-01
       179   -7.3901031541e+00    5.4840510126e+01   -1.2808160364e+01    5.4180572098e+00    2.5651268387e+00   -1.5373287203e+01    1.2800000000e+02    7.8410119995e-03    6.4160156250e-01
       180   -7.5034975090e+00    5.6538969416e+01   -1.3275803208e+01    5.7723056993e+00    2.5234637534e+00   -1.5799266962e+01    1.2800000000e+02    8.0519399999e-03    6.5820312500e-01
       181   -7.4297013183e+00    5.5378518229e+01   -1.5346269204e+01    7.9165678857e+00    2.6189158448e+00   -1.7965185049e+01    1.2800000000e+02    7.9127240006e-03    6.4062500000e-01
       182   -7.3455665047e+00    5.4089779598e+01   -1.2466378131e+01    5.1208116262e+00    2.7193007714e+00   -1.5185678902e+01    1.2800000000e+02    7.9549120001e-03    6.4746093750e-01
       183   -7.4538772562e+00    5.5733806891e+01   -1.3543929280e+01    6.0900520241e+00    2.5582262680e+00   -1.6102155548e+01    1.2800000000e+02    7.8878209997e-03    6.3769531250e-01
       184   -7.4001364959e+00    5.4902337624e+01   -1.1409340374e+01    4.0092038780e+00    2.6939492393e+00   -1.4103289613e+01    1.2800000000e+02    9.6873309994e-03    6.4550781250e-01
       185   -7.4554722990e+00    5.5888759616e+01   -1.3761183427e+01    6.3057111280e+00    2.9381767267e+00   -1.6699360154e+01    1.2800000000e+02    7.8790119996e-03    6.2451171875e-01
       186   -7.3544165295e+00    5.4215602940e+01   -1.4114255630e+01    6.7598391001e+00    2.3895691097e+00   -1.6503824739e+01    1.2800000000e+02    7.7680190007e-03    6.2744140625e-01
       187   -7.4840969766e+00    5.6192652797e+01   -1.3482699649e+01    5.9986026725e+00    2.8457377470e+00   -1.6328437396e+01    1.2800000000e+02    1.1078600000e-02    6.3232421875e-01
       188   -7.4495248524e+00    5.5679654490e+01   -1.2375262378e+01    4.9257375259e+00    2.4899684383e+00   -1.4865230817e+01    1.2800000000e+02    9.1929760001e-03    6.4990234375e-01
       189   -7.5579182943e+00    5.7331723667e+01   -1.5648828768e+01    8.0909104733e+00    2.7096306929e+00   -1.8358459461e+01    1.2800000000e+02    8.0533280006e-03    6.5429687500e-01
       190   -7.4474815793e+00    5.5644724100e+01   -1.3377732139e+01    5.9302505599e+00    2.6288821792e+00   -1.6006614318e+01    1.2800000000e+02    8.1994640004e-03    6.3671875000e-01
       191   -7.5877642523e+00    5.7899484845e+01   -1.4523862516e+01    6.9360982635e+00    2.4547656364e+00   -1.6978628152e+01    1.2800000000e+02    7.9635120001e-03    6.5576171875e-01
       192   -7.4448181378e+00    5.5517368698e+01   -1.2014591869e+01    4.5697737312e+00    2.5089065137e+00   -1.4523498383e+01    1.2800000000e+02    7.9509400002e-03    6.4697265625e-01
       193   -7.3085194109e+00    5.3612403157e+01   -1.4664119246e+01    7.3555998350e+00    2.5779927609e+00   -1.7242112007e+01    1.2800000000e+02    7.8414400004e-03    6.4355468750e-01
       194   -7.4444983531e+00    5.5569595089e+01   -1.4832764118e+01    7.3882657649e+00    2.4306338896e+00   -1.7263398008e+01    1.2800000000e+02    8.2498960001e-03    6.7431640625e-01
       195   -7.3754925969e+00    5.4592222741e+01   -1.5365466470e+01    7.9899738729e+00    2.7004617112e+00   -1.8065928181e+01    1.2800000000e+02    7.8714300007e-03    6.3427734375e-01
       196   -7.4824300658e+00    5.6181415985e+01   -1.6434947354e+01    8.9525172883e+00    2.6258099840e+00   -1.9060757338e+01    1.2800000000e+02    7.9754879998e-03    6.3964843750e-01
       197   -7.6721792046e+00    5.9138540264e+01   -1.7333132980e+01    9.6609537754e+00    2.3427751980e+00   -1.9675908178e+01    1.2800000000e+02    8.0387569997e-03    6.6210937500e-01
       198   -7.6721390308e+00    5.9228367452e+01   -1.9524316887e+01    1.1852177857e+01    3.2357941646e+00   -2.2760111052e+01    1.2800000000e+02    7.8615729999e-03    6.1376953125e-01
       199   -7.4923089151e+00    5.6418796592e+01   -1.7087987962e+01    9.5956790467e+00    2.8617166293e+00   -1.9949704591e+01    1.2800000000e+02    7.8112390001e-03    6.2304687500e-01
       200   -7.4101619291e+00    5.5064771318e+01   -1.5629652184e+01    8.2194902551e+00    2.6156662277e+00   -1.8245318412e+01    1.2800000000e+02    7.9594270001e-03    6.3476562500e-01
       201   -7.3183097488e+00    5.3800257884e+01   -1.4088282965e+01    6.7699732158e+00    2.7298884985e+00   -1.6818171463e+01    1.2800000000e+02    7.8786650001e-03    6.4648437500e-01
       202   -7.5573486737e+00    5.7398210038e+01   -1.6999471047e+01    9.4421223730e+00    2.5459049231e+00   -1.9545375970e+01    1.2800000000e+02    7.8586569998e-03    6.2939453125e-01
       203   -7.6082999118e+00    5.8179238076e+01   -1.6856035211e+01    9.2477352996e+00    2.4701127949e+00   -1.9326148006e+01    1.2800000000e+02    8.5357870003e-03    6.5380859375e-01
       204   -7.6598014950e+00    5.9185373524e+01   -1.8472681246e+01    1.0812879751e+01    2.4418975818e+00   -2.0914578828e+01    1.2800000000e+02    7.9203360001e-03    6.2695312500e-01
       205   -7.3864068544e+00    5.4736164048e+01   -1.7346467461e+01    9.9600606061e+00    2.7300768974e+00   -2.0076544358e+01    1.2800000000e+02    7.8418480007e-03    6.3574218750e-01
       206   -7.4236354204e+00    5.5337246634e+01   -1.2894184836e+01    5.4705494154e+00    2.4576974148e+00   -1.5351882251e+01    1.2800000000e+02    7.9288990000e-03    6.3867187500e-01
       207   -7.4898961729e+00    5.6274193095e+01   -1.6056501967e+01    8.5666057936e+00    2.6712560805e+00   -1.8727758047e+01    1.2800000000e+02    7.7967870002e-03    6.1914062500e-01
       208   -7.6121219415e+00    5.8215883776e+01   -1.4988073057e+01    7.3759511153e+00    2.8305402276e+00   -1.7818613284e+01    1.2800000000e+02    7.9519199999e-03    6.2451171875e-01
       209   -7.5859963466e+00    5.7927944488e+01   -1.4045266341e+01    6.4592699942e+00    2.9403588592e+00   -1.6985625200e+01    1.2800000000e+02    8.7896289997e-03    6.3427734375e-01
       210   -7.4233635572e+00    5.5217117750e+01   -1.2763050313e+01    5.3396867563e+00    2.5993049361e+00   -1.5362355250e+01    1.2800000000e+02    8.2515450003e-03    6.5332031250e-01
       211   -7.4432644025e+00    5.5607051233e+01   -1.5762921747e+01    8.3196573443e+00    2.5379107624e+00   -1.8300832509e+01    1.2800000000e+02    7.8325029999e-03    6.3232421875e-01
       212   -7.3549174847e+00    5.4270099387e+01   -1.3592192571e+01    6.2372750859e+00    2.4785799686e+00   -1.6070772539e+01    1.2800000000e+02    7.9618740001e-03    6.3964843750e-01
       213   -7.3474895447e+00    5.4154698097e+01   -1.2547009554e+01    5.1995200091e+00    2.7316369303e+00   -1.5278646484e+01    1.2800000000e+02    7.8575480002e-03    6.4208984375e-01
       214   -7.4937841686e+00    5.6335274047e+01   -1.6238898206e+01    8.7451140375e+00    3.0141731199e+00   -1.9253071326e+01    1.2800000000e+02    7.8988639998e-03    6.2353515625e-01
       215   -7.4496321693e+00    5.5649767813e+01   -1.3822105977e+01    6.3724738073e+00    2.2760658282e+00   -1.6098171805e+01    1.2800000000e+02    8.3153669993e-03    6.4648437500e-01
       216   -7.4235480914e+00    5.5237968128e+01   -1.2143894557e+01    4.7203464657e+00    2.7769639977e+00   -1.4920858555e+01    1.2800000000e+02    8.1882999993e-03    6.4746093750e-01
       217   -7.4822643411e+00    5.6199276386e+01   -1.4161557747e+01    6.6792934060e+00    2.6296724578e+00   -1.6791230205e+01    1.2800000000e+02    7.8027489999e-03    6.2744140625e-01
       218   -7.6622117324e+00    5.9165675850e+01   -1.4174770630e+01    6.5125588979e+00    2.4953021833e+00   -1.6670072814e+01    1.2800000000e+02    7.8569329999e-03    6.4306640625e-01
       219   -7.5602675492e+00    5.7354889204e+01   -1.5965196694e+01    8.4049291451e+00    2.8696776718e+00   -1.8834874366e+01    1.2800000000e+02    8.2765309999e-03    6.4111328125e-01
       220   -7.8003923332e+00    6.1281927927e+01   -1.8417431724e+01    1.0617039391e+01    2.9408473909e+00   -2.1358279115e+01    1.2800000000e+02    7.8743499998e-03    6.1962890625e-01
       221   -7.4285008185e+00    5.5527040160e+01   -1.9814477232e+01    1.2385976413e+01    2.6614148408e+00   -2.2475892073e+01    1.2800000000e+02    7.9554229997e-03    6.1328125000e-01
       222   -7.4264729306e+00    5.5289254500e+01   -1.1005715182e+01    3.5792422511e+00    2.7043563227e+00   -1.3710071504e+01    1.2800000000e+02    7.9325759998e-03    6.4550781250e-01
       223   -7.3771585552e+00    5.4664112573e+01   -1.4585992701e+01    7.2088341461e+00    2.9187738034e+00   -1.7504766505e+01    1.2800000000e+02    8.4702150007e-03    6.2255859375e-01
       224   -7.4133606826e+00    5.5143789745e+01   -1.1697297188e+01    4.2839365052e+00    2.5103799330e+00   -1.4207677121e+01    1.2800000000e+02    7.8934009998e-03    6.6064453125e-01
       225   -7.4212191754e+00    5.5163173174e+01   -1.1140826618e+01    3.7196074425e+00    2.5976464894e+00   -1.3738473107e+01    1.2800000000e+02    8.0416549999e-03    6.4501953125e-01
       226   -7.3090068112e+00    5.3540144341e+01   -1.2354077240e+01    5.0450704292e+00    2.2550957158e+00   -1.4609172956e+01    1.2800000000e+02    7.7958250004e-03    6.3134765625e-01
       227   -7.6190333526e+00    5.8396743421e+01   -1.5388133802e+01    7.7691004492e+00    2.8284758182e+00   -1.8216609620e+01    1.2800000000e+02    8.1275729999e-03    6.3720703125e-01
       228   -7.3700451328e+00    5.4550545628e+01   -1.2677896099e+01    5.3078509666e+00    2.7828849460e+00   -1.5460781045e+01    1.2800000000e+02    8.3527920006e-03    6.3525390625e-01
       229   -7.4063599283e+00    5.5006008298e+01   -1.2258022355e+01    4.8516624272e+00    2.7174656823e+00   -1.4975488038e+01    1.2800000000e+02    8.1582250004e-03    6.3623046875e-01
       230   -7.3352414269e+00    5.4075428300e+01   -1.2771101765e+01    5.4358603384e+00    2.9098838425e+00   -1.5680985608e+01    1.2800000000e+02    7.9548889998e-03    6.3476562500e-01
       231   -7.7093205053e+00    5.9964102730e+01   -1.5275034306e+01    7.5657138007e+00    2.4698418825e+00   -1.7744876188e+01    1.2800000000e+02    8.1348829999e-03    6.3964843750e-01
       232   -7.3838150775e+00    5.4642460915e+01   -1.1911639325e+01    4.5278242471e+00    2.4512154533e+00   -1.4362854778e+01    1.2800000000e+02    8.0262920001e-03    6.4453125000e-01
       233   -7.5909196041e+00    5.7932749017e+01   -1.6789192309e+01    9.1982727053e+00    2.5809157509e+00   -1.9370108060e+01    1.2800000000e+02    8.0752260001e-03    6.2158203125e-01
       234   -7.4638341912e+00    5.5870089714e+01   -1.2701965739e+01    5.2381315479e+00    2.4326970160e+00   -1.5134662755e+01    1.2800000000e+02    8.4022149995e-03    6.5429687500e-01
       235   -7.5944474578e+00    5.7915188146e+01   -1.4347925504e+01    6.7534780464e+00    3.0967490335e+00   -1.7444674538e+01    1.2800000000e+02    7.9196340002e-03    6.2060546875e-01
       236   -7.3507559748e+00    5.4240053260e+01   -1.2121480482e+01    4.7707245075e+00    2.5197726905e+00   -1.4641253173e+01    1.2800000000e+02    8.9303590003e-03    6.3085937500e-01
       237   -7.5527183199e+00    5.7405475186e+01   -2.6126986719e+01    1.8574268399e+01    2.8909936332e+00   -2.9017980352e+01    1.2800000000e+02    8.0342830006e-03    6.2353515625e-01
       238   -7.4183518284e+00    5.5172370227e+01   -1.3136262620e+01    5.7179107920e+00    2.5607561593e+00   -1.5697018780e+01    1.2800000000e+02    7.7963819995e-03    6.4648437500e-01
       239   -7.4784699082e+00    5.6231155174e+01   -1.4612164962e+01    7.1336950536e+00    2.3699393802e+00   -1.6982104342e+01    1.2800000000e+02    8.1204529997e-03    6.4013671875e-01
       240   -7.3705443014e+00    5.4539302091e+01   -1.3057724633e+01    5.6871803320e+00    2.7148722791e+00   -1.5772596912e+01    1.2800000000e+02    8.6838160005e-03    6.5917968750e-01
       241   -7.3665228551e+00    5.4405682156e+01   -1.1047609893e+01    3.6810870380e+00    2.3350859132e+00   -1.3382695806e+01    1.2800000000e+02    8.3062450003e-03    6.8359375000e-01
       242   -7.5217378763e+00    5.6821990552e+01   -1.5112302347e+01    7.5905644707e+00    2.7031613458e+00   -1.7815463693e+01    1.2800000000e+02    7.8709020008e-03    6.3085937500e-01
       243   -7.3995574023e+00    5.4867341064e+01   -1.0583117576e+01    3.1835601740e+00    2.4493122136e+00   -1.3032429790e+01    1.2800000000e+02    8.1154929994e-03    6.6455078125e-01
       244   -7.4295451033e+00    5.5356318085e+01   -1.2860207073e+01    5.4306619697e+00    2.6218988080e+00   -1.5482105881e+01    1.2800000000e+02    8.4361420004e-03    6.4794921875e-01
       245   -7.5917377150e+00    5.8012527115e+01   -1.4726829617e+01    7.1350919017e+00    2.6743690862e+00   -1.7401198703e+01    1.2800000000e+02    8.0230569993e-03    6.3525390625e-01
       246   -7.4910894105e+00    5.6293323372e+01   -1.7012307107e+01    9.5212176960e+00    2.6208124013e+00   -1.9633119508e+01    1.2800000000e+02    7.8521919995e-03    6.5429687500e-01
       247   -7.3980706769e+00    5.4951514470e+01   -1.4663787394e+01    7.2657167168e+00    2.7395627775e+00   -1.7403350171e+01    1.2800000000e+02    8.3226360002e-03    6.4746093750e-01
       248   -7.3067580799e+00    5.3482218107e+01   -1.2875193149e+01    5.5684350695e+00    2.6711440594e+00   -1.5546337209e+01    1.2800000000e+02    8.0418930002e-03    6.5087890625e-01
       249   -7.3438016736e+00    5.4073484684e+01   -1.2713900707e+01    5.3700990338e+00    2.5390451590e+00   -1.5252945866e+01    1.2800000000e+02    7.8967729996e-03    6.2841796875e-01
       250   -7.6399935087e+00    5.8706780052e+01   -1.5841880160e+01    8.2018866516e+00    2.6948687663e+00   -1.8536748927e+01    1.2800000000e+02    7.9009869996e-03    6.4599609375e-01
       251   -7.5135672434e+00    5.6665786822e+01   -1.7439775034e+01    9.9262077909e+00    3.1015129818e+00   -2.0541288016e+01    1.2800000000e+02    7.7196380007e-03    6.1572265625e-01
       252   -7.5029405700e+00    5.6428884324e+01   -1.4484549371e+01    6.9816088010e+00    2.6291478948e+00   -1.7113697266e+01    1.2800000000e+02    8.2993959995e-03    6.3085937500e-01
       253   -7.3371365069e+00    5.3966386579e+01   -1.2438482910e+01    5.1013464035e+00    2.6101265598e+00   -1.5048609470e+01    1.2800000000e+02    7.9613199996e-03    6.3525390625e-01
       254   -7.4028513866e+00    5.4929352937e+01   -1.3960690118e+01    6.5578387312e+00    2.8441051583e+00   -1.6804795276e+01    1.2800000000e+02    7.9295129999e-03    6.5283203125e-01
       255   -7.4019390517e+00    5.4938177927e+01   -1.5421779597e+01    8.0198405458e+00    2.5420830575e+00   -1.7963862655e+01    1.2800000000e+02    8.0368049994e-03    6.4990234375e-01
       256   -7.3972929598e+00    5.4856163140e+01   -1.4949594560e+01    7.5523015999e+00    2.5161516219e+00   -1.7465746182e+01    1.2800000000e+02    8.3203129998e-03    6.4746093750e-01
       257   -7.4714594191e+00    5.6102288614e+01   -1.4696975602e+01    7.2255161832e+00    2.9595329498e+00   -1.7656508552e+01    1.2800000000e+02    8.0275760001e-03    6.3037109375e-01
       258   -7.5141171073e+00    5.6619493237e+01   -1.3354259917e+01    5.8401428100e+00    2.5430295696e+00   -1.5897289487e+01    1.2800000000e+02    7.8090190000e-03    6.3525390625e-01
       259   -7.4138036369e+00    5.5135647223e+01   -1.2242327587e+01    4.8285239506e+00    2.6525778721e+00   -1.4894905460e+01    1.2800000000e+02    8.4934130000e-03    6.4648437500e-01
       260   -7.6073888183e+00    5.8072723995e+01   -1.6208336088e+01    8.6009472698e+00    3.1674125476e+00   -1.9375748636e+01    1.2800000000e+02    7.8531480003e-03    6.2841796875e-01
       261   -7.5053079085e+00    5.6497350697e+01   -1.3874809113e+01    6.3695012044e+00    2.7005740662e+00   -1.6575383179e+01    1.2800000000e+02    7.9567659996e-03    6.4160156250e-01
       262   -7.5693528900e+00    5.7578922577e+01   -1.5662057284e+01    8.0927043945e+00    2.7069366286e+00   -1.8368993913e+01    1.2800000000e+02    7.7818430000e-03    6.1865234375e-01
       263   -7.4329904953e+00    5.5440920829e+01   -1.2612766199e+01    5.1797757034e+00    2.6629075263e+00   -1.5275673725e+01    1.2800000000e+02    7.8796260004e-03    6.4062500000e-01
       264   -7.4191136817e+00    5.5179288504e+01   -1.2558326702e+01    5.1392130206e+00    2.2004641340e+00   -1.4758790836e+01    1.2800000000e+02    8.4749810003e-03    6.6162109375e-01
       265   -7.5102336428e+00    5.6624384933e+01   -1.1736579260e+01    4.2263456176e+00    2.5410720838e+00   -1.4277651344e+01    1.2800000000e+02    8.2610859999e-03    6.6455078125e-01
       266   -7.3833983688e+00    5.4683351845e+01   -1.2929122865e+01    5.5457244961e+00    2.6776997672e+00   -1.5606822632e+01    1.2800000000e+02    7.9656620001e-03    6.3720703125e-01
       267   -7.5603006649e+00    5.7448890017e+01   -1.4355940516e+01    6.7956398514e+00    3.1233213647e+00   -1.7479261881e+01    1.2800000000e+02    7.8691000008e-03    6.1474609375e-01
       268   -7.4592042547e+00    5.5853145599e+01   -1.7961803374e+01    1.0502599120e+01    2.7645518423e+00   -2.0726355217e+01    1.2800000000e+02    8.0292050006e-03    6.4208984375e-01
       269   -7.4213557242e+00    5.5248790842e+01   -1.3975340262e+01    6.5539845377e+00    2.6587533999e+00   -1.6634093662e+01    1.2800000000e+02    7.9474109998e-03    6.4160156250e-01
       270   -7.4366723866e+00    5.5443798018e+01   -1.4918443537e+01    7.4817711500e+00    2.7715038018e+00   -1.7689947338e+01    1.2800000000e+02    8.0246470006e-03    6.3574218750e-01
       271   -7.4733580566e+00    5.6048450950e+01   -1.2402927059e+01    4.9295690028e+00    2.8290101696e+00   -1.5231937229e+01    1.2800000000e+02    8.4477219998e-03    6.4404296875e-01
       272   -7.4770022519e+00    5.6154664019e+01   -1.6165822943e+01    8.6888206910e+00    2.5757894726e+00   -1.8741612416e+01    1.2800000000e+02    8.4369810002e-03    6.2939453125e-01
       273   -7.4816975609e+00    5.6156434565e+01   -1.3126872485e+01    5.6451749242e+00    2.5378786144e+00   -1.5664751100e+01    1.2800000000e+02    7.9092609994e-03    6.4355468750e-01
       274   -7.5479423974e+00    5.7150289140e+01   -1.2088265949e+01    4.5403235519e+00    2.6715958045e+00   -1.4759861754e+01    1.2800000000e+02    8.6922760001e-03    6.4404296875e-01
       275   -7.4575991984e+00    5.5831775851e+01   -1.6233719382e+01    8.7761201834e+00    2.6560028322e+00   -1.8889722214e+01    1.2800000000e+02    8.4581490000e-03    6.3720703125e-01
       276   -7.4929285824e+00    5.6406869951e+01   -1.5288661499e+01    7.7957329166e+00    2.7556661267e+00   -1.8044327626e+01    1.2800000000e+02    8.0266400000e-03    6.3183593750e-01
       277   -7.4713866969e+00    5.6023304266e+01   -1.2031926556e+01    4.5605398591e+00    2.6387043399e+00   -1.4670630896e+01    1.2800000000e+02    8.2340599993e-03    6.4892578125e-01
       278   -7.5771469293e+00    5.7692866862e+01   -1.6048998006e+01    8.4718510771e+00    3.0026928763e+00   -1.9051690883e+01    1.2800000000e+02    8.3369909999e-03    6.3330078125e-01
       279   -7.5787136148e+00    5.7658523615e+01   -1.7209826837e+01    9.6311132221e+00    2.8842908277e+00   -2.0094117665e+01    1.2800000000e+02    7.9127010004e-03    6.3232421875e-01
       280   -7.6912382563e+00    5.9455763376e+01   -1.7938416701e+01    1.0247178445e+01    2.8440947671e+00   -2.0782511468e+01    1.2800000000e+02    8.0450440000e-03    6.1230468750e-01
       281   -7.5054898001e+00    5.6499535357e+01   -1.1485220866e+01    3.9797310657e+00    2.4287592084e+00   -1.3913980074e+01    1.2800000000e+02    8.1738400004e-03    6.5673828125e-01
       282   -7.3775614242e+00    5.4542582861e+01   -1.4350982918e+01    6.9734214943e+00    2.4027071443e+00   -1.6753690063e+01    1.2800000000e+02    7.9927130000e-03    6.3378906250e-01
       283   -7.4840503478e+00    5.6200095249e+01   -1.5008912840e+01    7.5248624922e+00    2.8556366170e+00   -1.7864549457e+01    1.2800000000e+02    8.2560009996e-03    6.3867187500e-01
       284   -7.5358880526e+00    5.7027175679e+01   -1.2813279593e+01    5.2773915399e+00    2.5810831371e+00   -1.5394362730e+01    1.2800000000e+02    8.8400850000e-03    6.5136718750e-01
       285   -7.4687869239e+00    5.6008992939e+01   -1.3987010629e+01    6.5182237049e+00    2.5734965991e+00   -1.6560507228e+01    1.2800000000e+02    8.1671690004e-03    6.4892578125e-01
       286   -7.4609974581e+00    5.5924937274e+01   -1.3260611308e+01    5.7996138501e+00    2.7998890724e+00   -1.6060500381e+01    1.2800000000e+02    8.0278040004e-03    6.5136718750e-01
       287   -7.4817470601e+00    5.6183353864e+01   -2.0830732777e+01    1.3348985717e+01    2.6699952880e+00   -2.3500728065e+01    1.2800000000e+02    7.7697159995e-03    6.2597656250e-01
       288   -7.4455934617e+00    5.5637919741e+01   -1.7166478341e+01    9.7208848796e+00    2.7490194650e+00   -1.9915497806e+01    1.2800000000e+02    8.0688469998e-03    6.4599609375e-01
       289   -7.3481579124e+00    5.4203615365e+01   -1.4150845807e+01    6.8026878944e+00    2.6994039110e+00   -1.6850249718e+01    1.2800000000e+02    8.1222910003e-03    6.1669921875e-01
       290   -7.3413360162e+00    5.4079614236e+01   -1.1726852271e+01    4.3855162544e+00    2.5004616600e+00   -1.4227313931e+01    1.2800000000e+02    8.4539660002e-03    6.6259765625e-01
       291   -7.4359071858e+00    5.5485859958e+01   -1.6005166540e+01    8.5692593540e+00    2.7204112848e+00   -1.8725577825e+01    1.2800000000e+02    8.0387130001e-03    6.4013671875e-01
       292   -7.4676247633e+00    5.5955929105e+01   -1.3516839001e+01    6.0492142375e+00    2.7592379005e+00   -1.6276076901e+01    1.2800000000e+02    7.9432140001e-03    6.3769531250e-01
       293   -7.5174353270e+00    5.6745482593e+01   -1.6738429023e+01    9.2209936961e+00    2.8155694520e+00   -1.9553998475e+01    1.2800000000e+02    9.3557959999e-03    6.2060546875e-01
       294   -7.4214872144e+00    5.5221917995e+01   -1.6663256591e+01    9.2417693766e+00    2.5965639303e+00   -1.9259820521e+01    1.2800000000e+02    7.9899410002e-03    6.3134765625e-01
       295   -7.4790572281e+00    5.6131586623e+01   -1.1996564484e+01    4.5175072554e+00    2.7056731858e+00   -1.4702237669e+01    1.2800000000e+02    8.0479189992e-03    6.3623046875e-01
       296   -7.6010438468e+00    5.8261599531e+01   -1.2733915775e+01    5.1328719282e+00    3.5608919603e+00   -1.6294807735e+01    1.2800000000e+02    7.9430770002e-03    6.4648437500e-01
       297   -7.4489210815e+00    5.5664125089e+01   -1.5435137552e+01    7.9862164709e+00    2.8719970009e+00   -1.8307134553e+01    1.2800000000e+02    7.8526609996e-03    6.2841796875e-01
       298   -7.4075600480e+00    5.5050057565e+01   -1.6123050487e+01    8.7154904386e+00    2.6718086082e+00   -1.8794859095e+01    1.2800000000e+02    1.0344748000e-02    6.3964843750e-01
       299   -7.4792751229e+00    5.6085369747e+01   -1.3767241664e+01    6.2879665416e+00    2.7661108721e+00   -1.6533352537e+01    1.2800000000e+02    1.6345596000e-02    6.4257812500e-01
       300   -7.3294647332e+00    5.3888127758e+01   -1.3226190961e+01    5.8967262281e+00    2.6310230981e+00   -1.5857214059e+01    1.2800000000e+02    1.2678174000e-02    6.3623046875e-01
       301   -7.4443635427e+00    5.5632151527e+01   -1.3799561596e+01    6.3551980529e+00    2.1720996371e+00   -1.5971661233e+01    1.2800000000e+02    7.9914489997e-03    6.5917968750e-01
       302   -7.5049464816e+00    5.6573425678e+01   -1.6853116775e+01    9.3481702935e+00    2.8127186055e+00   -1.9665835381e+01    1.2800000000e+02    7.9401989997e-03    6.2792968750e-01
       303   -7.4053401001e+00    5.5014505552e+01   -1.2415066674e+01    5.0097265739e+00    2.3881740673e+00   -1.4803240741e+01    1.2800000000e+02    9.9289109994e-03    6.5039062500e-01
       304   -7.4119682782e+00    5.5173578613e+01   -1.2720069835e+01    5.3081015571e+00    2.5352511158e+00   -1.5255320951e+01    1.2800000000e+02    9.9771969999e-03    6.4404296875e-01
       305   -7.4121699629e+00    5.5059402992e+01   -1.2892245931e+01    5.4800759678e+00    2.4016555149e+00   -1.5293901446e+01    1.2800000000e+02    8.0295320004e-03    6.4843750000e-01
       306   -7.6031628519e+00    5.8124517294e+01   -1.5013214834e+01    7.4100519820e+00    2.9830880575e+00   -1.7996302891e+01    1.2800000000e+02    8.8857580004e-03    6.3769531250e-01
       307   -7.5326571766e+00    5.6960147383e+01   -1.4065450600e+01    6.5327934238e+00    2.1575869801e+00   -1.6223037581e+01    1.2800000000e+02    7.9935269996e-03    6.6503906250e-01
       308   -7.5234732143e+00    5.6900923396e+01   -1.3764569131e+01    6.2410959172e+00    2.6291177110e+00   -1.6393686842e+01    1.2800000000e+02    7.9495310001e-03    6.2988281250e-01
       309   -7.3363970269e+00    5.4025765121e+01   -1.3543552165e+01    6.2071551378e+00    2.3996268339e+00   -1.5943178999e+01    1.2800000000e+02    8.1614470000e-03    6.2744140625e-01
       310   -7.6118314481e+00    5.8157849425e+01   -1.5385150308e+01    7.7733188597e+00    2.6551194370e+00   -1.8040269745e+01    1.2800000000e+02    7.9198570002e-03    6.4599609375e-01
       311   -7.3275662264e+00    5.3838579205e+01   -1.3258411464e+01    5.9308452377e+00    2.8825704335e+00   -1.6140981898e+01    1.2800000000e+02    8.1591520002e-03    6.3476562500e-01
       312   -7.4386976669e+00    5.5518853320e+01   -1.4827788282e+01    7.3890906148e+00    2.5786520331e+00   -1.7406440315e+01    1.2800000000e+02    8.3042890001e-03    6.3769531250e-01
       313   -7.3125422293e+00    5.3622949409e+01   -1.1032791943e+01    3.7202497135e+00    2.5758788573e+00   -1.3608670800e+01    1.2800000000e+02    8.0704200000e-03    6.5966796875e-01
       314   -7.4107473568e+00    5.5103541831e+01   -1.2262184996e+01    4.8514376394e+00    2.6594080516e+00   -1.4921593048e+01    1.2800000000e+02    8.3061539999e-03    6.4501953125e-01
       315   -7.4740339419e+00    5.6008959928e+01   -2.6318778986e+01    1.8844745044e+01    2.4442759117e+00   -2.8763054897e+01    1.2800000000e+02    8.1781139997e-03    6.5234375000e-01
       316   -7.5336439666e+00    5.7052854309e+01   -1.2467149316e+01    4.9335053494e+00    2.6787179827e+00   -1.5145867299e+01    1.2800000000e+02    7.9736079997e-03    6.4208984375e-01
       317   -7.3592123353e+00    5.4355361970e+01   -1.4361212390e+01    7.0020000546e+00    2.5338390297e+00   -1.6895051420e+01    1.2800000000e+02    7.8968300004e-03    6.4404296875e-01
       318   -7.3541776934e+00    5.4248278804e+01   -1.2668716128e+01    5.3145384350e+00    2.4014327153e+00   -1.5070148844e+01    1.2800000000e+02    7.9493419998e-03    6.5039062500e-01
       319   -7.4296913486e+00    5.5356336714e+01   -1.3281222222e+01    5.8515308736e+00    2.7477695947e+00   -1.6028991817e+01    1.2800000000e+02    8.4302389996e-03    6.4404296875e-01
       320   -7.5899839579e+00    5.7878637558e+01   -1.5235528856e+01    7.6455448978e+00    2.6687535527e+00   -1.7904282408e+01    1.2800000000e+02    8.0086440003e-03    6.4990234375e-01
       321   -7.3982537617e+00    5.4945516029e+01   -1.3773006540e+01    6.3747527778e+00    2.7754725093e+00   -1.6548479049e+01    1.2800000000e+02    8.0842289999e-03    6.4160156250e-01
       322   -7.4775261567e+00    5.6117978977e+01   -2.0522827668e+01    1.3045301511e+01    3.1613746671e+00   -2.3684202335e+01    1.2800000000e+02    7.9737550004e-03    6.2011718750e-01
       323   -7.6046500593e+00    5.8059513312e+01   -1.8955792146e+01    1.1351142087e+01    2.9907628842e+00   -2.1946555030e+01    1.2800000000e+02    8.1536999996e-03    6.3134765625e-01
       324   -7.5368990140e+00    5.7048804939e+01   -1.3367077305e+01    5.8301782909e+00    2.2742438074e+00   -1.5641321112e+01    1.2800000000e+02    8.7065110001e-03    6.6308593750e-01
       325   -7.5402354918e+00    5.7140562595e+01   -1.5177837874e+01    7.6376023825e+00    2.4143978197e+00   -1.7592235694e+01    1.2800000000e+02    8.0003779995e-03    6.4746093750e-01
       326   -7.4139407984e+00    5.5118277059e+01   -1.2666239200e+01    5.2522984019e+00    2.8515401908e+00   -1.5517779391e+01    1.2800000000e+02    7.9263270000e-03    6.3671875000e-01
       327   -7.5310922581e+00    5.6901758184e+01   -1.3960028312e+01    6.4289360542e+00    2.5209428621e+00   -1.6480971174e+01    1.2800000000e+02    8.5500739997e-03    6.3085937500e-01
       328   -7.4364073054e+00    5.5463975397e+01   -1.1980264854e+01    4.5438575487e+00    2.8036644027e+00   -1.4783929257e+01    1.2800000000e+02    8.1762559994e-03    6.4453125000e-01
       329   -7.4166845192e+00    5.5274322169e+01   -1.3705089053e+01    6.2884045336e+00    2.3870719111e+00   -1.6092160964e+01    1.2800000000e+02    7.9551730005e-03    6.5527343750e-01
       330   -7.3918963210e+00    5.4756391603e+01   -1.1941118841e+01    4.5492225201e+00    2.8597393978e+00   -1.4800858239e+01    1.2800000000e+02    8.1129720002e-03    6.3232421875e-01
       331   -7.3369526579e+00    5.3962149527e+01   -1.1421655944e+01    4.0847032865e+00    2.5207368187e+00   -1.3942392763e+01    1.2800000000e+02    8.4623859993e-03    6.4306640625e-01
       332   -7.4934728275e+00    5.6289758978e+01   -1.3921871097e+01    6.4283982691e+00    2.5821430092e+00   -1.6504014106e+01    1.2800000000e+02    8.0692950005e-03    6.4111328125e-01
       333   -7.5785101201e+00    5.7802721556e+01   -1.4622113738e+01    7.0436036177e+00    2.5617973470e+00   -1.7183911085e+01    1.2800000000e+02    7.8227209997e-03    6.4453125000e-01
       334   -7.3659661353e+00    5.4472780344e+01   -1.8585747115e+01    1.1219780980e+01    3.0522191574e+00   -2.1637966273e+01    1.2800000000e+02    7.7488170000e-03    6.1865234375e-01
       335   -7.3776692452e+00    5.4620201631e+01   -1.1432248642e+01    4.0545793969e+00    2.3928666453e+00   -1.3825115287e+01    1.2800000000e+02    8.0426679997e-03    6.6162109375e-01
       336   -7.3929260774e+00    5.4891137892e+01   -1.4564603444e+01    7.1716773664e+00    2.4581857949e+00   -1.7022789239e+01    1.2800000000e+02    8.1723359999e-03    6.6552734375e-01
       337   -7.4839297304e+00    5.6190139807e+01   -1.2667173074e+01    5.1832433433e+00    2.6052210725e+00   -1.5272394146e+01    1.2800000000e+02    8.4781539999e-03    6.4257812500e-01
       338   -7.4988201407e+00    5.6409755126e+01   -1.8565154255e+01    1.1066334114e+01    2.6922071283e+00   -2.1257361383e+01    1.2800000000e+02    8.1099510007e-03    6.2695312500e-01
       339   -7.5003264827e+00    5.6491028231e+01   -1.3220441701e+01    5.7201152187e+00    2.7198267440e+00   -1.5940268445e+01    1.2800000000e+02    8.0929050000e-03    6.3427734375e-01
       340   -7.5016286906e+00    5.6535473680e+01   -1.2746215765e+01    5.2445870743e+00    2.5901805737e+00   -1.5336396339e+01    1.2800000000e+02    8.0257660002e-03    6.3769531250e-01
       341   -7.3764740773e+00    5.4621365141e+01   -1.4859110507e+01    7.4826364294e+00    2.6715031166e+00   -1.7530613623e+01    1.2800000000e+02    9.0680879994e-03    6.4501953125e-01
       342   -7.7246797575e+00    6.0000738006e+01   -1.6064624213e+01    8.3399444552e+00    2.4378448114e+00   -1.8502469024e+01    1.2800000000e+02    7.9002530001e-03    6.6113281250e-01
       343   -7.5711559523e+00    5.7635714753e+01   -1.5953279630e+01    8.3821236781e+00    2.3647293230e+00   -1.8318008953e+01    1.2800000000e+02    8.1527229995e-03    6.2939453125e-01
       344   -7.4298096202e+00    5.5389918952e+01   -1.3040252527e+01    5.6104429070e+00    2.4871702451e+00   -1.5527422772e+01    1.2800000000e+02    8.1529399995e-03    6.3476562500e-01
       345   -7.5962817289e+00    5.8098763080e+01   -1.3623525206e+01    6.0272434771e+00    2.6071291567e+00   -1.6230654363e+01    1.2800000000e+02    8.5227559994e-03    6.6455078125e-01
       346   -7.3966142391e+00    5.4812164320e+01   -1.1238236906e+01    3.8416226670e+00    2.3684582575e+00   -1.3606695164e+01    1.2800000000e+02    8.1303319994e-03    6.7529296875e-01
       347   -7.3013652497e+00    5.3532018182e+01   -1.3989211607e+01    6.6878463572e+00    2.6562202183e+00   -1.6645431825e+01    1.2800000000e+02    8.1760980001e-03    6.4404296875e-01
       348   -7.3585802676e+00    5.4318158555e+01   -1.4482049873e+01    7.1234696056e+00    2.5209318422e+00   -1.7002981715e+01    1.2800000000e+02    7.8328119998e-03    6.4111328125e-01
       349   -7.4068949747e+00    5.5034404110e+01   -1.6516818197e+01    9.1099232220e+00    2.6207829651e+00   -1.9137601162e+01    1.2800000000e+02    8.4917820004e-03    6.2597656250e-01
       350   -7.6071178357e+00    5.8207155302e+01   -1.9069153670e+01    1.1462035834e+01    2.5731601075e+00   -2.1642313777e+01    1.2800000000e+02    7.8477269999e-03    6.3476562500e-01
       351   -7.4714222595e+00    5.6044378365e+01   -1.1909201831e+01    4.4377795715e+00    2.5051405729e+00   -1.4414342404e+01    1.2800000000e+02    8.0895589999e-03    6.4257812500e-01
       352   -7.4885971822e+00    5.6254677587e+01   -2.4366805335e+01    1.6878208153e+01    2.8294391052e+00   -2.7196244440e+01    1.2800000000e+02    7.9516149999e-03    6.3330078125e-01
       353   -7.5405982321e+00    5.7155390721e+01   -1.2535781468e+01    4.9951832363e+00    2.3995289443e+00   -1.4935310413e+01    1.2800000000e+02    9.4233070004e-03    6.5966796875e-01
       354   -7.4593733079e+00    5.5817840319e+01   -1.3225838585e+01    5.7664652774e+00    2.3997668509e+00   -1.5625605436e+01    1.2800000000e+02    8.0522710005e-03    6.4892578125e-01
       355   -7.6097513153e+00    5.8141056221e+01   -2.6994185413e+01    1.9384434098e+01    3.1400385521e+00   -3.0134223965e+01    1.2800000000e+02    8.0265009992e-03    6.3476562500e-01
       356   -7.4997824789e+00    5.6545186058e+01   -1.6636944608e+01    9.1371621288e+00    2.4914089631e+00   -1.9128353571e+01    1.2800000000e+02    8.7199600002e-03    6.3964843750e-01
       357   -7.4530357457e+00    5.5732159288e+01   -1.3552171686e+01    6.0991359405e+00    2.5452295666e+00   -1.6097401253e+01    1.2800000000e+02    8.8688930000e-03    6.5332031250e-01
       358   -7.5360228256e+00    5.7158681651e+01   -1.4250495084e+01    6.7144722584e+00    2.8715865537e+00   -1.7122081638e+01    1.2800000000e+02    8.0453329992e-03    6.2451171875e-01
       359   -7.4742508895e+00    5.5980112347e+01   -1.3744446898e+01    6.2701960085e+00    2.8569755900e+00   -1.6601422488e+01    1.2800000000e+02    8.0558110003e-03    6.3232421875e-01
       360   -7.6489758794e+00    5.9006594939e+01   -1.4055577587e+01    6.4066017073e+00    3.0238782002e+00   -1.7079455787e+01    1.2800000000e+02    7.8625360002e-03    6.4355468750e-01
       361   -7.6196872523e+00    5.8362799040e+01   -1.7831342374e+01    1.0211655121e+01    2.4987900903e+00   -2.0330132464e+01    1.2800000000e+02    8.2310809994e-03    6.4257812500e-01
       362   -7.4234552964e+00    5.5257717206e+01   -1.2007416817e+01    4.5839615210e+00    2.5111829173e+00   -1.4518599735e+01    1.2800000000e+02    9.4664640001e-03    6.4599609375e-01
       363   -7.4947167038e+00    5.6503792131e+01   -1.6970423394e+01    9.4757066901e+00    2.7105465471e+00   -1.9680969941e+01    1.2800000000e+02    8.0364699998e-03    6.3916015625e-01
       364   -7.3230974476e+00    5.3758847431e+01   -1.3271885222e+01    5.9487877741e+00    2.4672613209e+00   -1.5739146543e+01    1.2800000000e+02    9.7840709996e-03    6.4306640625e-01
       365   -7.5437081030e+00    5.7169906929e+01   -1.7628891640e+01    1.0085183537e+01    2.7759013091e+00   -2.0404792949e+01    1.2800000000e+02    1.6386245000e-02    6.3623046875e-01
       366   -7.4825700368e+00    5.6159316703e+01   -1.2020981480e+01    4.5384114436e+00    2.6150549219e+00   -1.4636036402e+01    1.2800000000e+02    1.7180211000e-02    6.4501953125e-01
       367   -7.4340887551e+00    5.5395970673e+01   -1.6288344971e+01    8.8542562161e+00    3.0884261076e+00   -1.9376771079e+01    1.2800000000e+02    1.6347921000e-02    6.0742187500e-01
       368   -7.3410187082e+00    5.4064797075e+01   -1.1879736018e+01    4.5387173100e+00    2.5313301028e+00   -1.4411066121e+01    1.2800000000e+02    1.6874950999e-02    6.6699218750e-01
       369   -7.5046156447e+00    5.6570526515e+01   -1.4185659263e+01    6.6810436180e+00    3.2235650882e+00   -1.7409224351e+01    1.2800000000e+02    1.6530150000e-02    6.3281250000e-01
       370   -7.7339081583e+00    6.0213246182e+01   -2.7833487550e+01    2.0099579392e+01    3.0684699821e+00   -3.0901957532e+01    1.2800000000e+02    1.6338757000e-02    6.0351562500e-01
       371   -7.4997207910e+00    5.6429407985e+01   -2.0079801050e+01    1.2580080259e+01    2.8631889982e+00   -2.2942990048e+01    1.2800000000e+02    9.0625179992e-03    6.3183593750e-01
       372   -7.4527086942e+00    5.5697218326e+01   -1.4538612260e+01    7.0859035656e+00    2.5132100517e+00   -1.7051822312e+01    1.2800000000e+02    8.1931519999e-03    6.4355468750e-01
       373   -7.4170975181e+00    5.5257866036e+01   -1.5041399727e+01    7.6243022089e+00    2.7475816928e+00   -1.7788981420e+01    1.2800000000e+02    8.4041259997e-03    6.2060546875e-01
       374   -7.3700857189e+00    5.4464114679e+01   -1.2392813199e+01    5.0227274804e+00    2.4146070120e+00   -1.4807420211e+01    1.2800000000e+02    1.2113029000e-02    6.5869140625e-01
       375   -7.4548238592e+00    5.5812100361e+01   -1.3891307271e+01    6.4364834115e+00    2.7673665913e+00   -1.6658673862e+01    1.2800000000e+02    9.2527389997e-03    6.2646484375e-01
       376   -7.4209377665e+00    5.5203868857e+01   -1.2612569033e+01    5.1916312665e+00    2.4106361428e+00   -1.5023205176e+01    1.2800000000e+02    1.1826946999e-02    6.5087890625e-01
       377   -7.8226560309e+00    6.1504843662e+01   -2.4431718023e+01    1.6609061992e+01    3.1911338184e+00   -2.7622851841e+01    1.2800000000e+02    1.1431099000e-02    5.9912109375e-01
       378   -7.5553681100e+00    5.7368307839e+01   -1.6757773053e+01    9.2024049434e+00    2.6412308708e+00   -1.9399003924e+01    1.2800000000e+02    9.0687089996e-03    6.2353515625e-01
       379   -7.3433938990e+00    5.4117087111e+01   -1.2290762166e+01    4.9473682672e+00    2.5618560811e+00   -1.4852618247e+01    1.2800000000e+02    1.1962006000e-02    6.3623046875e-01
       380   -7.4480579178e+00    5.5727191033e+01   -1.3555063497e+01    6.1070055790e+00    2.6615475734e+00   -1.6216611070e+01    1.2800000000e+02    9.1768220000e-03    6.2939453125e-01
       381   -7.3732490889e+00    5.4585223624e+01   -1.4188685889e+01    6.8154367999e+00    2.5347112633e+00   -1.6723397152e+01    1.2800000000e+02    8.3517459998e-03    6.2597656250e-01
       382   -7.3867237750e+00    5.4675347886e+01   -1.3089791527e+01    5.7030677522e+00    3.0779306885e+00   -1.6167722216e+01    1.2800000000e+02    9.0157959994e-03    6.2011718750e-01
       383   -7.3896926328e+00    5.4746906555e+01   -1.3558137499e+01    6.1684448666e+00    2.4239229238e+00   -1.5982060423e+01    1.2800000000e+02    9.6423390005e-03    6.4843750000e-01
       384   -7.4672346465e+00    5.5957495772e+01   -1.3117113118e+01    5.6498784714e+00    2.6599725270e+00   -1.5777085645e+01    1.2800000000e+02    9.3429560002e-03    6.4501953125e-01
       385   -7.3871439444e+00    5.4706667120e+01   -1.1425406537e+01    4.0382625923e+00    2.8641026211e+00   -1.4289509158e+01    1.2800000000e+02    8.6332900000e-03    6.4941406250e-01
       386   -7.4474712525e+00    5.5745194281e+01   -1.7950845202e+01    1.0503373950e+01    2.5170975826e+00   -2.0467942785e+01    1.2800000000e+02    8.9812280003e-03    6.2109375000e-01
       387   -7.5286041157e+00    5.6917036976e+01   -1.2654319218e+01    5.1257151019e+00    2.6241875478e+00   -1.5278506765e+01    1.2800000000e+02    8.0242199992e-03    6.5576171875e-01
       388   -7.4677198445e+00    5.5950744532e+01   -1.8784458259e+01    1.1316738415e+01    2.4289243270e+00   -2.1213382586e+01    1.2800000000e+02    8.3716540003e-03    6.5429687500e-01
       389   -7.5569924276e+00    5.7351189667e+01   -1.8323284140e+01    1.0766291712e+01    2.5507551648e+00   -2.0874039304e+01    1.2800000000e+02    8.7881289992e-03    6.4160156250e-01
       390   -7.3701144091e+00    5.4461793461e+01   -1.3301693433e+01    5.9315790239e+00    2.7765790240e+00   -1.6078272457e+01    1.2800000000e+02    8.6423690000e-03    6.3330078125e-01
       391   -7.3387983378e+00    5.4028121195e+01   -1.1767826243e+01    4.4290279048e+00    2.5385642556e+00   -1.4306390498e+01    1.2800000000e+02    7.8671120000e-03    6.4208984375e-01
       392   -7.5027491035e+00    5.6500421731e+01   -1.4620361996e+01    7.1176128929e+00    2.8000077926e+00   -1.7420369789e+01    1.2800000000e+02    8.4126470001e-03    6.4160156250e-01
       393   -7.4621632216e+00    5.5994841337e+01   -1.3158284349e+01    5.6961211273e+00    2.5891417623e+00   -1.5747426111e+01    1.2800000000e+02    8.0162529994e-03    6.3916015625e-01
       394   -7.4013918293e+00    5.5050282828e+01   -1.2777196023e+01    5.3758041938e+00    2.2666177527e+00   -1.5043813776e+01    1.2800000000e+02    8.9228589995e-03    6.6259765625e-01
       395   -7.5828603979e+00    5.7929534562e+01   -1.4560637485e+01    6.9777770869e+00    2.7666160446e+00   -1.7327253529e+01    1.2800000000e+02    7.8343259993e-03    6.3085937500e-01
       396   -7.5274908366e+00    5.6909551179e+01   -1.3009776063e+01    5.4822852263e+00    2.3748709401e+00   -1.5384647003e+01    1.2800000000e+02    8.3855560006e-03    6.3183593750e-01
       397   -7.5099026899e+00    5.6628872498e+01   -1.5448530372e+01    7.9386276826e+00    2.7515171009e+00   -1.8200047473e+01    1.2800000000e+02    8.4728250004e-03    6.3623046875e-01
       398   -7.4530582767e+00    5.5797900562e+01   -1.4904743946e+01    7.4516856690e+00    2.3069644823e+00   -1.7211708428e+01    1.2800000000e+02    8.0333160004e-03    6.3085937500e-01
       399   -7.4678051912e+00    5.5922837823e+01   -1.2336571985e+01    4.8687667938e+00    2.6597845446e+00   -1.4996356530e+01    1.2800000000e+02    7.9281130002e-03    6.4746093750e-01
       400   -7.4304615165e+00    5.5388768210e+01   -1.4829054845e+01    7.3985933288e+00    2.6389757654e+00   -1.7468030611e+01    1.2800000000e+02    8.0028110006e-03    6.3330078125e-01
       401   -7.5607160012e+00    5.7412581455e+01   -1.4297651285e+01    6.7369352838e+00    2.5201575385e+00   -1.6817808824e+01    1.2800000000e+02    9.8644090003e-03    6.3818359375e-01
       402   -7.5292286744e+00    5.6896909199e+01   -1.3723250673e+01    6.1940219987e+00    2.4775866171e+00   -1.6200837290e+01    1.2800000000e+02    8.1856679999e-03    6.4257812500e-01
       403   -7.5200811722e+00    5.6749663475e+01   -1.3315456956e+01    5.7953757839e+00    2.6219695706e+00   -1.5937426527e+01    1.2800000000e+02    8.6050520003e-03    6.3378906250e-01
       404   -7.5372413329e+00    5.7028744547e+01   -1.3264909890e+01    5.7276685576e+00    2.3603078339e+00   -1.5625217724e+01    1.2800000000e+02    8.0893970007e-03    6.5429687500e-01
       405   -7.4255888285e+00    5.5314575603e+01   -1.3094754248e+01    5.6691654200e+00    2.6517245440e+00   -1.5746478792e+01    1.2800000000e+02    9.5721079997e-03    6.3867187500e-01
       406   -7.3713798057e+00    5.4500394589e+01   -1.2817359583e+01    5.4459797770e+00    2.6229662535e+00   -1.5440325836e+01    1.2800000000e+02    1.6977795000e-02    6.4941406250e-01
       407   -7.4519704720e+00    5.5758334973e+01   -1.4308293653e+01    6.8563231813e+00    2.5663416263e+00   -1.6874635280e+01    1.2800000000e+02    1.2453154000e-02    6.4306640625e-01
       408   -7.6758662364e+00    5.9293872023e+01   -1.7728369969e+01    1.0052503733e+01    2.6714746868e+00   -2.0399844656e+01    1.2800000000e+02    1.4313739000e-02    6.3916015625e-01
       409   -7.4152755065e+00    5.5180421168e+01   -1.2465884305e+01    5.0506087987e+00    2.5530073326e+00   -1.5018891638e+01    1.2800000000e+02    9.5602920001e-03    6.5917968750e-01
       410   -7.3633425983e+00    5.4357636288e+01   -1.2771376102e+01    5.4080335041e+00    2.4146630962e+00   -1.5186039199e+01    1.2800000000e+02    8.6236320003e-03    6.4404296875e-01
       411   -7.3673886218e+00    5.4432983324e+01   -1.2116952992e+01    4.7495643701e+00    2.7091377976e+00   -1.4826090789e+01    1.2800000000e+02    8.0948630002e-03    6.4501953125e-01
       412   -7.4556895444e+00    5.5785375656e+01   -1.2710511569e+01    5.2548220248e+00    2.5701797776e+00   -1.5280691347e+01    1.2800000000e+02    7.9813730008e-03    6.4111328125e-01
       413   -7.4802299885e+00    5.6152691656e+01   -1.3469131640e+01    5.9889016514e+00    2.7604366887e+00   -1.6229568329e+01    1.2800000000e+02    9.2894370000e-03    6.2939453125e-01
       414   -7.5899792382e+00    5.7832486247e+01   -1.5753196387e+01    8.1632171485e+00    2.7262468012e+00   -1.8479443188e+01    1.2800000000e+02    7.9000599999e-03    6.4404296875e-01
       415   -7.5729500538e+00    5.7600150369e+01   -1.4277327326e+01    6.7043772727e+00    2.4807052265e+00   -1.6758032553e+01    1.2800000000e+02    7.8564819996e-03    6.4697265625e-01
       416   -7.6658009652e+00    5.9110932113e+01   -1.5855166212e+01    8.1893652471e+00    2.7774508445e+00   -1.8632617057e+01    1.2800000000e+02    8.1155409998e-03    6.3134765625e-01
       417   -7.5946314442e+00    5.7986580438e+01   -1.4660024598e+01    7.0653931536e+00    2.6684625734e+00   -1.7328487171e+01    1.2800000000e+02    7.9137310004e-03    6.1865234375e-01
       418   -7.4282865807e+00    5.5323927327e+01   -1.1931355180e+01    4.5030685993e+00    2.6026233858e+00   -1.4533978566e+01    1.2800000000e+02    7.8719799994e-03    6.5087890625e-01
       419   -7.5955446854e+00    5.7954677374e+01   -1.3636767988e+01    6.0412233026e+00    2.6146423431e+00   -1.6251410331e+01    1.2800000000e+02    7.9436599999e-03    6.5332031250e-01
       420   -7.3648955504e+00    5.4401439814e+01   -1.2826744117e+01    5.4618485661e+00    2.5989427716e+00   -1.5425686888e+01    1.2800000000e+02    8.0801739996e-03    6.3964843750e-01
       421   -7.4039087499e+00    5.4966691152e+01   -1.1846960750e+01    4.4430519998e+00    2.5389526572e+00   -1.4385913407e+01    1.2800000000e+02    8.4343280005e-03    6.5429687500e-01
       422   -7.3305935525e+00    5.3890766782e+01   -1.3851034158e+01    6.5204406051e+00    2.4639088413e+00   -1.6314942999e+01    1.2800000000e+02    7.9351230006e-03    6.4306640625e-01
       423   -7.5380722088e+00    5.7101596683e+01   -1.6836548267e+01    9.2984760586e+00    2.6368500741e+00   -1.9473398341e+01    1.2800000000e+02    8.6068339997e-03    6.4648437500e-01
       424   -7.4737931277e+00    5.6154923275e+01   -1.3908457673e+01    6.4346645453e+00    2.6261752889e+00   -1.6534632962e+01    1.2800000000e+02    8.1067270003e-03    6.3037109375e-01
       425   -7.5488157485e+00    5.7219409317e+01   -1.8078553633e+01    1.0529737885e+01    2.3830447341e+00   -2.0461598367e+01    1.2800000000e+02    7.9859510006e-03    6.3330078125e-01
       426   -7.6403746620e+00    5.8647288363e+01   -1.6502975504e+01    8.8626008424e+00    2.8260007587e+00   -1.9328976263e+01    1.2800000000e+02    7.8006980002e-03    6.2890625000e-01
       427   -7.5115514229e+00    5.6715155910e+01   -1.3301469965e+01    5.7899185420e+00    2.9031515893e+00   -1.6204621554e+01    1.2800000000e+02    7.9460839997e-03    6.2597656250e-01
       428   -7.5107332711e+00    5.6799235234e+01   -1.6706902543e+01    9.1961692716e+00    2.7003772040e+00   -1.9407279747e+01    1.2800000000e+02    8.0862759996e-03    6.5380859375e-01
       429   -7.5990003444e+00    5.8048133561e+01   -1.6084948796e+01    8.4859484515e+00    2.7279952293e+00   -1.8812944025e+01    1.2800000000e+02    8.2514020005e-03    6.1767578125e-01
       430   -7.3426288562e+00    5.4126224607e+01   -1.3114959580e+01    5.7723307237e+00    2.6084018555e+00   -1.5723361435e+01    1.2800000000e+02    7.8928280000e-03    6.4501953125e-01
       431   -7.5728882264e+00    5.7632480014e+01   -1.5723595005e+01    8.1507067784e+00    2.8496630213e+00   -1.8573258026e+01    1.2800000000e+02    8.1110080000e-03    6.2500000000e-01
       432   -7.4759516817e+00    5.6066927568e+01   -1.3141278883e+01    5.6653272012e+00    2.4711180501e+00   -1.5612396933e+01    1.2800000000e+02    8.0328999993e-03    6.4550781250e-01
       433   -7.5653470399e+00    5.7437387659e+01   -2.0921994857e+01    1.3356647817e+01    2.7695698312e+00   -2.3691564688e+01    1.2800000000e+02    8.1120500008e-03    6.3916015625e-01
       434   -7.8679520515e+00    6.2251529620e+01   -1.7487977231e+01    9.6200251792e+00    3.2141706051e+00   -2.0702147836e+01    1.2800000000e+02    7.7938490003e-03    6.1035156250e-01
       435   -7.5111469530e+00    5.6695018956e+01   -1.3873037282e+01    6.3618903291e+00    2.2832794895e+00   -1.6156316772e+01    1.2800000000e+02    8.3352439997e-03    6.5136718750e-01
       436   -7.4599941184e+00    5.6015948857e+01   -1.4070669803e+01    6.6106756848e+00    2.6347716016e+00   -1.6705441405e+01    1.2800000000e+02    8.0782389996e-03    6.4453125000e-01
       437   -7.4492190317e+00    5.5666500738e+01   -1.3415210758e+01    5.9659917261e+00    2.5126539183e+00   -1.5927864676e+01    1.2800000000e+02    8.0151630000e-03    6.4257812500e-01
       438   -7.5285441347e+00    5.6846559310e+01   -1.2608406754e+01    5.0798626198e+00    2.4056214473e+00   -1.5014028202e+01    1.2800000000e+02    7.8835790000e-03    6.4111328125e-01
       439   -7.3815615360e+00    5.4643773081e+01   -1.1835944516e+01    4.4543829796e+00    2.3298748189e+00   -1.4165819334e+01    1.2800000000e+02    7.8975130000e-03    6.6162109375e-01
       440   -7.4844064584e+00    5.6195102560e+01   -1.3226025113e+01    5.7416186543e+00    2.8036905923e+00   -1.6029715705e+01    1.2800000000e+02    8.2859900003e-03    6.4648437500e-01
       441   -7.6882711688e+00    5.9515641909e+01   -1.5473052786e+01    7.7847816173e+00    2.5990215159e+00   -1.8072074302e+01    1.2800000000e+02    7.8548749998e-03    6.1865234375e-01
       442   -7.5135031716e+00    5.6748899239e+01   -1.3633884183e+01    6.1203810109e+00    2.6846863890e+00   -1.6318570572e+01    1.2800000000e+02    8.0152149994e-03    6.2646484375e-01
       443   -7.4837886543e+00    5.6148153791e+01   -1.4433555882e+01    6.9497672274e+00    2.6266638957e+00   -1.7060219777e+01    1.2800000000e+02    1.0145637000e-02    6.2255859375e-01
       444   -7.4998763389e+00    5.6442357271e+01   -1.3265137866e+01    5.7652615266e+00    2.5904185298e+00   -1.5855556395e+01    1.2800000000e+02    9.3065849996e-03    6.3720703125e-01
       445   -7.4618298064e+00    5.5874788149e+01   -1.1454454494e+01    3.9926246876e+00    2.5866458205e+00   -1.4041100314e+01    1.2800000000e+02    8.0907169995e-03    6.6064453125e-01
       446   -7.3807481310e+00    5.4653320242e+01   -1.1924918286e+01    4.5441701553e+00    2.4635521490e+00   -1.4388470435e+01    1.2800000000e+02    7.9265579998e-03    6.6113281250e-01
       447   -7.3822369473e+00    5.4608840247e+01   -1.3271505845e+01    5.8892688974e+00    2.7539276536e+00   -1.6025433498e+01    1.2800000000e+02    8.3743050000e-03    6.3183593750e-01
       448   -7.4372877940e+00    5.5467344039e+01   -1.2299887124e+01    4.8625993301e+00    2.5780930176e+00   -1.4877980142e+01    1.2800000000e+02    8.3364970005e-03    6.4843750000e-01
       449   -7.4171426477e+00    5.5193124781e+01   -1.2464700230e+01    5.0475575826e+00    2.5120391461e+00   -1.4976739376e+01    1.2800000000e+02    8.0171050004e-03    6.6357421875e-01
       450   -7.4287905611e+00    5.5384841911e+01   -1.6538007696e+01    9.1092171349e+00    2.3656184369e+00   -1.8903626133e+01    1.2800000000e+02    7.9273060001e-03    6.4013671875e-01
       451   -7.5382682682e+00    5.7133600636e+01   -1.2678622651e+01    5.1403543829e+00    2.4016817826e+00   -1.5080304434e+01    1.2800000000e+02    7.9185069999e-03    6.4794921875e-01
       452   -7.3924171592e+00    5.4817070991e+01   -1.6404662620e+01    9.0122454612e+00    3.0697652534e+00   -1.9474427874e+01    1.2800000000e+02    7.9718910001e-03    6.2646484375e-01
       453   -7.4338312051e+00    5.5470486507e+01   -1.3324175107e+01    5.8903439022e+00    2.6655742692e+00   -1.5989749377e+01    1.2800000000e+02    7.9202549996e-03    6.3378906250e-01
       454   -7.4623238432e+00    5.5823897067e+01   -1.2952664375e+01    5.4903405315e+00    2.8103491331e+00   -1.5763013508e+01    1.2800000000e+02    8.2728880006e-03    6.3232421875e-01
       455   -7.4552498472e+00    5.5830737122e+01   -1.6423415705e+01    8.9681658580e+00    2.6211352711e+00   -1.9044550976e+01    1.2800000000e+02    8.0203870002e-03    6.2548828125e-01
       456   -7.4197404307e+00    5.5267559823e+01   -1.1755477451e+01    4.3357370205e+00    2.6877281808e+00   -1.4443205632e+01    1.2800000000e+02    8.3251249998e-03    6.5185546875e-01
       457   -7.5166930911e+00    5.6679952542e+01   -1.3271514083e+01    5.7548209915e+00    2.8263875092e+00   -1.6097901592e+01    1.2800000000e+02    7.8643349998e-03    6.4062500000e-01
       458   -7.4326629692e+00    5.5419394474e+01   -1.4204540236e+01    6.7718772664e+00    2.5626081458e+00   -1.6767148381e+01    1.2800000000e+02    7.8941419997e-03    6.4843750000e-01
       459   -7.3991508338e+00    5.4883036611e+01   -1.2848602220e+01    5.4494513862e+00    2.5883273915e+00   -1.5436929612e+01    1.2800000000e+02    7.7943990000e-03    6.3574218750e-01
       460   -7.4573847370e+00    5.5793018530e+01   -1.4671998143e+01    7.2146134063e+00    3.0144139413e+00   -1.7686412085e+01    1.2800000000e+02    8.8878629995e-03    6.3037109375e-01
       461   -7.5430111595e+00    5.7160530339e+01   -1.5496966508e+01    7.9539553486e+00    2.8977904224e+00   -1.8394756931e+01    1.2800000000e+02    7.8395709997e-03    6.3818359375e-01
       462   -7.6380986595e+00    5.8702588457e+01   -1.5178547460e+01    7.5404488003e+00    2.5827318222e+00   -1.7761279282e+01    1.2800000000e+02    7.8993629995e-03    6.3427734375e-01
       463   -7.5072639358e+00    5.6564058996e+01   -1.3329576301e+01    5.8223123647e+00    2.6058947129e+00   -1.5935471013e+01    1.2800000000e+02    7.8981699999e-03    6.4941406250e-01
       464   -7.4773506582e+00    5.6062771729e+01   -1.3863186586e+01    6.3858359274e+00    2.6874998955e+00   -1.6550686481e+01    1.2800000000e+02    8.1214499996e-03    6.3964843750e-01
       465   -7.4566639193e+00    5.5776085845e+01   -1.3356207202e+01    5.8995432831e+00    2.5975984396e+00   -1.5953805642e+01    1.2800000000e+02    8.0693299997e-03    6.4208984375e-01
       466   -7.3622319842e+00    5.4412743837e+01   -1.3033339968e+01    5.6711079834e+00    2.2630247419e+00   -1.5296364709e+01    1.2800000000e+02    1.2284797999e-02    6.4062500000e-01
       467   -7.5315204248e+00    5.7072630473e+01   -2.1119346563e+01    1.3587826139e+01    3.0666686685e+00   -2.4186015232e+01    1.2800000000e+02    7.8319889999e-03    6.1523437500e-01
       468   -7.5461727392e+00    5.7258010701e+01   -1.4567778694e+01    7.0216059548e+00    2.5355141616e+00   -1.7103292856e+01    1.2800000000e+02    7.8590820003e-03    6.3867187500e-01
       469   -7.4607145857e+00    5.5840963870e+01   -1.6568905314e+01    9.1081907279e+00    2.6831548799e+00   -1.9252060194e+01    1.2800000000e+02    8.2299119995e-03    6.5771484375e-01
       470   -7.5073106691e+00    5.6523695299e+01   -1.6222583837e+01    8.7152731674e+00    2.6725554961e+00   -1.8895139333e+01    1.2800000000e+02    7.8801840000e-03    6.3574218750e-01
       471   -7.5017246947e+00    5.6514048697e+01   -1.8011597864e+01    1.0509873169e+01    2.5974652341e+00   -2.0609063098e+01    1.2800000000e+02    7.9102250002e-03    6.3916015625e-01
       472   -7.3624525558e+00    5.4402756503e+01   -1.3220723653e+01    5.8582710970e+00    2.5941928796e+00   -1.5814916532e+01    1.2800000000e+02    8.2725000002e-03    6.4062500000e-01
       473   -7.6930681356e+00    5.9491066442e+01   -1.4871180486e+01    7.1781123506e+00    2.4788152973e+00   -1.7349995783e+01    1.2800000000e+02    7.7673239994e-03    6.2695312500e-01
       474   -7.4827760096e+00    5.6243000614e+01   -1.7444969084e+01    9.9621930745e+00    2.8748832239e+00   -2.0319852308e+01    1.2800000000e+02    8.1540080000e-03    6.2548828125e-01
       475   -7.4959309375e+00    5.6545135075e+01   -1.8528211797e+01    1.1032280860e+01    2.7724165136e+00   -2.1300628311e+01    1.2800000000e+02    7.7913519999e-03    6.1035156250e-01
       476   -7.4757700130e+00    5.6141713557e+01   -1.3889167884e+01    6.4133978712e+00    2.7146691801e+00   -1.6603837064e+01    1.2800000000e+02    7.8608719996e-03    6.2744140625e-01
       477   -7.5055375942e+00    5.6520852414e+01   -1.3752905760e+01    6.2473681654e+00    2.8583128581e+00   -1.6611218618e+01    1.2800000000e+02    7.7579109993e-03    6.2500000000e-01
       478   -7.5422436550e+00    5.7102908055e+01   -1.3722505919e+01    6.1802622635e+00    2.4823832461e+00   -1.6204889165e+01    1.2800000000e+02    8.0562459998e-03    6.5380859375e-01
       479   -7.6013330124e+00    5.8181730753e+01   -1.5528986473e+01    7.9276534606e+00    2.6159405373e+00   -1.8144927010e+01    1.2800000000e+02    7.8750559996e-03    6.4257812500e-01
       480   -7.4291076482e+00    5.5391437535e+01   -1.1413743292e+01    3.9846356442e+00    2.2110617696e+00   -1.3624805062e+01    1.2800000000e+02    8.0683589995e-03    6.8750000000e-01
       481   -7.4458176517e+00    5.5744431958e+01   -1.4519108201e+01    7.0732905491e+00    2.5897733557e+00   -1.7108881556e+01    1.2800000000e+02    8.0039660006e-03    6.2841796875e-01
       482   -7.4295135749e+00    5.5386660502e+01   -1.4403449029e+01    6.9739354543e+00    2.7490728940e+00   -1.7152521923e+01    1.2800000000e+02    9.5328030002e-03    6.2695312500e-01
       483   -7.3452491544e+00    5.4180395881e+01   -1.3916754892e+01    6.5715057372e+00    2.5434595056e+00   -1.6460214397e+01    1.2800000000e+02    7.9898760005e-03    6.5136718750e-01
       484   -7.5964226982e+00    5.7924085945e+01   -1.3043630814e+01    5.4472081159e+00    2.6968023305e+00   -1.5740433145e+01    1.2800000000e+02    9.0253119997e-03    6.5820312500e-01
       485   -7.6025886944e+00    5.8279001656e+01   -1.4084111623e+01    6.4815229288e+00    2.9511610035e+00   -1.7035272627e+01    1.2800000000e+02    8.0546159998e-03    6.4062500000e-01
       486   -7.4070090757e+00    5.5024179969e+01   -1.4734992858e+01    7.3279837819e+00    2.5913871240e+00   -1.7326379982e+01    1.2800000000e+02    9.4746400000e-03    6.5332031250e-01
       487   -7.5044188291e+00    5.6579345840e+01   -1.3981580028e+01    6.4771611988e+00    2.7005629861e+00   -1.6682143014e+01    1.2800000000e+02    7.8188119996e-03    6.3281250000e-01
       488   -7.5501809154e+00    5.7166015449e+01   -1.1892247431e+01    4.3420665157e+00    2.5830163739e+00   -1.4475263805e+01    1.2800000000e+02    8.5788599999e-03    6.5136718750e-01
       489   -7.4836102139e+00    5.6299004506e+01   -1.5725988272e+01    8.2423780585e+00    2.7270432360e+00   -1.8453031508e+01    1.2800000000e+02    8.1397829999e-03    6.5722656250e-01
       490   -7.6045328773e+00    5.8025095705e+01   -1.6416113328e+01    8.8115804507e+00    2.9424001563e+00   -1.9358513484e+01    1.2800000000e+02    7.9018830002e-03    6.3671875000e-01
       491   -7.5202921701e+00    5.6757777461e+01   -1.3432818506e+01    5.9125263360e+00    2.2806498684e+00   -1.5713468374e+01    1.2800000000e+02    8.0971959997e-03    6.5039062500e-01
       492   -7.4736800202e+00    5.6022946362e+01   -1.9096451061e+01    1.1622771041e+01    2.1349045406e+00   -2.1231355602e+01    1.2800000000e+02    7.8075570000e-03    6.4794921875e-01
       493   -7.4756038842e+00    5.6042686401e+01   -1.4608196005e+01    7.1325921207e+00    2.5953037892e+00   -1.7203499794e+01    1.2800000000e+02    7.9176660001e-03    6.4599609375e-01
       494   -7.2996142181e+00    5.3468363665e+01   -1.2651018438e+01    5.3514042202e+00    2.9929338113e+00   -1.5643952250e+01    1.2800000000e+02    7.9894959999e-03    6.3525390625e-01
       495   -7.3956304714e+00    5.4861671600e+01   -1.0530678566e+01    3.1350480945e+00    2.3485040745e+00   -1.2879182640e+01    1.2800000000e+02    7.9130909999e-03    6.5625000000e-01
       496   -7.4682354237e+00    5.5914248937e+01   -1.3513841229e+01    6.0456058052e+00    3.0534510393e+00   -1.6567292268e+01    1.2800000000e+02    8.0658779998e-03    6.3378906250e-01
       497   -7.6414644438e+00    5.8680322175e+01   -7.4060822091e+01    6.6419357647e+01    2.7502567071e+00   -7.6811078798e+01    1.2800000000e+02    8.0559420003e-03    6.2988281250e-01
       498   -7.4601819539e+00    5.5831084554e+01   -1.4788155280e+01    7.3279733266e+00    2.3481711843e+00   -1.7136326465e+01    1.2800000000e+02    8.0213219999e-03    6.3671875000e-01
       499   -7.4267115454e+00    5.5377247996e+01   -1.1825262285e+01    4.3985507395e+00    2.4500359308e+00   -1.4275298216e+01    1.2800000000e+02    8.0549140002e-03    6.5966796875e-01
