#   index    LocalEnergy         LocalEnergy_sq      LocalPotential      Kinetic             ElecElec            IonElec             BlockWeight         BlockCPU            AcceptRatio         
         0   -7.3794914846e+00    5.4635757940e+01   -1.2934689341e+01    5.5551978563e+00    2.4405665916e+00   -1.5375255932e+01    1.2800000000e+02    8.1687249995e-03    6.4111328125e-01
         1   -7.4065136430e+00    5.5011293210e+01   -1.3516388111e+01    6.1098744675e+00    2.3715649619e+00   -1.5887953072e+01    1.2800000000e+02    8.3972080001e-03    6.5771484375e-01
         2   -7.5712813729e+00    5.7582009790e+01   -2.1364384783e+01    1.3793103410e+01    2.5560355131e+00   -2.3920420296e+01    1.2800000000e+02    7.8605600002e-03    6.3525390625e-01
         3   -7.3428594708e+00    5.4061915168e+01   -1.2002437633e+01    4.6595781623e+00    2.3539110453e+00   -1.4356348678e+01    1.2800000000e+02    8.0669190002e-03    6.6552734375e-01
         4   -7.5067973467e+00    5.6624953143e+01   -1.3396744075e+01    5.8899467286e+00    2.7048206099e+00   -1.6101564685e+01    1.2800000000e+02    8.0816780001e-03    6.5820312500e-01
         5   -7.2770680838e+00    5.3086818860e+01   -1.3136883921e+01    5.8598158377e+00    2.5652032056e+00   -1.5702087127e+01    1.2800000000e+02    8.0906720004e-03    6.3623046875e-01
         6   -7.4122615637e+00    5.5186742036e+01   -1.3119923009e+01    5.7076614448e+00    2.6863157669e+00   -1.5806238775e+01    1.2800000000e+02    7.9357510003e-03    6.2792968750e-01
         7   -7.5125462767e+00    5.6686384955e+01   -1.4013784071e+01    6.5012377941e+00    2.5409195966e+00   -1.6554703667e+01    1.2800000000e+02    8.6991139997e-03    6.2597656250e-01
         8   -7.5126104848e+00    5.6655735882e+01   -1.8843074882e+01    1.1330464397e+01    2.5713639220e+00   -2.1414438804e+01    1.2800000000e+02    8.0967399999e-03    6.5185546875e-01
         9   -7.3713262294e+00    5.4516543118e+01   -1.3113244330e+01    5.7419181003e+00    2.6019921459e+00   -1.5715236476e+01    1.2800000000e+02    8.3647749998e-03    6.4843750000e-01
        10   -7.5276942739e+00    5.6944599538e+01   -1.2949203610e+01    5.4215093366e+00    2.7965494574e+00   -1.5745753068e+01    1.2800000000e+02    9.5732239997e-03    6.5332031250e-01
        11   -7.5207944060e+00    5.6741841114e+01   -1.6337656274e+01    8.8168618676e+00    2.5408519930e+00   -1.8878508267e+01    1.2800000000e+02    8.1908459997e-03    6.4941406250e-01
        12   -7.5073200940e+00    5.6647930865e+01   -1.3803056425e+01    6.2957363314e+00    3.0547134444e+00   -1.6857769870e+01    1.2800000000e+02    8.3561720003e-03    6.4062500000e-01
        13   -7.5309664197e+00    5.6929350353e+01   -1.8973565438e+01    1.1442599018e+01    3.2482654593e+00   -2.2221830897e+01    1.2800000000e+02    8.1797949997e-03    6.0986328125e-01
        14   -7.4244072972e+00    5.5353132140e+01   -1.1767423423e+01    4.3430161257e+00    2.6466622124e+00   -1.4414085635e+01    1.2800000000e+02    7.8712790000e-03    6.4013671875e-01
        15   -7.3183254270e+00    5.3691310358e+01   -1.5271513873e+01    7.9531884456e+00    2.6565933393e+00   -1.7928107212e+01    1.2800000000e+02    7.9562370001e-03    6.1718750000e-01
        16   -7.3273615954e+00    5.3822370949e+01   -1.2510200247e+01    5.1828386516e+00    2.4936547917e+00   -1.5003855039e+01    1.2800000000e+02    7.9396960000e-03    6.4892578125e-01
        17   -7.4207952122e+00    5.5188498261e+01   -1.3000190707e+01    5.5793954949e+00    2.6069501823e+00   -1.5607140889e+01    1.2800000000e+02    8.0650699992e-03    6.4257812500e-01
        18   -7.4481370130e+00    5.5654359617e+01   -1.3284148997e+01    5.8360119838e+00    2.3241459297e+00   -1.5608294926e+01    1.2800000000e+02    7.8402110003e-03    6.6162109375e-01
        19   -7.4254987351e+00    5.5377086629e+01   -1.4485821754e+01    7.0603230191e+00    2.6471905625e+00   -1.7133012317e+01    1.2800000000e+02    8.0161619999e-03    6.3134765625e-01
        20   -7.5138602721e+00    5.6659921960e+01   -1.4341321861e+01    6.8274615889e+00    2.9805314893e+00   -1.7321853350e+01    1.2800000000e+02    8.2021520002e-03    6.3623046875e-01
        21   -7.5747683561e+00    5.7672673754e+01   -2.0071966634e+01    1.2497198278e+01    3.0280903151e+00   -2.3100056949e+01    1.2800000000e+02    7.8678810005e-03    6.0986328125e-01
        22   -7.5106474461e+00    5.6768251147e+01   -1.4815503580e+01    7.3048561334e+00    2.8826067629e+00   -1.7698110342e+01    1.2800000000e+02    7.8592209993e-03    6.2011718750e-01
        23   -7.4983116847e+00    5.6440972638e+01   -1.8129522983e+01    1.0631211298e+01    2.7784503771e+00   -2.0907973360e+01    1.2800000000e+02    7.9578890000e-03    6.3427734375e-01
        24   -7.4159677694e+00    5.5179334331e+01   -1.2488512013e+01    5.0725442437e+00    2.4613205042e+00   -1.4949832517e+01    1.2800000000e+02    7.9182520003e-03    6.4697265625e-01
        25   -7.3653775201e+00    5.4390163058e+01   -1.4125581483e+01    6.7602039633e+00    2.3245691373e+00   -1.6450150621e+01    1.2800000000e+02    7.9040640003e-03    6.4062500000e-01
        26   -7.4585408240e+00    5.5886111077e+01   -1.7270556360e+01    9.8120155359e+00    2.9383313653e+00   -2.0208887725e+01    1.2800000000e+02    8.0115649998e-03    6.1132812500e-01
        27   -7.5573442016e+00    5.7521707174e+01   -1.5289061818e+01    7.7317176166e+00    2.6289383504e+00   -1.7918000169e+01    1.2800000000e+02    7.8668930000e-03    6.2548828125e-01
        28   -7.5070530546e+00    5.6583060968e+01   -1.8312949826e+01    1.0805896772e+01    2.8356403400e+00   -2.1148590166e+01    1.2800000000e+02    7.8939080004e-03    6.1181640625e-01
        29   -7.3368779278e+00    5.4036220615e+01   -1.4469066487e+01    7.1321885594e+00    2.8644630229e+00   -1.7333529510e+01    1.2800000000e+02    8.2194830002e-03    6.2792968750e-01
        30   -7.4730492893e+00    5.6058960729e+01   -1.4292395226e+01    6.8193459365e+00    2.5737105605e+00   -1.6866105786e+01    1.2800000000e+02    8.8811959995e-03    6.2890625000e-01
        31   -7.4566605294e+00    5.5757268250e+01   -1.1178396049e+01    3.7217355199e+00    2.3412950430e+00   -1.3519691092e+01    1.2800000000e+02    7.8833100006e-03    6.5332031250e-01
        32   -7.3815464582e+00    5.4645740707e+01   -1.3623749450e+01    6.2422029922e+00    2.6280294373e+00   -1.6251778888e+01    1.2800000000e+02    9.7973690008e-03    6.4160156250e-01
        33   -7.5996460519e+00    5.8036820154e+01   -1.4273307403e+01    6.6736613513e+00    2.7766294264e+00   -1.7049936830e+01    1.2800000000e+02    8.7094589999e-03    6.3330078125e-01
        34   -7.6916313822e+00    5.9550438523e+01   -1.6338775708e+01    8.6471443258e+00    2.3436846994e+00   -1.8682460407e+01    1.2800000000e+02    7.9444290004e-03    6.6015625000e-01
        35   -7.5240614549e+00    5.7004024693e+01   -1.7503663726e+01    9.9796022715e+00    2.6984795898e+00   -2.0202143316e+01    1.2800000000e+02    7.9630160008e-03    6.2695312500e-01
        36   -7.4457213417e+00    5.5587449337e+01   -1.1476884453e+01    4.0311631109e+00    2.4284028392e+00   -1.3905287292e+01    1.2800000000e+02    8.0175170006e-03    6.5673828125e-01
        37   -7.4156484267e+00    5.5166249206e+01   -1.5823065947e+01    8.4074175200e+00    2.8096275132e+00   -1.8632693460e+01    1.2800000000e+02    7.8957209998e-03    6.3525390625e-01
        38   -7.5617932197e+00    5.7500168073e+01   -1.5597121593e+01    8.0353283734e+00    2.5352510004e+00   -1.8132372593e+01    1.2800000000e+02    7.7947949994e-03    6.3769531250e-01
        39   -7.5216065825e+00    5.6899590958e+01   -1.6395964962e+01    8.8743583791e+00    2.6382308373e+00   -1.9034195799e+01    1.2800000000e+02    8.1482500000e-03    6.3574218750e-01
        40   -7.4014520705e+00    5.5016170852e+01   -1.4884760570e+01    7.4833084997e+00    2.8000239078e+00   -1.7684784478e+01    1.2800000000e+02    7.9283159994e-03    6.4453125000e-01
        41   -7.5251503599e+00    5.6980101371e+01   -1.4380658110e+01    6.8555077504e+00    2.5901299332e+00   -1.6970788043e+01    1.2800000000e+02    7.8994890000e-03    6.2792968750e-01
        42   -7.6713977506e+00    5.9130676310e+01   -1.8866507644e+01    1.1195109894e+01    2.5295282753e+00   -2.1396035920e+01    1.2800000000e+02    8.1218729993e-03    6.4453125000e-01
        43   -7.5374050667e+00    5.7040346775e+01   -1.3855189848e+01    6.3177847812e+00    2.6695880335e+00   -1.6524777881e+01    1.2800000000e+02    7.7898190002e-03    6.2939453125e-01
        44   -7.3129587478e+00    5.3602271005e+01   -1.1555250511e+01    4.2422917635e+00    2.4446128301e+00   -1.3999863341e+01    1.2800000000e+02    8.0273209996e-03    6.3720703125e-01
        45   -7.4342924187e+00    5.5539212200e+01   -1.3935681316e+01    6.5013888973e+00    2.9780682147e+00   -1.6913749531e+01    1.2800000000e+02    8.4040040001e-03    6.2695312500e-01
        46   -7.5339835224e+00    5.7098990615e+01   -1.5658157678e+01    8.1241741557e+00    2.6913299542e+00   -1.8349487632e+01    1.2800000000e+02    8.3293210000e-03    6.1962890625e-01
        47   -7.2980484051e+00    5.3413967193e+01   -1.2167326060e+01    4.8692776550e+00    2.4554470078e+00   -1.4622773068e+01    1.2800000000e+02    7.7880679992e-03    6.4453125000e-01
        48   -7.3308060044e+00    5.3919312216e+01   -1.4664736017e+01    7.3339300126e+00    2.7532034887e+00   -1.7417939506e+01    1.2800000000e+02    8.3829630003e-03    6.3818359375e-01
        49   -7.4423385040e+00    5.5647981285e+01   -1.3957171545e+01    6.5148330409e+00    2.5922415863e+00   -1.6549413131e+01    1.2800000000e+02    7.9407399999e-03    6.2304687500e-01
        50   -7.4491159301e+00    5.5693513868e+01   -1.6796810786e+01    9.3476948560e+00    2.4953301970e+00   -1.9292140983e+01    1.2800000000e+02    8.4300700000e-03    6.4746093750e-01
        51   -7.4461250507e+00    5.5616952452e+01   -1.5006319108e+01    7.5601940577e+00    2.8967826462e+00   -1.7903101755e+01    1.2800000000e+02    8.1255039995e-03    6.3134765625e-01
        52   -7.5396589576e+00    5.7034590334e+01   -1.4700182566e+01    7.1605236082e+00    2.4968165953e+00   -1.7196999161e+01    1.2800000000e+02    8.2336360001e-03    6.3769531250e-01
        53   -7.4679644531e+00    5.5994007240e+01   -1.4407484145e+01    6.9395196922e+00    2.3086572982e+00   -1.6716141443e+01    1.2800000000e+02    8.7699699998e-03    6.4257812500e-01
        54   -7.5641794226e+00    5.7572343220e+01   -1.3948151508e+01    6.3839720849e+00    2.5372121512e+00   -1.6485363659e+01    1.2800000000e+02    8.3039920000e-03    6.3134765625e-01
        55   -7.4150580686e+00    5.5222132375e+01   -1.5425515908e+01    8.0104578393e+00    2.6074356362e+00   -1.8032951544e+01    1.2800000000e+02    8.5317459998e-03    6.2304687500e-01
        56   -7.5619222811e+00    5.7424209681e+01   -1.5577381341e+01    8.0154590594e+00    2.5046324340e+00   -1.8082013774e+01    1.2800000000e+02    9.1707480005e-03    6.4990234375e-01
        57   -7.4171525295e+00    5.5303147032e+01   -1.9408937432e+01    1.1991784903e+01    2.4517102760e+00   -2.1860647708e+01    1.2800000000e+02    9.6436639997e-03    6.2792968750e-01
        58   -7.5036172442e+00    5.6553261234e+01   -1.2889231961e+01    5.3856147168e+00    2.6250833627e+00   -1.5514315324e+01    1.2800000000e+02    8.5816159999e-03    6.5234375000e-01
        59   -7.5644419601e+00    5.7422656331e+01   -1.3982083353e+01    6.4176413933e+00    2.4811438963e+00   -1.6463227250e+01    1.2800000000e+02    8.7059820007e-03    6.4794921875e-01
        60   -7.5641563940e+00    5.7592694746e+01   -1.5730827237e+01    8.1666708431e+00    2.5001725584e+00   -1.8230999796e+01    1.2800000000e+02    8.6383520002e-03    6.5673828125e-01
        61   -7.7584341550e+00    6.0586221077e+01   -1.6391273239e+01    8.6328390838e+00    3.0092014978e+00   -1.9400474737e+01    1.2800000000e+02    8.1150279993e-03    6.2158203125e-01
        62   -7.3939476709e+00    5.4774595745e+01   -1.2496556882e+01    5.1026092110e+00    2.5447668325e+00   -1.5041323714e+01    1.2800000000e+02    8.6270339998e-03    6.3964843750e-01
        63   -7.4788377791e+00    5.6115836541e+01   -1.3279169504e+01    5.8003317251e+00    2.6190140868e+00   -1.5898183591e+01    1.2800000000e+02    9.0337420006e-03    6.4160156250e-01
        64   -7.4127519588e+00    5.5145502446e+01   -1.1733643612e+01    4.3208916527e+00    2.1099647158e+00   -1.3843608327e+01    1.2800000000e+02    8.5019400003e-03    6.6406250000e-01
        65   -7.5103347960e+00    5.6708236935e+01   -1.6257389001e+01    8.7470542046e+00    2.7644617057e+00   -1.9021850706e+01    1.2800000000e+02    7.9849020003e-03    6.2548828125e-01
        66   -7.4705000957e+00    5.6011547088e+01   -1.8154916580e+01    1.0684416485e+01    2.6216079963e+00   -2.0776524577e+01    1.2800000000e+02    8.1564450002e-03    6.1669921875e-01
        67   -7.4285859513e+00    5.5317069101e+01   -1.1471359975e+01    4.0427740238e+00    2.3315088259e+00   -1.3802868801e+01    1.2800000000e+02    8.3438699994e-03    6.6699218750e-01
        68   -7.4778019200e+00    5.6172655684e+01   -1.3637431451e+01    6.1596295306e+00    2.3369854149e+00   -1.5974416865e+01    1.2800000000e+02    9.0459580006e-03    6.4160156250e-01
        69   -7.4322238389e+00    5.5466187909e+01   -1.2569432989e+01    5.1372091500e+00    2.4608196292e+00   -1.5030252618e+01    1.2800000000e+02    7.9918339998e-03    6.4404296875e-01
        70   -7.4355280573e+00    5.5382794514e+01   -1.1829130867e+01    4.3936028095e+00    2.3573987100e+00   -1.4186529577e+01    1.2800000000e+02    8.3058480004e-03    6.5039062500e-01
        71   -7.4906753540e+00    5.6279703288e+01   -2.0662656296e+01    1.3171980942e+01    2.8954159978e+00   -2.3558072293e+01    1.2800000000e+02    8.0457879994e-03    6.3427734375e-01
        72   -7.4303287482e+00    5.5459412630e+01   -1.1730133024e+01    4.2998042756e+00    2.4813079895e+00   -1.4211441013e+01    1.2800000000e+02    9.0144289998e-03    6.5576171875e-01
        73   -7.3306822346e+00    5.3833852936e+01   -1.2104565934e+01    4.7738836993e+00    2.5066924840e+00   -1.4611258418e+01    1.2800000000e+02    8.3235390002e-03    6.4990234375e-01
        74   -7.4390036862e+00    5.5556732186e+01   -1.3248468966e+01    5.8094652800e+00    2.8649831850e+00   -1.6113452151e+01    1.2800000000e+02    9.1917620002e-03    6.5478515625e-01
        75   -7.4234611174e+00    5.5384878323e+01   -1.5062724195e+01    7.6392630780e+00    2.6609124045e+00   -1.7723636600e+01    1.2800000000e+02    8.1350830005e-03    6.2158203125e-01
        76   -7.3373312354e+00    5.4098801912e+01   -1.4259046706e+01    6.9217154710e+00    2.8972326961e+00   -1.7156279402e+01    1.2800000000e+02    9.8879200004e-03    6.1621093750e-01
        77   -7.4818067786e+00    5.6145810182e+01   -1.2176585472e+01    4.6947786931e+00    2.5628124761e+00   -1.4739397948e+01    1.2800000000e+02    1.0842720000e-02    6.4941406250e-01
        78   -7.6496177405e+00    5.8765851725e+01   -1.5075207837e+01    7.4255900961e+00    2.7721984963e+00   -1.7847406333e+01    1.2800000000e+02    8.0853360005e-03    6.4746093750e-01
        79   -7.5007583603e+00    5.6442007929e+01   -1.5754049034e+01    8.2532906735e+00    2.8516203385e+00   -1.8605669372e+01    1.2800000000e+02    9.3470070005e-03    6.3427734375e-01
        80   -7.3275891350e+00    5.3873135175e+01   -1.2344340891e+01    5.0167517563e+00    2.6317377177e+00   -1.4976078609e+01    1.2800000000e+02    8.2895660007e-03    6.5673828125e-01
        81   -7.6055776020e+00    5.8090074887e+01   -3.1139470648e+01    2.3533893046e+01    2.4685314104e+00   -3.3608002058e+01    1.2800000000e+02    8.7145589996e-03    6.5185546875e-01
        82   -7.4281045728e+00    5.5440495605e+01   -1.4420373575e+01    6.9922690027e+00    2.7280253148e+00   -1.7148398890e+01    1.2800000000e+02    7.7721660000e-03    6.2451171875e-01
        83   -7.5606219127e+00    5.7422417923e+01   -1.4727346649e+01    7.1667247362e+00    2.7344795652e+00   -1.7461826214e+01    1.2800000000e+02    8.0037729995e-03    6.4160156250e-01
        84   -7.3815090525e+00    5.4726679202e+01   -1.5581066099e+01    8.1995570466e+00    2.6310892821e+00   -1.8212155381e+01    1.2800000000e+02    7.7317209998e-03    6.2744140625e-01
        85   -7.3767928520e+00    5.4535734419e+01   -1.0910240583e+01    3.5334477315e+00    2.2821400009e+00   -1.3192380584e+01    1.2800000000e+02    1.1958356000e-02    6.7089843750e-01
        86   -7.5063523837e+00    5.6614344461e+01   -2.8086951263e+01    2.0580598880e+01    2.4961675042e+00   -3.0583118768e+01    1.2800000000e+02    8.5049099998e-03    6.4697265625e-01
        87   -7.4905108109e+00    5.6484811479e+01   -1.4107617439e+01    6.6171066278e+00    2.3793283646e+00   -1.6486945803e+01    1.2800000000e+02    8.8631090002e-03    6.5576171875e-01
        88   -7.5407574865e+00    5.7165874002e+01   -1.5653323694e+01    8.1125662074e+00    2.5506808557e+00   -1.8204004550e+01    1.2800000000e+02    8.0951090004e-03    6.3281250000e-01
        89   -7.5046558857e+00    5.6556412675e+01   -1.3674405231e+01    6.1697493450e+00    2.3196726166e+00   -1.5994077847e+01    1.2800000000e+02    8.4230069997e-03    6.5673828125e-01
        90   -7.5327739822e+00    5.6934807395e+01   -1.6356534703e+01    8.8237607211e+00    2.6369009967e+00   -1.8993435700e+01    1.2800000000e+02    1.1099842000e-02    6.3574218750e-01
        91   -7.4480164253e+00    5.5695772135e+01   -1.4462294130e+01    7.0142777047e+00    2.3489563488e+00   -1.6811250479e+01    1.2800000000e+02    9.2741279996e-03    6.4257812500e-01
        92   -7.5754463321e+00    5.7671973235e+01   -1.2948961868e+01    5.3735155355e+00    2.5479552851e+00   -1.5496917153e+01    1.2800000000e+02    1.0497870000e-02    6.3769531250e-01
        93   -7.3880752244e+00    5.4791420558e+01   -1.5156460998e+01    7.7683857732e+00    2.4419935075e+00   -1.7598454505e+01    1.2800000000e+02    8.8086109999e-03    6.4697265625e-01
        94   -7.5252793709e+00    5.6915462582e+01   -1.3165100633e+01    5.6398212624e+00    2.7908161512e+00   -1.5955916785e+01    1.2800000000e+02    8.0507069997e-03    6.4697265625e-01
        95   -7.4827938349e+00    5.6252544174e+01   -1.5981373512e+01    8.4985796775e+00    3.1052302879e+00   -1.9086603800e+01    1.2800000000e+02    8.2184579996e-03    6.4257812500e-01
        96   -7.3868523986e+00    5.4742443044e+01   -1.3344418511e+01    5.9575661126e+00    2.6547722274e+00   -1.5999190739e+01    1.2800000000e+02    8.0956780002e-03    6.6601562500e-01
        97   -7.5032710681e+00    5.6487409548e+01   -2.1473549690e+01    1.3970278622e+01    2.6219351100e+00   -2.4095484800e+01    1.2800000000e+02    1.3043681000e-02    6.2988281250e-01
        98   -7.4723272405e+00    5.5983883789e+01   -1.5352730028e+01    7.8804027874e+00    2.6623812408e+00   -1.8015111269e+01    1.2800000000e+02    7.8157449998e-03    6.3916015625e-01
        99   -7.4713271315e+00    5.5979578484e+01   -1.1086235391e+01    3.6149082591e+00    2.5629351483e+00   -1.3649170539e+01    1.2800000000e+02    8.0007010001e-03    6.7041015625e-01
       100   -7.3853543315e+00    5.4666115567e+01   -1.2299863001e+01    4.9145086697e+00    2.6804361709e+00   -1.4980299172e+01    1.2800000000e+02    8.1956810000e-03    6.6357421875e-01
       101   -7.4983011852e+00    5.6404980218e+01   -1.5692291194e+01    8.1939900085e+00    2.4639754782e+00   -1.8156266672e+01    1.2800000000e+02    7.9627309997e-03    6.4648437500e-01
       102   -7.4211360747e+00    5.5263007974e+01   -1.1410143406e+01    3.9890073311e+00    2.3297526212e+00   -1.3739896027e+01    1.2800000000e+02    8.0411629997e-03    6.5966796875e-01
       103   -7.5631968586e+00    5.7418636421e+01   -1.4618864564e+01    7.0556677051e+00    2.8076864167e+00   -1.7426550980e+01    1.2800000000e+02    8.0792869994e-03    6.3085937500e-01
       104   -7.5091776049e+00    5.6560990372e+01   -1.2743329857e+01    5.2341522526e+00    2.4401359125e+00   -1.5183465770e+01    1.2800000000e+02    7.8859739997e-03    6.4404296875e-01
       105   -7.3746334591e+00    5.4549743506e+01   -1.2770442773e+01    5.3958093135e+00    2.6036546676e+00   -1.5374097440e+01    1.2800000000e+02    8.0519399999e-03    6.6162109375e-01
       106   -7.4773828454e+00    5.6086735828e+01   -1.8853732396e+01    1.1376349551e+01    2.8065667558e+00   -2.1660299152e+01    1.2800000000e+02    7.8934480007e-03    6.3769531250e-01
       107   -7.4513013181e+00    5.5787777151e+01   -1.5063261543e+01    7.6119602250e+00    2.4058436172e+00   -1.7469105160e+01    1.2800000000e+02    8.0513909998e-03    6.4794921875e-01
       108   -7.5294230451e+00    5.6930442511e+01   -1.6850944501e+01    9.3215214559e+00    2.6461246929e+00   -1.9497069194e+01    1.2800000000e+02    8.6738170003e-03    6.3525390625e-01
       109   -7.4194841311e+00    5.5331547905e+01   -1.2607953011e+01    5.1884688796e+00    2.6774229843e+00   -1.5285375995e+01    1.2800000000e+02    8.9395140003e-03    6.4697265625e-01
       110   -7.3369503612e+00    5.3989161596e+01   -1.1736799521e+01    4.3998491600e+00    2.1471598340e+00   -1.3883959355e+01    1.2800000000e+02    8.1836959998e-03    6.7382812500e-01
       111   -7.5271327801e+00    5.7136587253e+01   -2.2924475747e+01    1.5397342967e+01    3.3315341303e+00   -2.6256009878e+01    1.2800000000e+02    9.4576140000e-03    6.2353515625e-01
       112   -7.4260729673e+00    5.5318646051e+01   -1.4048267710e+01    6.6221947431e+00    2.5594587555e+00   -1.6607726466e+01    1.2800000000e+02    8.4091649996e-03    6.4257812500e-01
       113   -7.4835998909e+00    5.6156600671e+01   -1.7576170707e+01    1.0092570816e+01    2.5274286870e+00   -2.0103599394e+01    1.2800000000e+02    8.8716299997e-03    6.4404296875e-01
       114   -7.4747284538e+00    5.6004928252e+01   -1.4477073910e+01    7.0023454561e+00    2.4433431117e+00   -1.6920417022e+01    1.2800000000e+02    8.9914720002e-03    6.6552734375e-01
       115   -7.5440595561e+00    5.7101780287e+01   -1.8597913372e+01    1.1053853816e+01    2.7012870873e+00   -2.1299200459e+01    1.2800000000e+02    8.1221390001e-03    6.1962890625e-01
       116   -7.4780330715e+00    5.6134138379e+01   -1.5285686775e+01    7.8076537031e+00    2.5507229926e+00   -1.7836409767e+01    1.2800000000e+02    1.5478932000e-02    6.2597656250e-01
       117   -7.3852131826e+00    5.4715014340e+01   -1.2201265875e+01    4.8160526929e+00    2.4238358176e+00   -1.4625101693e+01    1.2800000000e+02    1.2709828000e-02    6.6406250000e-01
       118   -7.4869036107e+00    5.6333823646e+01   -1.5671999182e+01    8.1850955708e+00    2.7748851897e+00   -1.8446884371e+01    1.2800000000e+02    8.1652270001e-03    6.3476562500e-01
       119   -7.3722161231e+00    5.4495986246e+01   -1.3006669653e+01    5.6344535298e+00    2.5984126495e+00   -1.5605082302e+01    1.2800000000e+02    8.2131500003e-03    6.4550781250e-01
       120   -7.4890050257e+00    5.6271665554e+01   -1.5229806468e+01    7.7408014419e+00    2.7536219744e+00   -1.7983428442e+01    1.2800000000e+02    9.3872540001e-03    6.4746093750e-01
       121   -7.4701736728e+00    5.5987415525e+01   -1.4594174851e+01    7.1240011782e+00    2.6166070157e+00   -1.7210781867e+01    1.2800000000e+02    9.4895820002e-03    6.4648437500e-01
       122   -7.3697079294e+00    5.4428853565e+01   -1.5301482029e+01    7.9317740997e+00    2.4582379051e+00   -1.7759719934e+01    1.2800000000e+02    8.5612080002e-03    6.4843750000e-01
       123   -7.4723522332e+00    5.6015861906e+01   -1.6074046013e+01    8.6016937801e+00    2.4011275995e+00   -1.8475173613e+01    1.2800000000e+02    8.4076339999e-03    6.2695312500e-01
       124   -7.4589632848e+00    5.5828322613e+01   -1.7632566704e+01    1.0173603419e+01    2.6541254250e+00   -2.0286692129e+01    1.2800000000e+02    7.8549279997e-03    6.2109375000e-01
       125   -7.5392332169e+00    5.7033696417e+01   -1.1953968110e+01    4.4147348933e+00    2.5417673032e+00   -1.4495735413e+01    1.2800000000e+02    8.4559819998e-03    6.5429687500e-01
       126   -7.3451985286e+00    5.4196081220e+01   -3.1063843241e+01    2.3718644713e+01    2.7197303062e+00   -3.3783573547e+01    1.2800000000e+02    8.0604579998e-03    6.3330078125e-01
       127   -7.7492794395e+00    6.0621361424e+01   -1.5377789909e+01    7.6285104697e+00    2.7447837573e+00   -1.8122573667e+01    1.2800000000e+02    1.0175555000e-02    6.3037109375e-01
       128   -7.3230198373e+00    5.3783071739e+01   -1.2790778865e+01    5.4677590281e+00    2.5482895815e+00   -1.5339068447e+01    1.2800000000e+02    7.8325160002e-03    6.4892578125e-01
       129   -7.3812960074e+00    5.4586777701e+01   -1.1114951933e+01    3.7336559254e+00    2.2882921625e+00   -1.3403244095e+01    1.2800000000e+02    8.1766040003e-03    6.6113281250e-01
       130   -7.5375756684e+00    5.7106557607e+01   -1.5081430603e+01    7.5438549350e+00    2.7319314913e+00   -1.7813362095e+01    1.2800000000e+02    7.9787370005e-03    6.2207031250e-01
       131   -7.3823982818e+00    5.4865810052e+01   -1.5063384253e+01    7.6809859711e+00    2.6024776345e+00   -1.7665861887e+01    1.2800000000e+02    8.0776649993e-03    6.2597656250e-01
       132   -7.4468299766e+00    5.5730935886e+01   -1.7420814211e+01    9.9739842340e+00    2.8288467321e+00   -2.0249660943e+01    1.2800000000e+02    8.1162639999e-03    6.1865234375e-01
       133   -7.3292360971e+00    5.3912957602e+01   -1.1041975283e+01    3.7127391862e+00    2.4662221536e+00   -1.3508197437e+01    1.2800000000e+02    8.0381010002e-03    6.5185546875e-01
       134   -7.4151148080e+00    5.5174410106e+01   -1.5019412741e+01    7.6042979332e+00    2.3996139542e+00   -1.7419026695e+01    1.2800000000e+02    8.0540839999e-03    6.4306640625e-01
       135   -7.4204984145e+00    5.5293444129e+01   -1.3668908329e+01    6.2484099141e+00    2.3729682603e+00   -1.6041876589e+01    1.2800000000e+02    9.7913449999e-03    6.4453125000e-01
       136   -7.5504888630e+00    5.7334048573e+01   -2.0994750275e+01    1.3444261412e+01    2.5466667546e+00   -2.3541417030e+01    1.2800000000e+02    7.7244260001e-03    6.3183593750e-01
       137   -7.5881269335e+00    5.7868338599e+01   -1.5984690897e+01    8.3965639640e+00    3.0146964966e+00   -1.8999387394e+01    1.2800000000e+02    9.9207720004e-03    6.3964843750e-01
       138   -7.7609243927e+00    6.0771388233e+01   -1.8810601310e+01    1.1049676917e+01    2.8507800008e+00   -2.1661381311e+01    1.2800000000e+02    1.2250140000e-02    6.2304687500e-01
       139   -7.3641075623e+00    5.4399925656e+01   -1.2941557142e+01    5.5774495798e+00    2.5253120643e+00   -1.5466869206e+01    1.2800000000e+02    8.9563080001e-03    6.6650390625e-01
       140   -7.3882240993e+00    5.4738839715e+01   -1.2568979137e+01    5.1807550375e+00    2.5708495713e+00   -1.5139828708e+01    1.2800000000e+02    9.2770149995e-03    6.5673828125e-01
       141   -7.4044595846e+00    5.4978882503e+01   -1.1430881518e+01    4.0264219334e+00    2.5780372072e+00   -1.4008918725e+01    1.2800000000e+02    8.1911819998e-03    6.3525390625e-01
       142   -7.4263221461e+00    5.5274075483e+01   -1.1750204040e+01    4.3238818936e+00    2.2027206143e+00   -1.3952924654e+01    1.2800000000e+02    8.0046849998e-03    6.6650390625e-01
       143   -7.4358867037e+00    5.5470719815e+01   -1.7556477008e+01    1.0120590305e+01    2.7327539929e+00   -2.0289231001e+01    1.2800000000e+02    8.8228580007e-03    6.3232421875e-01
       144   -7.3963590157e+00    5.4872256016e+01   -1.2574410496e+01    5.1780514802e+00    2.8208872385e+00   -1.5395297734e+01    1.2800000000e+02    9.5152510003e-03    6.4404296875e-01
       145   -7.3806529462e+00    5.4700385431e+01   -1.2596024723e+01    5.2153717771e+00    2.6120343819e+00   -1.5208059105e+01    1.2800000000e+02    8.7299400002e-03    6.5087890625e-01
       146   -7.3495022977e+00    5.4120273034e+01   -1.4795767023e+01    7.4462647249e+00    2.3430572927e+00   -1.7138824315e+01    1.2800000000e+02    1.1577390000e-02    6.5478515625e-01
       147   -7.4709478871e+00    5.6090954693e+01   -1.2793120056e+01    5.3221721692e+00    2.5599864302e+00   -1.5353106487e+01    1.2800000000e+02    8.1581750001e-03    6.4306640625e-01
       148   -7.4217396174e+00    5.5215382975e+01   -1.1907897974e+01    4.4861583564e+00    2.5116046876e+00   -1.4419502661e+01    1.2800000000e+02    8.3210499997e-03    6.5771484375e-01
       149   -7.4623622495e+00    5.5874297053e+01   -1.3469544361e+01    6.0071821112e+00    2.7573591115e+00   -1.6226903472e+01    1.2800000000e+02    7.9697980000e-03    6.3330078125e-01
       150   -7.3568460182e+00    5.4275802181e+01   -1.3287583059e+01    5.9307370403e+00    2.4859731973e+00   -1.5773556256e+01    1.2800000000e+02    7.7968179994e-03    6.2109375000e-01
       151   -7.5282450351e+00    5.6899286564e+01   -1.3463662320e+01    5.9354172851e+00    2.4059327045e+00   -1.5869595025e+01    1.2800000000e+02    8.0219930005e-03    6.5673828125e-01
       152   -7.4106781066e+00    5.5065676872e+01   -1.4281017950e+01    6.8703398434e+00    2.8566411654e+00   -1.7137659115e+01    1.2800000000e+02    7.7986110000e-03    6.2646484375e-01
       153   -7.6678892448e+00    5.9150821659e+01   -1.8707960926e+01    1.1040071681e+01    2.7146388499e+00   -2.1422599775e+01    1.2800000000e+02    8.1040400000e-03    6.5527343750e-01
       154   -7.4729806461e+00    5.6059560294e+01   -1.4069331215e+01    6.5963505690e+00    2.6800975051e+00   -1.6749428720e+01    1.2800000000e+02    7.8929900001e-03    6.3525390625e-01
       155   -7.7064344229e+00    5.9878824358e+01   -1.4976732881e+01    7.2702984579e+00    2.6040480904e+00   -1.7580780971e+01    1.2800000000e+02    8.0845490002e-03    6.3769531250e-01
       156   -7.4296025982e+00    5.5435320811e+01   -1.5396365923e+01    7.9667633252e+00    2.7037106947e+00   -1.8100076618e+01    1.2800000000e+02    8.0920020000e-03    6.3818359375e-01
       157   -7.3416580016e+00    5.4117029719e+01   -1.2385506370e+01    5.0438483683e+00    2.6353643550e+00   -1.5020870725e+01    1.2800000000e+02    7.9654890005e-03    6.2744140625e-01
       158   -7.5635033215e+00    5.7483980036e+01   -1.4229527268e+01    6.6660239463e+00    2.8853582985e+00   -1.7114885566e+01    1.2800000000e+02    1.4711083000e-02    6.1035156250e-01
       159   -7.4063838844e+00    5.5029002983e+01   -1.3237860384e+01    5.8314764996e+00    2.6541758268e+00   -1.5892036211e+01    1.2800000000e+02    1.1418333999e-02    6.4257812500e-01
       160   -7.3928252470e+00    5.4830990243e+01   -1.3746095993e+01    6.3532707460e+00    2.9096398995e+00   -1.6655735892e+01    1.2800000000e+02    7.8671460005e-03    6.2548828125e-01
       161   -7.4191199796e+00    5.5187455406e+01   -1.1336208507e+01    3.9170885278e+00    2.4401665821e+00   -1.3776375089e+01    1.2800000000e+02    7.9868759994e-03    6.5771484375e-01
       162   -7.4109562780e+00    5.5053685688e+01   -1.2963121640e+01    5.5521653620e+00    2.3813263966e+00   -1.5344448037e+01    1.2800000000e+02    8.4685530001e-03    6.5722656250e-01
       163   -7.4823214421e+00    5.6302958717e+01   -1.5673919158e+01    8.1915977163e+00    2.5049774078e+00   -1.8178896566e+01    1.2800000000e+02    7.9223980001e-03    6.4453125000e-01
       164   -7.4808985655e+00    5.6236977629e+01   -1.7621161239e+01    1.0140262674e+01    2.6905503735e+00   -2.0311711613e+01    1.2800000000e+02    8.1199110000e-03    6.4404296875e-01
       165   -7.3815486895e+00    5.4653864030e+01   -1.5956398663e+01    8.5748499738e+00    2.7071192673e+00   -1.8663517931e+01    1.2800000000e+02    7.9877400003e-03    6.2841796875e-01
       166   -7.3522487657e+00    5.4273732764e+01   -1.5505924517e+01    8.1536757511e+00    2.6410059422e+00   -1.8146930459e+01    1.2800000000e+02    7.9097509997e-03    6.0546875000e-01
       167   -7.4104790341e+00    5.5151415890e+01   -1.2931248890e+01    5.5207698556e+00    2.6596714168e+00   -1.5590920306e+01    1.2800000000e+02    7.8367080005e-03    6.3916015625e-01
       168   -7.6237081789e+00    5.8293975934e+01   -1.5347561897e+01    7.7238537183e+00    2.8421409273e+00   -1.8189702825e+01    1.2800000000e+02    7.8473479998e-03    6.2646484375e-01
       169   -7.3477912308e+00    5.4212098276e+01   -1.5160834319e+01    7.8130430887e+00    2.8931704563e+00   -1.8054004776e+01    1.2800000000e+02    7.8630270000e-03    6.2890625000e-01
       170   -7.6887640384e+00    5.9418669415e+01   -1.5234641702e+01    7.5458776639e+00    2.5782528611e+00   -1.7812894563e+01    1.2800000000e+02    7.7383489997e-03    6.3867187500e-01
       171   -7.5182761194e+00    5.6812664553e+01   -1.8178148274e+01    1.0659872155e+01    2.6936581381e+00   -2.0871806412e+01    1.2800000000e+02    7.7782660001e-03    6.3232421875e-01
       172   -7.4252473157e+00    5.5346145891e+01   -1.5061400116e+01    7.6361528006e+00    2.6116518092e+00   -1.7673051926e+01    1.2800000000e+02    8.1700290002e-03    6.5820312500e-01
       173   -7.4694014114e+00    5.6124968650e+01   -1.4230640658e+01    6.7612392464e+00    2.8281370939e+00   -1.7058777752e+01    1.2800000000e+02    8.9084480005e-03    6.3574218750e-01
       174   -7.7065491561e+00    5.9804210011e+01   -1.4574092707e+01    6.8675435506e+00    2.7484352022e+00   -1.7322527909e+01    1.2800000000e+02    7.8181440003e-03    6.2988281250e-01
       175   -7.3672122119e+00    5.4466113840e+01   -1.4536488470e+01    7.1692762580e+00    2.5530703617e+00   -1.7089558832e+01    1.2800000000e+02    8.1115970006e-03    6.4892578125e-01
       176   -7.3968304574e+00    5.4919963510e+01   -2.5025100081e+01    1.7628269624e+01    2.8886153041e+00   -2.7913715385e+01    1.2800000000e+02    7.7619670001e-03    6.1621093750e-01
       177   -7.4080485145e+00    5.5050654631e+01   -1.5252252354e+01    7.8442038391e+00    2.6389232354e+00   -1.7891175589e+01    1.2800000000e+02    8.9279619997e-03    6.5087890625e-01
       178   -7.3800587976e+00    5.4606350708e+01   -1.4441755098e+01    7.0616963002e+00    2.9438194857e+00   -1.7385574583e+01    1.2800000000e+02    7.8105490002e-03    6.2207031250e-01
       179   -7.5168315117e+00    5.6743124279e+01   -1.1700031818e+01    4.1832003068e+00    2.3208537088e+00   -1.4020885527e+01    1.2800000000e+02    9.1424570001e-03    6.7578125000e-01
       180   -7.4706545598e+00    5.5975839988e+01   -1.4517058740e+01    7.0464041797e+00    2.2393163338e+00   -1.6756375073e+01    1.2800000000e+02    7.8791160004e-03    6.7236328125e-01
       181   -7.4588441728e+00    5.5949774220e+01   -1.5192340303e+01    7.7334961302e+00    2.4342138670e+00   -1.7626554170e+01    1.2800000000e+02    8.1306850007e-03    6.4355468750e-01
       182   -7.3973284397e+00    5.4964764209e+01   -1.3192264041e+01    5.7949356016e+00    2.7313804368e+00   -1.5923644478e+01    1.2800000000e+02    8.0114449993e-03    6.2792968750e-01
       183   -7.5052028581e+00    5.6535145754e+01   -1.5504150241e+01    7.9989473824e+00    2.5987769554e+00   -1.8102927196e+01    1.2800000000e+02    8.9768709995e-03    6.2890625000e-01
       184   -7.5047700286e+00    5.6573159933e+01   -1.8075101907e+01    1.0570331878e+01    2.2627926390e+00   -2.0337894546e+01    1.2800000000e+02    8.0519029998e-03    6.2695312500e-01
       185   -7.5208166056e+00    5.6839953172e+01   -1.2098615738e+01    4.5777991324e+00    2.4772885785e+00   -1.4575904316e+01    1.2800000000e+02    8.1081030003e-03    6.4208984375e-01
       186   -7.6631671116e+00    5.9021288236e+01   -1.8812688342e+01    1.1149521231e+01    2.5427631272e+00   -2.1355451469e+01    1.2800000000e+02    8.0273240001e-03    6.3818359375e-01
       187   -7.3651886817e+00    5.4429329547e+01   -1.3268989900e+01    5.9038012183e+00    2.4263963866e+00   -1.5695386287e+01    1.2800000000e+02    8.8345539998e-03    6.3818359375e-01
       188   -7.5961675239e+00    5.7979971853e+01   -1.4930464681e+01    7.3342971569e+00    2.2261594336e+00   -1.7156624114e+01    1.2800000000e+02    7.8503229997e-03    6.5917968750e-01
       189   -7.3895275170e+00    5.4766888154e+01   -1.2612586827e+01    5.2230593105e+00    2.5354661710e+00   -1.5148052998e+01    1.2800000000e+02    8.1209909995e-03    6.5283203125e-01
       190   -7.4993837018e+00    5.6413809789e+01   -1.0559705498e+01    3.0603217964e+00    2.6129015230e+00   -1.3172607021e+01    1.2800000000e+02    7.9547299993e-03    6.6601562500e-01
       191   -7.3863325344e+00    5.4776452205e+01   -2.3814079052e+01    1.6427746518e+01    2.4651949787e+00   -2.6279274031e+01    1.2800000000e+02    9.1821079995e-03    6.3916015625e-01
       192   -7.2687202117e+00    5.2976669388e+01   -1.2592215753e+01    5.3234955417e+00    2.8185080962e+00   -1.5410723850e+01    1.2800000000e+02    7.8444520004e-03    6.3037109375e-01
       193   -7.3752520893e+00    5.4573628402e+01   -1.2203448382e+01    4.8281962931e+00    2.6420891966e+00   -1.4845537579e+01    1.2800000000e+02    8.3312759998e-03    6.3281250000e-01
       194   -7.5741987211e+00    5.7692683374e+01   -1.5933918680e+01    8.3597199591e+00    2.6545514890e+00   -1.8588470169e+01    1.2800000000e+02    7.9241740004e-03    6.5332031250e-01
       195   -7.6204213411e+00    5.8420168321e+01   -1.9485058973e+01    1.1864637632e+01    2.9473941563e+00   -2.2432453130e+01    1.2800000000e+02    9.0191119998e-03    6.4746093750e-01
       196   -7.5034962612e+00    5.6502449502e+01   -2.2900061840e+01    1.5396565579e+01    2.7095528167e+00   -2.5609614657e+01    1.2800000000e+02    8.0853179998e-03    6.4501953125e-01
       197   -7.4939480263e+00    5.6421252512e+01   -1.3209064412e+01    5.7151163855e+00    2.6030799462e+00   -1.5812144358e+01    1.2800000000e+02    8.1435200000e-03    6.4257812500e-01
       198   -7.5815532164e+00    5.7737995223e+01   -1.3873603498e+01    6.2920502820e+00    2.6470476339e+00   -1.6520651132e+01    1.2800000000e+02    7.8572149996e-03    6.4746093750e-01
       199   -7.4825845502e+00    5.6225317294e+01   -1.3138039647e+01    5.6554550972e+00    2.4894562045e+00   -1.5627495852e+01    1.2800000000e+02    7.8486279999e-03    6.4355468750e-01
       200   -7.3676319391e+00    5.4396657066e+01   -1.3848386291e+01    6.4807543521e+00    2.8492767650e+00   -1.6697663056e+01    1.2800000000e+02    7.9006719998e-03    6.5673828125e-01
       201   -7.5331499171e+00    5.6928804466e+01   -2.0180617688e+01    1.2647467771e+01    2.4768889176e+00   -2.2657506605e+01    1.2800000000e+02    8.0414499998e-03    6.2353515625e-01
       202   -7.3790872155e+00    5.4562544710e+01   -1.1912199417e+01    4.5331122012e+00    2.6463297270e+00   -1.4558529144e+01    1.2800000000e+02    8.7854940002e-03    6.5234375000e-01
       203   -7.5116174914e+00    5.6787014218e+01   -1.6048834045e+01    8.5372165538e+00    3.0515428950e+00   -1.9100376940e+01    1.2800000000e+02    7.7666449997e-03    6.2109375000e-01
       204   -7.4427830562e+00    5.5558953994e+01   -1.3234323830e+01    5.7915407740e+00    2.5440584890e+00   -1.5778382319e+01    1.2800000000e+02    8.2374789999e-03    6.3769531250e-01
       205   -7.5776171557e+00    5.7702108400e+01   -1.6240242083e+01    8.6626249274e+00    2.7270106869e+00   -1.8967252770e+01    1.2800000000e+02    7.9154870000e-03    6.3183593750e-01
       206   -7.3561350817e+00    5.4311460098e+01   -1.7130323573e+01    9.7741884910e+00    2.6677475298e+00   -1.9798071103e+01    1.2800000000e+02    7.8064699992e-03    6.2207031250e-01
       207   -7.4475717869e+00    5.5751202388e+01   -1.5080264442e+01    7.6326926553e+00    3.2471716216e+00   -1.8327436064e+01    1.2800000000e+02    7.7971350001e-03    6.2353515625e-01
       208   -7.4478784132e+00    5.5658721514e+01   -1.3996810204e+01    6.5489317905e+00    2.8023722622e+00   -1.6799182466e+01    1.2800000000e+02    7.9803780000e-03    6.3037109375e-01
       209   -7.4180677171e+00    5.5147436313e+01   -1.3098894560e+01    5.6808268431e+00    2.4645975555e+00   -1.5563492116e+01    1.2800000000e+02    8.2880150003e-03    6.4990234375e-01
       210   -7.4812838157e+00    5.6115327250e+01   -1.0601283100e+01    3.1199992840e+00    2.1814348755e+00   -1.2782717975e+01    1.2800000000e+02    7.8835109998e-03    6.6064453125e-01
       211   -7.7460710233e+00    6.0330403148e+01   -1.6832929392e+01    9.0868583691e+00    3.2060480617e+00   -2.0038977454e+01    1.2800000000e+02    7.7949280003e-03    6.1279296875e-01
       212   -7.5365432086e+00    5.7123704059e+01   -1.5479938132e+01    7.9433949233e+00    2.6658797554e+00   -1.8145817887e+01    1.2800000000e+02    8.0509589998e-03    6.3330078125e-01
       213   -7.4333458079e+00    5.5477772225e+01   -1.6652977042e+01    9.2196312340e+00    2.3008054849e+00   -1.8953782527e+01    1.2800000000e+02    7.7573760000e-03    6.4892578125e-01
       214   -7.4929000689e+00    5.6392810436e+01   -5.2986920113e+01    4.5494020044e+01    2.6554558934e+00   -5.5642376007e+01    1.2800000000e+02    7.7955340003e-03    6.2353515625e-01
       215   -7.5747725858e+00    5.7593655718e+01   -1.5067191040e+01    7.4924184543e+00    2.3562025147e+00   -1.7423393555e+01    1.2800000000e+02    7.8738889997e-03    6.5380859375e-01
       216   -7.4744793930e+00    5.6115004560e+01   -1.1870760032e+01    4.3962806386e+00    2.6490654632e+00   -1.4519825495e+01    1.2800000000e+02    9.9443449999e-03    6.5185546875e-01
       217   -7.3501067304e+00    5.4183621986e+01   -1.0992727107e+01    3.6426203761e+00    2.4859728632e+00   -1.3478699970e+01    1.2800000000e+02    7.8991350001e-03    6.6259765625e-01
       218   -7.4120571322e+00    5.5050341975e+01   -1.1540823351e+01    4.1287662185e+00    2.2882924608e+00   -1.3829115812e+01    1.2800000000e+02    7.8234049997e-03    6.3916015625e-01
       219   -7.4415499361e+00    5.5547165083e+01   -1.4606513340e+01    7.1649634041e+00    2.6262472046e+00   -1.7232760545e+01    1.2800000000e+02    7.9440309992e-03    6.2451171875e-01
       220   -7.4558789500e+00    5.5720060734e+01   -1.2793158688e+01    5.3372797380e+00    2.9698229941e+00   -1.5762981682e+01    1.2800000000e+02    7.9118459998e-03    6.4111328125e-01
       221   -7.4647179424e+00    5.6031755321e+01   -1.5442492132e+01    7.9777741898e+00    2.6015174218e+00   -1.8044009554e+01    1.2800000000e+02    8.0017310001e-03    6.2939453125e-01
       222   -7.5675216420e+00    5.7538490825e+01   -1.5545039880e+01    7.9775182381e+00    2.7860084714e+00   -1.8331048351e+01    1.2800000000e+02    8.0566580000e-03    6.4111328125e-01
       223   -7.5629743807e+00    5.7662223407e+01   -3.3930729715e+01    2.6367755335e+01    3.3499022852e+00   -3.7280632001e+01    1.2800000000e+02    7.7342519999e-03    5.9033203125e-01
       224   -7.5814531646e+00    5.7701878311e+01   -1.4381325654e+01    6.7998724894e+00    2.8354821405e+00   -1.7216807795e+01    1.2800000000e+02    7.8597949996e-03    6.2792968750e-01
       225   -7.5483619039e+00    5.7152522452e+01   -1.2612816631e+01    5.0644547274e+00    2.4462332023e+00   -1.5059049834e+01    1.2800000000e+02    7.8932359993e-03    6.6308593750e-01
       226   -7.6183637811e+00    5.8476688234e+01   -2.0826913364e+01    1.3208549583e+01    2.6619373812e+00   -2.3488850745e+01    1.2800000000e+02    7.7789899997e-03    6.2109375000e-01
       227   -7.3723310589e+00    5.4549583618e+01   -1.4359718798e+01    6.9873877388e+00    2.5296460812e+00   -1.6889364879e+01    1.2800000000e+02    9.1279640001e-03    6.1962890625e-01
       228   -7.4098059903e+00    5.5169195900e+01   -1.2444273350e+01    5.0344673594e+00    2.5398377018e+00   -1.4984111052e+01    1.2800000000e+02    7.9530510002e-03    6.4892578125e-01
       229   -7.4641781644e+00    5.5972770216e+01   -1.5166061975e+01    7.7018838103e+00    2.7887686725e+00   -1.7954830647e+01    1.2800000000e+02    8.1693900001e-03    6.2304687500e-01
       230   -7.4737343252e+00    5.6045455406e+01   -1.3412239571e+01    5.9385052461e+00    2.5745379909e+00   -1.5986777562e+01    1.2800000000e+02    7.9077850005e-03    6.2451171875e-01
       231   -7.5665777923e+00    5.7429833205e+01   -1.7234337324e+01    9.6677595318e+00    2.8416409687e+00   -2.0075978293e+01    1.2800000000e+02    7.7003450006e-03    6.2304687500e-01
       232   -7.5115703870e+00    5.6678829353e+01   -1.6318439126e+01    8.8068687390e+00    2.6631638538e+00   -1.8981602980e+01    1.2800000000e+02    8.1895549993e-03    6.5380859375e-01
       233   -7.5922702333e+00    5.7873567601e+01   -1.7494321384e+01    9.9020511505e+00    3.0000333125e+00   -2.0494354696e+01    1.2800000000e+02    8.5799070002e-03    6.0498046875e-01
       234   -7.3702415453e+00    5.4465981633e+01   -1.0755191481e+01    3.3849499354e+00    2.1953954237e+00   -1.2950586904e+01    1.2800000000e+02    8.8434639993e-03    6.5380859375e-01
       235   -7.4587115121e+00    5.5834818423e+01   -1.3429791797e+01    5.9710802854e+00    2.6731288893e+00   -1.6102920687e+01    1.2800000000e+02    8.0037829994e-03    6.4892578125e-01
       236   -7.5363262093e+00    5.7147033413e+01   -1.2965531872e+01    5.4292056624e+00    2.6613524563e+00   -1.5626884328e+01    1.2800000000e+02    8.0205309996e-03    6.4355468750e-01
       237   -7.4449543708e+00    5.5688418233e+01   -1.5882150714e+01    8.4371963427e+00    2.5518381420e+00   -1.8433988856e+01    1.2800000000e+02    7.8140959995e-03    6.4453125000e-01
       238   -7.5503496385e+00    5.7297569031e+01   -1.4825259859e+01    7.2749102206e+00    3.0283164816e+00   -1.7853576341e+01    1.2800000000e+02    9.6380919995e-03    6.4208984375e-01
       239   -7.5380284258e+00    5.7159320134e+01   -1.4314917974e+01    6.7768895479e+00    2.8557010723e+00   -1.7170619046e+01    1.2800000000e+02    7.8779699998e-03    6.3330078125e-01
       240   -7.3651159154e+00    5.4489585140e+01   -2.3701857491e+01    1.6336741576e+01    3.0761279291e+00   -2.6777985420e+01    1.2800000000e+02    7.9316729998e-03    6.0888671875e-01
       241   -7.6832520726e+00    5.9369097758e+01   -1.9173468988e+01    1.1490216916e+01    3.0714165141e+00   -2.2244885502e+01    1.2800000000e+02    8.5822940000e-03    6.0156250000e-01
       242   -7.4882260871e+00    5.6234429649e+01   -1.2760744192e+01    5.2725181052e+00    2.4295666083e+00   -1.5190310801e+01    1.2800000000e+02    8.2069079999e-03    6.5966796875e-01
       243   -7.4903257589e+00    5.6341077496e+01   -1.2595741572e+01    5.1054158136e+00    2.3141661744e+00   -1.4909907747e+01    1.2800000000e+02    7.8581820007e-03    6.5332031250e-01
       244   -7.4414183935e+00    5.5655450512e+01   -1.4923799545e+01    7.4823811517e+00    2.7447867649e+00   -1.7668586310e+01    1.2800000000e+02    7.9529819996e-03    6.3427734375e-01
       245   -7.4852097470e+00    5.6238756054e+01   -1.8259259599e+01    1.0774049852e+01    3.6621612590e+00   -2.1921420858e+01    1.2800000000e+02    7.8047610004e-03    6.0986328125e-01
       246   -7.4357355040e+00    5.5431895704e+01   -1.5863018785e+01    8.4272832813e+00    2.4896360235e+00   -1.8352654809e+01    1.2800000000e+02    8.1497820001e-03    6.3085937500e-01
       247   -7.4323951865e+00    5.5460673876e+01   -1.2808150445e+01    5.3757552590e+00    2.6654815054e+00   -1.5473631951e+01    1.2800000000e+02    7.9659389994e-03    6.3867187500e-01
       248   -7.4146727929e+00    5.5125235740e+01   -1.4924974590e+01    7.5103017967e+00    2.8070644773e+00   -1.7732039067e+01    1.2800000000e+02    7.8391719999e-03    6.1621093750e-01
       249   -7.4934955342e+00    5.6370085107e+01   -1.3653993808e+01    6.1604982735e+00    2.7840104972e+00   -1.6438004305e+01    1.2800000000e+02    1.2122207000e-02    6.3037109375e-01
       250   -7.5341438508e+00    5.7064801089e+01   -1.3375124500e+01    5.8409806495e+00    2.5099463155e+00   -1.5885070816e+01    1.2800000000e+02    8.1102859995e-03    6.2890625000e-01
       251   -7.4708959946e+00    5.6127431792e+01   -1.8066991905e+01    1.0596095911e+01    2.6919416574e+00   -2.0758933563e+01    1.2800000000e+02    7.8997410001e-03    6.1621093750e-01
       252   -7.3767191734e+00    5.4541274104e+01   -1.1372263641e+01    3.9955444677e+00    2.3461182946e+00   -1.3718381936e+01    1.2800000000e+02    8.2618759998e-03    6.6552734375e-01
       253   -7.3363484896e+00    5.3950813586e+01   -1.1780868551e+01    4.4445200618e+00    2.5771145912e+00   -1.4357983143e+01    1.2800000000e+02    8.0193009999e-03    6.5429687500e-01
       254   -7.3378344802e+00    5.4023683833e+01   -1.1875933487e+01    4.5380990065e+00    2.5712481946e+00   -1.4447181681e+01    1.2800000000e+02    7.8454329996e-03    6.4062500000e-01
       255   -7.4550264453e+00    5.5873020746e+01   -1.8288066024e+01    1.0833039578e+01    2.9790155199e+00   -2.1267081544e+01    1.2800000000e+02    7.8095419994e-03    6.2988281250e-01
       256   -7.5917035378e+00    5.8097820070e+01   -1.3694805435e+01    6.1031018974e+00    2.6518745746e+00   -1.6346680010e+01    1.2800000000e+02    7.9309240000e-03    6.2646484375e-01
       257   -7.4835596397e+00    5.6332848554e+01   -1.5635354635e+01    8.1517949953e+00    2.5546964832e+00   -1.8190051118e+01    1.2800000000e+02    7.7004080003e-03    6.2548828125e-01
       258   -7.4536400723e+00    5.5754245835e+01   -1.2976955290e+01    5.5233152172e+00    2.5089792962e+00   -1.5485934586e+01    1.2800000000e+02    8.2946570001e-03    6.4892578125e-01
       259   -7.4753171873e+00    5.6208613851e+01   -1.5334608724e+01    7.8592915369e+00    2.6217867256e+00   -1.7956395450e+01    1.2800000000e+02    8.0816880009e-03    6.2597656250e-01
       260   -7.4334647770e+00    5.5421353063e+01   -1.3346317462e+01    5.9128526848e+00    2.3699388531e+00   -1.5716256315e+01    1.2800000000e+02    9.0758429997e-03    6.7919921875e-01
       261   -7.5024653684e+00    5.6472390894e+01   -1.7288696995e+01    9.7862316263e+00    2.7960638191e+00   -2.0084760814e+01    1.2800000000e+02    7.8847759996e-03    6.2792968750e-01
       262   -7.4151531505e+00    5.5248644121e+01   -1.5917878091e+01    8.5027249409e+00    2.6900678599e+00   -1.8607945951e+01    1.2800000000e+02    8.0501450002e-03    6.3964843750e-01
       263   -7.4459754297e+00    5.5651481916e+01   -1.3901202734e+01    6.4552273041e+00    2.6318078172e+00   -1.6533010551e+01    1.2800000000e+02    7.9523009999e-03    6.4599609375e-01
       264   -7.4957589708e+00    5.6392072055e+01   -1.4765084679e+01    7.2693257084e+00    2.6382682475e+00   -1.7403352927e+01    1.2800000000e+02    1.0754218000e-02    6.3964843750e-01
       265   -7.6608189102e+00    5.9106530939e+01   -1.5588646968e+01    7.9278280583e+00    2.5751164602e+00   -1.8163763429e+01    1.2800000000e+02    1.0170273000e-02    6.2451171875e-01
       266   -7.3822403131e+00    5.4672994527e+01   -1.2230444987e+01    4.8482046736e+00    2.7586361287e+00   -1.4989081115e+01    1.2800000000e+02    7.9432069997e-03    6.3916015625e-01
       267   -7.3803762783e+00    5.4692586781e+01   -1.2886491319e+01    5.5061150410e+00    2.6284072253e+00   -1.5514898545e+01    1.2800000000e+02    1.3920948000e-02    6.4453125000e-01
       268   -7.3081236808e+00    5.3542079627e+01   -1.2280448713e+01    4.9723250325e+00    2.6112901115e+00   -1.4891738825e+01    1.2800000000e+02    1.4653872000e-02    6.4013671875e-01
       269   -7.6091458028e+00    5.8216635695e+01   -1.4366342949e+01    6.7571971462e+00    2.8249660445e+00   -1.7191308994e+01    1.2800000000e+02    1.0765274000e-02    6.4892578125e-01
       270   -7.3849765870e+00    5.4687141575e+01   -1.2006040798e+01    4.6210642110e+00    2.7570501754e+00   -1.4763090973e+01    1.2800000000e+02    8.0069070000e-03    6.5722656250e-01
       271   -7.5004337679e+00    5.6586858896e+01   -1.5893255038e+01    8.3928212697e+00    2.8575840741e+00   -1.8750839112e+01    1.2800000000e+02    8.0050600000e-03    6.4697265625e-01
       272   -7.5474964306e+00    5.7168870616e+01   -1.4792754486e+01    7.2452580556e+00    2.6041481568e+00   -1.7396902643e+01    1.2800000000e+02    8.0363749994e-03    6.4453125000e-01
       273   -7.4772192949e+00    5.6148826585e+01   -1.9815913225e+01    1.2338693930e+01    2.4774802129e+00   -2.2293393438e+01    1.2800000000e+02    7.9032190006e-03    6.5136718750e-01
       274   -7.5106162217e+00    5.6584847314e+01   -1.3025860223e+01    5.5152440012e+00    2.4802115396e+00   -1.5506071763e+01    1.2800000000e+02    7.8829430004e-03    6.6210937500e-01
       275   -7.5046297412e+00    5.6552462241e+01   -1.3208221376e+01    5.7035916353e+00    2.3239687891e+00   -1.5532190166e+01    1.2800000000e+02    7.9822329999e-03    6.4794921875e-01
       276   -7.5944419885e+00    5.7945646622e+01   -1.8630223561e+01    1.1035781573e+01    2.4443405410e+00   -2.1074564102e+01    1.2800000000e+02    7.9357109998e-03    6.3574218750e-01
       277   -7.7065106846e+00    5.9743961206e+01   -1.3999156936e+01    6.2926462518e+00    2.6710330901e+00   -1.6670190027e+01    1.2800000000e+02    7.9125490001e-03    6.5917968750e-01
       278   -7.3590160678e+00    5.4360069330e+01   -1.2075554135e+01    4.7165380673e+00    2.5668969380e+00   -1.4642451073e+01    1.2800000000e+02    8.0130100005e-03    6.4257812500e-01
       279   -7.4993296792e+00    5.6571372011e+01   -1.3730253077e+01    6.2309233981e+00    2.6436061602e+00   -1.6373859238e+01    1.2800000000e+02    7.9344189999e-03    6.4013671875e-01
       280   -7.6541641667e+00    5.9013032743e+01   -1.8146611948e+01    1.0492447781e+01    2.8498984941e+00   -2.0996510442e+01    1.2800000000e+02    7.8975259994e-03    6.2695312500e-01
       281   -7.4666136581e+00    5.5897552291e+01   -1.3368189540e+01    5.9015758818e+00    2.5948378880e+00   -1.5963027428e+01    1.2800000000e+02    8.3278729999e-03    6.6357421875e-01
       282   -7.5450718466e+00    5.7112137967e+01   -1.2612026584e+01    5.0669547379e+00    2.5322795653e+00   -1.5144306150e+01    1.2800000000e+02    8.0552649997e-03    6.5673828125e-01
       283   -7.3949456295e+00    5.4781782887e+01   -1.2625870033e+01    5.2309244033e+00    2.6715404938e+00   -1.5297410527e+01    1.2800000000e+02    7.8442360000e-03    6.4257812500e-01
       284   -7.4531785067e+00    5.5731318236e+01   -1.1410418014e+01    3.9572395072e+00    2.3618007285e+00   -1.3772218742e+01    1.2800000000e+02    7.9760829994e-03    6.6259765625e-01
       285   -7.4655958525e+00    5.5948782513e+01   -1.2892632942e+01    5.4270370890e+00    2.5472007607e+00   -1.5439833702e+01    1.2800000000e+02    7.8884350005e-03    6.4208984375e-01
       286   -7.4767691080e+00    5.6065655731e+01   -1.1859962715e+01    4.3831936074e+00    2.5013676971e+00   -1.4361330412e+01    1.2800000000e+02    7.8474490001e-03    6.4013671875e-01
       287   -7.6344707981e+00    5.8667636087e+01   -1.6471486592e+01    8.8370157939e+00    2.9824160556e+00   -1.9453902648e+01    1.2800000000e+02    8.1120240002e-03    6.3818359375e-01
       288   -7.4472913244e+00    5.5737437666e+01   -1.7612826073e+01    1.0165534749e+01    2.7340806872e+00   -2.0346906760e+01    1.2800000000e+02    8.1147789997e-03    6.2255859375e-01
       289   -7.5761111529e+00    5.7639402111e+01   -1.3433068210e+01    5.8569570569e+00    2.7153997520e+00   -1.6148467962e+01    1.2800000000e+02    8.0054390000e-03    6.4013671875e-01
       290   -7.6043220701e+00    5.8169744410e+01   -1.4666342547e+01    7.0620204768e+00    2.6536805571e+00   -1.7320023104e+01    1.2800000000e+02    7.8909900003e-03    6.3623046875e-01
       291   -7.5468593208e+00    5.7127588013e+01   -1.9004176211e+01    1.1457316890e+01    2.5666462646e+00   -2.1570822475e+01    1.2800000000e+02    8.0062910001e-03    6.3183593750e-01
       292   -7.4283118154e+00    5.5587056906e+01   -1.4267031319e+01    6.8387195041e+00    2.7902244160e+00   -1.7057255735e+01    1.2800000000e+02    8.0958170001e-03    6.4941406250e-01
       293   -7.4127015519e+00    5.5160044668e+01   -1.2832157800e+01    5.4194562480e+00    2.6153596059e+00   -1.5447517406e+01    1.2800000000e+02    8.2426739991e-03    6.4941406250e-01
       294   -7.4729239770e+00    5.6057473699e+01   -1.5726899591e+01    8.2539756140e+00    2.4583572466e+00   -1.8185256838e+01    1.2800000000e+02    8.2412190004e-03    6.5966796875e-01
       295   -7.4817749421e+00    5.6134807510e+01   -1.1479055295e+01    3.9972803530e+00    2.5034108127e+00   -1.3982466108e+01    1.2800000000e+02    8.2000359998e-03    6.7431640625e-01
       296   -7.5514659387e+00    5.7252647003e+01   -1.3984112933e+01    6.4326469938e+00    2.6564084208e+00   -1.6640521353e+01    1.2800000000e+02    8.0106369996e-03    6.5869140625e-01
       297   -7.4536416822e+00    5.5798622466e+01   -1.1692507697e+01    4.2388660152e+00    2.4561492157e+00   -1.4148656913e+01    1.2800000000e+02    8.0714759997e-03    6.6308593750e-01
       298   -7.4745794491e+00    5.6146324107e+01   -2.3053121534e+01    1.5578542085e+01    2.8461902695e+00   -2.5899311803e+01    1.2800000000e+02    7.6839340009e-03    6.1083984375e-01
       299   -7.4446520320e+00    5.5679866544e+01   -1.3046930890e+01    5.6022788584e+00    2.6174989155e+00   -1.5664429806e+01    1.2800000000e+02    8.0497769995e-03    6.4990234375e-01
       300   -7.4720904619e+00    5.6081314921e+01   -1.3636250862e+01    6.1641604000e+00    2.7107948264e+00   -1.6347045688e+01    1.2800000000e+02    7.8121240003e-03    6.4257812500e-01
       301   -7.4028406686e+00    5.4928403574e+01   -1.3634134600e+01    6.2312939319e+00    2.5471488131e+00   -1.6181283414e+01    1.2800000000e+02    8.1330369994e-03    6.4404296875e-01
       302   -7.4245172034e+00    5.5281430333e+01   -1.3727821570e+01    6.3033043670e+00    2.7776777380e+00   -1.6505499308e+01    1.2800000000e+02    7.8645260000e-03    6.2500000000e-01
       303   -7.4704183848e+00    5.5992206576e+01   -1.5422769210e+01    7.9523508251e+00    2.5614151228e+00   -1.7984184333e+01    1.2800000000e+02    8.0617580006e-03    6.4794921875e-01
       304   -7.5019218804e+00    5.6532824148e+01   -1.4474520549e+01    6.9725986688e+00    2.5186111994e+00   -1.6993131749e+01    1.2800000000e+02    7.7639890005e-03    6.3574218750e-01
       305   -7.5421803975e+00    5.7212170498e+01   -1.3860960049e+01    6.3187796516e+00    2.5307229537e+00   -1.6391683003e+01    1.2800000000e+02    8.0612610000e-03    6.4160156250e-01
       306   -7.4516084990e+00    5.5676522854e+01   -1.3028858077e+01    5.5772495784e+00    2.5290764235e+00   -1.5557934501e+01    1.2800000000e+02    8.3305250000e-03    6.6894531250e-01
       307   -7.4984697928e+00    5.6485096459e+01   -1.6505258051e+01    9.0067882581e+00    2.7024705110e+00   -1.9207728562e+01    1.2800000000e+02    8.0265719998e-03    6.3378906250e-01
       308   -7.5401849554e+00    5.7204943256e+01   -1.3770019652e+01    6.2298346970e+00    2.2317386049e+00   -1.6001758257e+01    1.2800000000e+02    7.9088020002e-03    6.6162109375e-01
       309   -7.5395376558e+00    5.7217175972e+01   -1.6569994150e+01    9.0304564947e+00    2.6535024269e+00   -1.9223496577e+01    1.2800000000e+02    7.8479300000e-03    6.1523437500e-01
       310   -7.3781997061e+00    5.4663116163e+01   -1.3633393415e+01    6.2551937089e+00    2.5588356296e+00   -1.6192229045e+01    1.2800000000e+02    7.8693830001e-03    6.3525390625e-01
       311   -7.5126981423e+00    5.6806424576e+01   -1.4279020828e+01    6.7663226858e+00    2.9026102875e+00   -1.7181631116e+01    1.2800000000e+02    8.0963119999e-03    6.5722656250e-01
       312   -7.4299741070e+00    5.5414606105e+01   -1.6076494157e+01    8.6465200502e+00    2.7825843901e+00   -1.8859078547e+01    1.2800000000e+02    7.8835020004e-03    6.4550781250e-01
       313   -7.5632174735e+00    5.7440684792e+01   -1.3186254571e+01    5.6230370976e+00    2.5429155005e+00   -1.5729170072e+01    1.2800000000e+02    8.3098019995e-03    6.5576171875e-01
       314   -7.3550996368e+00    5.4264460789e+01   -1.2767113534e+01    5.4120138973e+00    2.4644539398e+00   -1.5231567474e+01    1.2800000000e+02    8.5763430006e-03    6.3720703125e-01
       315   -7.5389951079e+00    5.7074699939e+01   -1.4875553493e+01    7.3365583849e+00    2.4971931768e+00   -1.7372746670e+01    1.2800000000e+02    1.0797264001e-02    6.4843750000e-01
       316   -7.5576102803e+00    5.7452439689e+01   -3.3675793571e+01    2.6118183290e+01    2.9455474522e+00   -3.6621341023e+01    1.2800000000e+02    7.9188030004e-03    6.2841796875e-01
       317   -7.5173746008e+00    5.6685800568e+01   -1.9744166837e+01    1.2226792236e+01    2.5688533937e+00   -2.2313020231e+01    1.2800000000e+02    8.0390339999e-03    6.4453125000e-01
       318   -7.3913664304e+00    5.4862625501e+01   -1.5826788745e+01    8.4354223146e+00    2.7883977173e+00   -1.8615186462e+01    1.2800000000e+02    8.0319140006e-03    6.3427734375e-01
       319   -7.2720973062e+00    5.3039147530e+01   -1.3053938298e+01    5.7818409919e+00    2.3971273392e+00   -1.5451065637e+01    1.2800000000e+02    8.0046880003e-03    6.5429687500e-01
       320   -7.3320312316e+00    5.3891850445e+01   -1.1556138019e+01    4.2241067873e+00    2.5779356484e+00   -1.4134073667e+01    1.2800000000e+02    7.8931939997e-03    6.4111328125e-01
       321   -7.4076824243e+00    5.5059110683e+01   -1.2924740696e+01    5.5170582712e+00    2.6983906965e+00   -1.5623131392e+01    1.2800000000e+02    7.8847699997e-03    6.4550781250e-01
       322   -7.5097177395e+00    5.6754760189e+01   -1.4064631556e+01    6.5549138164e+00    2.7298966815e+00   -1.6794528237e+01    1.2800000000e+02    8.8995970000e-03    6.4208984375e-01
       323   -7.5171727328e+00    5.6701845447e+01   -1.3899584124e+01    6.3824113911e+00    2.5529724470e+00   -1.6452556571e+01    1.2800000000e+02    7.9738370005e-03    6.5185546875e-01
       324   -7.6695775918e+00    5.9304177219e+01   -1.5901320911e+01    8.2317433189e+00    2.3451872462e+00   -1.8246508157e+01    1.2800000000e+02    8.0701769994e-03    6.4208984375e-01
       325   -7.4180843229e+00    5.5269369995e+01   -1.1952637724e+01    4.5345534012e+00    2.6458526515e+00   -1.4598490376e+01    1.2800000000e+02    8.8936919992e-03    6.5136718750e-01
       326   -7.3572010765e+00    5.4242472327e+01   -1.1379604853e+01    4.0224037762e+00    2.4025639781e+00   -1.3782168831e+01    1.2800000000e+02    9.3488760003e-03    6.6210937500e-01
       327   -7.4983804953e+00    5.6433937555e+01   -1.1537439299e+01    4.0390588042e+00    2.4480071152e+00   -1.3985446415e+01    1.2800000000e+02    8.4481780004e-03    6.5039062500e-01
       328   -7.5700844041e+00    5.7595494425e+01   -1.8980721763e+01    1.1410637359e+01    2.9769022090e+00   -2.1957623972e+01    1.2800000000e+02    7.6938459997e-03    5.9228515625e-01
       329   -7.4067157205e+00    5.5207657999e+01   -1.2153735579e+01    4.7470198587e+00    2.5306716267e+00   -1.4684407206e+01    1.2800000000e+02    7.9341379997e-03    6.6259765625e-01
       330   -7.6384615410e+00    5.8674791422e+01   -1.4767140146e+01    7.1286786047e+00    2.4463480642e+00   -1.7213488210e+01    1.2800000000e+02    8.1353169999e-03    6.3769531250e-01
       331   -7.4320639948e+00    5.5378801782e+01   -1.5803948738e+01    8.3718847434e+00    2.4299937362e+00   -1.8233942474e+01    1.2800000000e+02    7.8934499998e-03    6.4843750000e-01
       332   -7.4904808368e+00    5.6311942961e+01   -1.4736738689e+01    7.2462578520e+00    2.5607566719e+00   -1.7297495361e+01    1.2800000000e+02    8.0426669992e-03    6.6552734375e-01
       333   -7.3863073647e+00    5.4807217487e+01   -1.4801541595e+01    7.4152342303e+00    2.6773791867e+00   -1.7478920782e+01    1.2800000000e+02    7.7685460001e-03    6.2841796875e-01
       334   -7.3896247207e+00    5.4792923677e+01   -1.2414311768e+01    5.0246870477e+00    2.7979781327e+00   -1.5212289901e+01    1.2800000000e+02    7.9571229999e-03    6.2548828125e-01
       335   -7.3477296007e+00    5.4171543196e+01   -1.5544223690e+01    8.1964940891e+00    2.5262124701e+00   -1.8070436160e+01    1.2800000000e+02    7.8211170003e-03    6.4746093750e-01
       336   -7.4752622342e+00    5.6076740429e+01   -1.2879098516e+01    5.4038362814e+00    2.5462404146e+00   -1.5425338930e+01    1.2800000000e+02    7.9135369997e-03    6.4111328125e-01
       337   -7.5968065948e+00    5.8056158335e+01   -1.5582146899e+01    7.9853403039e+00    2.7451985747e+00   -1.8327345473e+01    1.2800000000e+02    8.2324799996e-03    6.3769531250e-01
       338   -7.3943530959e+00    5.4892881477e+01   -1.2687674659e+01    5.2933215629e+00    2.8965316225e+00   -1.5584206281e+01    1.2800000000e+02    8.5120809999e-03    6.3769531250e-01
       339   -7.5930105365e+00    5.7834121623e+01   -1.2851076969e+01    5.2580664328e+00    2.4754416158e+00   -1.5326518585e+01    1.2800000000e+02    7.9963459993e-03    6.6943359375e-01
       340   -7.4883751845e+00    5.6322974049e+01   -1.3027183333e+01    5.5388081486e+00    2.6378430764e+00   -1.5665026410e+01    1.2800000000e+02    7.8691400004e-03    6.4990234375e-01
       341   -7.4112964398e+00    5.5096665840e+01   -1.1825814102e+01    4.4145176625e+00    2.6748534748e+00   -1.4500667577e+01    1.2800000000e+02    8.0994230002e-03    6.5087890625e-01
       342   -7.4271512320e+00    5.5300788826e+01   -1.1546658132e+01    4.1195069003e+00    2.4851964327e+00   -1.4031854565e+01    1.2800000000e+02    7.9577110000e-03    6.5673828125e-01
       343   -7.5902935004e+00    5.7896699725e+01   -1.8461132012e+01    1.0870838511e+01    2.5965461230e+00   -2.1057678135e+01    1.2800000000e+02    7.9633969999e-03    6.4550781250e-01
       344   -7.4998030610e+00    5.6502758062e+01   -1.3861312024e+01    6.3615089634e+00    2.8216077241e+00   -1.6682919748e+01    1.2800000000e+02    7.9804470006e-03    6.3378906250e-01
       345   -7.4449528997e+00    5.5581227896e+01   -1.9687951399e+01    1.2242998499e+01    2.8542547325e+00   -2.2542206131e+01    1.2800000000e+02    7.9732730001e-03    6.4404296875e-01
       346   -7.4754610408e+00    5.6109337200e+01   -1.1983725604e+01    4.5082645627e+00    2.4811955560e+00   -1.4464921160e+01    1.2800000000e+02    8.0981199999e-03    6.7138671875e-01
       347   -7.4532215583e+00    5.5830456359e+01   -1.5213880026e+01    7.7606584674e+00    2.8818356758e+00   -1.8095715702e+01    1.2800000000e+02    7.7813770004e-03    6.1572265625e-01
       348   -7.3678331842e+00    5.4430254134e+01   -1.2911587934e+01    5.5437547502e+00    2.6928304199e+00   -1.5604418354e+01    1.2800000000e+02    7.8889750002e-03    6.3720703125e-01
       349   -7.5209699023e+00    5.6881516118e+01   -1.4720437120e+01    7.1994672178e+00    2.8641736325e+00   -1.7584610753e+01    1.2800000000e+02    8.2188470005e-03    6.1621093750e-01
       350   -7.5132246207e+00    5.6694080787e+01   -1.5871505784e+01    8.3582811629e+00    2.7518166638e+00   -1.8623322447e+01    1.2800000000e+02    8.0355690006e-03    6.3574218750e-01
       351   -7.4743921573e+00    5.6062420172e+01   -1.2251298179e+01    4.7769060212e+00    2.4937932289e+00   -1.4745091407e+01    1.2800000000e+02    7.9720230005e-03    6.5380859375e-01
       352   -7.8324464622e+00    6.1905868415e+01   -2.0106081687e+01    1.2273635225e+01    2.9782215936e+00   -2.3084303280e+01    1.2800000000e+02    7.8876919997e-03    6.0302734375e-01
       353   -7.6081436742e+00    5.8187212085e+01   -1.6034661088e+01    8.4265174134e+00    2.5674706543e+00   -1.8602131742e+01    1.2800000000e+02    7.8277060002e-03    6.2890625000e-01
       354   -7.5148277726e+00    5.6633988182e+01   -1.6990882112e+01    9.4760543394e+00    3.2337213225e+00   -2.0224603435e+01    1.2800000000e+02    8.3413029997e-03    6.1669921875e-01
       355   -7.4132781962e+00    5.5130813232e+01   -1.2379518103e+01    4.9662399067e+00    2.2274207240e+00   -1.4606938827e+01    1.2800000000e+02    8.0209790003e-03    6.5185546875e-01
       356   -7.5249557724e+00    5.6927558586e+01   -1.4446307832e+01    6.9213520600e+00    2.7309507011e+00   -1.7177258533e+01    1.2800000000e+02    8.2582260002e-03    6.4062500000e-01
       357   -7.6026201014e+00    5.8119423904e+01   -1.4522171644e+01    6.9195515424e+00    2.6228339462e+00   -1.7145005590e+01    1.2800000000e+02    7.8612409998e-03    6.4208984375e-01
       358   -7.6568859984e+00    5.8933191810e+01   -1.3975380911e+01    6.3184949126e+00    3.2443129695e+00   -1.7219693881e+01    1.2800000000e+02    8.2325470003e-03    6.2597656250e-01
       359   -7.4942011153e+00    5.6294480405e+01   -1.2410229184e+01    4.9160280687e+00    2.4281325889e+00   -1.4838361773e+01    1.2800000000e+02    7.8342549996e-03    6.4746093750e-01
       360   -7.3773189925e+00    5.4565357556e+01   -1.3215035134e+01    5.8377161410e+00    2.5793943832e+00   -1.5794429517e+01    1.2800000000e+02    9.9210239996e-03    6.3232421875e-01
       361   -7.5659667940e+00    5.7640821484e+01   -1.5560308186e+01    7.9943413920e+00    2.7975629893e+00   -1.8357871175e+01    1.2800000000e+02    8.7867620005e-03    6.5185546875e-01
       362   -7.4777786783e+00    5.6014661100e+01   -1.2428207348e+01    4.9504286697e+00    2.5930763776e+00   -1.5021283726e+01    1.2800000000e+02    8.8656210000e-03    6.5234375000e-01
       363   -7.3752448712e+00    5.4506960386e+01   -1.1214928612e+01    3.8396837412e+00    2.4272680501e+00   -1.3642196663e+01    1.2800000000e+02    8.0933110003e-03    6.6113281250e-01
       364   -7.3560915010e+00    5.4280996152e+01   -1.3496836066e+01    6.1407445648e+00    2.5967484737e+00   -1.6093584539e+01    1.2800000000e+02    8.0093639999e-03    6.5576171875e-01
       365   -7.6719841773e+00    5.9122812583e+01   -1.9997485477e+01    1.2325501300e+01    2.8704055719e+00   -2.2867891049e+01    1.2800000000e+02    7.7944429995e-03    6.2744140625e-01
       366   -7.5207507539e+00    5.6927236705e+01   -1.3658792296e+01    6.1380415423e+00    2.5686971119e+00   -1.6227489408e+01    1.2800000000e+02    7.9186359999e-03    6.4941406250e-01
       367   -7.4891621687e+00    5.6242111616e+01   -1.3404055953e+01    5.9148937842e+00    2.8006088520e+00   -1.6204664805e+01    1.2800000000e+02    8.9165509999e-03    6.2304687500e-01
       368   -7.4776515145e+00    5.6081278633e+01   -1.3162609138e+01    5.6849576234e+00    2.8162576565e+00   -1.5978866794e+01    1.2800000000e+02    8.0804590007e-03    6.4013671875e-01
       369   -7.4264140451e+00    5.5360654806e+01   -1.3015803349e+01    5.5893893041e+00    2.6172158635e+00   -1.5633019213e+01    1.2800000000e+02    7.8752340005e-03    6.4599609375e-01
       370   -7.3154142220e+00    5.3679674094e+01   -1.3016714348e+01    5.7013001258e+00    2.4653312819e+00   -1.5482045630e+01    1.2800000000e+02    8.2195069999e-03    6.6064453125e-01
       371   -7.4507036925e+00    5.5770822781e+01   -1.4019175981e+01    6.5684722882e+00    2.7548077053e+00   -1.6773983686e+01    1.2800000000e+02    8.1085040001e-03    6.3623046875e-01
       372   -7.3598975819e+00    5.4357038089e+01   -1.1916108827e+01    4.5562112453e+00    2.4339957818e+00   -1.4350104609e+01    1.2800000000e+02    8.1191720001e-03    6.7187500000e-01
       373   -7.5852136990e+00    5.7820962092e+01   -1.4233865327e+01    6.6486516280e+00    2.6850448227e+00   -1.6918910150e+01    1.2800000000e+02    7.9382240001e-03    6.4453125000e-01
       374   -7.3530963709e+00    5.4274779842e+01   -1.5819058269e+01    8.4659618984e+00    2.5984768317e+00   -1.8417535101e+01    1.2800000000e+02    8.7534150007e-03    6.2011718750e-01
       375   -7.3943816282e+00    5.4902601219e+01   -1.2966487827e+01    5.5721061991e+00    2.0476655595e+00   -1.5014153387e+01    1.2800000000e+02    7.8329430007e-03    6.4453125000e-01
       376   -7.4006096098e+00    5.4953956489e+01   -1.2954906597e+01    5.5542969870e+00    2.1320064395e+00   -1.5086913036e+01    1.2800000000e+02    8.0347359999e-03    6.5087890625e-01
       377   -7.5199534332e+00    5.6753005482e+01   -1.3966895804e+01    6.4469423711e+00    2.9569244870e+00   -1.6923820291e+01    1.2800000000e+02    7.7849760000e-03    6.3769531250e-01
       378   -7.4824618521e+00    5.6213910686e+01   -1.6699628278e+01    9.2171664261e+00    2.9765861734e+00   -1.9676214452e+01    1.2800000000e+02    8.1201640005e-03    6.3818359375e-01
       379   -7.4873183674e+00    5.6273051570e+01   -1.1644347807e+01    4.1570294394e+00    2.6201637407e+00   -1.4264511547e+01    1.2800000000e+02    7.8915839995e-03    6.6210937500e-01
       380   -7.4494569849e+00    5.5811588653e+01   -1.3260419285e+01    5.8109622998e+00    2.5551634422e+00   -1.5815582727e+01    1.2800000000e+02    8.2787090005e-03    6.2890625000e-01
       381   -7.5917204888e+00    5.7973588619e+01   -1.3696597476e+01    6.1048769877e+00    2.7379067326e+00   -1.6434504209e+01    1.2800000000e+02    7.9105430004e-03    6.2792968750e-01
       382   -7.4994891234e+00    5.6521454545e+01   -1.3881651180e+01    6.3821620570e+00    2.5856926406e+00   -1.6467343821e+01    1.2800000000e+02    9.1340500003e-03    6.3134765625e-01
       383   -7.5234670367e+00    5.6926978491e+01   -1.2446764128e+01    4.9232970910e+00    2.7456362581e+00   -1.5192400386e+01    1.2800000000e+02    9.0513669993e-03    6.5722656250e-01
       384   -7.5435194036e+00    5.7141097746e+01   -1.5189458953e+01    7.6459395496e+00    3.5179301904e+00   -1.8707389144e+01    1.2800000000e+02    9.2724860006e-03    6.2304687500e-01
       385   -7.4131343099e+00    5.5122557235e+01   -1.3110038341e+01    5.6969040309e+00    2.2207277368e+00   -1.5330766078e+01    1.2800000000e+02    7.9295300002e-03    6.3476562500e-01
       386   -7.4595200960e+00    5.5939512446e+01   -1.4279786114e+01    6.8202660181e+00    2.9452270799e+00   -1.7225013194e+01    1.2800000000e+02    7.7708740000e-03    6.1669921875e-01
       387   -7.5598490551e+00    5.7539874300e+01   -1.7523079799e+01    9.9632307440e+00    2.8726611388e+00   -2.0395740938e+01    1.2800000000e+02    8.1431299996e-03    6.3134765625e-01
       388   -7.3867940576e+00    5.4881848562e+01   -1.3608078766e+01    6.2212847082e+00    2.3579736896e+00   -1.5966052455e+01    1.2800000000e+02    7.6947750003e-03    6.2890625000e-01
       389   -7.4512691956e+00    5.5807301952e+01   -1.3721507910e+01    6.2702387147e+00    2.6772179221e+00   -1.6398725832e+01    1.2800000000e+02    8.7164970000e-03    6.2988281250e-01
       390   -7.6533759441e+00    5.8798211767e+01   -1.7313651291e+01    9.6602753472e+00    2.6979068171e+00   -2.0011558108e+01    1.2800000000e+02    8.0292200000e-03    6.1767578125e-01
       391   -7.4803186575e+00    5.6095807894e+01   -1.4403961125e+01    6.9236424675e+00    2.6675414461e+00   -1.7071502571e+01    1.2800000000e+02    7.9620339993e-03    6.6894531250e-01
       392   -7.4216591343e+00    5.5296828922e+01   -1.8052896768e+01    1.0631237633e+01    2.9433582169e+00   -2.0996254985e+01    1.2800000000e+02    8.1761660003e-03    6.3134765625e-01
       393   -7.6669992008e+00    5.9113451545e+01   -1.3745684270e+01    6.0786850696e+00    2.6196592930e+00   -1.6365343563e+01    1.2800000000e+02    7.8317269999e-03    6.2500000000e-01
       394   -7.6489681809e+00    5.8812699312e+01   -1.6244954672e+01    8.5959864912e+00    2.9005975574e+00   -1.9145552230e+01    1.2800000000e+02    8.0629719996e-03    6.2646484375e-01
       395   -7.4619048408e+00    5.5804540486e+01   -1.4052908565e+01    6.5910037239e+00    2.9702240913e+00   -1.7023132656e+01    1.2800000000e+02    7.9306440002e-03    6.5185546875e-01
       396   -7.4033624025e+00    5.5043813504e+01   -1.3189389610e+01    5.7860272074e+00    2.6822970650e+00   -1.5871686675e+01    1.2800000000e+02    9.0468379994e-03    6.5039062500e-01
       397   -7.5483136488e+00    5.7243067091e+01   -1.5831105128e+01    8.2827914791e+00    2.4764579957e+00   -1.8307563124e+01    1.2800000000e+02    7.9254989996e-03    6.4892578125e-01
       398   -7.5072991863e+00    5.6532427921e+01   -1.4828569362e+01    7.3212701761e+00    2.2914841350e+00   -1.7120053497e+01    1.2800000000e+02    7.8575360003e-03    6.5283203125e-01
       399   -7.4974514990e+00    5.6447819934e+01   -1.3848749532e+01    6.3512980334e+00    2.6105022189e+00   -1.6459251751e+01    1.2800000000e+02    7.8960700002e-03    6.4550781250e-01
       400   -7.3921651231e+00    5.4843190847e+01   -1.2131649514e+01    4.7394843909e+00    2.4693464958e+00   -1.4600996010e+01    1.2800000000e+02    8.0640060005e-03    6.5869140625e-01
       401   -7.3405288742e+00    5.4034534948e+01   -1.2696194546e+01    5.3556656716e+00    2.0113958437e+00   -1.4707590389e+01    1.2800000000e+02    7.7731940000e-03    6.5673828125e-01
       402   -7.3990865978e+00    5.4960128199e+01   -1.2784611233e+01    5.3855246353e+00    2.5937042329e+00   -1.5378315466e+01    1.2800000000e+02    7.7379049999e-03    6.3330078125e-01
       403   -7.3867334876e+00    5.4754500650e+01   -1.3103569269e+01    5.7168357814e+00    2.9026017952e+00   -1.6006171064e+01    1.2800000000e+02    8.3106680004e-03    6.4404296875e-01
       404   -7.4878113865e+00    5.6256677438e+01   -1.3809556204e+01    6.3217448175e+00    2.5283453162e+00   -1.6337901520e+01    1.2800000000e+02    8.2255050002e-03    6.1962890625e-01
       405   -7.4780297436e+00    5.6099658082e+01   -1.3117494044e+01    5.6394643004e+00    2.5558340743e+00   -1.5673328118e+01    1.2800000000e+02    9.5451440002e-03    6.4013671875e-01
       406   -7.5560031310e+00    5.7488211262e+01   -1.6058440345e+01    8.5024372138e+00    2.8427541855e+00   -1.8901194530e+01    1.2800000000e+02    8.2448029998e-03    6.2207031250e-01
       407   -7.6124315986e+00    5.8267916307e+01   -1.5872241877e+01    8.2598102781e+00    2.6842208794e+00   -1.8556462756e+01    1.2800000000e+02    7.9299859999e-03    6.2402343750e-01
       408   -7.4020398622e+00    5.4948812532e+01   -1.3377817625e+01    5.9757777625e+00    2.5640764938e+00   -1.5941894119e+01    1.2800000000e+02    8.0149660007e-03    6.3964843750e-01
       409   -7.4173651117e+00    5.5208320288e+01   -1.1486228761e+01    4.0688636489e+00    2.5988196533e+00   -1.4085048414e+01    1.2800000000e+02    7.9138900001e-03    6.5185546875e-01
       410   -7.5362681704e+00    5.7036952616e+01   -1.7414793253e+01    9.8785250821e+00    2.9138367598e+00   -2.0328630012e+01    1.2800000000e+02    7.9584440000e-03    6.3769531250e-01
       411   -7.4562515783e+00    5.5845689939e+01   -1.4069924926e+01    6.6136733475e+00    2.4787621446e+00   -1.6548687070e+01    1.2800000000e+02    8.9880159994e-03    6.4257812500e-01
       412   -7.4863318723e+00    5.6195076376e+01   -1.5768372933e+01    8.2820410609e+00    2.6952765347e+00   -1.8463649468e+01    1.2800000000e+02    8.2854960001e-03    6.4208984375e-01
       413   -7.3825955788e+00    5.4667138472e+01   -1.1948088371e+01    4.5654927918e+00    2.6625821372e+00   -1.4610670508e+01    1.2800000000e+02    7.8421180006e-03    6.4062500000e-01
       414   -7.4474389085e+00    5.5708353323e+01   -1.3316291031e+01    5.8688521223e+00    2.5346671877e+00   -1.5850958219e+01    1.2800000000e+02    8.0671689993e-03    6.4892578125e-01
       415   -7.5393459977e+00    5.7030495659e+01   -2.0415381371e+01    1.2876035374e+01    2.6651292997e+00   -2.3080510671e+01    1.2800000000e+02    8.2294180002e-03    6.5380859375e-01
       416   -7.4857670830e+00    5.6399006839e+01   -1.4105769624e+01    6.6200025413e+00    3.1977177526e+00   -1.7303487377e+01    1.2800000000e+02    7.9199629999e-03    6.5332031250e-01
       417   -7.4937803114e+00    5.6430832518e+01   -1.3947359833e+01    6.4535795215e+00    2.3752610859e+00   -1.6322620919e+01    1.2800000000e+02    8.3304339996e-03    6.5673828125e-01
       418   -7.3384704978e+00    5.4049229124e+01   -1.5094516073e+01    7.7560455756e+00    2.5947812625e+00   -1.7689297336e+01    1.2800000000e+02    8.6715319994e-03    6.2890625000e-01
       419   -7.4568837621e+00    5.5855185461e+01   -1.3485481256e+01    6.0285974938e+00    2.6617433976e+00   -1.6147224653e+01    1.2800000000e+02    8.2036220001e-03    6.4355468750e-01
       420   -7.3262061178e+00    5.3828573168e+01   -1.4745873256e+01    7.4196671379e+00    2.7970378290e+00   -1.7542911085e+01    1.2800000000e+02    7.8078040005e-03    6.1181640625e-01
       421   -7.4270386061e+00    5.5323262277e+01   -1.3770588350e+01    6.3435497438e+00    2.3949080083e+00   -1.6165496358e+01    1.2800000000e+02    8.1922670006e-03    6.4306640625e-01
       422   -7.6346273120e+00    5.8634866199e+01   -1.4140689733e+01    6.5060624208e+00    2.5453801671e+00   -1.6686069900e+01    1.2800000000e+02    7.9698350000e-03    6.4013671875e-01
       423   -7.3997735469e+00    5.4895888075e+01   -1.0998069957e+01    3.5982964106e+00    2.5404750326e+00   -1.3538544990e+01    1.2800000000e+02    8.2302510000e-03    6.4892578125e-01
       424   -7.5644671039e+00    5.7451801478e+01   -2.3785785309e+01    1.6221318205e+01    2.8278437897e+00   -2.6613629099e+01    1.2800000000e+02    7.9398930002e-03    6.1914062500e-01
       425   -7.5197505400e+00    5.6717547334e+01   -1.4186025674e+01    6.6662751340e+00    2.7213080167e+00   -1.6907333691e+01    1.2800000000e+02    8.3657579999e-03    6.4111328125e-01
       426   -7.5165752932e+00    5.6714414553e+01   -1.4774250772e+01    7.2576754790e+00    2.5465416661e+00   -1.7320792438e+01    1.2800000000e+02    7.9018400002e-03    6.4746093750e-01
       427   -7.6168042994e+00    5.8316291445e+01   -1.3019776530e+01    5.4029722307e+00    2.3802020225e+00   -1.5399978553e+01    1.2800000000e+02    8.3528200003e-03    6.5869140625e-01
       428   -7.4063472826e+00    5.5022091479e+01   -1.1929060175e+01    4.5227128919e+00    2.5126369654e+00   -1.4441697140e+01    1.2800000000e+02    9.3142589994e-03    6.4648437500e-01
       429   -7.4602535920e+00    5.5872206491e+01   -1.5057894991e+01    7.5976413994e+00    2.6697439467e+00   -1.7727638938e+01    1.2800000000e+02    1.0510675000e-02    6.3085937500e-01
       430   -7.4675640277e+00    5.5928475814e+01   -1.3421182783e+01    5.9536187548e+00    2.5814377357e+00   -1.6002620518e+01    1.2800000000e+02    8.5189629999e-03    6.4697265625e-01
       431   -7.3891270803e+00    5.4766895661e+01   -1.4474557342e+01    7.0854302615e+00    2.5923159526e+00   -1.7066873294e+01    1.2800000000e+02    7.7953550008e-03    6.3281250000e-01
       432   -7.3242092283e+00    5.3797537400e+01   -1.3790921519e+01    6.4667122912e+00    2.8815760488e+00   -1.6672497568e+01    1.2800000000e+02    8.5446060002e-03    6.5283203125e-01
       433   -7.5537546673e+00    5.7273212045e+01   -1.3733626477e+01    6.1798718094e+00    2.7780530075e+00   -1.6511679484e+01    1.2800000000e+02    7.9611960000e-03    6.3330078125e-01
       434   -7.3849119355e+00    5.4661039752e+01   -1.2032331058e+01    4.6474191221e+00    2.2634708658e+00   -1.4295801923e+01    1.2800000000e+02    8.0423469999e-03    6.5087890625e-01
       435   -7.4455040666e+00    5.5635343432e+01   -1.1432508892e+01    3.9870048251e+00    2.7268107945e+00   -1.4159319686e+01    1.2800000000e+02    7.8750419998e-03    6.4892578125e-01
       436   -7.3371917780e+00    5.3969532880e+01   -9.8499348708e+00    2.5127430928e+00    2.1873886097e+00   -1.2037323480e+01    1.2800000000e+02    8.3131399997e-03    6.8359375000e-01
       437   -7.4240354022e+00    5.5314881571e+01   -1.1363760134e+01    3.9397247317e+00    2.4912470538e+00   -1.3855007188e+01    1.2800000000e+02    7.9615470004e-03    6.5039062500e-01
       438   -7.4669176782e+00    5.5892332172e+01   -1.3632114886e+01    6.1651972080e+00    2.2848201782e+00   -1.5916935064e+01    1.2800000000e+02    7.9531170004e-03    6.6113281250e-01
       439   -7.5897559542e+00    5.7797997317e+01   -1.6637881367e+01    9.0481254127e+00    2.3616292778e+00   -1.8999510645e+01    1.2800000000e+02    7.9495400005e-03    6.4697265625e-01
       440   -7.4284178717e+00    5.5404237047e+01   -1.5418019125e+01    7.9896012530e+00    2.7363589282e+00   -1.8154378053e+01    1.2800000000e+02    7.8823329995e-03    6.3232421875e-01
       441   -7.4853791708e+00    5.6242987346e+01   -2.1472814101e+01    1.3987434930e+01    2.5959487529e+00   -2.4068762854e+01    1.2800000000e+02    8.3374589994e-03    6.3964843750e-01
       442   -7.4815214942e+00    5.6180775139e+01   -1.9010643529e+01    1.1529122035e+01    2.6190143798e+00   -2.1629657909e+01    1.2800000000e+02    7.8460029999e-03    6.4013671875e-01
       443   -7.3789627500e+00    5.4691247786e+01   -1.2754899853e+01    5.3759371034e+00    2.2278004631e+00   -1.4982700317e+01    1.2800000000e+02    7.9445310002e-03    6.4111328125e-01
       444   -7.3458331933e+00    5.4072854684e+01   -1.1375578054e+01    4.0297448609e+00    2.3767553905e+00   -1.3752333445e+01    1.2800000000e+02    8.8256939998e-03    6.5234375000e-01
       445   -7.6029824942e+00    5.8150628344e+01   -1.6036604804e+01    8.4336223095e+00    3.2202339178e+00   -1.9256838722e+01    1.2800000000e+02    8.0115619994e-03    6.0986328125e-01
       446   -7.5501950305e+00    5.7303098085e+01   -1.4464232181e+01    6.9140371505e+00    2.5963807137e+00   -1.7060612895e+01    1.2800000000e+02    7.8321679994e-03    6.3476562500e-01
       447   -7.4061244120e+00    5.5047188988e+01   -1.2418588584e+01    5.0124641723e+00    2.5482199907e+00   -1.4966808575e+01    1.2800000000e+02    8.2524449999e-03    6.5771484375e-01
       448   -7.2956062323e+00    5.3343707140e+01   -1.1561480010e+01    4.2658737774e+00    2.2327826896e+00   -1.3794262699e+01    1.2800000000e+02    7.7837010003e-03    6.3037109375e-01
       449   -7.3778608824e+00    5.4555854716e+01   -1.0973358444e+01    3.5954975617e+00    2.7267720951e+00   -1.3700130539e+01    1.2800000000e+02    8.1545260000e-03    6.5380859375e-01
       450   -7.3312339160e+00    5.3943232009e+01   -1.2557986253e+01    5.2267523368e+00    2.6773964359e+00   -1.5235382689e+01    1.2800000000e+02    8.2838600001e-03    6.5087890625e-01
       451   -7.5359826450e+00    5.6975709260e+01   -2.4964023500e+01    1.7428040855e+01    2.9954209709e+00   -2.7959444471e+01    1.2800000000e+02    8.1671660000e-03    6.1572265625e-01
       452   -7.4325674297e+00    5.5452009428e+01   -1.3102824897e+01    5.6702574671e+00    2.6105204257e+00   -1.5713345322e+01    1.2800000000e+02    7.8737600006e-03    6.2988281250e-01
       453   -7.4382072267e+00    5.5474290497e+01   -1.3046679249e+01    5.6084720223e+00    2.9290447301e+00   -1.5975723979e+01    1.2800000000e+02    8.0250400006e-03    6.2988281250e-01
       454   -7.4190048079e+00    5.5334201822e+01   -1.4968646971e+01    7.5496421627e+00    2.5188332692e+00   -1.7487480240e+01    1.2800000000e+02    8.1093409999e-03    6.2695312500e-01
       455   -7.5629796911e+00    5.7454578357e+01   -1.6066568895e+01    8.5035892041e+00    2.6355840445e+00   -1.8702152940e+01    1.2800000000e+02    8.2723239993e-03    6.2011718750e-01
       456   -7.3120535324e+00    5.3585322883e+01   -1.2726919117e+01    5.4148655844e+00    2.4140324956e+00   -1.5140951612e+01    1.2800000000e+02    7.9761030001e-03    6.4208984375e-01
       457   -7.6642328936e+00    5.9102292308e+01   -2.1261765545e+01    1.3597532651e+01    2.6734967598e+00   -2.3935262305e+01    1.2800000000e+02    8.1195089997e-03    6.2744140625e-01
       458   -7.3523119829e+00    5.4227755452e+01   -1.4914889654e+01    7.5625776713e+00    2.3925686370e+00   -1.7307458291e+01    1.2800000000e+02    7.7901750001e-03    6.4501953125e-01
       459   -7.4564234800e+00    5.5800071400e+01   -1.2425654083e+01    4.9692306035e+00    2.8581254904e+00   -1.5283779574e+01    1.2800000000e+02    8.2759730003e-03    6.5527343750e-01
       460   -7.5124172950e+00    5.6661456102e+01   -1.1873998502e+01    4.3615812072e+00    2.9232297921e+00   -1.4797228294e+01    1.2800000000e+02    7.8363160001e-03    6.4990234375e-01
       461   -7.5065052459e+00    5.6568555512e+01   -1.5650499482e+01    8.1439942366e+00    2.4815404255e+00   -1.8132039908e+01    1.2800000000e+02    8.1669590008e-03    6.6357421875e-01
       462   -7.4967055862e+00    5.6393666820e+01   -1.7189942492e+01    9.6932369053e+00    2.7871139320e+00   -1.9977056424e+01    1.2800000000e+02    7.8998879999e-03    6.1279296875e-01
       463   -7.5043131551e+00    5.6571813497e+01   -1.5736232931e+01    8.2319197756e+00    2.5125378206e+00   -1.8248770751e+01    1.2800000000e+02    8.1200650002e-03    6.3623046875e-01
       464   -7.3890975629e+00    5.4905584718e+01   -1.5027808760e+01    7.6387111971e+00    2.7912219999e+00   -1.7819030760e+01    1.2800000000e+02    7.8107979998e-03    6.1816406250e-01
       465   -7.6366182536e+00    5.8525045898e+01   -1.6081392566e+01    8.4447743121e+00    2.6963118583e+00   -1.8777704424e+01    1.2800000000e+02    8.1665719999e-03    6.2353515625e-01
       466   -7.4111654692e+00    5.5098019116e+01   -1.3309835298e+01    5.8986698290e+00    2.7453139415e+00   -1.6055149240e+01    1.2800000000e+02    8.1693399998e-03    6.3085937500e-01
       467   -7.6847607896e+00    5.9306621491e+01   -1.8678635825e+01    1.0993875036e+01    2.7052224589e+00   -2.1383858284e+01    1.2800000000e+02    7.9753780001e-03    6.1083984375e-01
       468   -7.3896204965e+00    5.4744220456e+01   -1.3005058881e+01    5.6154383847e+00    2.1655636231e+00   -1.5170622504e+01    1.2800000000e+02    7.9681730003e-03    6.8359375000e-01
       469   -7.4620466042e+00    5.5883295901e+01   -1.4387663511e+01    6.9256169066e+00    2.6218667987e+00   -1.7009530310e+01    1.2800000000e+02    8.1882260001e-03    6.5234375000e-01
       470   -7.4911457345e+00    5.6378227174e+01   -1.2697640361e+01    5.2064946261e+00    2.8106339911e+00   -1.5508274352e+01    1.2800000000e+02    7.9636060000e-03    6.3769531250e-01
       471   -7.3485705158e+00    5.4130328630e+01   -1.5004633742e+01    7.6560632261e+00    2.7067425867e+00   -1.7711376329e+01    1.2800000000e+02    1.0363489000e-02    6.3818359375e-01
       472   -7.5054780547e+00    5.6459644861e+01   -1.3854180729e+01    6.3487026744e+00    2.6800698561e+00   -1.6534250585e+01    1.2800000000e+02    8.3382849998e-03    6.2597656250e-01
       473   -7.5811750684e+00    5.7775202763e+01   -1.4605592365e+01    7.0244172969e+00    2.5072746562e+00   -1.7112867021e+01    1.2800000000e+02    9.3195030004e-03    6.4697265625e-01
       474   -7.3613490081e+00    5.4436991397e+01   -1.2312480159e+01    4.9511311513e+00    2.5931311322e+00   -1.4905611292e+01    1.2800000000e+02    8.1416510002e-03    6.4697265625e-01
       475   -7.4517727818e+00    5.5746633394e+01   -1.2264283881e+01    4.8125110996e+00    2.5421733653e+00   -1.4806457247e+01    1.2800000000e+02    8.3413259999e-03    6.4501953125e-01
       476   -7.5503647216e+00    5.7303708048e+01   -1.4682358985e+01    7.1319942633e+00    2.4043427186e+00   -1.7086701703e+01    1.2800000000e+02    8.2028489996e-03    6.6210937500e-01
       477   -7.4608753272e+00    5.5903927226e+01   -1.3250424984e+01    5.7895496565e+00    2.7431687608e+00   -1.5993593744e+01    1.2800000000e+02    7.8646889997e-03    6.3720703125e-01
       478   -7.5200255152e+00    5.7024510673e+01   -1.6785917619e+01    9.2658921040e+00    2.7315878537e+00   -1.9517505473e+01    1.2800000000e+02    8.2757969994e-03    6.3867187500e-01
       479   -7.4760854406e+00    5.6143458745e+01   -1.3248042792e+01    5.7719573517e+00    3.1367014732e+00   -1.6384744265e+01    1.2800000000e+02    8.2389800000e-03    6.3281250000e-01
       480   -7.5911938222e+00    5.7874990676e+01   -1.4356276117e+01    6.7650822945e+00    2.6582506128e+00   -1.7014526730e+01    1.2800000000e+02    8.1178689998e-03    6.5673828125e-01
       481   -7.5147542208e+00    5.6782786239e+01   -1.3025260790e+01    5.5105065691e+00    2.4491514127e+00   -1.5474412203e+01    1.2800000000e+02    8.8125659995e-03    6.4550781250e-01
       482   -7.5494854031e+00    5.7280927827e+01   -1.3104270214e+01    5.5547848105e+00    2.5222489778e+00   -1.5626519191e+01    1.2800000000e+02    7.9956719992e-03    6.5039062500e-01
       483   -7.4722374475e+00    5.5990608281e+01   -1.3012395092e+01    5.5401576443e+00    2.7122274315e+00   -1.5724622523e+01    1.2800000000e+02    8.9973439999e-03    6.4160156250e-01
       484   -7.3356635737e+00    5.4076212597e+01   -1.2674158379e+01    5.3384948050e+00    2.5795437652e+00   -1.5253702144e+01    1.2800000000e+02    7.8664009998e-03    6.4257812500e-01
       485   -7.5085156877e+00    5.6672995024e+01   -1.4260203373e+01    6.7516876849e+00    2.6981697352e+00   -1.6958373108e+01    1.2800000000e+02    8.1769180006e-03    6.2988281250e-01
       486   -7.5450416202e+00    5.7218025453e+01   -1.4479367053e+01    6.9343254326e+00    2.6126147805e+00   -1.7091981833e+01    1.2800000000e+02    7.8179860002e-03    6.2939453125e-01
       487   -7.4446162138e+00    5.5613022140e+01   -1.9064876349e+01    1.1620260136e+01    2.7819093241e+00   -2.1846785673e+01    1.2800000000e+02    8.9117250000e-03    6.2255859375e-01
       488   -7.4099946530e+00    5.5099520840e+01   -1.2466206936e+01    5.0562122835e+00    2.6566594950e+00   -1.5122866431e+01    1.2800000000e+02    7.8642179997e-03    6.4111328125e-01
       489   -7.3591498707e+00    5.4299230971e+01   -1.3276208830e+01    5.9170589595e+00    2.6472255266e+00   -1.5923434357e+01    1.2800000000e+02    8.1764710003e-03    6.4160156250e-01
       490   -7.4295553184e+00    5.5395210590e+01   -1.3793826407e+01    6.3642710881e+00    2.5636608209e+00   -1.6357487227e+01    1.2800000000e+02    8.2807379995e-03    6.6259765625e-01
       491   -7.5108136298e+00    5.6678774843e+01   -1.2880687030e+01    5.3698733999e+00    2.4969968757e+00   -1.5377683905e+01    1.2800000000e+02    7.9567929997e-03    6.4941406250e-01
       492   -7.3874587405e+00    5.4698314020e+01   -1.0978769302e+01    3.5913105614e+00    2.6158242585e+00   -1.3594593560e+01    1.2800000000e+02    8.0188920001e-03    6.6455078125e-01
       493   -7.5554644396e+00    5.7555670888e+01   -2.4190605549e+01    1.6635141110e+01    2.9322584130e+00   -2.7122863962e+01    1.2800000000e+02    7.7739999997e-03    6.0839843750e-01
       494   -7.6092456132e+00    5.8232791639e+01   -1.4962090132e+01    7.3528445184e+00    2.3504932825e+00   -1.7312583414e+01    1.2800000000e+02    8.0161559999e-03    6.4257812500e-01
       495   -7.5486670097e+00    5.7264527481e+01   -1.5987919318e+01    8.4392523087e+00    2.9749595196e+00   -1.8962878838e+01    1.2800000000e+02    8.1995900000e-03    6.2988281250e-01
       496   -7.5472393108e+00    5.7159824929e+01   -1.2942818552e+01    5.3955792411e+00    2.8957459292e+00   -1.5838564481e+01    1.2800000000e+02    7.9234430004e-03    6.4453125000e-01
       497   -7.4668553922e+00    5.6051261202e+01   -1.2829489832e+01    5.3626344399e+00    2.8069930889e+00   -1.5636482921e+01    1.2800000000e+02    8.0325660001e-03    6.5380859375e-01
       498   -7.4033022926e+00    5.4915822480e+01   -1.4414700708e+01    7.0113984158e+00    2.5028989297e+00   -1.6917599638e+01    1.2800000000e+02    8.2513269999e-03    6.4208984375e-01
       499   -7.4225611817e+00    5.5346433597e+01   -1.2014783227e+01    4.5922220450e+00    2.3224126264e+00   -1.4337195853e+01    1.2800000000e+02    8.0421690000e-03    6.5917968750e-01
