#   index    LocalEnergy         LocalEnergy_sq      LocalPotential      Kinetic             ElecElec            IonElec             BlockWeight         BlockCPU            AcceptRatio         
         0   -7.4178970342e+00    5.5185306615e+01   -1.6193408849e+01    8.7755118152e+00    2.9634078289e+00   -1.9156816678e+01    1.2800000000e+02    7.9105350005e-03    6.3671875000e-01
         1   -7.4313820929e+00    5.5470462109e+01   -1.4509903893e+01    7.0785218004e+00    2.3228370486e+00   -1.6832740942e+01    1.2800000000e+02    7.7191629998e-03    6.4990234375e-01
         2   -7.3251510636e+00    5.3949401769e+01   -1.5963228628e+01    8.6380775640e+00    2.5413612567e+00   -1.8504589884e+01    1.2800000000e+02    8.4749050002e-03    6.2402343750e-01
         3   -7.4765572360e+00    5.6083303123e+01   -1.3541626353e+01    6.0650691174e+00    3.0128204304e+00   -1.6554446784e+01    1.2800000000e+02    7.8382029997e-03    6.2353515625e-01
         4   -7.4686412127e+00    5.5996980866e+01   -1.6048744228e+01    8.5801030150e+00    2.9050578064e+00   -1.8953802034e+01    1.2800000000e+02    8.4733420008e-03    6.4013671875e-01
         5   -7.4152181855e+00    5.5099937942e+01   -1.4923987339e+01    7.5087691540e+00    2.8694537788e+00   -1.7793441118e+01    1.2800000000e+02    7.8877749993e-03    6.4794921875e-01
         6   -7.3717904796e+00    5.4615244475e+01   -1.2137331010e+01    4.7655405303e+00    2.5489011411e+00   -1.4686232151e+01    1.2800000000e+02    8.4991969998e-03    6.5673828125e-01
         7   -7.3224103913e+00    5.3800924253e+01   -1.5297726762e+01    7.9753163703e+00    2.6639916096e+00   -1.7961718371e+01    1.2800000000e+02    8.0173810002e-03    6.2744140625e-01
         8   -7.5878900368e+00    5.7792398445e+01   -2.9274177848e+01    2.1686287812e+01    2.5573346013e+00   -3.1831512450e+01    1.2800000000e+02    7.7560880000e-03    6.2109375000e-01
         9   -7.4989836576e+00    5.6506136869e+01   -1.3133878394e+01    5.6348947369e+00    2.6314130058e+00   -1.5765291400e+01    1.2800000000e+02    7.7920859994e-03    6.3623046875e-01
        10   -7.4636771833e+00    5.6069871718e+01   -1.3812636187e+01    6.3489590040e+00    2.4642740408e+00   -1.6276910228e+01    1.2800000000e+02    8.2405350004e-03    6.4746093750e-01
        11   -7.4484319081e+00    5.5666111921e+01   -1.3489931773e+01    6.0414998646e+00    2.4099840481e+00   -1.5899915821e+01    1.2800000000e+02    7.9636979999e-03    6.6601562500e-01
        12   -7.4573484171e+00    5.5848591444e+01   -3.0466904842e+01    2.3009556425e+01    2.9266369170e+00   -3.3393541759e+01    1.2800000000e+02    7.7201670001e-03    6.1669921875e-01
        13   -7.5301638159e+00    5.6904166470e+01   -1.6063945780e+01    8.5337819642e+00    2.3676686941e+00   -1.8431614474e+01    1.2800000000e+02    7.7225679997e-03    6.2451171875e-01
        14   -7.5274667858e+00    5.6908383133e+01   -1.4548001150e+01    7.0205343640e+00    2.7104290299e+00   -1.7258430180e+01    1.2800000000e+02    8.5924149998e-03    6.4746093750e-01
        15   -7.6477765363e+00    5.8736461682e+01   -1.4091284930e+01    6.4435083938e+00    2.3997863427e+00   -1.6491071273e+01    1.2800000000e+02    7.8357689999e-03    6.6015625000e-01
        16   -7.4763313032e+00    5.6097672429e+01   -1.4461861749e+01    6.9855304456e+00    2.6697489332e+00   -1.7131610682e+01    1.2800000000e+02    7.8871550004e-03    6.3720703125e-01
        17   -7.4077044233e+00    5.5079473596e+01   -1.3326336132e+01    5.9186317084e+00    2.7689807766e+00   -1.6095316908e+01    1.2800000000e+02    7.8749739996e-03    6.4453125000e-01
        18   -7.4824889865e+00    5.6222208293e+01   -1.6936293984e+01    9.4538049972e+00    2.8804592523e+00   -1.9816753236e+01    1.2800000000e+02    8.1429649999e-03    6.3525390625e-01
        19   -7.5266069829e+00    5.6863323568e+01   -1.6852508554e+01    9.3259015711e+00    2.5046886363e+00   -1.9357197190e+01    1.2800000000e+02    8.2092109997e-03    6.4355468750e-01
        20   -7.4181418535e+00    5.5184916642e+01   -1.1877006807e+01    4.4588649534e+00    2.4551713293e+00   -1.4332178136e+01    1.2800000000e+02    7.9119270004e-03    6.4648437500e-01
        21   -7.4958172114e+00    5.6581160147e+01   -1.3476973663e+01    5.9811564514e+00    3.6619477230e+00   -1.7138921386e+01    1.2800000000e+02    7.8761410005e-03    6.3769531250e-01
        22   -7.5740015682e+00    5.7550956576e+01   -1.4382818840e+01    6.8088172716e+00    2.5854305755e+00   -1.6968249415e+01    1.2800000000e+02    7.9806590002e-03    6.4404296875e-01
        23   -7.4149656082e+00    5.5126353727e+01   -1.9050188497e+01    1.1635222889e+01    2.6627072844e+00   -2.1712895781e+01    1.2800000000e+02    7.9861599997e-03    6.4062500000e-01
        24   -7.4518426656e+00    5.5750130121e+01   -1.2774974664e+01    5.3231319982e+00    2.5531295546e+00   -1.5328104218e+01    1.2800000000e+02    7.8386470004e-03    6.5039062500e-01
        25   -7.5567342596e+00    5.7346063594e+01   -1.7301870486e+01    9.7451362260e+00    2.8201000470e+00   -2.0121970533e+01    1.2800000000e+02    8.7125250002e-03    6.4648437500e-01
        26   -7.5154936803e+00    5.6688123092e+01   -1.2156325027e+01    4.6408313467e+00    2.5421784841e+00   -1.4698503511e+01    1.2800000000e+02    8.8252500000e-03    6.6308593750e-01
        27   -7.4694664066e+00    5.5991599202e+01   -1.7780143424e+01    1.0310677017e+01    2.5788604192e+00   -2.0359003843e+01    1.2800000000e+02    8.9333480000e-03    6.3476562500e-01
        28   -7.5191707537e+00    5.6725179488e+01   -1.7266161661e+01    9.7469909072e+00    2.6788423241e+00   -1.9945003985e+01    1.2800000000e+02    8.3311859999e-03    6.4453125000e-01
        29   -7.4880843402e+00    5.6285142989e+01   -2.0060023881e+01    1.2571939541e+01    2.9822150938e+00   -2.3042238975e+01    1.2800000000e+02    7.8315049996e-03    6.1181640625e-01
        30   -7.4837008530e+00    5.6236950266e+01   -2.3334345301e+01    1.5850644448e+01    2.5128190220e+00   -2.5847164323e+01    1.2800000000e+02    8.1963729999e-03    6.3623046875e-01
        31   -7.4957421741e+00    5.6372620766e+01   -1.2039869883e+01    4.5441277087e+00    2.3557383515e+00   -1.4395608234e+01    1.2800000000e+02    8.0293049996e-03    6.6259765625e-01
        32   -7.5514051410e+00    5.7251415707e+01   -2.0565138897e+01    1.3013733756e+01    2.7936820618e+00   -2.3358820958e+01    1.2800000000e+02    8.2733569998e-03    6.3183593750e-01
        33   -7.3666264652e+00    5.4396744751e+01   -1.1155627761e+01    3.7890012956e+00    2.4902322459e+00   -1.3645860007e+01    1.2800000000e+02    7.8862509999e-03    6.5234375000e-01
        34   -7.4724105189e+00    5.6021592400e+01   -1.4027144558e+01    6.5547340388e+00    2.6533206424e+00   -1.6680465200e+01    1.2800000000e+02    9.1119110002e-03    6.3525390625e-01
        35   -7.3232453809e+00    5.3760443671e+01   -1.1560612020e+01    4.2373666394e+00    2.4086732895e+00   -1.3969285310e+01    1.2800000000e+02    9.0628210000e-03    6.5478515625e-01
        36   -7.4890946774e+00    5.6254594306e+01   -1.9799819469e+01    1.2310724792e+01    2.6487916118e+00   -2.2448611081e+01    1.2800000000e+02    8.5535469998e-03    6.3769531250e-01
        37   -7.3511291538e+00    5.4200994554e+01   -1.7796396170e+01    1.0445267016e+01    2.8644576351e+00   -2.0660853805e+01    1.2800000000e+02    7.8732490001e-03    6.2939453125e-01
        38   -7.5606432330e+00    5.7383426190e+01   -1.3824326287e+01    6.2636830543e+00    2.7428526438e+00   -1.6567178931e+01    1.2800000000e+02    8.5116730006e-03    6.3085937500e-01
        39   -7.5616185838e+00    5.7354487304e+01   -1.3122885942e+01    5.5612673582e+00    2.5042435202e+00   -1.5627129462e+01    1.2800000000e+02    7.9993079999e-03    6.3818359375e-01
        40   -7.3703707587e+00    5.4520207477e+01   -1.4210873807e+01    6.8405030482e+00    3.0345883582e+00   -1.7245462165e+01    1.2800000000e+02    8.2087940000e-03    6.2011718750e-01
        41   -7.4234248328e+00    5.5289705705e+01   -1.2852937849e+01    5.4295130164e+00    2.6197342151e+00   -1.5472672064e+01    1.2800000000e+02    8.2731800003e-03    6.4208984375e-01
        42   -7.4073008936e+00    5.5078454911e+01   -1.3651455475e+01    6.2441545818e+00    2.5330620081e+00   -1.6184517484e+01    1.2800000000e+02    8.8378860000e-03    6.5087890625e-01
        43   -7.6375154329e+00    5.8717011655e+01   -1.4682579166e+01    7.0450637327e+00    3.0285596087e+00   -1.7711138774e+01    1.2800000000e+02    8.1566320005e-03    6.2792968750e-01
        44   -7.4596694083e+00    5.5778238782e+01   -1.1086695876e+01    3.6270264676e+00    2.5781992745e+00   -1.3664895150e+01    1.2800000000e+02    8.5382749994e-03    6.6748046875e-01
        45   -7.3694979474e+00    5.4431632699e+01   -1.1224377930e+01    3.8548799827e+00    2.2503027621e+00   -1.3474680692e+01    1.2800000000e+02    8.2263759996e-03    6.6650390625e-01
        46   -7.5106663948e+00    5.6589241322e+01   -1.4616416768e+01    7.1057503728e+00    2.5637267232e+00   -1.7180143491e+01    1.2800000000e+02    7.9763790000e-03    6.5380859375e-01
        47   -7.4555766421e+00    5.5851826745e+01   -1.4376499946e+01    6.9209233042e+00    2.3594214827e+00   -1.6735921429e+01    1.2800000000e+02    8.1093649997e-03    6.4550781250e-01
        48   -7.5103488860e+00    5.6649364157e+01   -1.4470877908e+01    6.9605290220e+00    2.7547470508e+00   -1.7225624959e+01    1.2800000000e+02    8.5206260001e-03    6.3720703125e-01
        49   -7.4038707312e+00    5.5037602366e+01   -2.1074277230e+01    1.3670406499e+01    2.6957480506e+00   -2.3770025281e+01    1.2800000000e+02    9.0178549999e-03    6.4062500000e-01
        50   -7.7214629172e+00    6.0003552374e+01   -1.6166380663e+01    8.4449177454e+00    3.1510530972e+00   -1.9317433760e+01    1.2800000000e+02    8.7289860003e-03    6.2158203125e-01
        51   -7.4596476310e+00    5.5886706462e+01   -1.4308416345e+01    6.8487687139e+00    2.7443070457e+00   -1.7052723391e+01    1.2800000000e+02    8.6686980003e-03    6.2304687500e-01
        52   -7.4145311293e+00    5.5254914630e+01   -1.6299978494e+01    8.8854473649e+00    2.8020298742e+00   -1.9102008368e+01    1.2800000000e+02    8.1601770007e-03    6.4160156250e-01
        53   -7.4217230766e+00    5.5313114361e+01   -1.2932015626e+01    5.5102925498e+00    2.6184748134e+00   -1.5550490440e+01    1.2800000000e+02    8.3452359995e-03    6.4648437500e-01
        54   -7.5008021125e+00    5.6504091939e+01   -1.6826187224e+01    9.3253851111e+00    3.0236715553e+00   -1.9849858779e+01    1.2800000000e+02    8.2522519997e-03    6.2646484375e-01
        55   -7.4562330662e+00    5.5775770563e+01   -1.5179425808e+01    7.7231927421e+00    2.2719632524e+00   -1.7451389061e+01    1.2800000000e+02    8.3665930006e-03    6.4746093750e-01
        56   -7.4280840745e+00    5.5442397320e+01   -1.4860894775e+01    7.4328107000e+00    2.8383969258e+00   -1.7699291700e+01    1.2800000000e+02    8.2095500002e-03    6.3916015625e-01
        57   -7.3751427242e+00    5.4555618199e+01   -1.3482181784e+01    6.1070390600e+00    2.3800726505e+00   -1.5862254435e+01    1.2800000000e+02    8.0625179999e-03    6.4599609375e-01
        58   -7.5189161810e+00    5.6869896021e+01   -1.5590808154e+01    8.0718919731e+00    2.6350759440e+00   -1.8225884098e+01    1.2800000000e+02    8.0881260001e-03    6.1914062500e-01
        59   -7.5813028809e+00    5.7830413152e+01   -1.3570035823e+01    5.9887329418e+00    2.5507888747e+00   -1.6120824697e+01    1.2800000000e+02    9.4865209994e-03    6.5039062500e-01
        60   -7.4695357164e+00    5.5911114200e+01   -1.1850226449e+01    4.3806907327e+00    2.5551508740e+00   -1.4405377323e+01    1.2800000000e+02    1.2645348000e-02    6.6259765625e-01
        61   -7.4520659188e+00    5.5793642255e+01   -1.6303141666e+01    8.8510757469e+00    2.7838840789e+00   -1.9087025745e+01    1.2800000000e+02    1.2981540000e-02    6.5234375000e-01
        62   -7.4548417432e+00    5.5673830351e+01   -1.1554044577e+01    4.0992028337e+00    2.2151310946e+00   -1.3769175671e+01    1.2800000000e+02    7.9263520001e-03    6.3671875000e-01
        63   -7.3883069003e+00    5.4773442771e+01   -1.2169161913e+01    4.7808550131e+00    2.2385513268e+00   -1.4407713240e+01    1.2800000000e+02    7.9838259999e-03    6.6796875000e-01
        64   -7.5415604829e+00    5.7135625703e+01   -1.9040127805e+01    1.1498567322e+01    2.2222158035e+00   -2.1262343609e+01    1.2800000000e+02    7.8787019993e-03    6.3232421875e-01
        65   -7.5874402137e+00    5.7810593075e+01   -1.7687405410e+01    1.0099965197e+01    2.9360454778e+00   -2.0623450888e+01    1.2800000000e+02    8.1209020000e-03    6.2841796875e-01
        66   -7.5746553750e+00    5.7698813575e+01   -1.7067988009e+01    9.4933326337e+00    3.0748279387e+00   -2.0142815947e+01    1.2800000000e+02    8.0347909998e-03    6.2548828125e-01
        67   -7.5499913930e+00    5.7357329429e+01   -1.5760774481e+01    8.2107830883e+00    2.7611579015e+00   -1.8521932383e+01    1.2800000000e+02    8.2754840005e-03    6.4648437500e-01
        68   -7.5148908528e+00    5.6686674932e+01   -1.8360948565e+01    1.0846057712e+01    2.6529402848e+00   -2.1013888850e+01    1.2800000000e+02    8.1926599996e-03    6.2402343750e-01
        69   -7.5183908077e+00    5.6783768520e+01   -1.6370894580e+01    8.8525037724e+00    2.6470727631e+00   -1.9017967343e+01    1.2800000000e+02    1.2114250000e-02    6.3232421875e-01
        70   -7.4821763480e+00    5.6217554169e+01   -1.7554909938e+01    1.0072733590e+01    2.4837192438e+00   -2.0038629182e+01    1.2800000000e+02    8.7045240007e-03    6.2646484375e-01
        71   -7.4257103966e+00    5.5366832673e+01   -1.4758961639e+01    7.3332512423e+00    2.5834619555e+00   -1.7342423594e+01    1.2800000000e+02    8.3031479999e-03    6.3964843750e-01
        72   -7.4019369771e+00    5.4895318540e+01   -1.4008006268e+01    6.6060692912e+00    2.6803003456e+00   -1.6688306614e+01    1.2800000000e+02    8.3866899995e-03    6.3134765625e-01
        73   -7.5433912348e+00    5.7128707002e+01   -1.4629885993e+01    7.0864947586e+00    2.6566909303e+00   -1.7286576924e+01    1.2800000000e+02    8.3784019998e-03    6.5869140625e-01
        74   -7.3786697844e+00    5.4604108047e+01   -1.2745015887e+01    5.3663461030e+00    2.7676681220e+00   -1.5512684009e+01    1.2800000000e+02    7.8824909997e-03    6.4160156250e-01
        75   -7.3863290417e+00    5.4802574627e+01   -1.4316710172e+01    6.9303811305e+00    2.7308591412e+00   -1.7047569313e+01    1.2800000000e+02    7.7448510001e-03    6.2695312500e-01
        76   -7.5260972482e+00    5.6887173717e+01   -1.7710990001e+01    1.0184892753e+01    2.9266534001e+00   -2.0637643401e+01    1.2800000000e+02    7.8793039993e-03    6.4599609375e-01
        77   -7.5432680346e+00    5.7186553723e+01   -1.6850332577e+01    9.3070645422e+00    2.7442251504e+00   -1.9594557727e+01    1.2800000000e+02    7.9857870005e-03    6.4306640625e-01
        78   -7.5861420881e+00    5.7834669213e+01   -1.4746313623e+01    7.1601715350e+00    2.6129960458e+00   -1.7359309669e+01    1.2800000000e+02    7.7913690002e-03    6.3330078125e-01
        79   -7.5152631581e+00    5.6623719887e+01   -1.7583140011e+01    1.0067876853e+01    2.5885032859e+00   -2.0171643297e+01    1.2800000000e+02    8.8988309999e-03    6.3085937500e-01
        80   -7.4684441259e+00    5.5953517854e+01   -1.3532194674e+01    6.0637505480e+00    2.3727155292e+00   -1.5904910203e+01    1.2800000000e+02    8.2832470007e-03    6.4648437500e-01
        81   -7.4721318087e+00    5.5961921655e+01   -1.2391025701e+01    4.9188938926e+00    2.3365022406e+00   -1.4727527942e+01    1.2800000000e+02    9.9820600008e-03    6.7333984375e-01
        82   -7.5157248201e+00    5.6635164407e+01   -1.3744997855e+01    6.2292730349e+00    2.3307039656e+00   -1.6075701821e+01    1.2800000000e+02    7.7736450003e-03    6.3476562500e-01
        83   -7.3319848224e+00    5.3877571874e+01   -1.3832200045e+01    6.5002152227e+00    2.6792033456e+00   -1.6511403391e+01    1.2800000000e+02    1.5248519000e-02    6.4501953125e-01
        84   -7.3346299624e+00    5.3974285224e+01   -1.6271403485e+01    8.9367735224e+00    2.7667348388e+00   -1.9038138324e+01    1.2800000000e+02    1.0356307000e-02    6.4208984375e-01
        85   -7.6194426984e+00    5.8368716139e+01   -1.4201008934e+01    6.5815662355e+00    2.6005760329e+00   -1.6801584967e+01    1.2800000000e+02    8.0974980001e-03    6.5185546875e-01
        86   -7.3905100419e+00    5.4758208115e+01   -1.5891813415e+01    8.5013033729e+00    3.0039136106e+00   -1.8895727025e+01    1.2800000000e+02    8.3201230000e-03    6.2597656250e-01
        87   -7.4082109138e+00    5.5165673104e+01   -1.2644349044e+01    5.2361381303e+00    2.5597753823e+00   -1.5204124426e+01    1.2800000000e+02    8.3603410003e-03    6.4550781250e-01
        88   -7.5185214397e+00    5.6791779311e+01   -1.4037857060e+01    6.5193356205e+00    2.5233250809e+00   -1.6561182141e+01    1.2800000000e+02    7.9905539997e-03    6.2744140625e-01
        89   -7.4599002923e+00    5.5909161241e+01   -1.3609423357e+01    6.1495230643e+00    2.4707847364e+00   -1.6080208093e+01    1.2800000000e+02    7.9726130007e-03    6.5429687500e-01
        90   -7.4668576684e+00    5.5947627622e+01   -1.2998803927e+01    5.5319462589e+00    3.3113023352e+00   -1.6310106263e+01    1.2800000000e+02    8.4406060005e-03    6.4257812500e-01
        91   -7.4988774945e+00    5.6358586231e+01   -1.3281631833e+01    5.7827543382e+00    2.7450006610e+00   -1.6026632494e+01    1.2800000000e+02    9.2871719999e-03    6.2207031250e-01
        92   -7.3999461466e+00    5.4990696616e+01   -1.3703155843e+01    6.3032096962e+00    2.4199501462e+00   -1.6123105989e+01    1.2800000000e+02    7.9840419994e-03    6.4111328125e-01
        93   -7.3824063479e+00    5.4702258700e+01   -1.3068123799e+01    5.6857174516e+00    2.5533319335e+00   -1.5621455733e+01    1.2800000000e+02    7.9553700007e-03    6.2597656250e-01
        94   -7.4422260165e+00    5.5651701169e+01   -1.9278467020e+01    1.1836241004e+01    3.2748115085e+00   -2.2553278529e+01    1.2800000000e+02    8.0446359998e-03    6.2255859375e-01
        95   -7.7594012176e+00    6.0714354567e+01   -1.4905363330e+01    7.1459621124e+00    2.6182622373e+00   -1.7523625567e+01    1.2800000000e+02    8.1725529999e-03    6.3037109375e-01
        96   -7.4199425275e+00    5.5222623834e+01   -1.5806108709e+01    8.3861661820e+00    2.8844528275e+00   -1.8690561537e+01    1.2800000000e+02    8.1672950000e-03    6.3330078125e-01
        97   -7.4100213492e+00    5.5068177484e+01   -1.2651496762e+01    5.2414754124e+00    2.5177236032e+00   -1.5169220365e+01    1.2800000000e+02    7.8987440002e-03    6.3525390625e-01
        98   -7.4494310114e+00    5.5745383276e+01   -1.5339468603e+01    7.8900375912e+00    2.7359924348e+00   -1.8075461037e+01    1.2800000000e+02    7.7858090008e-03    6.2304687500e-01
        99   -7.4482994510e+00    5.5677309374e+01   -1.4541688190e+01    7.0933887390e+00    2.5222122005e+00   -1.7063900391e+01    1.2800000000e+02    8.9879970001e-03    6.3623046875e-01
       100   -7.5569406267e+00    5.7319957199e+01   -1.3788878200e+01    6.2319375729e+00    2.5251791510e+00   -1.6314057351e+01    1.2800000000e+02    8.7398870000e-03    6.5380859375e-01
       101   -7.5272638500e+00    5.6929195754e+01   -1.6038869240e+01    8.5116053896e+00    2.6624642045e+00   -1.8701333444e+01    1.2800000000e+02    8.1617870001e-03    6.3525390625e-01
       102   -7.5096020594e+00    5.6666139178e+01   -1.4473008485e+01    6.9634064253e+00    2.3974784982e+00   -1.6870486983e+01    1.2800000000e+02    1.0951451000e-02    6.4404296875e-01
       103   -7.4032448928e+00    5.4972794302e+01   -1.3736897162e+01    6.3336522688e+00    2.5499692688e+00   -1.6286866430e+01    1.2800000000e+02    1.4684386000e-02    6.4404296875e-01
       104   -7.3589686356e+00    5.4271912549e+01   -1.1975883054e+01    4.6169144186e+00    2.4397055631e+00   -1.4415588617e+01    1.2800000000e+02    8.4706850002e-03    6.4550781250e-01
       105   -7.3634049427e+00    5.4369283909e+01   -1.3288108106e+01    5.9247031630e+00    2.4482327301e+00   -1.5736340836e+01    1.2800000000e+02    7.7778079994e-03    6.2646484375e-01
       106   -7.3230847076e+00    5.3838736482e+01   -1.2601694218e+01    5.2786095100e+00    2.6346968293e+00   -1.5236391047e+01    1.2800000000e+02    9.6967750005e-03    6.3623046875e-01
       107   -7.4978463043e+00    5.6392392206e+01   -1.6370518119e+01    8.8726718143e+00    2.5394194195e+00   -1.8909937538e+01    1.2800000000e+02    9.2991269994e-03    6.3964843750e-01
       108   -7.6387969074e+00    5.8777754999e+01   -1.4446330445e+01    6.8075335376e+00    2.6631711310e+00   -1.7109501576e+01    1.2800000000e+02    8.9857739995e-03    6.2500000000e-01
       109   -7.4650777508e+00    5.5976368066e+01   -1.3476576746e+01    6.0114989955e+00    2.4099896908e+00   -1.5886566437e+01    1.2800000000e+02    7.9355940006e-03    6.3818359375e-01
       110   -7.3052176929e+00    5.3523428294e+01   -1.2950166705e+01    5.6449490119e+00    2.6944833059e+00   -1.5644650011e+01    1.2800000000e+02    1.0193091000e-02    6.4062500000e-01
       111   -7.3722708152e+00    5.4550246713e+01   -1.2422533356e+01    5.0502625411e+00    2.5828494544e+00   -1.5005382811e+01    1.2800000000e+02    1.0623331001e-02    6.4355468750e-01
       112   -7.8342823375e+00    6.1899251884e+01   -1.9096883217e+01    1.1262600879e+01    3.0356621575e+00   -2.2132545374e+01    1.2800000000e+02    1.2571650000e-02    6.1083984375e-01
       113   -7.5373471375e+00    5.6957415232e+01   -1.5411975928e+01    7.8746287905e+00    2.7077104503e+00   -1.8119686378e+01    1.2800000000e+02    9.5144119996e-03    6.2109375000e-01
       114   -7.4265056466e+00    5.5291160333e+01   -1.1772530076e+01    4.3460244297e+00    2.5534212469e+00   -1.4325951323e+01    1.2800000000e+02    1.0143547000e-02    6.6601562500e-01
       115   -7.5135273833e+00    5.6761358341e+01   -1.7179438538e+01    9.6659111548e+00    2.9423560481e+00   -2.0121794586e+01    1.2800000000e+02    1.0341871000e-02    6.1279296875e-01
       116   -7.4585199540e+00    5.5838940374e+01   -1.6415801007e+01    8.9572810526e+00    2.7049758756e+00   -1.9120776882e+01    1.2800000000e+02    9.3747960000e-03    6.3574218750e-01
       117   -7.7431304938e+00    6.0265869132e+01   -1.8491098276e+01    1.0747967782e+01    2.7809792954e+00   -2.1272077571e+01    1.2800000000e+02    8.0289799998e-03    6.2695312500e-01
       118   -7.3584706966e+00    5.4409679469e+01   -1.3888045990e+01    6.5295752936e+00    2.6534002676e+00   -1.6541446258e+01    1.2800000000e+02    1.0794507000e-02    6.2744140625e-01
       119   -7.4210046366e+00    5.5269371995e+01   -1.4653269248e+01    7.2322646112e+00    2.6557232722e+00   -1.7308992520e+01    1.2800000000e+02    7.7645980000e-03    6.1865234375e-01
       120   -7.4863550335e+00    5.6231989423e+01   -1.4690949630e+01    7.2045945963e+00    2.4355493326e+00   -1.7126498962e+01    1.2800000000e+02    9.1361039995e-03    6.6601562500e-01
       121   -7.4474730594e+00    5.5635033751e+01   -1.3621203719e+01    6.1737306599e+00    2.4967462261e+00   -1.6117949945e+01    1.2800000000e+02    7.8775610000e-03    6.4062500000e-01
       122   -7.5376732024e+00    5.7090414846e+01   -1.3485525428e+01    5.9478522256e+00    2.2978117457e+00   -1.5783337174e+01    1.2800000000e+02    8.0038120004e-03    6.5527343750e-01
       123   -7.4909737616e+00    5.6276638144e+01   -1.5914262737e+01    8.4232889755e+00    2.1107205259e+00   -1.8024983263e+01    1.2800000000e+02    1.1858377999e-02    6.4257812500e-01
       124   -7.5175682268e+00    5.6752543793e+01   -1.9668744428e+01    1.2151176201e+01    2.4943270678e+00   -2.2163071495e+01    1.2800000000e+02    1.4056346000e-02    6.4062500000e-01
       125   -7.4819507358e+00    5.6133983826e+01   -1.2840711033e+01    5.3587602973e+00    2.5831957754e+00   -1.5423906809e+01    1.2800000000e+02    8.3912199998e-03    6.5087890625e-01
       126   -7.4200751050e+00    5.5212436000e+01   -1.3497953888e+01    6.0778787834e+00    2.4703156216e+00   -1.5968269510e+01    1.2800000000e+02    7.8763940000e-03    6.4843750000e-01
       127   -7.6699852066e+00    5.9187465188e+01   -1.7157664506e+01    9.4876792990e+00    2.8366084187e+00   -1.9994272924e+01    1.2800000000e+02    1.0594038000e-02    6.1132812500e-01
       128   -7.4573032509e+00    5.5856276884e+01   -1.3357143859e+01    5.8998406082e+00    2.5925912586e+00   -1.5949735118e+01    1.2800000000e+02    8.3890289998e-03    6.4794921875e-01
       129   -7.4602830402e+00    5.5868820104e+01   -1.3389130045e+01    5.9288470047e+00    2.6150769503e+00   -1.6004206995e+01    1.2800000000e+02    8.9513100002e-03    6.3916015625e-01
       130   -7.6535568619e+00    5.8948534881e+01   -1.7081081131e+01    9.4275242690e+00    2.8275749387e+00   -1.9908656070e+01    1.2800000000e+02    9.1214380000e-03    6.3769531250e-01
       131   -7.4568623508e+00    5.5895822833e+01   -1.4161860641e+01    6.7049982904e+00    2.4108343979e+00   -1.6572695039e+01    1.2800000000e+02    8.8378159999e-03    6.4208984375e-01
       132   -7.5085736192e+00    5.6561661064e+01   -1.3452823838e+01    5.9442502185e+00    2.7656020605e+00   -1.6218425898e+01    1.2800000000e+02    8.2881680000e-03    6.5429687500e-01
       133   -7.4326391159e+00    5.5383668478e+01   -1.2159778707e+01    4.7271395912e+00    2.7048533346e+00   -1.4864632042e+01    1.2800000000e+02    1.1679849000e-02    6.4746093750e-01
       134   -7.5415392829e+00    5.7077612490e+01   -1.5986305202e+01    8.4447659194e+00    2.6070517985e+00   -1.8593357001e+01    1.2800000000e+02    1.4733433000e-02    6.2646484375e-01
       135   -7.4491338827e+00    5.5713063814e+01   -1.4519383021e+01    7.0702491387e+00    2.8331709654e+00   -1.7352553987e+01    1.2800000000e+02    1.2798063000e-02    6.4306640625e-01
       136   -7.4646578001e+00    5.5968820711e+01   -1.5472356564e+01    8.0076987638e+00    2.7326308916e+00   -1.8204987455e+01    1.2800000000e+02    1.5631058000e-02    6.0888671875e-01
       137   -7.4489784514e+00    5.5834216352e+01   -1.6729137350e+01    9.2801588991e+00    2.6131057000e+00   -1.9342243050e+01    1.2800000000e+02    1.5704040999e-02    6.3281250000e-01
       138   -7.5073940959e+00    5.6571879302e+01   -1.5436934584e+01    7.9295404879e+00    2.6559530182e+00   -1.8092887602e+01    1.2800000000e+02    1.5305713000e-02    6.5869140625e-01
       139   -7.4693759994e+00    5.5955487561e+01   -1.3630539265e+01    6.1611632659e+00    2.7627591153e+00   -1.6393298381e+01    1.2800000000e+02    1.2513972000e-02    6.3720703125e-01
       140   -7.3853005538e+00    5.4796349285e+01   -1.6842642862e+01    9.4573423086e+00    2.3325200489e+00   -1.9175162911e+01    1.2800000000e+02    1.3082035000e-02    6.3476562500e-01
       141   -7.4639954894e+00    5.5872247051e+01   -1.1254693442e+01    3.7906979529e+00    2.2668796800e+00   -1.3521573122e+01    1.2800000000e+02    1.4158257000e-02    6.5429687500e-01
       142   -7.4803571797e+00    5.6167530871e+01   -1.1918206330e+01    4.4378491500e+00    2.2733072862e+00   -1.4191513616e+01    1.2800000000e+02    1.3696620000e-02    6.7480468750e-01
       143   -7.5187255907e+00    5.6800648869e+01   -1.5096925840e+01    7.5782002489e+00    2.5110366365e+00   -1.7607962476e+01    1.2800000000e+02    1.4972475999e-02    6.5917968750e-01
       144   -7.5709777438e+00    5.7608853277e+01   -1.6044548044e+01    8.4735703004e+00    2.8373452918e+00   -1.8881893336e+01    1.2800000000e+02    9.7663659999e-03    6.4648437500e-01
       145   -7.4514949388e+00    5.5736633116e+01   -1.5870642399e+01    8.4191474600e+00    2.5000531367e+00   -1.8370695536e+01    1.2800000000e+02    8.0031090001e-03    6.5039062500e-01
       146   -7.4851225773e+00    5.6270446466e+01   -1.6857702511e+01    9.3725799337e+00    2.8666045871e+00   -1.9724307098e+01    1.2800000000e+02    8.1232630000e-03    6.3769531250e-01
       147   -7.4019669654e+00    5.4969281614e+01   -1.7109438461e+01    9.7074714957e+00    3.1121602283e+00   -2.0221598689e+01    1.2800000000e+02    7.8763470001e-03    6.1523437500e-01
       148   -7.6891863784e+00    5.9481807552e+01   -1.7330255820e+01    9.6410694419e+00    3.1725933093e+00   -2.0502849130e+01    1.2800000000e+02    7.8137099999e-03    6.3232421875e-01
       149   -7.4972895300e+00    5.6435036007e+01   -1.6853084187e+01    9.3557946570e+00    2.9884964674e+00   -1.9841580654e+01    1.2800000000e+02    7.8061120003e-03    6.2011718750e-01
       150   -7.3955702566e+00    5.4886601973e+01   -1.3111456270e+01    5.7158860130e+00    3.0702433927e+00   -1.6181699662e+01    1.2800000000e+02    8.1113730002e-03    6.2695312500e-01
       151   -7.4773781435e+00    5.6073374897e+01   -1.2480639465e+01    5.0032613218e+00    2.3014376586e+00   -1.4782077124e+01    1.2800000000e+02    8.1104400006e-03    6.5527343750e-01
       152   -7.4362101981e+00    5.5462311798e+01   -1.2605038496e+01    5.1688282974e+00    2.5903466921e+00   -1.5195385188e+01    1.2800000000e+02    7.9664510004e-03    6.5625000000e-01
       153   -7.4866393213e+00    5.6320120001e+01   -1.3620388608e+01    6.1337492871e+00    2.6015531147e+00   -1.6221941723e+01    1.2800000000e+02    7.8976070008e-03    6.5869140625e-01
       154   -7.4554830084e+00    5.5748410861e+01   -1.5488703281e+01    8.0332202727e+00    2.4898254243e+00   -1.7978528705e+01    1.2800000000e+02    7.8118210004e-03    6.3769531250e-01
       155   -7.4631112302e+00    5.5891579460e+01   -1.5473018192e+01    8.0099069620e+00    2.6809300347e+00   -1.8153948227e+01    1.2800000000e+02    7.9936550001e-03    6.4257812500e-01
       156   -7.4712085353e+00    5.6061470522e+01   -1.2257894588e+01    4.7866860528e+00    2.2954089308e+00   -1.4553303519e+01    1.2800000000e+02    8.7801150003e-03    6.6357421875e-01
       157   -7.5728331775e+00    5.7551749405e+01   -1.5588272821e+01    8.0154396438e+00    2.8014711339e+00   -1.8389743955e+01    1.2800000000e+02    7.7971880000e-03    6.3720703125e-01
       158   -7.4133601523e+00    5.5063408712e+01   -1.1378082563e+01    3.9647224112e+00    2.4122522664e+00   -1.3790334830e+01    1.2800000000e+02    7.8278569999e-03    6.5869140625e-01
       159   -7.3538952579e+00    5.4268969981e+01   -1.4928545981e+01    7.5746507233e+00    2.8171319050e+00   -1.7745677886e+01    1.2800000000e+02    8.2204450000e-03    6.3085937500e-01
       160   -7.3416514311e+00    5.4036228938e+01   -1.5456857523e+01    8.1152060923e+00    2.6913015401e+00   -1.8148159064e+01    1.2800000000e+02    7.8724980003e-03    6.3916015625e-01
       161   -7.5756871854e+00    5.7545874025e+01   -1.4517507051e+01    6.9418198657e+00    2.5256907216e+00   -1.7043197773e+01    1.2800000000e+02    7.9861229997e-03    6.4306640625e-01
       162   -7.4247222724e+00    5.5298282981e+01   -1.2531677234e+01    5.1069549616e+00    2.6308651644e+00   -1.5162542398e+01    1.2800000000e+02    8.3538700001e-03    6.4550781250e-01
       163   -7.3404158352e+00    5.3984619199e+01   -1.1472971361e+01    4.1325555260e+00    2.3626155283e+00   -1.3835586890e+01    1.2800000000e+02    9.0925140003e-03    6.4648437500e-01
       164   -7.2965525396e+00    5.3385746732e+01   -1.3317771938e+01    6.0212193985e+00    2.6794293697e+00   -1.5997201308e+01    1.2800000000e+02    8.6781869995e-03    6.4550781250e-01
       165   -7.3915026988e+00    5.4804432083e+01   -1.4315380237e+01    6.9238775381e+00    2.6072214189e+00   -1.6922601656e+01    1.2800000000e+02    9.5066149997e-03    6.2158203125e-01
       166   -7.3020585011e+00    5.3506959438e+01   -1.2541605738e+01    5.2395472368e+00    2.6817381245e+00   -1.5223343862e+01    1.2800000000e+02    8.0698470001e-03    6.3085937500e-01
       167   -7.5001860137e+00    5.6485042046e+01   -1.2371268096e+01    4.8710820824e+00    2.7787949253e+00   -1.5150063021e+01    1.2800000000e+02    9.2473029999e-03    6.5722656250e-01
       168   -7.4423439830e+00    5.5551099119e+01   -1.2009612170e+01    4.5672681871e+00    2.6899770382e+00   -1.4699589208e+01    1.2800000000e+02    9.0833590002e-03    6.5527343750e-01
       169   -7.3763476565e+00    5.4613642595e+01   -1.4299634323e+01    6.9232866665e+00    2.6651050235e+00   -1.6964739346e+01    1.2800000000e+02    8.6710490004e-03    6.2695312500e-01
       170   -7.5752314036e+00    5.7643837088e+01   -1.4626248416e+01    7.0510170123e+00    2.7263752856e+00   -1.7352623701e+01    1.2800000000e+02    8.2973680001e-03    6.6162109375e-01
       171   -7.4632807972e+00    5.5824089429e+01   -1.5729885672e+01    8.2666048750e+00    2.7043259359e+00   -1.8434211608e+01    1.2800000000e+02    8.2611450007e-03    6.3574218750e-01
       172   -7.5155497677e+00    5.6776927150e+01   -1.5106179249e+01    7.5906294815e+00    2.7370212450e+00   -1.7843200494e+01    1.2800000000e+02    7.8734240005e-03    6.1230468750e-01
       173   -7.4557323008e+00    5.5875784137e+01   -1.5015395065e+01    7.5596627640e+00    2.5277265152e+00   -1.7543121580e+01    1.2800000000e+02    8.1805699992e-03    6.4843750000e-01
       174   -7.3645382011e+00    5.4405250332e+01   -1.1218984294e+01    3.8544460934e+00    2.5599230176e+00   -1.3778907312e+01    1.2800000000e+02    1.0882361000e-02    6.5722656250e-01
       175   -7.5210766921e+00    5.6750219599e+01   -1.4493489418e+01    6.9724127256e+00    2.6682439905e+00   -1.7161733408e+01    1.2800000000e+02    8.4727840003e-03    6.4111328125e-01
       176   -7.3765818050e+00    5.4576691687e+01   -1.6260572449e+01    8.8839906439e+00    2.6926209332e+00   -1.8953193382e+01    1.2800000000e+02    9.2896699998e-03    6.1767578125e-01
       177   -7.3778140110e+00    5.4640088133e+01   -1.1363343779e+01    3.9855297680e+00    2.4011017318e+00   -1.3764445511e+01    1.2800000000e+02    8.1531870001e-03    6.6259765625e-01
       178   -7.4179710034e+00    5.5167956932e+01   -1.1619319998e+01    4.2013489946e+00    2.8138655770e+00   -1.4433185575e+01    1.2800000000e+02    7.9482700003e-03    6.4794921875e-01
       179   -7.3785191330e+00    5.4662521252e+01   -1.2750318694e+01    5.3717995611e+00    2.6363180681e+00   -1.5386636762e+01    1.2800000000e+02    8.3032670000e-03    6.5429687500e-01
       180   -7.4025719591e+00    5.4925847067e+01   -1.3876562474e+01    6.4739905151e+00    2.6633764349e+00   -1.6539938909e+01    1.2800000000e+02    8.1505509997e-03    6.3769531250e-01
       181   -7.4871451082e+00    5.6195209875e+01   -1.3808411129e+01    6.3212660208e+00    2.7883074767e+00   -1.6596718606e+01    1.2800000000e+02    8.1735450003e-03    6.2451171875e-01
       182   -7.3490202480e+00    5.4155331532e+01   -1.3093929791e+01    5.7449095431e+00    2.7567097648e+00   -1.5850639556e+01    1.2800000000e+02    8.5897600002e-03    6.2890625000e-01
       183   -7.4728448795e+00    5.5961437946e+01   -1.2677611985e+01    5.2047671060e+00    2.6238303207e+00   -1.5301442306e+01    1.2800000000e+02    8.5562450004e-03    6.4013671875e-01
       184   -7.4598533606e+00    5.5867067821e+01   -1.5608698270e+01    8.1488449093e+00    2.7256271123e+00   -1.8334325382e+01    1.2800000000e+02    7.9107729998e-03    6.2353515625e-01
       185   -7.6016617006e+00    5.8116464710e+01   -1.4141738625e+01    6.5400769241e+00    2.4293477213e+00   -1.6571086346e+01    1.2800000000e+02    7.9448759998e-03    6.3720703125e-01
       186   -7.4792010558e+00    5.6150140087e+01   -1.2970006398e+01    5.4908053423e+00    2.5329850774e+00   -1.5502991476e+01    1.2800000000e+02    9.0364530006e-03    6.5380859375e-01
       187   -7.4375501613e+00    5.5595697621e+01   -1.2764072407e+01    5.3265222456e+00    2.5443186280e+00   -1.5308391035e+01    1.2800000000e+02    8.9123099997e-03    6.4648437500e-01
       188   -7.4504574773e+00    5.5767202849e+01   -1.3130995149e+01    5.6805376722e+00    2.5561553370e+00   -1.5687150486e+01    1.2800000000e+02    8.2581859997e-03    6.5185546875e-01
       189   -7.6662141456e+00    5.9106735624e+01   -1.5387112806e+01    7.7208986609e+00    2.6278784031e+00   -1.8014991210e+01    1.2800000000e+02    8.8740140000e-03    6.2597656250e-01
       190   -7.6423393444e+00    5.8770654189e+01   -1.6298772447e+01    8.6564331031e+00    2.6369869083e+00   -1.8935759356e+01    1.2800000000e+02    8.4205999992e-03    6.4404296875e-01
       191   -7.4633976050e+00    5.5870143620e+01   -1.2997336718e+01    5.5339391127e+00    2.6681846530e+00   -1.5665521371e+01    1.2800000000e+02    8.1303139996e-03    6.3867187500e-01
       192   -7.3108482913e+00    5.3654376965e+01   -1.3270991055e+01    5.9601427642e+00    2.6146441630e+00   -1.5885635218e+01    1.2800000000e+02    8.4430850002e-03    6.4306640625e-01
       193   -7.5693271382e+00    5.7570705633e+01   -1.6822814540e+01    9.2534874017e+00    2.6723552350e+00   -1.9495169775e+01    1.2800000000e+02    8.9055490007e-03    6.2988281250e-01
       194   -7.4625943317e+00    5.5857050861e+01   -1.2917890944e+01    5.4552966119e+00    2.7872170001e+00   -1.5705107944e+01    1.2800000000e+02    8.7682109997e-03    6.4160156250e-01
       195   -7.3427461271e+00    5.4077201688e+01   -1.3753013442e+01    6.4102673153e+00    2.2539172951e+00   -1.6006930738e+01    1.2800000000e+02    8.1155060006e-03    6.5380859375e-01
       196   -7.5875718312e+00    5.7796526304e+01   -1.6855125666e+01    9.2675538345e+00    2.7397958885e+00   -1.9594921554e+01    1.2800000000e+02    8.7783699992e-03    6.3037109375e-01
       197   -7.4894063904e+00    5.6299651955e+01   -1.6759842182e+01    9.2704357919e+00    2.8176815445e+00   -1.9577523727e+01    1.2800000000e+02    7.9589919997e-03    6.3964843750e-01
       198   -7.4366947528e+00    5.5492865419e+01   -1.5145147232e+01    7.7084524795e+00    2.8383044705e+00   -1.7983451703e+01    1.2800000000e+02    9.5306789999e-03    6.4599609375e-01
       199   -7.4807353791e+00    5.6198709651e+01   -1.2306466844e+01    4.8257314647e+00    2.6582804814e+00   -1.4964747325e+01    1.2800000000e+02    8.2069300006e-03    6.5722656250e-01
       200   -7.6181601363e+00    5.8438444713e+01   -1.7380174753e+01    9.7620146171e+00    2.8208751412e+00   -2.0201049895e+01    1.2800000000e+02    8.7770340006e-03    6.5136718750e-01
       201   -7.4661050508e+00    5.5963908544e+01   -1.9845446693e+01    1.2379341643e+01    2.7801060226e+00   -2.2625552716e+01    1.2800000000e+02    8.1632339998e-03    6.5283203125e-01
       202   -7.5391165137e+00    5.7004188496e+01   -1.3349936270e+01    5.8108197558e+00    2.2162186804e+00   -1.5566154950e+01    1.2800000000e+02    7.9834560001e-03    6.6113281250e-01
       203   -7.4664164308e+00    5.5929901185e+01   -1.2584094450e+01    5.1176780190e+00    2.7128245021e+00   -1.5296918952e+01    1.2800000000e+02    8.0677960004e-03    6.4843750000e-01
       204   -7.3681720220e+00    5.4574760910e+01   -1.4875039392e+01    7.5068673700e+00    2.7203843939e+00   -1.7595423786e+01    1.2800000000e+02    8.2845000006e-03    6.1816406250e-01
       205   -7.4348160312e+00    5.5415762731e+01   -1.3837831347e+01    6.4030153159e+00    2.4627098424e+00   -1.6300541190e+01    1.2800000000e+02    8.2630580000e-03    6.4697265625e-01
       206   -7.4692900623e+00    5.5956066111e+01   -1.3085417759e+01    5.6161276963e+00    2.3206684855e+00   -1.5406086244e+01    1.2800000000e+02    8.0247010001e-03    6.5185546875e-01
       207   -7.5205319000e+00    5.6822812457e+01   -1.4541820324e+01    7.0212884242e+00    2.7219271992e+00   -1.7263747523e+01    1.2800000000e+02    7.9382349995e-03    6.4550781250e-01
       208   -7.4780889392e+00    5.6086586740e+01   -1.2553416445e+01    5.0753275058e+00    2.3015940716e+00   -1.4855010517e+01    1.2800000000e+02    9.1638760005e-03    6.5234375000e-01
       209   -7.4927059450e+00    5.6412113779e+01   -1.1959447744e+01    4.4667417993e+00    2.5551312378e+00   -1.4514578982e+01    1.2800000000e+02    9.3505609993e-03    6.5136718750e-01
       210   -7.2805216627e+00    5.3099488563e+01   -1.1530428093e+01    4.2499064307e+00    2.2197431114e+00   -1.3750171205e+01    1.2800000000e+02    9.5738519994e-03    6.3476562500e-01
       211   -7.6931594406e+00    5.9535298772e+01   -2.2911124957e+01    1.5217965517e+01    2.3779062559e+00   -2.5289031213e+01    1.2800000000e+02    8.0312900000e-03    6.3867187500e-01
       212   -7.5388250430e+00    5.7145686519e+01   -1.6444238699e+01    8.9054136556e+00    2.5647823332e+00   -1.9009021032e+01    1.2800000000e+02    1.0041863000e-02    6.3720703125e-01
       213   -7.3495995469e+00    5.4174679207e+01   -1.2382820518e+01    5.0332209712e+00    2.6584632183e+00   -1.5041283736e+01    1.2800000000e+02    8.0445419999e-03    6.3281250000e-01
       214   -7.3664999811e+00    5.4358251487e+01   -1.1705303700e+01    4.3388037191e+00    2.4107013046e+00   -1.4116005005e+01    1.2800000000e+02    7.8696129995e-03    6.5625000000e-01
       215   -7.4199305794e+00    5.5240590587e+01   -1.7225006755e+01    9.8050761752e+00    2.8377693621e+00   -2.0062776117e+01    1.2800000000e+02    8.4869779994e-03    6.1914062500e-01
       216   -7.4953655303e+00    5.6409710654e+01   -1.4172556788e+01    6.6771912577e+00    2.4246395018e+00   -1.6597196290e+01    1.2800000000e+02    9.3708510003e-03    6.6455078125e-01
       217   -7.2653569424e+00    5.2941121364e+01   -1.3014311127e+01    5.7489541850e+00    2.5991343929e+00   -1.5613445520e+01    1.2800000000e+02    1.5018309000e-02    6.2353515625e-01
       218   -7.4867207921e+00    5.6287138695e+01   -1.2913440791e+01    5.4267199993e+00    2.4204445174e+00   -1.5333885309e+01    1.2800000000e+02    8.3656070001e-03    6.5234375000e-01
       219   -7.3377409086e+00    5.4009702335e+01   -1.3798369984e+01    6.4606290751e+00    2.6608210717e+00   -1.6459191055e+01    1.2800000000e+02    7.8750200000e-03    6.3427734375e-01
       220   -7.4352083267e+00    5.5475163395e+01   -1.4785128110e+01    7.3499197830e+00    2.7078705951e+00   -1.7492998705e+01    1.2800000000e+02    7.8276220001e-03    6.1816406250e-01
       221   -7.4028306333e+00    5.4957272868e+01   -2.0304850678e+01    1.2902020045e+01    3.1859752514e+00   -2.3490825929e+01    1.2800000000e+02    8.1877989996e-03    6.1083984375e-01
       222   -7.4909867701e+00    5.6369908102e+01   -1.4764856022e+01    7.2738692519e+00    2.7563080664e+00   -1.7521164088e+01    1.2800000000e+02    7.8868339997e-03    6.4794921875e-01
       223   -7.3261384281e+00    5.3819401029e+01   -1.3185439954e+01    5.8593015262e+00    2.6764036615e+00   -1.5861843616e+01    1.2800000000e+02    7.9042440002e-03    6.3476562500e-01
       224   -7.4773862390e+00    5.6188755927e+01   -1.6016095149e+01    8.5387089098e+00    2.2891474190e+00   -1.8305242568e+01    1.2800000000e+02    7.8681250006e-03    6.5136718750e-01
       225   -7.7309472637e+00    6.0226027711e+01   -1.5891160521e+01    8.1602132571e+00    2.7110883298e+00   -1.8602248851e+01    1.2800000000e+02    8.3563139997e-03    6.2988281250e-01
       226   -7.4706465561e+00    5.5916042193e+01   -1.0875127072e+01    3.4044805159e+00    2.4954292705e+00   -1.3370556342e+01    1.2800000000e+02    7.9452680002e-03    6.5527343750e-01
       227   -7.4221374226e+00    5.5205110125e+01   -1.1627350545e+01    4.2052131222e+00    2.3826125316e+00   -1.4009963076e+01    1.2800000000e+02    8.1340099996e-03    6.4013671875e-01
       228   -7.5863311886e+00    5.7799377326e+01   -1.3949855994e+01    6.3635248053e+00    2.6132365649e+00   -1.6563092559e+01    1.2800000000e+02    7.9341820001e-03    6.3330078125e-01
       229   -7.4270404953e+00    5.5519123012e+01   -1.3756633349e+01    6.3295928533e+00    2.8529527417e+00   -1.6609586090e+01    1.2800000000e+02    8.0106719997e-03    6.3867187500e-01
       230   -7.3886061414e+00    5.4716940004e+01   -1.2808514019e+01    5.4199078778e+00    2.4484673755e+00   -1.5256981395e+01    1.2800000000e+02    8.0017860000e-03    6.4550781250e-01
       231   -7.3236588736e+00    5.3801365757e+01   -1.2176620478e+01    4.8529616041e+00    2.6573325487e+00   -1.4833953026e+01    1.2800000000e+02    8.9816770005e-03    6.4550781250e-01
       232   -7.4437216723e+00    5.5552917595e+01   -1.1645596851e+01    4.2018751784e+00    2.3476784015e+00   -1.3993275252e+01    1.2800000000e+02    8.6630400001e-03    6.5673828125e-01
       233   -7.6029687519e+00    5.8197960021e+01   -1.7959865141e+01    1.0356896390e+01    2.9214484786e+00   -2.0881313620e+01    1.2800000000e+02    8.8784449999e-03    6.3232421875e-01
       234   -7.5109576012e+00    5.6683439967e+01   -2.0309911821e+01    1.2798954220e+01    2.6777749591e+00   -2.2987686780e+01    1.2800000000e+02    9.0799019999e-03    6.2060546875e-01
       235   -7.4149829685e+00    5.5186888577e+01   -1.2907744789e+01    5.4927618210e+00    2.8942209400e+00   -1.5801965729e+01    1.2800000000e+02    8.7297589998e-03    6.4355468750e-01
       236   -7.4425342511e+00    5.5612758387e+01   -1.3539668418e+01    6.0971341672e+00    2.4192609822e+00   -1.5958929400e+01    1.2800000000e+02    8.4594600003e-03    6.5283203125e-01
       237   -7.4328775012e+00    5.5437091521e+01   -1.2972099456e+01    5.5392219546e+00    2.3546261191e+00   -1.5326725575e+01    1.2800000000e+02    8.9102349993e-03    6.4648437500e-01
       238   -7.3857211873e+00    5.4724993081e+01   -1.3660217941e+01    6.2744967541e+00    2.7008642313e+00   -1.6361082173e+01    1.2800000000e+02    8.1764509996e-03    6.2695312500e-01
       239   -7.4189733146e+00    5.5261796719e+01   -1.3266573504e+01    5.8476001891e+00    2.5685100696e+00   -1.5835083573e+01    1.2800000000e+02    8.0965979996e-03    6.3476562500e-01
       240   -7.5069190011e+00    5.6637187138e+01   -1.3637270231e+01    6.1303512304e+00    2.6163612871e+00   -1.6253631519e+01    1.2800000000e+02    8.4061620000e-03    6.3574218750e-01
       241   -7.4756713227e+00    5.6042723764e+01   -1.3843214927e+01    6.3675436042e+00    2.5618445671e+00   -1.6405059494e+01    1.2800000000e+02    8.4496969994e-03    6.4746093750e-01
       242   -7.4980766060e+00    5.6459924693e+01   -1.3951800201e+01    6.4537235949e+00    2.4885977380e+00   -1.6440397939e+01    1.2800000000e+02    8.6018949996e-03    6.6894531250e-01
       243   -7.4657148638e+00    5.5993252053e+01   -1.3740641553e+01    6.2749266891e+00    2.9292399551e+00   -1.6669881508e+01    1.2800000000e+02    8.2162010003e-03    6.4062500000e-01
       244   -7.5288413999e+00    5.6853098703e+01   -1.8433453219e+01    1.0904611819e+01    2.8407342884e+00   -2.1274187507e+01    1.2800000000e+02    9.2312359993e-03    6.5332031250e-01
       245   -7.4775927076e+00    5.6120116411e+01   -1.1842501047e+01    4.3649083398e+00    2.2612381546e+00   -1.4103739202e+01    1.2800000000e+02    1.2995260000e-02    6.5771484375e-01
       246   -7.4926986519e+00    5.6502429046e+01   -1.3164808611e+01    5.6721099595e+00    2.7504040612e+00   -1.5915212673e+01    1.2800000000e+02    1.0922851000e-02    6.3183593750e-01
       247   -7.6432526867e+00    5.8844229933e+01   -1.4886120802e+01    7.2428681158e+00    2.4912987919e+00   -1.7377419594e+01    1.2800000000e+02    9.4628440002e-03    6.3378906250e-01
       248   -7.4714173352e+00    5.6003969373e+01   -1.2122279327e+01    4.6508619921e+00    2.5057900309e+00   -1.4628069358e+01    1.2800000000e+02    8.0717520004e-03    6.5869140625e-01
       249   -7.5358479394e+00    5.6997990946e+01   -1.9491073630e+01    1.1955225691e+01    2.8769719442e+00   -2.2368045575e+01    1.2800000000e+02    9.7493379999e-03    6.2304687500e-01
       250   -7.4931622419e+00    5.6417423400e+01   -1.3537071259e+01    6.0439090171e+00    2.7662743253e+00   -1.6303345584e+01    1.2800000000e+02    8.4216699997e-03    6.3134765625e-01
       251   -7.3999661083e+00    5.4882884792e+01   -1.2396491634e+01    4.9965255257e+00    2.4168350819e+00   -1.4813326716e+01    1.2800000000e+02    8.9321600008e-03    6.4013671875e-01
       252   -7.3669681185e+00    5.4357074589e+01   -1.0827358789e+01    3.4603906703e+00    2.2648637962e+00   -1.3092222585e+01    1.2800000000e+02    9.4043830004e-03    6.8066406250e-01
       253   -7.3831797471e+00    5.4736494168e+01   -1.1808082266e+01    4.4249025192e+00    3.2090367527e+00   -1.5017119019e+01    1.2800000000e+02    1.0264703000e-02    6.5185546875e-01
       254   -7.4119224044e+00    5.5225514720e+01   -1.2953704214e+01    5.5417818101e+00    2.7933297187e+00   -1.5747033933e+01    1.2800000000e+02    8.0312280006e-03    6.2890625000e-01
       255   -7.4756939280e+00    5.6156088813e+01   -1.5644952890e+01    8.1692589617e+00    2.7237886926e+00   -1.8368741582e+01    1.2800000000e+02    8.5806719999e-03    6.1718750000e-01
       256   -7.5545613722e+00    5.7341980971e+01   -1.6281820637e+01    8.7272592648e+00    2.5468331496e+00   -1.8828653787e+01    1.2800000000e+02    7.8819799992e-03    6.3916015625e-01
       257   -7.5926920364e+00    5.8015368702e+01   -1.2901519096e+01    5.3088270600e+00    2.4961048463e+00   -1.5397623943e+01    1.2800000000e+02    8.4954250005e-03    6.4843750000e-01
       258   -7.4212169024e+00    5.5256772876e+01   -1.3325830458e+01    5.9046135559e+00    2.9569128039e+00   -1.6282743262e+01    1.2800000000e+02    7.9664300001e-03    6.4550781250e-01
       259   -7.4384593476e+00    5.5470799421e+01   -1.1917743354e+01    4.4792840064e+00    2.5679994688e+00   -1.4485742823e+01    1.2800000000e+02    8.1611980004e-03    6.7187500000e-01
       260   -7.5559364782e+00    5.7383574141e+01   -1.6176842063e+01    8.6209055846e+00    2.6866484306e+00   -1.8863490493e+01    1.2800000000e+02    7.9026789999e-03    6.3818359375e-01
       261   -7.6163322112e+00    5.8346775854e+01   -1.4856823778e+01    7.2404915672e+00    2.5355124833e+00   -1.7392336262e+01    1.2800000000e+02    7.9476499996e-03    6.4501953125e-01
       262   -7.4267431695e+00    5.5399017850e+01   -1.7971502248e+01    1.0544759078e+01    3.2309570598e+00   -2.1202459308e+01    1.2800000000e+02    7.8279840000e-03    6.1328125000e-01
       263   -7.5102067275e+00    5.6618514831e+01   -1.4063384624e+01    6.5531778968e+00    2.3925917069e+00   -1.6455976331e+01    1.2800000000e+02    7.9041949994e-03    6.3037109375e-01
       264   -7.6131643700e+00    5.8250042277e+01   -1.4124841135e+01    6.5116767647e+00    2.5840252793e+00   -1.6708866414e+01    1.2800000000e+02    8.0550339999e-03    6.5380859375e-01
       265   -7.3555732896e+00    5.4273662627e+01   -1.2969584498e+01    5.6140112088e+00    2.8622222888e+00   -1.5831806787e+01    1.2800000000e+02    7.8276900003e-03    6.3183593750e-01
       266   -7.4581146054e+00    5.5818572933e+01   -1.4734169638e+01    7.2760550326e+00    2.5060044995e+00   -1.7240174137e+01    1.2800000000e+02    8.0325720000e-03    6.4599609375e-01
       267   -7.4842263733e+00    5.6331125009e+01   -1.4777620690e+01    7.2933943166e+00    2.7012040709e+00   -1.7478824761e+01    1.2800000000e+02    7.9402600004e-03    6.4794921875e-01
       268   -7.5642534015e+00    5.7460672299e+01   -1.5673292432e+01    8.1090390303e+00    2.3911856171e+00   -1.8064478049e+01    1.2800000000e+02    8.4503139997e-03    6.5576171875e-01
       269   -7.3470833440e+00    5.4164495933e+01   -1.3770307144e+01    6.4232238000e+00    2.6817997538e+00   -1.6452106898e+01    1.2800000000e+02    7.8130850006e-03    6.3867187500e-01
       270   -7.6454166951e+00    5.8762622773e+01   -1.6041599323e+01    8.3961826281e+00    2.3608314326e+00   -1.8402430756e+01    1.2800000000e+02    7.8437250004e-03    6.4697265625e-01
       271   -7.6043544459e+00    5.8079587452e+01   -1.2606310368e+01    5.0019559226e+00    2.6787644577e+00   -1.5285074826e+01    1.2800000000e+02    7.8867920001e-03    6.5039062500e-01
       272   -7.4266418687e+00    5.5312086881e+01   -1.1985619757e+01    4.5589778880e+00    2.3188827007e+00   -1.4304502457e+01    1.2800000000e+02    7.7589980001e-03    6.4892578125e-01
       273   -7.4779239775e+00    5.6096434153e+01   -1.3882298178e+01    6.4043742006e+00    2.4030843303e+00   -1.6285382508e+01    1.2800000000e+02    7.7199649995e-03    6.3574218750e-01
       274   -7.6137174165e+00    5.8295442141e+01   -1.8478642512e+01    1.0864925095e+01    2.8409815357e+00   -2.1319624047e+01    1.2800000000e+02    8.0290119995e-03    6.2792968750e-01
       275   -7.3880029597e+00    5.4768470561e+01   -2.3917745910e+01    1.6529742950e+01    2.5997857612e+00   -2.6517531671e+01    1.2800000000e+02    7.9475749999e-03    6.4648437500e-01
       276   -7.4231441195e+00    5.5252318281e+01   -1.3426275415e+01    6.0031312958e+00    2.5438372811e+00   -1.5970112696e+01    1.2800000000e+02    7.8629919999e-03    6.5039062500e-01
       277   -7.3886212485e+00    5.4735064415e+01   -1.4157387936e+01    6.7687666875e+00    2.6246440531e+00   -1.6782031989e+01    1.2800000000e+02    8.2140270006e-03    6.5380859375e-01
       278   -7.4125026602e+00    5.5129517113e+01   -1.3025720596e+01    5.6132179361e+00    2.8420612012e+00   -1.5867781798e+01    1.2800000000e+02    7.8421850003e-03    6.3281250000e-01
       279   -7.4054531264e+00    5.4966145667e+01   -1.1282925729e+01    3.8774726022e+00    2.6217751488e+00   -1.3904700877e+01    1.2800000000e+02    7.9263099997e-03    6.5136718750e-01
       280   -7.4178977280e+00    5.5284603589e+01   -1.6506077258e+01    9.0881795296e+00    3.1459253635e+00   -1.9652002621e+01    1.2800000000e+02    7.7725740002e-03    6.1474609375e-01
       281   -7.4213140207e+00    5.5210067579e+01   -1.3433277291e+01    6.0119632703e+00    2.4388879568e+00   -1.5872165248e+01    1.2800000000e+02    8.7101330000e-03    6.4550781250e-01
       282   -7.5186217367e+00    5.6716941634e+01   -1.4033735502e+01    6.5151137652e+00    2.1950709939e+00   -1.6228806496e+01    1.2800000000e+02    7.8512390000e-03    6.5820312500e-01
       283   -7.5233795240e+00    5.6926355795e+01   -4.9675468193e+01    4.2152088669e+01    2.4674920686e+00   -5.2142960261e+01    1.2800000000e+02    7.8438269993e-03    6.2744140625e-01
       284   -7.5013921318e+00    5.6615435826e+01   -1.5955723798e+01    8.4543316661e+00    2.8223898233e+00   -1.8778113621e+01    1.2800000000e+02    8.0221549997e-03    6.2158203125e-01
       285   -7.3812814851e+00    5.4721690737e+01   -1.3011949255e+01    5.6306677698e+00    2.2669960710e+00   -1.5278945326e+01    1.2800000000e+02    8.0424030002e-03    6.3476562500e-01
       286   -7.3395175375e+00    5.4023852712e+01   -1.5263354429e+01    7.9238368917e+00    2.8606945778e+00   -1.8124049007e+01    1.2800000000e+02    7.8577280001e-03    6.3134765625e-01
       287   -7.5434376470e+00    5.7157991194e+01   -1.6251051349e+01    8.7076137016e+00    2.5206755676e+00   -1.8771726916e+01    1.2800000000e+02    7.8218100007e-03    6.2792968750e-01
       288   -7.3498726684e+00    5.4126236517e+01   -1.1234484495e+01    3.8846118270e+00    2.4650868838e+00   -1.3699571379e+01    1.2800000000e+02    7.9932039998e-03    6.6845703125e-01
       289   -7.4436282149e+00    5.5609567365e+01   -1.7353969758e+01    9.9103415435e+00    3.0512151830e+00   -2.0405184941e+01    1.2800000000e+02    8.0115070004e-03    6.2304687500e-01
       290   -7.5158448461e+00    5.6727005918e+01   -1.4025837099e+01    6.5099922528e+00    2.6135986304e+00   -1.6639435729e+01    1.2800000000e+02    7.8322270001e-03    6.2792968750e-01
       291   -7.3634585015e+00    5.4455960372e+01   -1.6311900009e+01    8.9484415077e+00    2.6545901921e+00   -1.8966490201e+01    1.2800000000e+02    7.9162270004e-03    6.3720703125e-01
       292   -7.5463116857e+00    5.7255353981e+01   -1.4096502816e+01    6.5501911300e+00    2.7012887594e+00   -1.6797791575e+01    1.2800000000e+02    7.9017230000e-03    6.4599609375e-01
       293   -7.3244504189e+00    5.3821478624e+01   -1.2882142486e+01    5.5576920674e+00    2.9016641664e+00   -1.5783806653e+01    1.2800000000e+02    8.0317459997e-03    6.2402343750e-01
       294   -7.4799193460e+00    5.6217739694e+01   -1.8681057056e+01    1.1201137710e+01    2.2586610075e+00   -2.0939718064e+01    1.2800000000e+02    7.5864640003e-03    6.2451171875e-01
       295   -7.4270596382e+00    5.5379975338e+01   -1.5750683458e+01    8.3236238201e+00    2.8460949134e+00   -1.8596778372e+01    1.2800000000e+02    7.8375399999e-03    6.2500000000e-01
       296   -7.6172877685e+00    5.8387323772e+01   -1.4106643226e+01    6.4893554574e+00    3.2234576355e+00   -1.7330100861e+01    1.2800000000e+02    7.9606820000e-03    6.3623046875e-01
       297   -7.4262837396e+00    5.5340961568e+01   -1.3074641812e+01    5.6483580720e+00    2.7612870699e+00   -1.5835928881e+01    1.2800000000e+02    8.9846370001e-03    6.4892578125e-01
       298   -7.7392947959e+00    6.0408574281e+01   -1.7861943871e+01    1.0122649075e+01    3.3851148645e+00   -2.1247058735e+01    1.2800000000e+02    7.9756160003e-03    6.0302734375e-01
       299   -7.5923494863e+00    5.7958042654e+01   -1.6212872136e+01    8.6205226495e+00    2.7482717684e+00   -1.8961143904e+01    1.2800000000e+02    7.8857910003e-03    6.4453125000e-01
       300   -7.4091318957e+00    5.5100111039e+01   -1.3380442262e+01    5.9713103659e+00    2.4606426263e+00   -1.5841084888e+01    1.2800000000e+02    8.0087570004e-03    6.4062500000e-01
       301   -7.5289312166e+00    5.7094383653e+01   -1.5318181069e+01    7.7892498526e+00    2.7022885961e+00   -1.8020469665e+01    1.2800000000e+02    7.8028450007e-03    6.2109375000e-01
       302   -7.3822110484e+00    5.4643968855e+01   -1.2713246518e+01    5.3310354694e+00    2.6911882204e+00   -1.5404434738e+01    1.2800000000e+02    7.9542369995e-03    6.3525390625e-01
       303   -7.4743561731e+00    5.6084717420e+01   -1.3093174684e+01    5.6188185109e+00    2.7370297241e+00   -1.5830204408e+01    1.2800000000e+02    8.1514029998e-03    6.4306640625e-01
       304   -7.5437972312e+00    5.7132099278e+01   -1.5052768169e+01    7.5089709382e+00    2.4256445364e+00   -1.7478412706e+01    1.2800000000e+02    7.8841229997e-03    6.4160156250e-01
       305   -7.5239455205e+00    5.6905511849e+01   -1.4399501132e+01    6.8755556116e+00    2.4834803004e+00   -1.6882981432e+01    1.2800000000e+02    7.9411269999e-03    6.3134765625e-01
       306   -7.4644832218e+00    5.5976352526e+01   -2.2687843271e+01    1.5223360050e+01    2.7261320246e+00   -2.5413975296e+01    1.2800000000e+02    8.5533559995e-03    6.3427734375e-01
       307   -7.5031052902e+00    5.6506919751e+01   -1.9647825394e+01    1.2144720104e+01    2.4379293553e+00   -2.2085754749e+01    1.2800000000e+02    8.0650649998e-03    6.4062500000e-01
       308   -7.5820465977e+00    5.7736951176e+01   -1.7090940669e+01    9.5088940710e+00    2.6810316229e+00   -1.9771972292e+01    1.2800000000e+02    7.7969189997e-03    6.2988281250e-01
       309   -7.6074167342e+00    5.8240873337e+01   -1.3628313498e+01    6.0208967640e+00    2.4120481659e+00   -1.6040361664e+01    1.2800000000e+02    7.8103859996e-03    6.3085937500e-01
       310   -7.4854758978e+00    5.6315131941e+01   -1.3430176300e+01    5.9447004026e+00    2.2186444670e+00   -1.5648820767e+01    1.2800000000e+02    7.8712799996e-03    6.4501953125e-01
       311   -7.5115252949e+00    5.6589527108e+01   -2.3791220974e+01    1.6279695679e+01    2.7234986271e+00   -2.6514719601e+01    1.2800000000e+02    7.7409770001e-03    6.1425781250e-01
       312   -7.4808824721e+00    5.6194200132e+01   -1.5833395065e+01    8.3525125926e+00    3.2182320865e+00   -1.9051627151e+01    1.2800000000e+02    7.8905769997e-03    6.3378906250e-01
       313   -7.4329671915e+00    5.5510383401e+01   -1.8723101841e+01    1.1290134649e+01    3.1870875815e+00   -2.1910189422e+01    1.2800000000e+02    7.7409939995e-03    6.1425781250e-01
       314   -7.5262111665e+00    5.6815555455e+01   -1.1862251400e+01    4.3360402339e+00    2.3321671244e+00   -1.4194418525e+01    1.2800000000e+02    7.8762690000e-03    6.7138671875e-01
       315   -7.4987361397e+00    5.6369148899e+01   -1.4855845378e+01    7.3571092388e+00    2.3648550319e+00   -1.7220700410e+01    1.2800000000e+02    7.7251379998e-03    6.3525390625e-01
       316   -7.6497832610e+00    5.8733594823e+01   -2.3311453942e+01    1.5661670681e+01    3.1159418931e+00   -2.6427395835e+01    1.2800000000e+02    7.7775199998e-03    6.2988281250e-01
       317   -7.4907095994e+00    5.6326601652e+01   -1.4776691901e+01    7.2859823012e+00    2.4320806467e+00   -1.7208772547e+01    1.2800000000e+02    7.8726550000e-03    6.3769531250e-01
       318   -7.6061506754e+00    5.8140013868e+01   -1.6297565151e+01    8.6914144756e+00    2.5639982258e+00   -1.8861563377e+01    1.2800000000e+02    7.8668950000e-03    6.2841796875e-01
       319   -7.5727887195e+00    5.7617511529e+01   -1.4205540241e+01    6.6327515214e+00    2.6428075328e+00   -1.6848347774e+01    1.2800000000e+02    8.0606210004e-03    6.3818359375e-01
       320   -7.5115432896e+00    5.6726841464e+01   -1.9235912647e+01    1.1724369357e+01    3.2184788254e+00   -2.2454391472e+01    1.2800000000e+02    8.8906560004e-03    6.0888671875e-01
       321   -7.3976252919e+00    5.4958044909e+01   -3.8203557005e+01    3.0805931713e+01    2.8319423644e+00   -4.1035499369e+01    1.2800000000e+02    7.8732450002e-03    6.1914062500e-01
       322   -7.3681961366e+00    5.4450917751e+01   -1.4537239152e+01    7.1690430156e+00    2.5212737651e+00   -1.7058512917e+01    1.2800000000e+02    7.9393429996e-03    6.5234375000e-01
       323   -7.4392941320e+00    5.5478181610e+01   -1.2465613108e+01    5.0263189756e+00    2.5460019960e+00   -1.5011615104e+01    1.2800000000e+02    8.1470940004e-03    6.5820312500e-01
       324   -7.3115548718e+00    5.3688617183e+01   -1.3062405781e+01    5.7508509093e+00    2.6622097003e+00   -1.5724615481e+01    1.2800000000e+02    7.8752569998e-03    6.4453125000e-01
       325   -7.5132556081e+00    5.6732832477e+01   -1.3939587013e+01    6.4263314053e+00    2.5178480727e+00   -1.6457435086e+01    1.2800000000e+02    7.8955250001e-03    6.6406250000e-01
       326   -7.5695994757e+00    5.7628305497e+01   -1.2629878153e+01    5.0602786773e+00    2.5785043474e+00   -1.5208382500e+01    1.2800000000e+02    7.9120110004e-03    6.6015625000e-01
       327   -7.4651765502e+00    5.5886018623e+01   -1.4834725260e+01    7.3695487095e+00    2.5388494147e+00   -1.7373574674e+01    1.2800000000e+02    7.8359990002e-03    6.4941406250e-01
       328   -7.3953244359e+00    5.4838212776e+01   -1.4066247837e+01    6.6709234006e+00    2.7255766050e+00   -1.6791824442e+01    1.2800000000e+02    7.8616060000e-03    6.4160156250e-01
       329   -7.6033634422e+00    5.8216923949e+01   -1.3666847011e+01    6.0634835686e+00    2.3934620814e+00   -1.6060309092e+01    1.2800000000e+02    7.8295029998e-03    6.4990234375e-01
       330   -7.4970702195e+00    5.6383686455e+01   -1.1933918629e+01    4.4368484092e+00    2.5036077653e+00   -1.4437526394e+01    1.2800000000e+02    7.9028390001e-03    6.6308593750e-01
       331   -7.5104446113e+00    5.6659971959e+01   -1.4002806566e+01    6.4923619548e+00    2.4799723192e+00   -1.6482778885e+01    1.2800000000e+02    7.8520960005e-03    6.6015625000e-01
       332   -7.4335493852e+00    5.5392611716e+01   -1.3122393527e+01    5.6888441414e+00    2.5783552089e+00   -1.5700748736e+01    1.2800000000e+02    8.3817470004e-03    6.4794921875e-01
       333   -7.5263713143e+00    5.6972179518e+01   -1.3224167271e+01    5.6977959562e+00    2.4853117966e+00   -1.5709479067e+01    1.2800000000e+02    7.7866460006e-03    6.5527343750e-01
       334   -7.4869542949e+00    5.6304550204e+01   -1.5014361338e+01    7.5274070431e+00    2.5512604002e+00   -1.7565621738e+01    1.2800000000e+02    7.8053620000e-03    6.4697265625e-01
       335   -7.3130424713e+00    5.3633605414e+01   -1.3776940617e+01    6.4638981459e+00    2.7486561371e+00   -1.6525596754e+01    1.2800000000e+02    8.1242379993e-03    6.1914062500e-01
       336   -7.4741823338e+00    5.6080350265e+01   -1.2211336617e+01    4.7371542830e+00    2.6060514721e+00   -1.4817388089e+01    1.2800000000e+02    9.6691990002e-03    6.5771484375e-01
       337   -7.5491755852e+00    5.7221539857e+01   -1.3050668006e+01    5.5014924208e+00    2.9311700798e+00   -1.5981838086e+01    1.2800000000e+02    7.7982430003e-03    6.3574218750e-01
       338   -7.5078733067e+00    5.6572319307e+01   -1.8356945861e+01    1.0849072554e+01    2.7474706313e+00   -2.1104416492e+01    1.2800000000e+02    7.7640629997e-03    6.3281250000e-01
       339   -7.4831252796e+00    5.6142069205e+01   -1.1626222266e+01    4.1430969861e+00    2.5929654991e+00   -1.4219187765e+01    1.2800000000e+02    7.9102370000e-03    6.5429687500e-01
       340   -7.6377510903e+00    5.8709164493e+01   -1.4810486657e+01    7.1727355667e+00    2.6505180062e+00   -1.7461004663e+01    1.2800000000e+02    7.8421070002e-03    6.3183593750e-01
       341   -7.5404562461e+00    5.7138901988e+01   -1.5918028682e+01    8.3775724364e+00    2.7235438170e+00   -1.8641572499e+01    1.2800000000e+02    7.9490919998e-03    6.2255859375e-01
       342   -7.4855130873e+00    5.6236547392e+01   -1.3580319824e+01    6.0948067371e+00    2.5133003256e+00   -1.6093620150e+01    1.2800000000e+02    8.4510059996e-03    6.5332031250e-01
       343   -7.3467254211e+00    5.4106736545e+01   -1.2217711999e+01    4.8709865776e+00    2.9170935383e+00   -1.5134805537e+01    1.2800000000e+02    8.8104289998e-03    6.3769531250e-01
       344   -7.4251879982e+00    5.5273818445e+01   -1.1966749710e+01    4.5415617121e+00    2.6815624708e+00   -1.4648312181e+01    1.2800000000e+02    8.1049730006e-03    6.3867187500e-01
       345   -7.3782984874e+00    5.4587612372e+01   -1.3088166796e+01    5.7098683090e+00    2.4854603802e+00   -1.5573627177e+01    1.2800000000e+02    7.8378549997e-03    6.3574218750e-01
       346   -7.4748830232e+00    5.6198899923e+01   -1.4306006259e+01    6.8311232361e+00    2.5288955166e+00   -1.6834901776e+01    1.2800000000e+02    8.0926810006e-03    6.4599609375e-01
       347   -7.5694513951e+00    5.7576947958e+01   -1.5187825079e+01    7.6183736836e+00    3.0102641604e+00   -1.8198089239e+01    1.2800000000e+02    7.9050140002e-03    6.4843750000e-01
       348   -7.3572977693e+00    5.4231392699e+01   -1.1523854568e+01    4.1665567985e+00    2.5239214361e+00   -1.4047776004e+01    1.2800000000e+02    8.0096719994e-03    6.7089843750e-01
       349   -7.5163704306e+00    5.6719279643e+01   -2.0070136534e+01    1.2553766104e+01    2.8720525894e+00   -2.2942189124e+01    1.2800000000e+02    7.8295860003e-03    6.1816406250e-01
       350   -7.3222754058e+00    5.3777925905e+01   -1.3229072861e+01    5.9067974552e+00    2.5040440425e+00   -1.5733116904e+01    1.2800000000e+02    7.8418200001e-03    6.4501953125e-01
       351   -7.4122180475e+00    5.5135411827e+01   -1.3098795180e+01    5.6865771328e+00    2.5677924752e+00   -1.5666587656e+01    1.2800000000e+02    7.8051860000e-03    6.4062500000e-01
       352   -7.6097182922e+00    5.8266493240e+01   -2.2893282324e+01    1.5283564032e+01    3.7212389752e+00   -2.6614521299e+01    1.2800000000e+02    7.7268230007e-03    6.0351562500e-01
       353   -7.4125665317e+00    5.5096672409e+01   -1.3743823060e+01    6.3312565287e+00    2.5449308223e+00   -1.6288753883e+01    1.2800000000e+02    7.8835869999e-03    6.5332031250e-01
       354   -7.3092275235e+00    5.3526906133e+01   -1.1915099744e+01    4.6058722207e+00    2.5660884644e+00   -1.4481188209e+01    1.2800000000e+02    7.9012299993e-03    6.6503906250e-01
       355   -7.4453999488e+00    5.5659247222e+01   -1.7579249060e+01    1.0133849112e+01    2.7317118580e+00   -2.0310960918e+01    1.2800000000e+02    7.8011910000e-03    6.3427734375e-01
       356   -7.5674113802e+00    5.7436940425e+01   -1.9958288112e+01    1.2390876732e+01    2.7127488401e+00   -2.2671036952e+01    1.2800000000e+02    7.7783669994e-03    6.3085937500e-01
       357   -7.4864916771e+00    5.6166333468e+01   -1.2712436527e+01    5.2259448500e+00    2.2658600787e+00   -1.4978296606e+01    1.2800000000e+02    8.4046369993e-03    6.5039062500e-01
       358   -7.3924234804e+00    5.4838149591e+01   -1.4329808088e+01    6.9373846078e+00    2.3976937308e+00   -1.6727501819e+01    1.2800000000e+02    7.7809490003e-03    6.4843750000e-01
       359   -7.5397267949e+00    5.7187260103e+01   -1.5707326946e+01    8.1676001515e+00    2.7472603837e+00   -1.8454587330e+01    1.2800000000e+02    7.8137259998e-03    6.2695312500e-01
       360   -7.4394716437e+00    5.5493594177e+01   -1.0436748050e+01    2.9972764066e+00    2.4002451321e+00   -1.2836993182e+01    1.2800000000e+02    7.9100010007e-03    6.6796875000e-01
       361   -7.3628082884e+00    5.4381383520e+01   -1.2222586045e+01    4.8597777567e+00    2.5695114872e+00   -1.4792097532e+01    1.2800000000e+02    7.7908220001e-03    6.3085937500e-01
       362   -7.3270575087e+00    5.3862517838e+01   -1.2073816788e+01    4.7467592795e+00    2.4820328956e+00   -1.4555849684e+01    1.2800000000e+02    7.8257069999e-03    6.4990234375e-01
       363   -7.3682252020e+00    5.4454844411e+01   -1.2794782369e+01    5.4265571669e+00    2.7251448447e+00   -1.5519927214e+01    1.2800000000e+02    7.8998380004e-03    6.3720703125e-01
       364   -7.3043543033e+00    5.3570862056e+01   -1.3486872760e+01    6.1825184566e+00    2.4029571935e+00   -1.5889829953e+01    1.2800000000e+02    7.6359100003e-03    6.1572265625e-01
       365   -7.3650591822e+00    5.4596459306e+01   -1.4946788708e+01    7.5817295257e+00    2.6628524957e+00   -1.7609641204e+01    1.2800000000e+02    7.8802030002e-03    6.2304687500e-01
       366   -7.5357931923e+00    5.7027926592e+01   -1.5008270527e+01    7.4724773347e+00    2.3960447042e+00   -1.7404315231e+01    1.2800000000e+02    8.8299150002e-03    6.3183593750e-01
       367   -7.2852748151e+00    5.3230448895e+01   -1.2371526175e+01    5.0862513597e+00    2.5238561606e+00   -1.4895382335e+01    1.2800000000e+02    7.9363100003e-03    6.3964843750e-01
       368   -7.5700268388e+00    5.7660843164e+01   -1.5100286175e+01    7.5302593362e+00    2.7257626938e+00   -1.7826048869e+01    1.2800000000e+02    7.8331549994e-03    6.3232421875e-01
       369   -7.6449920484e+00    5.8853323466e+01   -1.6415662596e+01    8.7706705481e+00    2.8306688074e+00   -1.9246331404e+01    1.2800000000e+02    1.0291510001e-02    6.1914062500e-01
       370   -7.4955560085e+00    5.6442485913e+01   -1.1623017688e+01    4.1274616797e+00    2.0933289670e+00   -1.3716346655e+01    1.2800000000e+02    8.0272400000e-03    6.6845703125e-01
       371   -7.5740755964e+00    5.7546835861e+01   -1.4428151288e+01    6.8540756920e+00    2.5891940043e+00   -1.7017345293e+01    1.2800000000e+02    8.3309229994e-03    6.5087890625e-01
       372   -7.5619504737e+00    5.7415816473e+01   -1.5991011546e+01    8.4290610720e+00    2.7069748544e+00   -1.8697986400e+01    1.2800000000e+02    7.7819310000e-03    6.2255859375e-01
       373   -7.5408024411e+00    5.7122666261e+01   -1.5151520186e+01    7.6107177451e+00    2.3574817689e+00   -1.7509001955e+01    1.2800000000e+02    7.8903029998e-03    6.4843750000e-01
       374   -7.5746850474e+00    5.7659599161e+01   -1.3819388183e+01    6.2447031352e+00    2.4467552167e+00   -1.6266143399e+01    1.2800000000e+02    7.8760850001e-03    6.5136718750e-01
       375   -7.5283244939e+00    5.6978907454e+01   -1.4858802200e+01    7.3304777063e+00    2.5579874057e+00   -1.7416789606e+01    1.2800000000e+02    7.7237899995e-03    6.3720703125e-01
       376   -7.6566355299e+00    5.9013555805e+01   -1.6353156267e+01    8.6965207373e+00    2.7270362599e+00   -1.9080192527e+01    1.2800000000e+02    7.8977020003e-03    6.3574218750e-01
       377   -7.4736285859e+00    5.6113276893e+01   -1.3978519519e+01    6.5048909327e+00    2.8728074676e+00   -1.6851326986e+01    1.2800000000e+02    7.8434220004e-03    6.4355468750e-01
       378   -7.3920485479e+00    5.4860890689e+01   -1.2893803670e+01    5.5017551224e+00    2.5721472426e+00   -1.5465950913e+01    1.2800000000e+02    7.8947780003e-03    6.3818359375e-01
       379   -7.4010512349e+00    5.4897785730e+01   -1.1760977865e+01    4.3599266297e+00    2.4710581916e+00   -1.4232036056e+01    1.2800000000e+02    7.8544290000e-03    6.5234375000e-01
       380   -7.3163055352e+00    5.3690637944e+01   -1.9819697535e+01    1.2503392000e+01    2.7454603913e+00   -2.2565157926e+01    1.2800000000e+02    7.9616310004e-03    6.4794921875e-01
       381   -7.5252901447e+00    5.6927512215e+01   -1.3846390495e+01    6.3211003506e+00    2.6407658692e+00   -1.6487156364e+01    1.2800000000e+02    7.7899159996e-03    6.3378906250e-01
       382   -7.4198542439e+00    5.5271784098e+01   -1.4374027161e+01    6.9541729173e+00    2.7319690402e+00   -1.7105996201e+01    1.2800000000e+02    7.8177870000e-03    6.3427734375e-01
       383   -7.4407814792e+00    5.5572149162e+01   -1.2759956464e+01    5.3191749844e+00    2.7996698923e+00   -1.5559626356e+01    1.2800000000e+02    7.8368309996e-03    6.4599609375e-01
       384   -7.4388490422e+00    5.5485948754e+01   -1.3990474159e+01    6.5516251172e+00    2.5918121489e+00   -1.6582286308e+01    1.2800000000e+02    7.8755590002e-03    6.2060546875e-01
       385   -7.3477602095e+00    5.4099606879e+01   -1.6666254769e+01    9.3184945599e+00    2.3956286006e+00   -1.9061883370e+01    1.2800000000e+02    8.1830800000e-03    6.5722656250e-01
       386   -7.5247432740e+00    5.6779134597e+01   -1.5084097815e+01    7.5593545405e+00    2.6098532025e+00   -1.7693951017e+01    1.2800000000e+02    7.9984330005e-03    6.3476562500e-01
       387   -7.5190104947e+00    5.6821452272e+01   -1.4369263899e+01    6.8502534043e+00    2.7588391227e+00   -1.7128103022e+01    1.2800000000e+02    7.9096769996e-03    6.5429687500e-01
       388   -7.4225414455e+00    5.5333499380e+01   -1.2522495698e+01    5.0999542523e+00    2.3260804000e+00   -1.4848576098e+01    1.2800000000e+02    8.0015059993e-03    6.4892578125e-01
       389   -7.4347282346e+00    5.5426344950e+01   -1.7585371599e+01    1.0150643365e+01    2.9525019190e+00   -2.0537873518e+01    1.2800000000e+02    1.1279064000e-02    6.0791015625e-01
       390   -7.3195416307e+00    5.3739533668e+01   -1.2383425683e+01    5.0638840527e+00    2.6345000062e+00   -1.5017925690e+01    1.2800000000e+02    8.0768629996e-03    6.5478515625e-01
       391   -7.5125196296e+00    5.6732403781e+01   -1.6146215841e+01    8.6336962114e+00    2.7194853582e+00   -1.8865701199e+01    1.2800000000e+02    7.8612840007e-03    6.4892578125e-01
       392   -7.5656054221e+00    5.7483098045e+01   -1.3721486668e+01    6.1558812454e+00    2.4006714062e+00   -1.6122158074e+01    1.2800000000e+02    7.9012649994e-03    6.3769531250e-01
       393   -7.4546059922e+00    5.5820759540e+01   -1.3839497595e+01    6.3848916026e+00    2.3912703940e+00   -1.6230767989e+01    1.2800000000e+02    7.7350860001e-03    6.3476562500e-01
       394   -7.4879566392e+00    5.6245072087e+01   -1.8100756432e+01    1.0612799792e+01    2.2874820517e+00   -2.0388238483e+01    1.2800000000e+02    7.9299589997e-03    6.4990234375e-01
       395   -7.5878372385e+00    5.7845791394e+01   -1.5408015330e+01    7.8201780920e+00    2.6113968110e+00   -1.8019412142e+01    1.2800000000e+02    7.7803060003e-03    6.4111328125e-01
       396   -7.5840228226e+00    5.7732842517e+01   -1.5289961333e+01    7.7059385109e+00    2.3996578620e+00   -1.7689619195e+01    1.2800000000e+02    7.9070419997e-03    6.5332031250e-01
       397   -7.4612587895e+00    5.5884417026e+01   -1.1662764466e+01    4.2015056767e+00    2.1968510608e+00   -1.3859615527e+01    1.2800000000e+02    7.8274280004e-03    6.7138671875e-01
       398   -7.4192219864e+00    5.5289387940e+01   -1.3372667663e+01    5.9534456768e+00    2.7199430193e+00   -1.6092610683e+01    1.2800000000e+02    7.9001409995e-03    6.3867187500e-01
       399   -7.5340065114e+00    5.7020324848e+01   -1.2780707882e+01    5.2467013703e+00    2.7287010838e+00   -1.5509408965e+01    1.2800000000e+02    7.8610319997e-03    6.5087890625e-01
       400   -7.4187678467e+00    5.5240243479e+01   -1.1933682092e+01    4.5149142457e+00    2.6890652456e+00   -1.4622747338e+01    1.2800000000e+02    7.9355680000e-03    6.4208984375e-01
       401   -7.4529773031e+00    5.5811420439e+01   -1.3907218761e+01    6.4542414577e+00    2.5860545116e+00   -1.6493273272e+01    1.2800000000e+02    7.7848649998e-03    6.3476562500e-01
       402   -7.4407725161e+00    5.5557719317e+01   -2.5117702716e+01    1.7676930200e+01    2.8077070197e+00   -2.7925409736e+01    1.2800000000e+02    7.7206690003e-03    6.2597656250e-01
       403   -7.6032975597e+00    5.8113567807e+01   -2.5939660307e+01    1.8336362747e+01    2.7440409351e+00   -2.8683701242e+01    1.2800000000e+02    7.6907270004e-03    6.1962890625e-01
       404   -7.4889163651e+00    5.6276849085e+01   -1.5900756690e+01    8.4118403248e+00    2.4710268410e+00   -1.8371783531e+01    1.2800000000e+02    7.7489319992e-03    6.3671875000e-01
       405   -7.4647798754e+00    5.5936815518e+01   -1.4901268772e+01    7.4364888964e+00    2.3880361034e+00   -1.7289304875e+01    1.2800000000e+02    7.8873450002e-03    6.5380859375e-01
       406   -7.6179697410e+00    5.8283192972e+01   -1.4365354158e+01    6.7473844172e+00    2.9045711360e+00   -1.7269925294e+01    1.2800000000e+02    7.8883160004e-03    6.5234375000e-01
       407   -7.5088604605e+00    5.6565465364e+01   -1.2805982573e+01    5.2971221123e+00    2.6025044282e+00   -1.5408487001e+01    1.2800000000e+02    8.1404570001e-03    6.6308593750e-01
       408   -7.4521782598e+00    5.5659050057e+01   -1.2020884393e+01    4.5687061332e+00    2.4780892398e+00   -1.4498973633e+01    1.2800000000e+02    7.9141409997e-03    6.6064453125e-01
       409   -7.5796827561e+00    5.7650520282e+01   -1.5662989604e+01    8.0833068483e+00    2.2682123477e+00   -1.7931201952e+01    1.2800000000e+02    7.7968500000e-03    6.4941406250e-01
       410   -7.5442704693e+00    5.7188013700e+01   -1.3134855349e+01    5.5905848795e+00    2.7419462990e+00   -1.5876801648e+01    1.2800000000e+02    7.8778820007e-03    6.5087890625e-01
       411   -7.4713831278e+00    5.6026626056e+01   -1.4212264349e+01    6.7408812214e+00    2.5346281142e+00   -1.6746892463e+01    1.2800000000e+02    8.1675140000e-03    6.3378906250e-01
       412   -7.5019531248e+00    5.6496390084e+01   -1.4546375229e+01    7.0444221045e+00    2.8273579369e+00   -1.7373733166e+01    1.2800000000e+02    1.0956786000e-02    6.2597656250e-01
       413   -7.4617745090e+00    5.5975273937e+01   -2.0180510182e+01    1.2718735673e+01    2.8797954583e+00   -2.3060305640e+01    1.2800000000e+02    7.9583670004e-03    6.2597656250e-01
       414   -7.4530824259e+00    5.5808558130e+01   -1.5275661757e+01    7.8225793313e+00    2.6829109911e+00   -1.7958572748e+01    1.2800000000e+02    7.8387539997e-03    6.2255859375e-01
       415   -7.3684200642e+00    5.4414680724e+01   -1.1212297303e+01    3.8438772385e+00    2.5959840254e+00   -1.3808281328e+01    1.2800000000e+02    8.0142180004e-03    6.5087890625e-01
       416   -7.5111537908e+00    5.6648970407e+01   -1.2656226413e+01    5.1450726219e+00    2.5074291611e+00   -1.5163655574e+01    1.2800000000e+02    7.9179029999e-03    6.5039062500e-01
       417   -7.4316461714e+00    5.5397810568e+01   -1.1038129677e+01    3.6064835058e+00    2.5042789576e+00   -1.3542408635e+01    1.2800000000e+02    7.9129249998e-03    6.5771484375e-01
       418   -7.5268559153e+00    5.7004880581e+01   -1.3889454914e+01    6.3625989988e+00    2.8545881844e+00   -1.6744043098e+01    1.2800000000e+02    7.8657260001e-03    6.3818359375e-01
       419   -7.4621420868e+00    5.5903207169e+01   -1.4125539491e+01    6.6633974042e+00    2.4056152067e+00   -1.6531154698e+01    1.2800000000e+02    7.9297980001e-03    6.5869140625e-01
       420   -7.3140377352e+00    5.3646227406e+01   -1.2394608083e+01    5.0805703478e+00    2.4254815334e+00   -1.4820089616e+01    1.2800000000e+02    8.0261880003e-03    6.6015625000e-01
       421   -7.4331595667e+00    5.5472438847e+01   -1.3099289023e+01    5.6661294560e+00    2.8943979904e+00   -1.5993687013e+01    1.2800000000e+02    7.9227970000e-03    6.3037109375e-01
       422   -7.4525479730e+00    5.5789778888e+01   -1.3719034139e+01    6.2664861658e+00    2.6037858124e+00   -1.6322819951e+01    1.2800000000e+02    7.7660509996e-03    6.2597656250e-01
       423   -7.6454132776e+00    5.8821038635e+01   -1.5111533502e+01    7.4661202242e+00    2.8373736589e+00   -1.7948907161e+01    1.2800000000e+02    7.8082280006e-03    6.1718750000e-01
       424   -7.4789393657e+00    5.6225283515e+01   -1.7164729479e+01    9.6857901137e+00    3.2697372503e+00   -2.0434466730e+01    1.2800000000e+02    7.7968890000e-03    6.2060546875e-01
       425   -7.4342615718e+00    5.5438820450e+01   -1.5673073497e+01    8.2388119255e+00    2.9557391893e+00   -1.8628812687e+01    1.2800000000e+02    8.8626170000e-03    6.4257812500e-01
       426   -7.4705062207e+00    5.5957505606e+01   -1.2538842307e+01    5.0683360860e+00    2.6560950602e+00   -1.5194937367e+01    1.2800000000e+02    8.4872380003e-03    6.4208984375e-01
       427   -7.5458545353e+00    5.7154837933e+01   -2.0130020371e+01    1.2584165835e+01    2.8111219959e+00   -2.2941142366e+01    1.2800000000e+02    8.3324899997e-03    6.2158203125e-01
       428   -7.6472574983e+00    5.8746772287e+01   -1.4508786680e+01    6.8615291816e+00    2.4365776441e+00   -1.6945364324e+01    1.2800000000e+02    9.2535610002e-03    6.5429687500e-01
       429   -7.5871684622e+00    5.7783782609e+01   -1.4420418643e+01    6.8332501808e+00    2.4034636703e+00   -1.6823882313e+01    1.2800000000e+02    1.1444610000e-02    6.2451171875e-01
       430   -7.4106106876e+00    5.5055027794e+01   -1.1607771525e+01    4.1971608372e+00    2.5218978948e+00   -1.4129669420e+01    1.2800000000e+02    8.5071630001e-03    6.5283203125e-01
       431   -7.3751168202e+00    5.4651279239e+01   -1.3182442997e+01    5.8073261772e+00    2.4730948618e+00   -1.5655537859e+01    1.2800000000e+02    8.6546040002e-03    6.5917968750e-01
       432   -7.5473797896e+00    5.7191215489e+01   -1.4589712905e+01    7.0423331155e+00    2.6565371748e+00   -1.7246250080e+01    1.2800000000e+02    8.0219270003e-03    6.4160156250e-01
       433   -7.5496986255e+00    5.7336434926e+01   -1.4588609011e+01    7.0389103854e+00    2.3109731338e+00   -1.6899582145e+01    1.2800000000e+02    8.9929850001e-03    6.2890625000e-01
       434   -7.3923550393e+00    5.4764350842e+01   -1.3269681330e+01    5.8773262904e+00    2.4629153801e+00   -1.5732596710e+01    1.2800000000e+02    1.0378466000e-02    6.6113281250e-01
       435   -7.4001341726e+00    5.4949694699e+01   -1.7150350508e+01    9.7502163355e+00    2.5026415275e+00   -1.9652992036e+01    1.2800000000e+02    7.8639849999e-03    6.4941406250e-01
       436   -7.4790798879e+00    5.6155334482e+01   -1.2104801193e+01    4.6257213049e+00    2.2882353481e+00   -1.4393036541e+01    1.2800000000e+02    7.8934930007e-03    6.6650390625e-01
       437   -7.4149971028e+00    5.5162956859e+01   -1.1148926025e+01    3.7339289224e+00    2.9327149032e+00   -1.4081640928e+01    1.2800000000e+02    7.8047239995e-03    6.4892578125e-01
       438   -7.3732141306e+00    5.4627897904e+01   -1.4026324510e+01    6.6531103795e+00    2.5381854864e+00   -1.6564509996e+01    1.2800000000e+02    7.9497100005e-03    6.5332031250e-01
       439   -7.5640308527e+00    5.7414748776e+01   -1.4743639185e+01    7.1796083322e+00    2.7113675975e+00   -1.7455006782e+01    1.2800000000e+02    7.9067850002e-03    6.4599609375e-01
       440   -7.3811747953e+00    5.4659312454e+01   -1.2167029029e+01    4.7858542332e+00    2.6864893106e+00   -1.4853518339e+01    1.2800000000e+02    7.9049989999e-03    6.4160156250e-01
       441   -7.5131863622e+00    5.6664407605e+01   -3.6261127438e+01    2.8747941076e+01    3.0479669735e+00   -3.9309094411e+01    1.2800000000e+02    7.9390279998e-03    6.2792968750e-01
       442   -7.4608091887e+00    5.6012365545e+01   -1.3139029446e+01    5.6782202575e+00    3.2040595658e+00   -1.6343089012e+01    1.2800000000e+02    7.8153739996e-03    6.3037109375e-01
       443   -7.4584816251e+00    5.5851506484e+01   -1.6103151784e+01    8.6446701589e+00    2.7137104582e+00   -1.8816862242e+01    1.2800000000e+02    7.8752219997e-03    6.1767578125e-01
       444   -7.4132509701e+00    5.5158459786e+01   -1.2601492080e+01    5.1882411097e+00    2.2125786017e+00   -1.4814070681e+01    1.2800000000e+02    7.8709179998e-03    6.4404296875e-01
       445   -7.4595191469e+00    5.5884965163e+01   -1.1828399156e+01    4.3688800092e+00    2.6146006969e+00   -1.4442999853e+01    1.2800000000e+02    7.9183860007e-03    6.5771484375e-01
       446   -7.5153563608e+00    5.6741142591e+01   -1.2967230995e+01    5.4518746341e+00    2.4502958820e+00   -1.5417526877e+01    1.2800000000e+02    7.9304800001e-03    6.6503906250e-01
       447   -7.4152255354e+00    5.5149828503e+01   -1.3897438311e+01    6.4822127759e+00    2.3485245484e+00   -1.6245962860e+01    1.2800000000e+02    8.1144989999e-03    6.4550781250e-01
       448   -7.4189074436e+00    5.5231724254e+01   -1.3286651373e+01    5.8677439293e+00    2.4177166287e+00   -1.5704368002e+01    1.2800000000e+02    8.0217590003e-03    6.7529296875e-01
       449   -7.6278574780e+00    5.8576529820e+01   -1.6385620509e+01    8.7577630313e+00    2.3993709341e+00   -1.8784991443e+01    1.2800000000e+02    7.9191870000e-03    6.3427734375e-01
       450   -7.4368777218e+00    5.5583953762e+01   -2.3089962430e+01    1.5653084708e+01    2.7529464747e+00   -2.5842908905e+01    1.2800000000e+02    7.7883180002e-03    6.1523437500e-01
       451   -7.5394667133e+00    5.7101835031e+01   -1.3233969321e+01    5.6945026077e+00    2.4592080424e+00   -1.5693177363e+01    1.2800000000e+02    7.7688640004e-03    6.2597656250e-01
       452   -7.4994976174e+00    5.6527004245e+01   -1.4513793584e+01    7.0142959663e+00    2.7310947005e+00   -1.7244888284e+01    1.2800000000e+02    7.9526830004e-03    6.3769531250e-01
       453   -7.4325360295e+00    5.5499397374e+01   -2.2608634174e+01    1.5176098145e+01    2.8428081780e+00   -2.5451442352e+01    1.2800000000e+02    7.8058430008e-03    6.2695312500e-01
       454   -7.5280088501e+00    5.6949921890e+01   -1.6354184885e+01    8.8261760354e+00    2.5010062809e+00   -1.8855191166e+01    1.2800000000e+02    7.7926009999e-03    6.3867187500e-01
       455   -7.3049689649e+00    5.3504648086e+01   -1.2812688420e+01    5.5077194551e+00    2.3182396680e+00   -1.5130928088e+01    1.2800000000e+02    7.7930400003e-03    6.4746093750e-01
       456   -7.4438597153e+00    5.5624999134e+01   -1.5871236731e+01    8.4273770157e+00    2.7000610041e+00   -1.8571297735e+01    1.2800000000e+02    9.9692109998e-03    6.3427734375e-01
       457   -7.3995810806e+00    5.4908041010e+01   -1.3697447638e+01    6.2978665578e+00    2.5038646672e+00   -1.6201312306e+01    1.2800000000e+02    9.7569130003e-03    6.4160156250e-01
       458   -7.5281764579e+00    5.6830570016e+01   -1.6920387990e+01    9.3922115317e+00    2.5890819880e+00   -1.9509469978e+01    1.2800000000e+02    7.9422479994e-03    6.4941406250e-01
       459   -7.4856162562e+00    5.6274325695e+01   -1.5122924110e+01    7.6373078542e+00    2.6020131611e+00   -1.7724937271e+01    1.2800000000e+02    7.9397829995e-03    6.4257812500e-01
       460   -7.7326381669e+00    6.0110187655e+01   -3.2105378568e+01    2.4372740401e+01    3.1201027150e+00   -3.5225481283e+01    1.2800000000e+02    7.9738450004e-03    6.1035156250e-01
       461   -7.3275541745e+00    5.3883840622e+01   -1.6066204527e+01    8.7386503521e+00    2.8337620042e+00   -1.8899966531e+01    1.2800000000e+02    7.8995709991e-03    6.4306640625e-01
       462   -7.4150415578e+00    5.5192308983e+01   -1.2169168728e+01    4.7541271707e+00    2.5313303136e+00   -1.4700499042e+01    1.2800000000e+02    8.4614900006e-03    6.6308593750e-01
       463   -7.3661964116e+00    5.4518712434e+01   -1.4908921072e+01    7.5427246607e+00    2.1808554894e+00   -1.7089776562e+01    1.2800000000e+02    7.7310580000e-03    6.3623046875e-01
       464   -7.5152953306e+00    5.6749293885e+01   -1.4512096559e+01    6.9968012287e+00    2.6692832878e+00   -1.7181379847e+01    1.2800000000e+02    8.2520879996e-03    6.3623046875e-01
       465   -7.3719117138e+00    5.4476157988e+01   -1.1558405781e+01    4.1864940671e+00    2.5718975249e+00   -1.4130303306e+01    1.2800000000e+02    7.9164049994e-03    6.6210937500e-01
       466   -7.4068992383e+00    5.5127894196e+01   -1.2557838275e+01    5.1509390363e+00    2.5112848625e+00   -1.5069123137e+01    1.2800000000e+02    8.1892099997e-03    6.5429687500e-01
       467   -7.5274770668e+00    5.6939510445e+01   -1.3954020728e+01    6.4265436612e+00    2.5933164902e+00   -1.6547337218e+01    1.2800000000e+02    7.8128270006e-03    6.5625000000e-01
       468   -7.3597974869e+00    5.4309449415e+01   -1.2777472959e+01    5.4176754719e+00    2.5756852402e+00   -1.5353158199e+01    1.2800000000e+02    7.8399469994e-03    6.5771484375e-01
       469   -7.5391712004e+00    5.7063009182e+01   -1.7199946663e+01    9.6607754628e+00    2.7076142030e+00   -1.9907560866e+01    1.2800000000e+02    8.3792449996e-03    6.2890625000e-01
       470   -7.4850955758e+00    5.6232555998e+01   -1.3345931436e+01    5.8608358602e+00    2.5189251582e+00   -1.5864856594e+01    1.2800000000e+02    7.7410579997e-03    6.3037109375e-01
       471   -7.5472138021e+00    5.7257023292e+01   -1.3595112417e+01    6.0478986151e+00    2.3696023078e+00   -1.5964714725e+01    1.2800000000e+02    8.1993149997e-03    6.5478515625e-01
       472   -7.5268870686e+00    5.6909272864e+01   -1.3912720120e+01    6.3858330512e+00    3.2340464659e+00   -1.7146766586e+01    1.2800000000e+02    7.7570929998e-03    6.2792968750e-01
       473   -7.3123855519e+00    5.3664710822e+01   -1.4815494309e+01    7.5031087574e+00    2.7131713966e+00   -1.7528665706e+01    1.2800000000e+02    7.7678359994e-03    6.2451171875e-01
       474   -7.5820795186e+00    5.7721020602e+01   -1.7079332385e+01    9.4972528666e+00    2.5257900889e+00   -1.9605122474e+01    1.2800000000e+02    7.7278619992e-03    6.3134765625e-01
       475   -7.5109192265e+00    5.6667777259e+01   -1.4520603301e+01    7.0096840745e+00    2.7679851025e+00   -1.7288588403e+01    1.2800000000e+02    7.8275710002e-03    6.3330078125e-01
       476   -7.6097195421e+00    5.8170465855e+01   -1.5988786112e+01    8.3790665700e+00    2.7905277953e+00   -1.8779313907e+01    1.2800000000e+02    7.8922460007e-03    6.2060546875e-01
       477   -7.4479905671e+00    5.5733920928e+01   -1.3917893181e+01    6.4699026142e+00    2.8415306552e+00   -1.6759423836e+01    1.2800000000e+02    7.8654180006e-03    6.4160156250e-01
       478   -7.3647973060e+00    5.4421841733e+01   -1.3569649221e+01    6.2048519150e+00    2.2423818452e+00   -1.5812031066e+01    1.2800000000e+02    7.6402139994e-03    6.2109375000e-01
       479   -7.3177703237e+00    5.3692950936e+01   -1.1640589036e+01    4.3228187123e+00    2.4306385574e+00   -1.4071227593e+01    1.2800000000e+02    1.1180985000e-02    6.4355468750e-01
       480   -7.5723460453e+00    5.7591389762e+01   -1.8736030704e+01    1.1163684659e+01    2.7405078695e+00   -2.1476538574e+01    1.2800000000e+02    7.9888910004e-03    6.3330078125e-01
       481   -7.4115254738e+00    5.5057019607e+01   -1.2656342415e+01    5.2448169413e+00    2.4507146283e+00   -1.5107057043e+01    1.2800000000e+02    7.8810590003e-03    6.5039062500e-01
       482   -7.5055505348e+00    5.6523675313e+01   -1.2816212593e+01    5.3106620581e+00    2.7127175797e+00   -1.5528930173e+01    1.2800000000e+02    7.7796260002e-03    6.4306640625e-01
       483   -7.4147421448e+00    5.5160590431e+01   -1.5327781908e+01    7.9130397629e+00    3.0960308926e+00   -1.8423812800e+01    1.2800000000e+02    7.8226639998e-03    6.1035156250e-01
       484   -7.4925843754e+00    5.6297895271e+01   -1.2038516630e+01    4.5459322542e+00    2.6587987353e+00   -1.4697315365e+01    1.2800000000e+02    7.8570780006e-03    6.4160156250e-01
       485   -7.3247932555e+00    5.3779388269e+01   -2.1769223023e+01    1.4444429768e+01    2.5866956579e+00   -2.4355918681e+01    1.2800000000e+02    7.8236970003e-03    6.3085937500e-01
       486   -7.5780124366e+00    5.7758595766e+01   -5.7013084685e+01    4.9435072249e+01    3.2179243652e+00   -6.0231009050e+01    1.2800000000e+02    7.7321750005e-03    6.1914062500e-01
       487   -7.4990104087e+00    5.6439276790e+01   -1.7663878443e+01    1.0164868035e+01    2.9281870651e+00   -2.0592065508e+01    1.2800000000e+02    7.8288570003e-03    6.4404296875e-01
       488   -7.4308427877e+00    5.5494285318e+01   -1.4071301299e+01    6.6404585108e+00    2.7611580397e+00   -1.6832459338e+01    1.2800000000e+02    7.7953800001e-03    6.3476562500e-01
       489   -7.4804154880e+00    5.6224011547e+01   -1.3400472323e+01    5.9200568347e+00    2.7638288400e+00   -1.6164301163e+01    1.2800000000e+02    7.8457700001e-03    6.5576171875e-01
       490   -7.5734546610e+00    5.7556109148e+01   -1.3080232934e+01    5.5067782733e+00    2.5849907911e+00   -1.5665223725e+01    1.2800000000e+02    1.2386577000e-02    6.6552734375e-01
       491   -7.5187502395e+00    5.6790898161e+01   -1.3525842087e+01    6.0070918472e+00    2.7283640731e+00   -1.6254206160e+01    1.2800000000e+02    1.3560542000e-02    6.5039062500e-01
       492   -7.4020226292e+00    5.4948880547e+01   -2.2682899110e+01    1.5280876481e+01    2.7375090767e+00   -2.5420408187e+01    1.2800000000e+02    8.5562830009e-03    6.3964843750e-01
       493   -7.5159746724e+00    5.6664111309e+01   -1.3805859664e+01    6.2898849915e+00    2.2474806776e+00   -1.6053340342e+01    1.2800000000e+02    7.8628820002e-03    6.4843750000e-01
       494   -7.4181032745e+00    5.5166379712e+01   -1.2940105150e+01    5.5220018751e+00    2.5455471097e+00   -1.5485652259e+01    1.2800000000e+02    8.0633140005e-03    6.3281250000e-01
       495   -7.4030986782e+00    5.4936575622e+01   -1.1737356023e+01    4.3342573446e+00    2.4420262943e+00   -1.4179382317e+01    1.2800000000e+02    7.9140630005e-03    6.4648437500e-01
       496   -7.5723233624e+00    5.7709390806e+01   -1.4527026331e+01    6.9547029691e+00    2.5364169435e+00   -1.7063443275e+01    1.2800000000e+02    7.8948119999e-03    6.3671875000e-01
       497   -7.6193096636e+00    5.8328894524e+01   -2.0905337668e+01    1.3286028005e+01    2.7355630490e+00   -2.3640900717e+01    1.2800000000e+02    7.7111170003e-03    6.0839843750e-01
       498   -7.4959198550e+00    5.6404827230e+01   -1.3278562497e+01    5.7826426416e+00    2.3904552226e+00   -1.5669017719e+01    1.2800000000e+02    8.2444899999e-03    6.6503906250e-01
       499   -7.3557922076e+00    5.4213844980e+01   -1.1197947540e+01    3.8421553328e+00    2.5271868089e+00   -1.3725134349e+01    1.2800000000e+02    7.8169509998e-03    6.3720703125e-01
