#   index    LocalEnergy         LocalEnergy_sq      LocalPotential      Kinetic             ElecElec            IonElec             BlockWeight         BlockCPU            AcceptRatio         
         0   -7.5136105489e+00    5.6620342273e+01   -1.4878686530e+01    7.3650759814e+00    2.8761802059e+00   -1.7754866736e+01    3.2000000000e+01    2.1660490002e-03    6.4843750000e-01
         1   -7.3394238674e+00    5.3958878305e+01   -1.2212330182e+01    4.8729063150e+00    2.7084087876e+00   -1.4920738970e+01    3.2000000000e+01    2.1384929996e-03    6.2109375000e-01
         2   -7.2433493950e+00    5.2683788047e+01   -1.5247854037e+01    8.0045046416e+00    3.0805289357e+00   -1.8328382972e+01    3.2000000000e+01    1.9698110000e-03    6.1132812500e-01
         3   -7.3405083457e+00    5.3970254432e+01   -1.3102226933e+01    5.7617185869e+00    2.9053124531e+00   -1.6007539386e+01    3.2000000000e+01    1.9849110004e-03    6.5039062500e-01
         4   -7.4587086484e+00    5.5757941480e+01   -1.0352695928e+01    2.8939872794e+00    2.6144337355e+00   -1.2967129663e+01    3.2000000000e+01    2.0196700007e-03    6.6210937500e-01
         5   -7.5964818860e+00    5.8130649391e+01   -1.3064048595e+01    5.4675667093e+00    2.2992286361e+00   -1.5363277231e+01    3.2000000000e+01    1.9874919999e-03    6.4453125000e-01
         6   -7.3575606295e+00    5.4431221009e+01   -3.2962466201e+01    2.5604905572e+01    2.6735339084e+00   -3.5636000110e+01    3.2000000000e+01    1.9488520002e-03    6.4648437500e-01
         7   -7.5613265317e+00    5.7446123698e+01   -1.5715166964e+01    8.1538404327e+00    1.9855617920e+00   -1.7700728756e+01    3.2000000000e+01    2.0022730005e-03    6.8164062500e-01
         8   -7.5162631161e+00    5.6621014842e+01   -9.8038639572e+00    2.2876008411e+00    2.4808920965e+00   -1.2284756054e+01    3.2000000000e+01    2.0343690003e-03    6.8750000000e-01
         9   -7.5822699788e+00    5.7708683838e+01   -1.5061664177e+01    7.4793941982e+00    2.9239704966e+00   -1.7985634674e+01    3.2000000000e+01    1.9626149997e-03    6.3281250000e-01
        10   -7.4123122205e+00    5.5151208745e+01   -1.5799325750e+01    8.3870135292e+00    2.8610611148e+00   -1.8660386865e+01    3.2000000000e+01    1.9640370001e-03    6.1523437500e-01
        11   -7.3325365171e+00    5.3876459271e+01   -1.1719872141e+01    4.3873356242e+00    2.5177687469e+00   -1.4237640888e+01    3.2000000000e+01    1.9610130003e-03    6.3476562500e-01
        12   -7.4342732099e+00    5.5424749634e+01   -1.1143443437e+01    3.7091702271e+00    3.2761510539e+00   -1.4419594491e+01    3.2000000000e+01    1.9696250001e-03    6.3476562500e-01
        13   -7.9586876231e+00    6.3975633359e+01   -1.7291077932e+01    9.3323903089e+00    3.2356892029e+00   -2.0526767135e+01    3.2000000000e+01    1.9484069999e-03    6.1132812500e-01
        14   -7.3892888475e+00    5.4763037073e+01   -1.5509506257e+01    8.1202174093e+00    3.3160708222e+00   -1.8825577079e+01    3.2000000000e+01    1.9449319998e-03    6.1914062500e-01
        15   -7.5147009236e+00    5.6727209930e+01   -1.4837071904e+01    7.3223709806e+00    2.4922448481e+00   -1.7329316752e+01    3.2000000000e+01    2.0644350006e-03    6.6992187500e-01
        16   -7.3875052638e+00    5.4671091524e+01   -1.3911109177e+01    6.5236039129e+00    2.6132622597e+00   -1.6524371436e+01    3.2000000000e+01    2.0174140000e-03    6.4453125000e-01
        17   -7.1869145060e+00    5.1717183405e+01   -9.3912152346e+00    2.2043007286e+00    1.6693179487e+00   -1.1060533183e+01    3.2000000000e+01    1.9493999998e-03    6.6992187500e-01
        18   -7.5447166811e+00    5.7112624654e+01   -1.5346414410e+01    7.8016977287e+00    2.5187972496e+00   -1.7865211659e+01    3.2000000000e+01    2.1470740003e-03    6.5039062500e-01
        19   -7.4404548392e+00    5.5511752565e+01   -1.1721901195e+01    4.2814463559e+00    2.5127680833e+00   -1.4234669278e+01    3.2000000000e+01    1.9955950002e-03    6.7773437500e-01
        20   -7.3728990871e+00    5.4435196784e+01   -1.1547731081e+01    4.1748319937e+00    2.5510931790e+00   -1.4098824260e+01    3.2000000000e+01    2.0091959996e-03    6.4843750000e-01
        21   -7.4621635210e+00    5.5928479258e+01   -1.1303552160e+01    3.8413886393e+00    2.6002937388e+00   -1.3903845899e+01    3.2000000000e+01    1.9959100000e-03    6.5039062500e-01
        22   -7.4481093007e+00    5.5544636937e+01   -9.9306148814e+00    2.4825055807e+00    2.2857101686e+00   -1.2216325050e+01    3.2000000000e+01    2.0082500005e-03    6.7968750000e-01
        23   -7.4370453754e+00    5.5487175167e+01   -1.2619038036e+01    5.1819926607e+00    2.4576481663e+00   -1.5076686202e+01    3.2000000000e+01    1.9546820004e-03    6.2695312500e-01
        24   -7.7122666116e+00    5.9749657042e+01   -1.6256086174e+01    8.5438195619e+00    2.7667473763e+00   -1.9022833550e+01    3.2000000000e+01    1.9565680004e-03    6.2695312500e-01
        25   -7.4237493121e+00    5.5282369999e+01   -1.4658359103e+01    7.2346097905e+00    2.6308693518e+00   -1.7289228454e+01    3.2000000000e+01    2.0027350001e-03    6.8359375000e-01
        26   -7.6732917820e+00    5.9073208509e+01   -1.2319602212e+01    4.6463104297e+00    2.5471219900e+00   -1.4866724202e+01    3.2000000000e+01    1.9944609994e-03    6.4453125000e-01
        27   -7.2963669594e+00    5.3347858006e+01   -9.9553010213e+00    2.6589340619e+00    2.5395748926e+00   -1.2494875914e+01    3.2000000000e+01    1.9989570001e-03    6.7187500000e-01
        28   -7.3448414125e+00    5.4258117286e+01   -2.3623217138e+01    1.6278375725e+01    3.5509951451e+00   -2.7174212283e+01    3.2000000000e+01    1.9248259996e-03    5.8203125000e-01
        29   -8.0619117223e+00    6.5453502669e+01   -1.8222870031e+01    1.0160958309e+01    2.7759025304e+00   -2.0998772561e+01    3.2000000000e+01    1.9655449996e-03    6.3671875000e-01
        30   -7.4557893273e+00    5.5731821358e+01   -1.1050310836e+01    3.5945215089e+00    2.4647700200e+00   -1.3515080856e+01    3.2000000000e+01    2.0093730000e-03    6.9531250000e-01
        31   -7.1553452072e+00    5.1299074188e+01   -1.2806682112e+01    5.6513369044e+00    2.5862031871e+00   -1.5392885299e+01    3.2000000000e+01    1.9370270002e-03    6.1328125000e-01
        32   -8.2410340994e+00    6.8680226125e+01   -2.0694104379e+01    1.2453070280e+01    2.4043556748e+00   -2.3098460054e+01    3.2000000000e+01    2.0635210003e-03    6.1914062500e-01
        33   -7.4956560267e+00    5.6272275119e+01   -1.1893396229e+01    4.3977402021e+00    2.1789393427e+00   -1.4072335571e+01    3.2000000000e+01    2.0301149998e-03    6.4062500000e-01
        34   -7.5118169025e+00    5.6558950625e+01   -1.5692069076e+01    8.1802521730e+00    2.1286869968e+00   -1.7820756072e+01    3.2000000000e+01    2.0155440006e-03    6.7187500000e-01
        35   -7.6282844469e+00    5.8467062709e+01   -1.8544219547e+01    1.0915935100e+01    3.4696853988e+00   -2.2013904946e+01    3.2000000000e+01    2.0984479997e-03    6.1914062500e-01
        36   -7.3540359877e+00    5.4219817162e+01   -1.1786106230e+01    4.4320702425e+00    2.2907577172e+00   -1.4076863947e+01    3.2000000000e+01    2.0785119996e-03    6.5429687500e-01
        37   -7.3531464568e+00    5.4139606541e+01   -1.1764671574e+01    4.4115251168e+00    3.5848187163e+00   -1.5349490290e+01    3.2000000000e+01    1.9611389998e-03    6.4257812500e-01
        38   -7.6036057131e+00    5.8078104912e+01   -1.5826506024e+01    8.2229003110e+00    2.9547291840e+00   -1.8781235208e+01    3.2000000000e+01    1.9633430002e-03    6.3085937500e-01
        39   -7.4914314032e+00    5.6431317774e+01   -1.3313888433e+01    5.8224570295e+00    2.7053968573e+00   -1.6019285290e+01    3.2000000000e+01    2.0567679994e-03    6.6406250000e-01
        40   -7.3721085685e+00    5.4436005048e+01   -1.2752702299e+01    5.3805937304e+00    2.5598666311e+00   -1.5312568930e+01    3.2000000000e+01    1.9261589996e-03    6.1718750000e-01
        41   -7.3397618133e+00    5.4010413523e+01   -9.9208234354e+00    2.5810616221e+00    2.3726557732e+00   -1.2293479209e+01    3.2000000000e+01    2.5391810004e-03    6.8945312500e-01
        42   -7.4799475233e+00    5.6078375215e+01   -1.1303310267e+01    3.8233627433e+00    2.8275772871e+00   -1.4130887554e+01    3.2000000000e+01    3.3581210000e-03    6.5625000000e-01
        43   -7.4971001323e+00    5.6407780227e+01   -1.3305507694e+01    5.8084075620e+00    2.4323095509e+00   -1.5737817245e+01    3.2000000000e+01    2.1117629994e-03    6.2695312500e-01
        44   -7.2146092601e+00    5.2141215907e+01   -8.8788924386e+00    1.6642831785e+00    2.0083374533e+00   -1.0887229892e+01    3.2000000000e+01    2.0238050001e-03    6.6992187500e-01
        45   -7.3671638436e+00    5.4351739039e+01   -1.0701261681e+01    3.3340978378e+00    2.0821043684e+00   -1.2783366050e+01    3.2000000000e+01    1.9864270007e-03    6.7773437500e-01
        46   -7.5885829533e+00    5.7709040246e+01   -1.4766747207e+01    7.1781642538e+00    3.1472018158e+00   -1.7913949023e+01    3.2000000000e+01    1.9247929995e-03    6.1328125000e-01
        47   -7.9965447273e+00    6.4495430506e+01   -2.3302269125e+01    1.5305724397e+01    3.8159647795e+00   -2.7118233904e+01    3.2000000000e+01    2.0175399995e-03    5.8593750000e-01
        48   -7.5993497103e+00    5.7938946494e+01   -2.5343361750e+01    1.7744012040e+01    2.4059652830e+00   -2.7749327033e+01    3.2000000000e+01    2.0553159993e-03    6.3867187500e-01
        49   -7.3833674781e+00    5.4662106186e+01   -1.2763854336e+01    5.3804868582e+00    2.8167701491e+00   -1.5580624485e+01    3.2000000000e+01    2.0113399996e-03    6.1718750000e-01
        50   -7.6731591145e+00    5.9042493722e+01   -1.1045224703e+01    3.3720655881e+00    2.2438815210e+00   -1.3289106224e+01    3.2000000000e+01    2.1169780002e-03    6.6796875000e-01
        51   -7.5162055055e+00    5.6774367021e+01   -1.6833829316e+01    9.3176238100e+00    2.3906536873e+00   -1.9224483003e+01    3.2000000000e+01    1.9486419997e-03    6.5234375000e-01
        52   -7.4952642842e+00    5.6390583677e+01   -2.9697179680e+01    2.2201915395e+01    3.1079640318e+00   -3.2805143711e+01    3.2000000000e+01    1.9477420001e-03    6.0546875000e-01
        53   -7.3393469954e+00    5.3980672251e+01   -1.3845630787e+01    6.5062837912e+00    2.8534098598e+00   -1.6699040646e+01    3.2000000000e+01    1.9169090001e-03    5.8789062500e-01
        54   -7.3680553842e+00    5.4364764780e+01   -1.1235302099e+01    3.8672467145e+00    2.7061907334e+00   -1.3941492832e+01    3.2000000000e+01    1.9783449998e-03    6.5234375000e-01
        55   -7.5629961155e+00    5.7448282184e+01   -1.8905979174e+01    1.1342983059e+01    3.5481187329e+00   -2.2454097907e+01    3.2000000000e+01    1.9266580002e-03    5.9765625000e-01
        56   -7.2405763535e+00    5.2579765830e+01   -1.2912433180e+01    5.6718568266e+00    2.4261470653e+00   -1.5338580245e+01    3.2000000000e+01    2.2183390001e-03    6.3671875000e-01
        57   -7.6732266299e+00    5.9095391142e+01   -1.6323458078e+01    8.6502314480e+00    3.2059441645e+00   -1.9529402242e+01    3.2000000000e+01    2.2118919997e-03    6.4648437500e-01
        58   -7.4593939463e+00    5.5881839380e+01   -2.0289644901e+01    1.2830250955e+01    2.6534927175e+00   -2.2943137618e+01    3.2000000000e+01    1.9454439998e-03    6.0937500000e-01
        59   -7.2838619020e+00    5.3200972891e+01   -1.2785435691e+01    5.5015737890e+00    2.9220448961e+00   -1.5707480587e+01    3.2000000000e+01    1.9711079995e-03    6.5039062500e-01
        60   -7.6427570752e+00    5.8539650407e+01   -1.3081535458e+01    5.4387783826e+00    2.6706870388e+00   -1.5752222497e+01    3.2000000000e+01    1.9589269996e-03    6.2500000000e-01
        61   -7.1978163075e+00    5.1917725345e+01   -1.3478603064e+01    6.2807867567e+00    2.9481311402e+00   -1.6426734204e+01    3.2000000000e+01    2.6026460000e-03    6.4062500000e-01
        62   -7.4661119135e+00    5.5872820170e+01   -1.3790174609e+01    6.3240626952e+00    3.0678302317e+00   -1.6858004840e+01    3.2000000000e+01    2.0363120002e-03    6.3867187500e-01
        63   -7.4794906175e+00    5.6116493008e+01   -1.5993684256e+01    8.5141936382e+00    2.7953150899e+00   -1.8788999346e+01    3.2000000000e+01    2.0525919999e-03    6.4453125000e-01
        64   -7.4592648351e+00    5.5809664269e+01   -1.5265964416e+01    7.8066995812e+00    2.8891471050e+00   -1.8155111521e+01    3.2000000000e+01    1.9379779997e-03    5.9765625000e-01
        65   -7.3649325746e+00    5.4336462912e+01   -9.8442840608e+00    2.4793514863e+00    2.4191224769e+00   -1.2263406538e+01    3.2000000000e+01    2.0736120005e-03    6.4648437500e-01
        66   -7.2475981508e+00    5.2719562728e+01   -1.2418310969e+01    5.1707128178e+00    2.8185837886e+00   -1.5236894757e+01    3.2000000000e+01    2.0667529998e-03    6.6015625000e-01
        67   -7.3435612182e+00    5.4049157765e+01   -1.4731520196e+01    7.3879589775e+00    2.6938603452e+00   -1.7425380541e+01    3.2000000000e+01    1.9075629998e-03    6.0742187500e-01
        68   -7.3929728087e+00    5.5419483671e+01   -1.8746576666e+01    1.1353603857e+01    4.1507703621e+00   -2.2897347028e+01    3.2000000000e+01    1.9415190000e-03    5.7812500000e-01
        69   -7.5466089249e+00    5.7091383155e+01   -2.6165754526e+01    1.8619145602e+01    2.9398576806e+00   -2.9105612207e+01    3.2000000000e+01    2.0034409999e-03    6.3281250000e-01
        70   -7.2215218208e+00    5.2341585930e+01   -1.5262043243e+01    8.0405214217e+00    2.9074762748e+00   -1.8169519517e+01    3.2000000000e+01    1.9650039994e-03    6.1523437500e-01
        71   -7.5006844491e+00    5.6362000091e+01   -1.4021895184e+01    6.5212107345e+00    2.6844770603e+00   -1.6706372244e+01    3.2000000000e+01    1.9587179995e-03    6.3281250000e-01
        72   -7.3100389764e+00    5.3680171193e+01   -1.5461746694e+01    8.1517077173e+00    3.1264637644e+00   -1.8588210458e+01    3.2000000000e+01    2.0440339995e-03    6.0742187500e-01
        73   -7.3415870425e+00    5.3984613758e+01   -1.0619479595e+01    3.2778925524e+00    2.2776411301e+00   -1.2897120725e+01    3.2000000000e+01    2.2239420005e-03    6.4062500000e-01
        74   -7.4066681926e+00    5.5070571263e+01   -1.9652731720e+01    1.2246063527e+01    2.8320387337e+00   -2.2484770454e+01    3.2000000000e+01    1.9838180006e-03    5.9765625000e-01
        75   -7.4975391368e+00    5.6285803709e+01   -1.3953490702e+01    6.4559515653e+00    3.1442872309e+00   -1.7097777933e+01    3.2000000000e+01    1.9690469999e-03    6.3085937500e-01
        76   -7.5467768101e+00    5.7040268584e+01   -1.0887247319e+01    3.3404705084e+00    2.0362307167e+00   -1.2923478035e+01    3.2000000000e+01    1.9755139992e-03    6.6015625000e-01
        77   -7.5406882789e+00    5.7178310910e+01   -1.0728060567e+01    3.1873722883e+00    2.2998167158e+00   -1.3027877283e+01    3.2000000000e+01    2.1423590006e-03    6.6601562500e-01
        78   -7.4818957297e+00    5.6103998547e+01   -1.3395579948e+01    5.9136842179e+00    2.8580658521e+00   -1.6253645800e+01    3.2000000000e+01    1.9614660005e-03    6.2890625000e-01
        79   -7.4344341324e+00    5.5426461622e+01   -1.4207073737e+01    6.7726396046e+00    2.3839202197e+00   -1.6590993957e+01    3.2000000000e+01    1.9453680006e-03    6.2109375000e-01
        80   -7.6183399031e+00    5.8319464861e+01   -1.5158974632e+01    7.5406347292e+00    3.0915500378e+00   -1.8250524670e+01    3.2000000000e+01    1.9547390002e-03    6.2890625000e-01
        81   -7.6818285636e+00    5.9478953910e+01   -1.4378492078e+01    6.6966635140e+00    2.6429925319e+00   -1.7021484610e+01    3.2000000000e+01    2.0640390003e-03    6.6015625000e-01
        82   -7.7120701869e+00    5.9813226393e+01   -1.5277726035e+01    7.5656558484e+00    2.7769301626e+00   -1.8054656198e+01    3.2000000000e+01    2.0388010007e-03    6.2109375000e-01
        83   -7.4084071473e+00    5.4981118956e+01   -1.2383731499e+01    4.9753243521e+00    2.0843947147e+00   -1.4468126214e+01    3.2000000000e+01    1.9607080003e-03    6.3867187500e-01
        84   -7.1148728528e+00    5.0846616112e+01   -1.4810260683e+01    7.6953878304e+00    3.2227673204e+00   -1.8033028004e+01    3.2000000000e+01    1.9522779994e-03    6.2109375000e-01
        85   -7.4503096661e+00    5.5588554207e+01   -1.0612632586e+01    3.1623229195e+00    2.0699308883e+00   -1.2682563474e+01    3.2000000000e+01    1.9753690003e-03    6.7578125000e-01
        86   -7.4252298955e+00    5.5194363072e+01   -9.5537865075e+00    2.1285566120e+00    2.3082688181e+00   -1.1862055326e+01    3.2000000000e+01    2.0027060000e-03    6.8554687500e-01
        87   -7.4671210005e+00    5.5848662825e+01   -1.1632681009e+01    4.1655600085e+00    2.4901159509e+00   -1.4122796960e+01    3.2000000000e+01    1.9677000000e-03    6.4843750000e-01
        88   -7.2440725504e+00    5.2637197567e+01   -1.4377876642e+01    7.1338040917e+00    3.9277713649e+00   -1.8305648007e+01    3.2000000000e+01    2.4114629996e-03    6.1523437500e-01
        89   -7.3765570655e+00    5.4487068303e+01   -1.0693331912e+01    3.3167748460e+00    2.1494910814e+00   -1.2842822993e+01    3.2000000000e+01    2.0948759993e-03    6.8945312500e-01
        90   -7.2239607408e+00    5.2404751901e+01   -1.2656838523e+01    5.4328777825e+00    2.8464154785e+00   -1.5503254002e+01    3.2000000000e+01    1.9565989996e-03    6.4062500000e-01
        91   -7.3617414210e+00    5.4330597774e+01   -1.1285898859e+01    3.9241574377e+00    2.1709517214e+00   -1.3456850580e+01    3.2000000000e+01    1.9904429992e-03    6.8554687500e-01
        92   -7.3744617065e+00    5.4497480174e+01   -1.0675985526e+01    3.3015238191e+00    2.4135162620e+00   -1.3089501788e+01    3.2000000000e+01    2.4167419997e-03    6.5625000000e-01
        93   -7.2204709526e+00    5.2251845215e+01   -1.3900766827e+01    6.6802958747e+00    2.3426301927e+00   -1.6243397020e+01    3.2000000000e+01    3.4789760002e-03    6.1718750000e-01
        94   -7.4263505162e+00    5.5214736428e+01   -1.0643349337e+01    3.2169988209e+00    2.6693216611e+00   -1.3312670998e+01    3.2000000000e+01    1.9799219999e-03    6.6406250000e-01
        95   -7.3604246443e+00    5.4288537422e+01   -1.5480390171e+01    8.1199655263e+00    2.1604394288e+00   -1.7640829599e+01    3.2000000000e+01    1.9780160001e-03    6.6210937500e-01
        96   -7.3086326381e+00    5.3696696397e+01   -1.8701715303e+01    1.1393082665e+01    3.8269400311e+00   -2.2528655334e+01    3.2000000000e+01    2.6745569994e-03    6.1328125000e-01
        97   -7.6664175250e+00    5.9166716606e+01   -1.5994294826e+01    8.3278773005e+00    2.7530114091e+00   -1.8747306235e+01    3.2000000000e+01    3.9644790004e-03    6.1523437500e-01
        98   -7.5024342997e+00    5.6552478039e+01   -1.3797789693e+01    6.2953553928e+00    3.2621757511e+00   -1.7059965444e+01    3.2000000000e+01    2.7524289999e-03    6.0937500000e-01
        99   -7.4054654729e+00    5.4960747110e+01   -1.4198827486e+01    6.7933620128e+00    2.5228577656e+00   -1.6721685251e+01    3.2000000000e+01    1.9453969999e-03    6.2109375000e-01
       100   -7.7224157458e+00    6.0103395477e+01   -1.5841306177e+01    8.1188904307e+00    2.8057566507e+00   -1.8647062827e+01    3.2000000000e+01    1.9640029996e-03    6.2890625000e-01
       101   -7.3551939412e+00    5.4181350166e+01   -1.1213863688e+01    3.8586697465e+00    1.9007588846e+00   -1.3114622572e+01    3.2000000000e+01    1.9611819998e-03    6.7187500000e-01
       102   -7.4139106430e+00    5.5157767317e+01   -1.5739203155e+01    8.3252925116e+00    2.9277973877e+00   -1.8667000542e+01    3.2000000000e+01    1.9315529998e-03    6.1718750000e-01
       103   -7.6291133208e+00    5.8478391919e+01   -1.2696917044e+01    5.0678037230e+00    2.5453276353e+00   -1.5242244679e+01    3.2000000000e+01    2.0768260001e-03    6.5820312500e-01
       104   -7.2766796778e+00    5.3031849568e+01   -1.0019304364e+01    2.7426246867e+00    2.6132863516e+00   -1.2632590716e+01    3.2000000000e+01    2.1034350002e-03    6.6406250000e-01
       105   -7.3499447392e+00    5.4157058939e+01   -1.4529018380e+01    7.1790736411e+00    2.9421932541e+00   -1.7471211634e+01    3.2000000000e+01    1.9608739995e-03    6.3671875000e-01
       106   -7.5055973517e+00    5.6517319970e+01   -1.8568907431e+01    1.1063310079e+01    2.6048984864e+00   -2.1173805917e+01    3.2000000000e+01    1.9705459999e-03    6.3867187500e-01
       107   -7.4729038353e+00    5.6044888215e+01   -1.9970307735e+01    1.2497403900e+01    2.6158920535e+00   -2.2586199789e+01    3.2000000000e+01    1.9829580006e-03    6.7578125000e-01
       108   -7.4749077872e+00    5.6092036640e+01   -1.4174263569e+01    6.6993557821e+00    3.0765796291e+00   -1.7250843198e+01    3.2000000000e+01    1.9652820001e-03    6.3085937500e-01
       109   -7.3508233013e+00    5.4203152195e+01   -1.1800520931e+01    4.4496976298e+00    2.3689085559e+00   -1.4169429487e+01    3.2000000000e+01    2.0815400003e-03    6.7382812500e-01
       110   -7.5440784652e+00    5.7025169892e+01   -1.0635294880e+01    3.0912164143e+00    2.4215589525e+00   -1.3056853832e+01    3.2000000000e+01    2.0066509996e-03    6.4062500000e-01
       111   -7.3898166710e+00    5.4670957349e+01   -9.9548076522e+00    2.5649909812e+00    2.2015440990e+00   -1.2156351751e+01    3.2000000000e+01    2.1046140000e-03    6.8164062500e-01
       112   -7.3478589609e+00    5.4084140746e+01   -9.8219442758e+00    2.4740853149e+00    2.1608848996e+00   -1.1982829175e+01    3.2000000000e+01    1.9518460003e-03    6.6406250000e-01
       113   -7.4270234540e+00    5.5381291668e+01   -1.3260079367e+01    5.8330559134e+00    2.6099459740e+00   -1.5870025341e+01    3.2000000000e+01    1.9463760000e-03    6.6210937500e-01
       114   -7.6619342411e+00    5.9015453484e+01   -1.3246381870e+01    5.5844476291e+00    2.1136860152e+00   -1.5360067885e+01    3.2000000000e+01    1.9460879994e-03    6.4062500000e-01
       115   -7.3671063178e+00    5.4483345399e+01   -1.3515887572e+01    6.1487812543e+00    2.6824313622e+00   -1.6198318934e+01    3.2000000000e+01    1.9153840003e-03    6.0156250000e-01
       116   -7.2459319360e+00    5.2574380196e+01   -1.0420164498e+01    3.1742325624e+00    2.2160392599e+00   -1.2636203758e+01    3.2000000000e+01    1.9912059997e-03    6.7187500000e-01
       117   -7.4855891697e+00    5.6203585412e+01   -1.3308390399e+01    5.8228012289e+00    2.5925190145e+00   -1.5900909413e+01    3.2000000000e+01    1.9007399997e-03    6.1914062500e-01
       118   -7.8321296321e+00    6.1813275567e+01   -1.4039283003e+01    6.2071533704e+00    2.5345372305e+00   -1.6573820233e+01    3.2000000000e+01    1.9742190007e-03    6.5429687500e-01
       119   -7.7378428478e+00    6.0411314554e+01   -2.0784999367e+01    1.3047156519e+01    2.4835024397e+00   -2.3268501806e+01    3.2000000000e+01    1.9939320000e-03    6.2500000000e-01
       120   -7.8529932937e+00    6.1912555339e+01   -1.6084582559e+01    8.2315892651e+00    2.5299300949e+00   -1.8614512654e+01    3.2000000000e+01    1.9578370002e-03    6.2695312500e-01
       121   -7.4565196961e+00    5.5732963580e+01   -1.2588178260e+01    5.1316585635e+00    2.0661687615e+00   -1.4654347021e+01    3.2000000000e+01    1.9597619994e-03    6.4648437500e-01
       122   -7.3409683401e+00    5.4087394706e+01   -1.1703386762e+01    4.3624184215e+00    2.4785178458e+00   -1.4181904607e+01    3.2000000000e+01    1.9783200005e-03    6.5625000000e-01
       123   -7.2292105077e+00    5.2487373353e+01   -1.8859514760e+01    1.1630304252e+01    2.8337077057e+00   -2.1693222466e+01    3.2000000000e+01    1.9638180001e-03    6.2890625000e-01
       124   -7.7444594647e+00    6.0533122003e+01   -1.6836523857e+01    9.0920643920e+00    2.6495069321e+00   -1.9486030789e+01    3.2000000000e+01    2.0663860005e-03    5.8984375000e-01
       125   -7.3232415922e+00    5.3684416981e+01   -1.1599754811e+01    4.2765132193e+00    2.3082991094e+00   -1.3908053921e+01    3.2000000000e+01    1.9652280007e-03    6.5625000000e-01
       126   -7.9203487712e+00    6.2922851353e+01   -3.8106193894e+01    3.0185845122e+01    3.6132737850e+00   -4.1719467679e+01    3.2000000000e+01    1.9375339998e-03    6.0156250000e-01
       127   -7.3515327647e+00    5.4170064803e+01   -1.5414820006e+01    8.0632872416e+00    2.9988107851e+00   -1.8413630791e+01    3.2000000000e+01    2.2088910000e-03    6.3085937500e-01
       128   -7.4270160660e+00    5.5254458388e+01   -1.3253003288e+01    5.8259872224e+00    2.7525770188e+00   -1.6005580307e+01    3.2000000000e+01    2.0141360001e-03    6.6992187500e-01
       129   -7.4554001815e+00    5.5710719062e+01   -2.0606591980e+01    1.3151191799e+01    3.4150058314e+00   -2.4021597812e+01    3.2000000000e+01    2.0339679995e-03    6.0742187500e-01
       130   -7.2869227742e+00    5.3273499208e+01   -1.1911257286e+01    4.6243345122e+00    2.3220295513e+00   -1.4233286838e+01    3.2000000000e+01    1.9771549996e-03    6.5039062500e-01
       131   -7.2653768562e+00    5.2868915801e+01   -1.0975692900e+01    3.7103160437e+00    2.2957918758e+00   -1.3271484776e+01    3.2000000000e+01    2.0093680005e-03    6.7968750000e-01
       132   -7.6676083174e+00    5.9064839873e+01   -1.3376104381e+01    5.7084960641e+00    2.7466321518e+00   -1.6122736533e+01    3.2000000000e+01    1.9924019998e-03    6.7773437500e-01
       133   -7.2380372728e+00    5.2546312480e+01   -1.3338342781e+01    6.1003055084e+00    4.5256658500e+00   -1.7864008631e+01    3.2000000000e+01    1.9448869998e-03    6.0351562500e-01
       134   -7.3303639497e+00    5.3860088589e+01   -1.3057811756e+01    5.7274478066e+00    2.3347261019e+00   -1.5392537858e+01    3.2000000000e+01    1.9385770001e-03    6.1132812500e-01
       135   -7.3376073053e+00    5.3917716515e+01   -1.2120768568e+01    4.7831612629e+00    2.5131590997e+00   -1.4633927668e+01    3.2000000000e+01    1.9596410002e-03    6.4453125000e-01
       136   -7.3425620344e+00    5.4069921958e+01   -1.1060007062e+01    3.7174450275e+00    2.9030466488e+00   -1.3963053711e+01    3.2000000000e+01    1.9653750005e-03    6.3085937500e-01
       137   -7.4636491386e+00    5.5775557891e+01   -9.6218362752e+00    2.1581871366e+00    2.2000259147e+00   -1.1821862190e+01    3.2000000000e+01    1.9541809997e-03    6.6015625000e-01
       138   -7.6508947318e+00    5.8774336591e+01   -1.4051740099e+01    6.4008453675e+00    2.2382817475e+00   -1.6290021847e+01    3.2000000000e+01    1.9528429993e-03    6.4648437500e-01
       139   -7.4495580453e+00    5.5698817891e+01   -1.2005409577e+01    4.5558515318e+00    2.1711136202e+00   -1.4176523197e+01    3.2000000000e+01    2.0884449996e-03    6.3867187500e-01
       140   -7.3381968246e+00    5.4021950907e+01   -1.1875489945e+01    4.5372931200e+00    2.5617648971e+00   -1.4437254842e+01    3.2000000000e+01    1.9556650004e-03    6.4453125000e-01
       141   -7.8497732765e+00    6.1998028026e+01   -1.7472514415e+01    9.6227411385e+00    2.4397922022e+00   -1.9912306617e+01    3.2000000000e+01    1.9344560005e-03    6.1914062500e-01
       142   -7.2602600760e+00    5.2794291433e+01   -1.2047825149e+01    4.7875650728e+00    2.5350154920e+00   -1.4582840641e+01    3.2000000000e+01    1.9820279995e-03    6.3085937500e-01
       143   -7.7017322362e+00    5.9593555808e+01   -1.4000560104e+01    6.2988278678e+00    2.3421068979e+00   -1.6342667002e+01    3.2000000000e+01    2.1371749999e-03    6.4453125000e-01
       144   -7.4802658952e+00    5.6135827730e+01   -1.4087712440e+01    6.6074465450e+00    2.5185417858e+00   -1.6606254226e+01    3.2000000000e+01    2.3844150001e-03    6.4257812500e-01
       145   -7.4501251670e+00    5.5766256107e+01   -1.0606592196e+01    3.1564670287e+00    2.1812475114e+00   -1.2787839707e+01    3.2000000000e+01    3.1687670007e-03    6.7187500000e-01
       146   -7.6072542777e+00    5.8214453870e+01   -1.3507388244e+01    5.9001339666e+00    2.6477325231e+00   -1.6155120767e+01    3.2000000000e+01    1.9619960003e-03    6.3281250000e-01
       147   -7.5593847389e+00    5.7269393416e+01   -1.4472871333e+01    6.9134865944e+00    2.5981044361e+00   -1.7070975769e+01    3.2000000000e+01    1.9552439999e-03    6.1523437500e-01
       148   -7.3693656274e+00    5.4398469258e+01   -1.0541530026e+01    3.1721643989e+00    2.1910280723e+00   -1.2732558099e+01    3.2000000000e+01    1.9748100003e-03    6.6992187500e-01
       149   -7.4514202474e+00    5.5788728258e+01   -1.4570365229e+01    7.1189449821e+00    2.0804445039e+00   -1.6650809733e+01    3.2000000000e+01    2.0140039996e-03    6.5039062500e-01
       150   -7.2168848869e+00    5.2161837739e+01   -1.1395044795e+01    4.1781599085e+00    2.2863752900e+00   -1.3681420085e+01    3.2000000000e+01    1.9525420003e-03    6.2500000000e-01
       151   -7.6250545903e+00    5.8256274106e+01   -1.4618393392e+01    6.9933388021e+00    2.3529239883e+00   -1.6971317381e+01    3.2000000000e+01    1.9466579997e-03    6.3281250000e-01
       152   -7.3311126116e+00    5.3811269984e+01   -1.1622186359e+01    4.2910737477e+00    2.2064727878e+00   -1.3828659147e+01    3.2000000000e+01    2.2147050004e-03    6.5625000000e-01
       153   -7.3731023552e+00    5.4419272140e+01   -1.2024430852e+01    4.6513284967e+00    2.8964273486e+00   -1.4920858200e+01    3.2000000000e+01    1.9496460000e-03    6.1132812500e-01
       154   -7.3980691932e+00    5.4876262977e+01   -1.2086570634e+01    4.6885014404e+00    2.7184962153e+00   -1.4805066849e+01    3.2000000000e+01    1.9674659998e-03    6.5039062500e-01
       155   -7.7406705936e+00    6.0199638128e+01   -1.8926007537e+01    1.1185336943e+01    3.1391283342e+00   -2.2065135871e+01    3.2000000000e+01    1.9595929998e-03    6.2890625000e-01
       156   -7.3124691246e+00    5.3568829048e+01   -1.1283846723e+01    3.9713775988e+00    2.2020489903e+00   -1.3485895714e+01    3.2000000000e+01    1.9755329995e-03    6.7578125000e-01
       157   -7.3751864707e+00    5.4596186344e+01   -1.2571031066e+01    5.1958445949e+00    2.3119404685e+00   -1.4882971534e+01    3.2000000000e+01    2.2155990000e-03    6.6210937500e-01
       158   -7.4518526376e+00    5.5664132322e+01   -1.1438671812e+01    3.9868191742e+00    3.3279168445e+00   -1.4766588656e+01    3.2000000000e+01    2.3587359992e-03    6.6015625000e-01
       159   -7.5255530270e+00    5.6832559453e+01   -1.6119466914e+01    8.5939138869e+00    2.1270913736e+00   -1.8246558287e+01    3.2000000000e+01    2.1362709995e-03    6.1523437500e-01
       160   -7.4935948921e+00    5.6265854236e+01   -1.2052135799e+01    4.5585409066e+00    2.5507341290e+00   -1.4602869928e+01    3.2000000000e+01    2.2201040001e-03    6.4453125000e-01
       161   -7.5348125605e+00    5.6918484948e+01   -1.5443057532e+01    7.9082449718e+00    3.4451111091e+00   -1.8888168641e+01    3.2000000000e+01    2.0526730004e-03    6.1132812500e-01
       162   -7.3670384446e+00    5.4382230002e+01   -1.2684918874e+01    5.3178804291e+00    2.8542310411e+00   -1.5539149915e+01    3.2000000000e+01    2.0035100006e-03    6.4843750000e-01
       163   -7.4746728630e+00    5.6216869364e+01   -1.7071076012e+01    9.5964031495e+00    3.0151832697e+00   -2.0086259282e+01    3.2000000000e+01    1.9552929998e-03    5.9570312500e-01
       164   -7.3965095826e+00    5.4873879890e+01   -1.1327930570e+01    3.9314209874e+00    2.3501575664e+00   -1.3678088136e+01    3.2000000000e+01    1.9828510003e-03    6.4453125000e-01
       165   -7.2237813730e+00    5.2344278738e+01   -1.1790439796e+01    4.5666584231e+00    3.2314696922e+00   -1.5021909488e+01    3.2000000000e+01    1.9772430005e-03    6.5820312500e-01
       166   -7.6538107205e+00    5.8745509399e+01   -1.6309840289e+01    8.6560295689e+00    2.7341316379e+00   -1.9043971927e+01    3.2000000000e+01    1.9448339999e-03    6.0546875000e-01
       167   -7.6321906169e+00    5.8357495091e+01   -1.5621965290e+01    7.9897746734e+00    2.0996846900e+00   -1.7721649980e+01    3.2000000000e+01    1.9524919999e-03    6.5039062500e-01
       168   -8.0233795609e+00    6.4663583798e+01   -1.9461838992e+01    1.1438459431e+01    2.5202353926e+00   -2.1982074384e+01    3.2000000000e+01    2.1171600001e-03    6.3671875000e-01
       169   -7.3895535821e+00    5.4698481558e+01   -1.4351689647e+01    6.9621360651e+00    2.4340084585e+00   -1.6785698106e+01    3.2000000000e+01    1.9526050000e-03    6.2500000000e-01
       170   -7.4945483079e+00    5.6383072255e+01   -3.8364929124e+01    3.0870380816e+01    2.6238784948e+00   -4.0988807619e+01    3.2000000000e+01    1.9360329998e-03    6.1132812500e-01
       171   -7.4282671952e+00    5.5480349361e+01   -5.5581430411e+01    4.8153163216e+01    3.4698897762e+00   -5.9051320187e+01    3.2000000000e+01    1.9000379998e-03    5.6640625000e-01
       172   -7.6841077207e+00    5.9389961814e+01   -3.3098465254e+01    2.5414357534e+01    3.0044002551e+00   -3.6102865509e+01    3.2000000000e+01    1.9057640002e-03    6.0937500000e-01
       173   -7.2161392766e+00    5.2203744359e+01   -1.1939674998e+01    4.7235357213e+00    2.7545061389e+00   -1.4694181137e+01    3.2000000000e+01    1.9649950000e-03    6.4648437500e-01
       174   -7.1638766636e+00    5.1471658696e+01   -1.4243707081e+01    7.0798304177e+00    3.3672153762e+00   -1.7610922457e+01    3.2000000000e+01    1.9422050000e-03    6.1523437500e-01
       175   -7.4443960381e+00    5.5554666719e+01   -1.7377997159e+01    9.9336011213e+00    3.0398068782e+00   -2.0417804038e+01    3.2000000000e+01    2.2806460001e-03    6.2890625000e-01
       176   -7.3811022898e+00    5.4660910136e+01   -1.3275281492e+01    5.8941792020e+00    2.5639657652e+00   -1.5839247257e+01    3.2000000000e+01    2.0997990005e-03    6.3476562500e-01
       177   -7.5436878341e+00    5.7032364977e+01   -1.3743699658e+01    6.2000118236e+00    2.3825125943e+00   -1.6126212252e+01    3.2000000000e+01    1.9825339996e-03    6.4062500000e-01
       178   -7.4696309222e+00    5.5918689957e+01   -1.0848310159e+01    3.3786792364e+00    2.5538562748e+00   -1.3402166433e+01    3.2000000000e+01    1.9990870005e-03    6.6406250000e-01
       179   -7.4917422518e+00    5.6283384658e+01   -1.4873615396e+01    7.3818731446e+00    2.5173053360e+00   -1.7390920732e+01    3.2000000000e+01    1.9475580002e-03    6.3085937500e-01
       180   -7.4816732528e+00    5.6563358038e+01   -3.5252809922e+01    2.7771136669e+01    3.4061217238e+00   -3.8658931645e+01    3.2000000000e+01    1.9235790005e-03    5.9375000000e-01
       181   -7.4898231115e+00    5.6270554857e+01   -1.4450451358e+01    6.9606282466e+00    2.6140589754e+00   -1.7064510334e+01    3.2000000000e+01    1.9521569993e-03    6.2695312500e-01
       182   -7.3465290652e+00    5.4037768040e+01   -1.0932161448e+01    3.5856323828e+00    2.0534271855e+00   -1.2985588634e+01    3.2000000000e+01    1.9365620001e-03    6.5234375000e-01
       183   -7.3170907417e+00    5.3648917373e+01   -1.2908644125e+01    5.5915533832e+00    2.4812538172e+00   -1.5389897942e+01    3.2000000000e+01    1.9878670000e-03    6.4648437500e-01
       184   -7.4772632190e+00    5.6019597646e+01   -1.5248070663e+01    7.7708074436e+00    2.4339394649e+00   -1.7682010127e+01    3.2000000000e+01    2.2557330003e-03    5.8789062500e-01
       185   -7.7070362649e+00    5.9607157469e+01   -1.0475523240e+01    2.7684869747e+00    1.9950096037e+00   -1.2470532843e+01    3.2000000000e+01    2.2014510005e-03    6.5234375000e-01
       186   -7.9332894403e+00    6.3211387476e+01   -1.8282675187e+01    1.0349385747e+01    3.1974234016e+00   -2.1480098589e+01    3.2000000000e+01    1.9510140000e-03    6.0546875000e-01
       187   -7.4928808675e+00    5.6363969217e+01   -1.2082282869e+01    4.5894020011e+00    2.6216907108e+00   -1.4703973579e+01    3.2000000000e+01    1.9833979995e-03    6.5039062500e-01
       188   -7.2856774504e+00    5.3153014312e+01   -1.0824839992e+01    3.5391625413e+00    2.4310645573e+00   -1.3255904549e+01    3.2000000000e+01    2.0024160003e-03    6.1523437500e-01
       189   -7.2270388814e+00    5.2342790162e+01   -1.3474499357e+01    6.2474604758e+00    3.1183645926e+00   -1.6592863950e+01    3.2000000000e+01    1.9702220006e-03    6.3281250000e-01
       190   -7.4172964456e+00    5.5113816159e+01   -1.1146880153e+01    3.7295837079e+00    2.2855269042e+00   -1.3432407058e+01    3.2000000000e+01    1.9772530004e-03    6.6406250000e-01
       191   -7.1982423574e+00    5.1930104909e+01   -1.4235022470e+01    7.0367801128e+00    3.0090613846e+00   -1.7244083855e+01    3.2000000000e+01    2.1903559991e-03    6.4453125000e-01
       192   -7.3174356299e+00    5.3641616150e+01   -1.3480168938e+01    6.1627333078e+00    2.5408057701e+00   -1.6020974708e+01    3.2000000000e+01    1.9436340008e-03    5.9375000000e-01
       193   -7.8014167028e+00    6.1163859734e+01   -1.4301407490e+01    6.4999907875e+00    2.3698187024e+00   -1.6671226193e+01    3.2000000000e+01    1.9872620005e-03    6.4257812500e-01
       194   -7.3852862348e+00    5.4712383378e+01   -1.6476254432e+01    9.0909681972e+00    3.6320699203e+00   -2.0108324352e+01    3.2000000000e+01    1.9702970003e-03    6.1914062500e-01
       195   -7.4218684247e+00    5.5155741529e+01   -1.2445105885e+01    5.0232374601e+00    2.4217099299e+00   -1.4866815815e+01    3.2000000000e+01    1.9569159995e-03    6.3671875000e-01
       196   -7.7274943202e+00    6.0298054535e+01   -1.7362555894e+01    9.6350615742e+00    2.9023652484e+00   -2.0264921143e+01    3.2000000000e+01    1.9294389995e-03    6.0742187500e-01
       197   -7.5517341018e+00    5.7140745799e+01   -1.4568557874e+01    7.0168237719e+00    2.8930109284e+00   -1.7461568802e+01    3.2000000000e+01    1.9818249993e-03    6.1132812500e-01
       198   -7.4804364936e+00    5.6130231405e+01   -1.4989359714e+01    7.5089232199e+00    2.6617551970e+00   -1.7651114910e+01    3.2000000000e+01    1.9540439998e-03    6.3671875000e-01
       199   -7.8664478546e+00    6.2941993519e+01   -1.9175967707e+01    1.1309519852e+01    3.6736617057e+00   -2.2849629413e+01    3.2000000000e+01    1.9084500000e-03    6.0351562500e-01
       200   -7.4098209215e+00    5.5041578181e+01   -1.1583072767e+01    4.1732518454e+00    2.6016027098e+00   -1.4184675477e+01    3.2000000000e+01    1.9673130000e-03    6.6406250000e-01
       201   -7.4014148013e+00    5.4856456027e+01   -1.0812284005e+01    3.4108692035e+00    2.3220684617e+00   -1.3134352467e+01    3.2000000000e+01    1.9348490005e-03    6.3085937500e-01
       202   -7.4590171799e+00    5.5878425164e+01   -1.4693481629e+01    7.2344644492e+00    2.6925976934e+00   -1.7386079322e+01    3.2000000000e+01    1.9553720003e-03    6.1718750000e-01
       203   -7.5559096059e+00    5.7369481050e+01   -1.2679795416e+01    5.1238858100e+00    2.4030258669e+00   -1.5082821283e+01    3.2000000000e+01    1.9782869995e-03    6.6796875000e-01
       204   -7.5902225081e+00    5.7743612311e+01   -2.2313433020e+01    1.4723210512e+01    2.9817308970e+00   -2.5295163917e+01    3.2000000000e+01    1.9231030001e-03    5.8398437500e-01
       205   -7.4004486401e+00    5.4951469913e+01   -1.4331550753e+01    6.9311021129e+00    2.5524865876e+00   -1.6884037341e+01    3.2000000000e+01    1.9881029993e-03    6.6406250000e-01
       206   -7.4619841473e+00    5.5862434351e+01   -1.3218156987e+01    5.7561728399e+00    3.2685750624e+00   -1.6486732050e+01    3.2000000000e+01    2.0415370000e-03    6.4648437500e-01
       207   -7.3237725115e+00    5.3755962584e+01   -1.1544154467e+01    4.2203819559e+00    2.6342586189e+00   -1.4178413086e+01    3.2000000000e+01    2.2615830003e-03    6.6406250000e-01
       208   -7.4472309689e+00    5.5537891629e+01   -1.3266999584e+01    5.8197686148e+00    2.7813062420e+00   -1.6048305826e+01    3.2000000000e+01    2.0912929995e-03    6.2890625000e-01
       209   -7.4211093437e+00    5.5162859029e+01   -1.4108867873e+01    6.6877585298e+00    2.3909355757e+00   -1.6499803449e+01    3.2000000000e+01    2.0565410005e-03    6.3085937500e-01
       210   -7.3737291778e+00    5.4596662978e+01   -1.8188226239e+01    1.0814497061e+01    3.1372016726e+00   -2.1325427912e+01    3.2000000000e+01    2.1092620000e-03    6.2109375000e-01
       211   -7.6545054915e+00    5.8771792106e+01   -1.4090837778e+01    6.4363322862e+00    3.0651670256e+00   -1.7156004803e+01    3.2000000000e+01    1.9603040000e-03    6.3281250000e-01
       212   -7.2762796910e+00    5.3167018822e+01   -3.2290806255e+01    2.5014526564e+01    3.6077070088e+00   -3.5898513263e+01    3.2000000000e+01    1.9591580003e-03    6.1523437500e-01
       213   -7.4540741518e+00    5.5764204830e+01   -1.2414583641e+01    4.9605094895e+00    2.5268640905e+00   -1.4941447732e+01    3.2000000000e+01    1.9740489997e-03    6.5039062500e-01
       214   -7.5903794822e+00    5.7907825669e+01   -2.3708213892e+01    1.6117834410e+01    3.1237049758e+00   -2.6831918868e+01    3.2000000000e+01    1.9480240007e-03    6.0742187500e-01
       215   -7.8064745862e+00    6.1237302886e+01   -1.8459612072e+01    1.0653137486e+01    2.6391840312e+00   -2.1098796103e+01    3.2000000000e+01    1.9537210001e-03    6.2500000000e-01
       216   -7.2271778137e+00    5.2339463397e+01   -1.1017918062e+01    3.7907402484e+00    2.5435327458e+00   -1.3561450808e+01    3.2000000000e+01    1.9622380005e-03    6.3867187500e-01
       217   -7.4224043717e+00    5.5194027899e+01   -1.2450656555e+01    5.0282521835e+00    3.1522737139e+00   -1.5602930269e+01    3.2000000000e+01    2.3782749995e-03    6.3867187500e-01
       218   -7.4747700989e+00    5.5994315253e+01   -1.2074000614e+01    4.5992305155e+00    2.4631153430e+00   -1.4537115957e+01    3.2000000000e+01    1.9432929994e-03    6.5625000000e-01
       219   -7.4323022015e+00    5.5372560596e+01   -8.3189233427e+00    8.8662114122e-01    2.3315607799e+00   -1.0650484123e+01    3.2000000000e+01    2.0272089996e-03    7.1093750000e-01
       220   -7.4872354895e+00    5.6387448530e+01   -1.3855164775e+01    6.3679292855e+00    3.4709905099e+00   -1.7326155285e+01    3.2000000000e+01    1.9732960000e-03    6.2500000000e-01
       221   -7.8346332125e+00    6.1741153554e+01   -2.3026465350e+01    1.5191832138e+01    2.6380704409e+00   -2.5664535791e+01    3.2000000000e+01    1.9956050000e-03    6.3281250000e-01
       222   -7.6998026638e+00    5.9467276132e+01   -2.0679367886e+01    1.2979565222e+01    2.5432719637e+00   -2.3222639849e+01    3.2000000000e+01    1.9578929996e-03    6.1914062500e-01
       223   -7.7540334960e+00    6.0468655448e+01   -1.7533480882e+01    9.7794473860e+00    2.9028653491e+00   -2.0436346231e+01    3.2000000000e+01    2.0420319997e-03    6.3085937500e-01
       224   -7.3971875054e+00    5.5036891640e+01   -1.2159004555e+01    4.7618170493e+00    2.8647165435e+00   -1.5023721098e+01    3.2000000000e+01    2.1214740000e-03    6.6015625000e-01
       225   -7.4099673294e+00    5.5066056687e+01   -9.1403450771e+00    1.7303777477e+00    2.6858243754e+00   -1.1826169453e+01    3.2000000000e+01    2.1433759994e-03    6.9726562500e-01
       226   -7.3545149788e+00    5.4313074894e+01   -1.2712175096e+01    5.3576601168e+00    2.9052115916e+00   -1.5617386687e+01    3.2000000000e+01    2.0127630005e-03    6.5625000000e-01
       227   -7.3697018462e+00    5.4397923541e+01   -1.0995145485e+01    3.6254436386e+00    2.4902271724e+00   -1.3485372657e+01    3.2000000000e+01    1.9972989994e-03    6.1914062500e-01
       228   -7.2765151850e+00    5.3038415937e+01   -1.6825580591e+01    9.5490654057e+00    2.7962381881e+00   -1.9621818779e+01    3.2000000000e+01    1.9020489999e-03    5.7812500000e-01
       229   -7.4294203872e+00    5.5303427016e+01   -1.1914457430e+01    4.4850370427e+00    2.0674542688e+00   -1.3981911699e+01    3.2000000000e+01    1.9927359999e-03    6.8164062500e-01
       230   -7.3948979951e+00    5.4755490219e+01   -8.9119939432e+00    1.5170959481e+00    1.9580238280e+00   -1.0870017771e+01    3.2000000000e+01    1.9946430002e-03    6.9921875000e-01
       231   -7.3471760338e+00    5.4168846156e+01   -1.5759471345e+01    8.4122953117e+00    3.1095424492e+00   -1.8869013795e+01    3.2000000000e+01    1.9349380000e-03    6.0937500000e-01
       232   -7.5938018891e+00    5.7998945246e+01   -1.2044489147e+01    4.4506872583e+00    2.8454095870e+00   -1.4889898734e+01    3.2000000000e+01    1.9850720000e-03    6.5625000000e-01
       233   -7.6582460057e+00    5.9215936972e+01   -1.6561409639e+01    8.9031636336e+00    3.3609279470e+00   -1.9922337586e+01    3.2000000000e+01    2.0118160000e-03    5.9960937500e-01
       234   -7.3004909395e+00    5.3418711637e+01   -1.3878182727e+01    6.5776917875e+00    2.6036720502e+00   -1.6481854777e+01    3.2000000000e+01    1.9613659997e-03    6.3671875000e-01
       235   -7.2963164288e+00    5.3372755318e+01   -1.1063714003e+01    3.7673975746e+00    2.5561198220e+00   -1.3619833825e+01    3.2000000000e+01    1.9886999999e-03    6.5429687500e-01
       236   -7.4698808259e+00    5.5946225750e+01   -1.1746786490e+01    4.2769056638e+00    2.2907973802e+00   -1.4037583870e+01    3.2000000000e+01    1.9698619999e-03    6.4843750000e-01
       237   -7.8424939651e+00    6.1956949871e+01   -1.3868671949e+01    6.0261779837e+00    2.5399995673e+00   -1.6408671516e+01    3.2000000000e+01    2.0478790002e-03    6.7578125000e-01
       238   -7.4623458430e+00    5.5744277446e+01   -9.7957466729e+00    2.3334008299e+00    2.3481409758e+00   -1.2143887649e+01    3.2000000000e+01    2.1634840004e-03    6.6992187500e-01
       239   -7.2755162339e+00    5.3105427312e+01   -1.3520703148e+01    6.2451869140e+00    2.4201547572e+00   -1.5940857905e+01    3.2000000000e+01    1.9685119996e-03    6.4453125000e-01
       240   -7.3809213249e+00    5.4651232114e+01   -1.1374593801e+01    3.9936724763e+00    2.3354243758e+00   -1.3710018177e+01    3.2000000000e+01    2.1024930002e-03    7.0117187500e-01
       241   -7.4045561010e+00    5.4928943669e+01   -1.0008770084e+01    2.6042139828e+00    2.1261994838e+00   -1.2134969568e+01    3.2000000000e+01    1.9890969998e-03    6.6601562500e-01
       242   -7.4625999590e+00    5.5994323834e+01   -2.1910732593e+01    1.4448132634e+01    2.8058598459e+00   -2.4716592439e+01    3.2000000000e+01    2.0059099998e-03    5.8789062500e-01
       243   -7.3626189029e+00    5.4305237794e+01   -1.1649216878e+01    4.2865979747e+00    2.3729140878e+00   -1.4022130965e+01    3.2000000000e+01    2.0514239995e-03    6.4453125000e-01
       244   -7.3748355236e+00    5.4569582184e+01   -1.0719386694e+01    3.3445511702e+00    2.6149799566e+00   -1.3334366650e+01    3.2000000000e+01    1.9832790003e-03    6.5820312500e-01
       245   -7.4931225669e+00    5.6349309237e+01   -1.0190501141e+01    2.6973785743e+00    2.1620087531e+00   -1.2352509894e+01    3.2000000000e+01    1.9827189999e-03    6.9140625000e-01
       246   -7.2954500142e+00    5.3323922710e+01   -9.6895746967e+00    2.3941246825e+00    2.2149556231e+00   -1.1904530320e+01    3.2000000000e+01    1.9877699997e-03    6.8945312500e-01
       247   -7.2551699196e+00    5.2786376425e+01   -1.3262600772e+01    6.0074308523e+00    2.6373734564e+00   -1.5899974228e+01    3.2000000000e+01    1.9439280004e-03    6.1523437500e-01
       248   -7.4508923910e+00    5.5664234050e+01   -1.1574261832e+01    4.1233694415e+00    2.5113868304e+00   -1.4085648663e+01    3.2000000000e+01    2.1542260001e-03    6.7187500000e-01
       249   -7.6320215481e+00    5.8528191004e+01   -1.4684755029e+01    7.0527334811e+00    2.0873615587e+00   -1.6772116588e+01    3.2000000000e+01    2.0889110001e-03    6.8164062500e-01
       250   -7.3418370102e+00    5.4076185699e+01   -1.3441257317e+01    6.0994203066e+00    2.3592891157e+00   -1.5800546432e+01    3.2000000000e+01    2.7915330002e-03    6.3281250000e-01
       251   -7.3471442254e+00    5.4028089205e+01   -1.0405249511e+01    3.0581052855e+00    2.4513846051e+00   -1.2856634116e+01    3.2000000000e+01    2.1174849999e-03    6.7187500000e-01
       252   -7.6916643051e+00    5.9380853709e+01   -1.2306328589e+01    4.6146642835e+00    2.5576312436e+00   -1.4863959832e+01    3.2000000000e+01    2.0350360001e-03    6.5234375000e-01
       253   -7.5676525230e+00    5.7427351037e+01   -2.0291856746e+01    1.2724204223e+01    2.6765349602e+00   -2.2968391706e+01    3.2000000000e+01    1.9249210000e-03    6.1328125000e-01
       254   -7.4783900967e+00    5.6052844167e+01   -2.1213201914e+01    1.3734811817e+01    3.1856994617e+00   -2.4398901376e+01    3.2000000000e+01    1.9437420005e-03    6.0742187500e-01
       255   -7.1938673393e+00    5.1940440982e+01   -1.5752110380e+01    8.5582430406e+00    3.2596572094e+00   -1.9011767589e+01    3.2000000000e+01    1.9272030004e-03    5.9179687500e-01
       256   -7.4012216271e+00    5.4887391076e+01   -1.2293295434e+01    4.8920738071e+00    2.8330173208e+00   -1.5126312755e+01    3.2000000000e+01    2.4670719995e-03    6.4648437500e-01
       257   -7.3903775908e+00    5.4703194577e+01   -1.5950319201e+01    8.5599416104e+00    2.6977973195e+00   -1.8648116521e+01    3.2000000000e+01    2.1188350001e-03    6.0546875000e-01
       258   -7.3415581311e+00    5.4019709825e+01   -1.7465358440e+01    1.0123800309e+01    3.0352124387e+00   -2.0500570879e+01    3.2000000000e+01    2.0632470005e-03    6.1328125000e-01
       259   -7.4061662113e+00    5.4970000212e+01   -1.3831882201e+01    6.4257159899e+00    2.7814252990e+00   -1.6613307500e+01    3.2000000000e+01    1.9796170000e-03    6.3671875000e-01
       260   -7.4084217968e+00    5.4949108588e+01   -1.5535291643e+01    8.1268698465e+00    2.4736722998e+00   -1.8008963943e+01    3.2000000000e+01    1.9935920000e-03    6.6210937500e-01
       261   -7.5879223761e+00    5.7711047500e+01   -3.8754022908e+01    3.1166100532e+01    2.8008778145e+00   -4.1554900723e+01    3.2000000000e+01    1.9220650001e-03    5.8203125000e-01
       262   -7.4546002480e+00    5.5793154153e+01   -1.3739913835e+01    6.2853135867e+00    2.8587480988e+00   -1.6598661934e+01    3.2000000000e+01    1.9658140000e-03    6.3671875000e-01
       263   -7.3730900703e+00    5.4583737919e+01   -1.0877075102e+01    3.5039850314e+00    3.2745918203e+00   -1.4151666922e+01    3.2000000000e+01    1.9719550000e-03    6.5625000000e-01
       264   -7.5305370802e+00    5.6894396810e+01   -1.4635262496e+01    7.1047254161e+00    2.6235181120e+00   -1.7258780608e+01    3.2000000000e+01    1.9915970006e-03    6.6406250000e-01
       265   -7.4506168521e+00    5.5951879052e+01   -1.4542715109e+01    7.0920982569e+00    3.3113803193e+00   -1.7854095428e+01    3.2000000000e+01    2.2795679997e-03    6.5820312500e-01
       266   -7.3515698674e+00    5.4139280423e+01   -1.2202542198e+01    4.8509723308e+00    2.7599862184e+00   -1.4962528417e+01    3.2000000000e+01    2.0106390002e-03    6.3476562500e-01
       267   -7.5977442968e+00    5.8012678872e+01   -1.4879707556e+01    7.2819632593e+00    2.9014470569e+00   -1.7781154613e+01    3.2000000000e+01    1.9903160000e-03    6.4062500000e-01
       268   -7.7255830172e+00    6.0233790175e+01   -1.7885541420e+01    1.0159958403e+01    2.5936684951e+00   -2.0479209915e+01    3.2000000000e+01    1.9529789997e-03    6.1718750000e-01
       269   -7.4555239338e+00    5.5709620323e+01   -9.5990891429e+00    2.1435652091e+00    2.3632078229e+00   -1.1962296966e+01    3.2000000000e+01    2.0088129995e-03    6.9531250000e-01
       270   -7.6560372176e+00    5.9015571580e+01   -1.2322532083e+01    4.6664948653e+00    2.0052732225e+00   -1.4327805305e+01    3.2000000000e+01    1.9839660008e-03    6.8554687500e-01
       271   -7.3781808796e+00    5.4509384307e+01   -1.0640443810e+01    3.2622629303e+00    1.8238039100e+00   -1.2464247720e+01    3.2000000000e+01    1.9640499995e-03    6.8750000000e-01
       272   -7.4022050001e+00    5.4857282201e+01   -1.1569506057e+01    4.1673010564e+00    2.3827350512e+00   -1.3952241108e+01    3.2000000000e+01    2.0622379998e-03    6.0937500000e-01
       273   -7.4412700493e+00    5.5447629467e+01   -1.1146133337e+01    3.7048632879e+00    2.5856106134e+00   -1.3731743951e+01    3.2000000000e+01    2.0375889999e-03    6.3281250000e-01
       274   -7.5030275273e+00    5.6584633936e+01   -1.2986397714e+01    5.4833701864e+00    2.4549054579e+00   -1.5441303172e+01    3.2000000000e+01    1.9680750001e-03    6.1718750000e-01
       275   -7.5157570616e+00    5.6728510622e+01   -1.3037628597e+01    5.5218715358e+00    2.4647508116e+00   -1.5502379409e+01    3.2000000000e+01    2.0329919998e-03    6.5625000000e-01
       276   -7.7133331886e+00    5.9712398264e+01   -1.6125453081e+01    8.4121198920e+00    2.6596416684e+00   -1.8785094749e+01    3.2000000000e+01    1.9386619997e-03    6.1132812500e-01
       277   -7.5358868064e+00    5.7020179453e+01   -1.6876575311e+01    9.3406885043e+00    3.1644336633e+00   -2.0041008974e+01    3.2000000000e+01    1.9390489997e-03    5.9765625000e-01
       278   -7.6840009321e+00    5.9309798778e+01   -2.1664252095e+01    1.3980251163e+01    2.1786337329e+00   -2.3842885828e+01    3.2000000000e+01    1.8870479998e-03    6.3281250000e-01
       279   -7.4124886029e+00    5.5196397595e+01   -3.3103039035e+01    2.5690550432e+01    2.7531071865e+00   -3.5856146221e+01    3.2000000000e+01    1.8725000000e-03    5.9765625000e-01
       280   -7.2415480921e+00    5.2573559994e+01   -1.5653332165e+01    8.4117840726e+00    2.8411224171e+00   -1.8494454582e+01    3.2000000000e+01    1.9563110000e-03    6.2500000000e-01
       281   -7.4180642846e+00    5.5116122485e+01   -1.0625127303e+01    3.2070630183e+00    2.3998321613e+00   -1.3024959464e+01    3.2000000000e+01    1.9819170002e-03    6.6796875000e-01
       282   -7.3576646690e+00    5.4278278370e+01   -1.1845457722e+01    4.4877930534e+00    2.7223434324e+00   -1.4567801155e+01    3.2000000000e+01    1.9771490006e-03    6.5625000000e-01
       283   -7.6159680766e+00    5.8165802212e+01   -1.7613721649e+01    9.9977535722e+00    2.5174337631e+00   -2.0131155412e+01    3.2000000000e+01    1.9574110001e-03    6.1132812500e-01
       284   -7.4483936430e+00    5.5594017775e+01   -1.5021118939e+01    7.5727252957e+00    2.9263170294e+00   -1.7947435968e+01    3.2000000000e+01    1.9952020002e-03    6.1328125000e-01
       285   -7.3095790081e+00    5.3508107532e+01   -9.3893202989e+00    2.0797412909e+00    2.1849370351e+00   -1.1574257334e+01    3.2000000000e+01    2.0238420002e-03    7.0117187500e-01
       286   -7.2801340847e+00    5.3118672656e+01   -1.2993214204e+01    5.7130801194e+00    2.3703347627e+00   -1.5363548967e+01    3.2000000000e+01    1.9336679998e-03    6.3476562500e-01
       287   -7.4943259360e+00    5.6254618859e+01   -1.4149054727e+01    6.6547287911e+00    2.0033989861e+00   -1.6152453713e+01    3.2000000000e+01    1.9316739999e-03    5.9960937500e-01
       288   -8.0100966553e+00    6.4629184264e+01   -1.8149962077e+01    1.0139865422e+01    2.4971859522e+00   -2.0647148029e+01    3.2000000000e+01    1.8940110003e-03    6.1328125000e-01
       289   -7.4558733578e+00    5.5756386518e+01   -1.5267891772e+01    7.8120184146e+00    2.6256390009e+00   -1.7893530773e+01    3.2000000000e+01    2.0633679997e-03    6.0351562500e-01
       290   -7.2124908990e+00    5.2175990594e+01   -1.4319282352e+01    7.1067914528e+00    2.7893149533e+00   -1.7108597305e+01    3.2000000000e+01    1.9885330003e-03    6.2109375000e-01
       291   -7.1380925208e+00    5.1130782315e+01   -1.7565583664e+01    1.0427491143e+01    2.4242017006e+00   -1.9989785365e+01    3.2000000000e+01    1.9995249995e-03    6.4062500000e-01
       292   -7.4665364091e+00    5.5869289529e+01   -2.0365185503e+01    1.2898649094e+01    2.9613927912e+00   -2.3326578294e+01    3.2000000000e+01    1.9766129999e-03    6.1914062500e-01
       293   -8.1419256190e+00    6.7319483033e+01   -1.9836216184e+01    1.1694290565e+01    3.8374693247e+00   -2.3673685509e+01    3.2000000000e+01    1.9199440003e-03    5.7812500000e-01
       294   -7.5988412776e+00    5.7840432899e+01   -1.2800300681e+01    5.2014594030e+00    2.4545082101e+00   -1.5254808891e+01    3.2000000000e+01    1.9584819993e-03    6.2695312500e-01
       295   -7.8322714175e+00    6.1684622460e+01   -1.5278693120e+01    7.4464217022e+00    2.5904101113e+00   -1.7869103231e+01    3.2000000000e+01    1.9737120001e-03    6.6015625000e-01
       296   -7.7306044296e+00    6.0250073393e+01   -3.1026371604e+01    2.3295767174e+01    3.3978617769e+00   -3.4424233381e+01    3.2000000000e+01    1.9383260005e-03    6.2500000000e-01
       297   -7.0113060957e+00    4.9284371376e+01   -1.7885952650e+01    1.0874646555e+01    3.0204381838e+00   -2.0906390834e+01    3.2000000000e+01    1.9411650001e-03    5.9960937500e-01
       298   -7.4497461740e+00    5.5627332691e+01   -1.4586003052e+01    7.1362568782e+00    3.0055631422e+00   -1.7591566194e+01    3.2000000000e+01    1.9624070001e-03    6.3671875000e-01
       299   -7.5010830430e+00    5.6485128840e+01   -1.7380593307e+01    9.8795102643e+00    2.7646903156e+00   -2.0145283623e+01    3.2000000000e+01    1.9909899993e-03    6.2695312500e-01
       300   -7.3822592038e+00    5.4684951299e+01   -1.8609222598e+01    1.1226963394e+01    3.3168093870e+00   -2.1926031985e+01    3.2000000000e+01    1.9690620002e-03    6.3476562500e-01
       301   -7.3927091879e+00    5.4768991588e+01   -1.3798900556e+01    6.4061913679e+00    2.9488169442e+00   -1.6747717500e+01    3.2000000000e+01    1.9315300005e-03    6.0937500000e-01
       302   -7.3807058483e+00    5.4586882891e+01   -1.3002801930e+01    5.6220960822e+00    2.5999871452e+00   -1.5602789076e+01    3.2000000000e+01    1.9734950001e-03    6.4843750000e-01
       303   -7.3277019929e+00    5.3806369982e+01   -1.4186949000e+01    6.8592470074e+00    3.3875437799e+00   -1.7574492780e+01    3.2000000000e+01    1.9590459997e-03    6.2695312500e-01
       304   -7.5153448539e+00    5.6647007178e+01   -1.3345078899e+01    5.8297340449e+00    2.4247848436e+00   -1.5769863742e+01    3.2000000000e+01    1.9693830000e-03    6.5625000000e-01
       305   -7.2943552136e+00    5.3500569360e+01   -1.1907290200e+01    4.6129349860e+00    2.5315043547e+00   -1.4438794554e+01    3.2000000000e+01    1.9950889991e-03    6.3671875000e-01
       306   -7.3887616712e+00    5.4736451299e+01   -9.9394270925e+00    2.5506654213e+00    3.0999115413e+00   -1.3039338634e+01    3.2000000000e+01    2.1960410004e-03    6.9335937500e-01
       307   -8.0743674259e+00    6.5704079919e+01   -1.6560926016e+01    8.4865585905e+00    2.5443853154e+00   -1.9105311332e+01    3.2000000000e+01    2.1477490000e-03    6.6210937500e-01
       308   -7.3453019667e+00    5.4061502125e+01   -1.4324384015e+01    6.9790820486e+00    2.9091958238e+00   -1.7233579839e+01    3.2000000000e+01    2.0088379997e-03    6.2890625000e-01
       309   -7.7154706455e+00    5.9973885299e+01   -3.4873107990e+01    2.7157637344e+01    3.9517058879e+00   -3.8824813878e+01    3.2000000000e+01    1.9252749998e-03    5.9765625000e-01
       310   -7.8068219879e+00    6.1587624101e+01   -1.4177816663e+01    6.3709946747e+00    2.4123710337e+00   -1.6590187696e+01    3.2000000000e+01    1.9888910001e-03    6.5429687500e-01
       311   -7.4506674515e+00    5.5624413058e+01   -1.0007758449e+01    2.5570909972e+00    2.0647671943e+00   -1.2072525643e+01    3.2000000000e+01    1.9599410007e-03    6.5429687500e-01
       312   -7.4438525497e+00    5.5495420489e+01   -1.0991942635e+01    3.5480900851e+00    2.5930946666e+00   -1.3585037301e+01    3.2000000000e+01    1.9863109992e-03    6.5234375000e-01
       313   -7.3889260016e+00    5.4837144350e+01   -1.1054398347e+01    3.6654723458e+00    2.4697302355e+00   -1.3524128583e+01    3.2000000000e+01    1.9974620000e-03    6.7382812500e-01
       314   -7.4566787201e+00    5.5991767779e+01   -1.2427112484e+01    4.9704337640e+00    2.3390394707e+00   -1.4766151955e+01    3.2000000000e+01    1.9775870005e-03    6.5625000000e-01
       315   -7.6179020158e+00    5.8324193239e+01   -1.5645013284e+01    8.0271112679e+00    2.8784223704e+00   -1.8523435654e+01    3.2000000000e+01    2.0133799999e-03    6.5625000000e-01
       316   -7.3397137845e+00    5.4025502400e+01   -1.2686209758e+01    5.3464959734e+00    2.5651887901e+00   -1.5251398548e+01    3.2000000000e+01    1.9950050000e-03    6.7578125000e-01
       317   -7.2836494360e+00    5.3198014360e+01   -1.2101319033e+01    4.8176695971e+00    3.0474457748e+00   -1.5148764808e+01    3.2000000000e+01    1.9760380001e-03    6.5820312500e-01
       318   -7.4893538644e+00    5.6347422246e+01   -1.0673312951e+01    3.1839590865e+00    2.3757892441e+00   -1.3049102195e+01    3.2000000000e+01    2.0283790000e-03    7.0117187500e-01
       319   -7.6844332645e+00    5.9336515098e+01   -1.5741509542e+01    8.0570762776e+00    2.4037711062e+00   -1.8145280648e+01    3.2000000000e+01    1.9755910007e-03    6.3281250000e-01
       320   -7.6034797518e+00    5.8032408774e+01   -2.2388764280e+01    1.4785284528e+01    2.3834535471e+00   -2.4772217827e+01    3.2000000000e+01    1.9801939998e-03    6.5039062500e-01
       321   -7.6002567334e+00    5.8055574771e+01   -2.7260877425e+01    1.9660620692e+01    2.8267624960e+00   -3.0087639921e+01    3.2000000000e+01    1.9570690001e-03    6.3476562500e-01
       322   -7.2843598260e+00    5.3146343295e+01   -1.2946342948e+01    5.6619831220e+00    2.2143028312e+00   -1.5160645779e+01    3.2000000000e+01    2.3022550004e-03    6.4648437500e-01
       323   -7.4054092145e+00    5.4900152090e+01   -1.1104216397e+01    3.6988071826e+00    1.9853935326e+00   -1.3089609930e+01    3.2000000000e+01    2.0024169999e-03    6.6406250000e-01
       324   -7.6386675884e+00    5.8633182433e+01   -1.3838283820e+01    6.1996162313e+00    2.3620969299e+00   -1.6200380750e+01    3.2000000000e+01    2.0683839994e-03    6.6015625000e-01
       325   -7.3442974193e+00    5.4074755423e+01   -9.3516198095e+00    2.0073223902e+00    2.6290317827e+00   -1.1980651592e+01    3.2000000000e+01    2.0445040000e-03    7.0507812500e-01
       326   -7.6155880584e+00    5.8217970292e+01   -1.2423536931e+01    4.8079488724e+00    2.5480924636e+00   -1.4971629394e+01    3.2000000000e+01    2.2122640003e-03    6.5039062500e-01
       327   -7.3765804329e+00    5.4594262571e+01   -1.4230598403e+01    6.8540179703e+00    3.0858755809e+00   -1.7316473984e+01    3.2000000000e+01    1.9367539999e-03    6.0937500000e-01
       328   -7.4400880963e+00    5.5681990104e+01   -1.5923063243e+01    8.4829751467e+00    3.3490130382e+00   -1.9272076281e+01    3.2000000000e+01    1.9640780001e-03    6.3671875000e-01
       329   -7.4921122950e+00    5.6274506843e+01   -1.2319531529e+01    4.8274192337e+00    2.2337057569e+00   -1.4553237286e+01    3.2000000000e+01    2.0008309994e-03    6.9531250000e-01
       330   -7.2885721318e+00    5.3200364031e+01   -1.0725316340e+01    3.4367442083e+00    2.2315866379e+00   -1.2956902978e+01    3.2000000000e+01    1.9715950002e-03    6.5820312500e-01
       331   -7.5927273036e+00    5.7942958314e+01   -1.2099541238e+01    4.5068139340e+00    3.0650662629e+00   -1.5164607501e+01    3.2000000000e+01    2.0121730004e-03    6.5039062500e-01
       332   -7.6615767172e+00    5.9090655098e+01   -1.6323977676e+01    8.6624009590e+00    3.3142130835e+00   -1.9638190760e+01    3.2000000000e+01    1.9634360006e-03    6.2304687500e-01
       333   -7.3383559481e+00    5.4005103863e+01   -1.0780040156e+01    3.4416842076e+00    2.3903038924e+00   -1.3170344048e+01    3.2000000000e+01    1.9916850006e-03    6.5820312500e-01
       334   -7.3425491185e+00    5.3994372823e+01   -1.0955191223e+01    3.6126421043e+00    2.4087970051e+00   -1.3363988228e+01    3.2000000000e+01    2.2649070006e-03    6.6992187500e-01
       335   -7.5081955838e+00    5.6566506464e+01   -1.3678822273e+01    6.1706266892e+00    3.6103221031e+00   -1.7289144376e+01    3.2000000000e+01    1.9528830007e-03    6.3281250000e-01
       336   -7.5071681890e+00    5.6700965391e+01   -1.8521124700e+01    1.1013956511e+01    2.8775037098e+00   -2.1398628410e+01    3.2000000000e+01    1.9298640000e-03    5.8984375000e-01
       337   -7.8121588032e+00    6.1419343326e+01   -1.4452151042e+01    6.6399922384e+00    2.1633143214e+00   -1.6615465363e+01    3.2000000000e+01    2.0492819995e-03    6.4062500000e-01
       338   -7.4452037966e+00    5.5677690123e+01   -1.3557689186e+01    6.1124853896e+00    2.5793227160e+00   -1.6137011902e+01    3.2000000000e+01    2.2218859995e-03    6.3671875000e-01
       339   -7.5568921451e+00    5.7437577289e+01   -1.1768978818e+01    4.2120866732e+00    2.3897139317e+00   -1.4158692750e+01    3.2000000000e+01    2.0935540006e-03    6.5429687500e-01
       340   -7.5193168294e+00    5.6843568205e+01   -1.1907147952e+01    4.3878311221e+00    2.4789508463e+00   -1.4386098798e+01    3.2000000000e+01    1.9931670004e-03    6.4648437500e-01
       341   -7.2471787680e+00    5.2739679957e+01   -1.0840904949e+01    3.5937261812e+00    2.1633052596e+00   -1.3004210209e+01    3.2000000000e+01    2.0592780002e-03    6.5234375000e-01
       342   -7.5268710137e+00    5.6825973661e+01   -1.2497974940e+01    4.9711039258e+00    2.8011537932e+00   -1.5299128733e+01    3.2000000000e+01    2.7793449999e-03    6.8554687500e-01
       343   -7.5787880539e+00    5.7598751179e+01   -1.5054598463e+01    7.4758104096e+00    2.8257681876e+00   -1.7880366651e+01    3.2000000000e+01    2.0733279998e-03    6.2109375000e-01
       344   -7.5036592170e+00    5.6666070855e+01   -1.6560982377e+01    9.0573231603e+00    2.6479419624e+00   -1.9208924340e+01    3.2000000000e+01    1.9993149999e-03    6.4257812500e-01
       345   -7.8445471523e+00    6.1915085086e+01   -1.4910317358e+01    7.0657702059e+00    2.6595341742e+00   -1.7569851532e+01    3.2000000000e+01    1.9871189998e-03    6.5234375000e-01
       346   -7.2975647107e+00    5.3365053779e+01   -1.1465908124e+01    4.1683434131e+00    2.6817660123e+00   -1.4147674136e+01    3.2000000000e+01    2.0071030003e-03    6.9726562500e-01
       347   -7.5175637615e+00    5.6662811762e+01   -1.0512295409e+01    2.9947316470e+00    2.2555229141e+00   -1.2767818323e+01    3.2000000000e+01    2.0628220000e-03    6.7578125000e-01
       348   -7.4716207184e+00    5.5974325190e+01   -1.5273262244e+01    7.8016415255e+00    2.8842337766e+00   -1.8157496020e+01    3.2000000000e+01    1.9515479999e-03    6.2695312500e-01
       349   -7.5616362757e+00    5.7393164890e+01   -1.5557374229e+01    7.9957379530e+00    2.3385986633e+00   -1.7895972892e+01    3.2000000000e+01    2.0759999998e-03    6.7578125000e-01
       350   -7.4551489366e+00    5.5731285840e+01   -1.3638462540e+01    6.1833136038e+00    2.5507677817e+00   -1.6189230322e+01    3.2000000000e+01    2.0112189995e-03    6.8359375000e-01
       351   -7.5320172586e+00    5.6879871068e+01   -1.1290102866e+01    3.7580856075e+00    2.3032367206e+00   -1.3593339587e+01    3.2000000000e+01    2.1232630006e-03    6.7187500000e-01
       352   -7.4070157891e+00    5.4989023407e+01   -1.2068395334e+01    4.6613795446e+00    3.0894272475e+00   -1.5157822581e+01    3.2000000000e+01    1.9594739997e-03    6.2500000000e-01
       353   -7.3910227050e+00    5.5141738228e+01   -1.6108622849e+01    8.7176001436e+00    2.9741004567e+00   -1.9082723305e+01    3.2000000000e+01    1.9457059998e-03    6.1132812500e-01
       354   -7.4717787439e+00    5.6038357446e+01   -1.2276994305e+01    4.8052155611e+00    2.5844383291e+00   -1.4861432634e+01    3.2000000000e+01    2.1457180001e-03    6.4453125000e-01
       355   -7.2583386823e+00    5.2855762742e+01   -1.2797811525e+01    5.5394728424e+00    2.6030704004e+00   -1.5400881925e+01    3.2000000000e+01    2.3036509992e-03    6.6210937500e-01
       356   -7.4296898218e+00    5.5329125100e+01   -1.1545218407e+01    4.1155285852e+00    2.2626128198e+00   -1.3807831227e+01    3.2000000000e+01    2.4724129999e-03    6.5234375000e-01
       357   -7.3629537753e+00    5.4483898950e+01   -1.2715556754e+01    5.3526029788e+00    2.8431931267e+00   -1.5558749881e+01    3.2000000000e+01    2.1121820000e-03    6.5234375000e-01
       358   -7.2135873731e+00    5.2152130040e+01   -1.0852700277e+01    3.6391129040e+00    2.6616592998e+00   -1.3514359577e+01    3.2000000000e+01    2.0849100001e-03    6.4453125000e-01
       359   -7.6456639630e+00    5.8618475757e+01   -1.2924857526e+01    5.2791935626e+00    2.3992338367e+00   -1.5324091362e+01    3.2000000000e+01    2.0100639995e-03    6.5820312500e-01
       360   -7.4663536125e+00    5.5926028762e+01   -1.3729426685e+01    6.2630730728e+00    2.2705361492e+00   -1.5999962834e+01    3.2000000000e+01    1.9253390001e-03    6.1132812500e-01
       361   -7.4473375174e+00    5.5576603368e+01   -1.1776342593e+01    4.3290050752e+00    2.1681413924e+00   -1.3944483985e+01    3.2000000000e+01    1.9571670000e-03    6.3281250000e-01
       362   -7.6213059900e+00    5.8291448467e+01   -1.2969979283e+01    5.3486732928e+00    2.8636706551e+00   -1.5833649938e+01    3.2000000000e+01    1.9556540001e-03    6.4062500000e-01
       363   -7.6454575510e+00    5.8658032255e+01   -1.4867618199e+01    7.2221606481e+00    2.2795524875e+00   -1.7147170687e+01    3.2000000000e+01    2.0576480001e-03    6.3476562500e-01
       364   -7.4622170707e+00    5.5890221173e+01   -1.6174802914e+01    8.7125858428e+00    3.3717221256e+00   -1.9546525039e+01    3.2000000000e+01    2.0145449998e-03    6.2304687500e-01
       365   -7.8674848417e+00    6.2273579502e+01   -1.6001976377e+02    1.5215227893e+02    2.6159743205e+00   -1.6263573809e+02    3.2000000000e+01    1.9697240004e-03    5.8203125000e-01
       366   -7.5055925930e+00    5.6417445242e+01   -2.7164906077e+01    1.9659313484e+01    2.7426720398e+00   -2.9907578117e+01    3.2000000000e+01    1.9800319997e-03    6.3671875000e-01
       367   -7.3523402449e+00    5.4220511894e+01   -1.4485228828e+01    7.1328885830e+00    2.7420253136e+00   -1.7227254142e+01    3.2000000000e+01    2.2528899999e-03    6.4062500000e-01
       368   -7.3855153440e+00    5.4629579433e+01   -1.2381524542e+01    4.9960091984e+00    2.2862584057e+00   -1.4667782948e+01    3.2000000000e+01    1.9492860001e-03    6.3281250000e-01
       369   -7.3796322884e+00    5.4537163682e+01   -1.1169613811e+01    3.7899815229e+00    2.4126189544e+00   -1.3582232766e+01    3.2000000000e+01    1.9639510001e-03    6.4062500000e-01
       370   -7.4818709706e+00    5.6091038793e+01   -1.1071737432e+01    3.5898664615e+00    2.0093896530e+00   -1.3081127085e+01    3.2000000000e+01    2.1020780005e-03    6.5820312500e-01
       371   -7.4260152397e+00    5.5237815619e+01   -1.0021708346e+01    2.5956931060e+00    2.2779570021e+00   -1.2299665348e+01    3.2000000000e+01    2.0910379999e-03    6.8554687500e-01
       372   -7.2771980500e+00    5.3068650104e+01   -1.1052921336e+01    3.7757232860e+00    2.8913345787e+00   -1.3944255915e+01    3.2000000000e+01    2.1140660001e-03    6.4453125000e-01
       373   -7.4153717714e+00    5.5287619240e+01   -1.7792088118e+01    1.0376716346e+01    2.5455207594e+00   -2.0337608877e+01    3.2000000000e+01    2.0121570005e-03    6.1328125000e-01
       374   -7.4490574639e+00    5.6031865526e+01   -1.6118659080e+01    8.6696016156e+00    2.4092231504e+00   -1.8527882230e+01    3.2000000000e+01    2.0123799995e-03    6.4257812500e-01
       375   -7.4477212101e+00    5.5634246318e+01   -1.8469465485e+01    1.1021744275e+01    2.6625448279e+00   -2.1132010313e+01    3.2000000000e+01    2.0979160008e-03    6.6015625000e-01
       376   -7.5678021577e+00    5.7539860809e+01   -1.8493131481e+01    1.0925329323e+01    3.0230843501e+00   -2.1516215831e+01    3.2000000000e+01    1.9955409998e-03    6.6601562500e-01
       377   -7.5060446120e+00    5.6716495431e+01   -1.5632700462e+01    8.1266558504e+00    2.6498561605e+00   -1.8282556623e+01    3.2000000000e+01    2.8657319999e-03    5.9960937500e-01
       378   -7.4806576508e+00    5.6412783112e+01   -1.5723653542e+01    8.2429958915e+00    2.6478778275e+00   -1.8371531370e+01    3.2000000000e+01    3.2859999992e-03    6.6210937500e-01
       379   -7.2368326349e+00    5.2491277869e+01   -1.2987275224e+01    5.7504425894e+00    2.6577779013e+00   -1.5645053126e+01    3.2000000000e+01    2.8503579997e-03    6.6992187500e-01
       380   -7.2491829764e+00    5.2652019805e+01   -1.1223061614e+01    3.9738786373e+00    2.3188043777e+00   -1.3541865991e+01    3.2000000000e+01    2.4138090002e-03    6.5234375000e-01
       381   -7.4276092123e+00    5.5279776529e+01   -1.1646454354e+01    4.2188451420e+00    2.6324687873e+00   -1.4278923142e+01    3.2000000000e+01    2.0944610005e-03    6.6796875000e-01
       382   -7.5025887705e+00    5.6343645786e+01   -9.7099475311e+00    2.2073587606e+00    2.6023970621e+00   -1.2312344593e+01    3.2000000000e+01    2.0325120004e-03    6.9531250000e-01
       383   -7.3841621696e+00    5.4689943720e+01   -1.2988968226e+01    5.6048060569e+00    2.5305453954e+00   -1.5519513622e+01    3.2000000000e+01    2.0246489994e-03    6.3281250000e-01
       384   -7.1839024984e+00    5.1763153585e+01   -1.5089191765e+01    7.9052892662e+00    2.9478896583e+00   -1.8037081423e+01    3.2000000000e+01    2.0184380001e-03    6.0742187500e-01
       385   -7.6060772363e+00    5.8365246702e+01   -1.7513313673e+01    9.9072364363e+00    3.4713821007e+00   -2.0984695773e+01    3.2000000000e+01    2.0837020002e-03    5.9179687500e-01
       386   -7.5648188168e+00    5.7454610546e+01   -1.5441168253e+01    7.8763494367e+00    2.3640993125e+00   -1.7805267566e+01    3.2000000000e+01    3.9764849998e-03    6.4257812500e-01
       387   -7.4649298785e+00    5.5844746622e+01   -1.4395204568e+01    6.9302746890e+00    2.5988451311e+00   -1.6994049699e+01    3.2000000000e+01    3.1677520001e-03    6.6796875000e-01
       388   -7.7092346931e+00    5.9797693843e+01   -1.3188280157e+01    5.4790454644e+00    2.3080338329e+00   -1.5496313990e+01    3.2000000000e+01    2.0710669996e-03    6.8164062500e-01
       389   -7.6169721774e+00    5.8515367793e+01   -1.3863294346e+01    6.2463221687e+00    2.0404962129e+00   -1.5903790559e+01    3.2000000000e+01    1.9523960000e-03    6.7382812500e-01
       390   -7.2818540960e+00    5.3104557427e+01   -1.1007005939e+01    3.7251518433e+00    2.2268071611e+00   -1.3233813100e+01    3.2000000000e+01    1.9662360000e-03    6.6210937500e-01
       391   -7.3958042386e+00    5.4882408574e+01   -1.8608201566e+01    1.1212397328e+01    2.9522933074e+00   -2.1560494874e+01    3.2000000000e+01    1.9274710003e-03    5.9960937500e-01
       392   -7.2704406913e+00    5.3050219706e+01   -2.0412884745e+01    1.3142444054e+01    3.2563948857e+00   -2.3669279631e+01    3.2000000000e+01    3.2906500001e-03    5.9179687500e-01
       393   -7.5781676364e+00    5.7664690953e+01   -2.0576921928e+01    1.2998754291e+01    2.7818097933e+00   -2.3358731721e+01    3.2000000000e+01    3.4481399998e-03    5.9960937500e-01
       394   -7.5820183940e+00    5.7726323478e+01   -1.5818615857e+01    8.2365974629e+00    2.6958640790e+00   -1.8514479936e+01    3.2000000000e+01    2.0392409997e-03    6.0742187500e-01
       395   -7.7673300928e+00    6.0548486489e+01   -1.8135975839e+01    1.0368645746e+01    2.8482753074e+00   -2.0984251147e+01    3.2000000000e+01    1.9528410003e-03    5.9960937500e-01
       396   -7.4382560849e+00    5.5564514232e+01   -1.2238200567e+01    4.7999444825e+00    2.1000892772e+00   -1.4338289845e+01    3.2000000000e+01    1.9443660003e-03    6.3867187500e-01
       397   -7.7650923981e+00    6.0864726736e+01   -2.3268772495e+01    1.5503680096e+01    3.6904319442e+00   -2.6959204439e+01    3.2000000000e+01    1.9280440001e-03    5.8203125000e-01
       398   -7.8285599180e+00    6.1883945186e+01   -2.1607485548e+01    1.3778925630e+01    3.4993782069e+00   -2.5106863755e+01    3.2000000000e+01    2.0674289999e-03    5.9375000000e-01
       399   -7.3631765006e+00    5.4409745319e+01   -1.2750340035e+01    5.3871635347e+00    3.1065539466e+00   -1.5856893982e+01    3.2000000000e+01    3.1432759997e-03    6.4257812500e-01
       400   -7.6487662818e+00    5.8863899545e+01   -1.1271664476e+01    3.6228981939e+00    2.3515594062e+00   -1.3623223882e+01    3.2000000000e+01    4.0836640001e-03    6.6406250000e-01
       401   -7.1690912059e+00    5.1618170232e+01   -1.0841056173e+01    3.6719649666e+00    1.7147413003e+00   -1.2555797473e+01    3.2000000000e+01    2.1739699996e-03    6.7578125000e-01
       402   -7.3049132253e+00    5.3414190372e+01   -1.0602155873e+01    3.2972426480e+00    1.7836343407e+00   -1.2385790214e+01    3.2000000000e+01    1.9505199998e-03    6.8164062500e-01
       403   -7.4396638392e+00    5.5491727144e+01   -9.7894358694e+00    2.3497720302e+00    2.3578267946e+00   -1.2147262664e+01    3.2000000000e+01    1.9748400000e-03    6.5820312500e-01
       404   -7.5766374272e+00    5.7565571260e+01   -1.0958626118e+01    3.3819886909e+00    2.2836465900e+00   -1.3242272708e+01    3.2000000000e+01    2.0107509999e-03    6.9140625000e-01
       405   -7.3846050013e+00    5.4616082170e+01   -1.2129178219e+01    4.7445732178e+00    2.5424996915e+00   -1.4671677911e+01    3.2000000000e+01    1.9647429999e-03    6.3867187500e-01
       406   -7.3600531714e+00    5.4254993756e+01   -1.2388955103e+01    5.0289019314e+00    2.9951566615e+00   -1.5384111764e+01    3.2000000000e+01    3.5681889995e-03    6.1328125000e-01
       407   -7.5390756630e+00    5.6910843040e+01   -1.0958282685e+01    3.4192070217e+00    2.2192999379e+00   -1.3177582623e+01    3.2000000000e+01    3.2442550000e-03    6.4453125000e-01
       408   -7.2247312508e+00    5.2270364502e+01   -1.0255272054e+01    3.0305408035e+00    2.4447312773e+00   -1.2700003332e+01    3.2000000000e+01    2.2603680000e-03    6.4453125000e-01
       409   -7.4244061679e+00    5.5222577951e+01   -9.4781866570e+00    2.0537804891e+00    2.1869953419e+00   -1.1665181999e+01    3.2000000000e+01    2.0085730002e-03    6.8164062500e-01
       410   -7.3409313003e+00    5.4018996311e+01   -1.1674261361e+01    4.3333300604e+00    2.7836843329e+00   -1.4457945694e+01    3.2000000000e+01    2.0066650004e-03    6.6015625000e-01
       411   -7.3351813349e+00    5.3905553575e+01   -1.4745629916e+01    7.4104485807e+00    2.5140544438e+00   -1.7259684359e+01    3.2000000000e+01    2.0325930000e-03    6.4062500000e-01
       412   -8.1374765117e+00    6.6697860669e+01   -2.0690671429e+01    1.2553194917e+01    3.9913474917e+00   -2.4682018921e+01    3.2000000000e+01    2.7200669992e-03    6.2304687500e-01
       413   -7.6111437712e+00    5.8383504859e+01   -1.5068049566e+01    7.4569057943e+00    4.1411501429e+00   -1.9209199708e+01    3.2000000000e+01    4.0372740004e-03    6.2109375000e-01
       414   -7.3670481509e+00    5.4587143062e+01   -1.9403260695e+01    1.2036212544e+01    3.5328882754e+00   -2.2936148970e+01    3.2000000000e+01    2.4110309996e-03    5.9375000000e-01
       415   -7.5899236341e+00    5.7758515574e+01   -1.5419074838e+01    7.8291512036e+00    3.1125105841e+00   -1.8531585422e+01    3.2000000000e+01    2.0232230008e-03    5.9570312500e-01
       416   -7.5260407933e+00    5.6872873379e+01   -1.4572598055e+01    7.0465572621e+00    2.3794789813e+00   -1.6952077037e+01    3.2000000000e+01    1.9731499997e-03    6.6406250000e-01
       417   -7.2156876508e+00    5.2316405198e+01   -1.5935344187e+01    8.7196565367e+00    2.5464466204e+00   -1.8481790808e+01    3.2000000000e+01    1.9508800005e-03    6.2109375000e-01
       418   -7.3848052558e+00    5.4833166829e+01   -1.1657359673e+01    4.2725544176e+00    2.5199691047e+00   -1.4177328778e+01    3.2000000000e+01    1.9696969994e-03    6.5039062500e-01
       419   -7.5104772433e+00    5.6723849752e+01   -1.4369010238e+01    6.8585329947e+00    2.6742048426e+00   -1.7043215081e+01    3.2000000000e+01    3.1265329999e-03    6.4062500000e-01
       420   -7.4777687573e+00    5.6175899708e+01   -1.6746559237e+01    9.2687904794e+00    2.4949627503e+00   -1.9241521987e+01    3.2000000000e+01    3.9944529999e-03    6.3476562500e-01
       421   -7.7780614596e+00    6.0780261235e+01   -3.3166492779e+01    2.5388431320e+01    2.5193746713e+00   -3.5685867451e+01    3.2000000000e+01    2.1134360004e-03    6.3671875000e-01
       422   -7.3088504459e+00    5.3655842467e+01   -1.2998153254e+01    5.6893028077e+00    2.3559699143e+00   -1.5354123168e+01    3.2000000000e+01    1.9818010005e-03    6.2695312500e-01
       423   -7.2938777168e+00    5.3369249241e+01   -1.3867945247e+01    6.5740675298e+00    2.5252327993e+00   -1.6393178046e+01    3.2000000000e+01    1.9808480001e-03    6.4843750000e-01
       424   -7.5690701470e+00    5.7615727027e+01   -1.4324182464e+01    6.7551123174e+00    2.1596266120e+00   -1.6483809076e+01    3.2000000000e+01    3.1095819995e-03    6.4062500000e-01
       425   -7.5799609779e+00    5.7683993381e+01   -1.4292694697e+01    6.7127337188e+00    2.5005843979e+00   -1.6793279095e+01    3.2000000000e+01    3.4809979998e-03    6.2695312500e-01
       426   -7.3869217253e+00    5.4666083169e+01   -1.1741089428e+01    4.3541677028e+00    2.0957325729e+00   -1.3836822001e+01    3.2000000000e+01    3.8149840002e-03    6.4843750000e-01
       427   -7.5775395824e+00    5.7605805796e+01   -1.2818525827e+01    5.2409862446e+00    2.3690613744e+00   -1.5187587201e+01    3.2000000000e+01    1.9619690001e-03    6.3867187500e-01
       428   -7.8678400168e+00    6.2493873820e+01   -1.7229723994e+01    9.3618839771e+00    3.2241333454e+00   -2.0453857339e+01    3.2000000000e+01    1.9582479999e-03    6.3671875000e-01
       429   -7.2776627443e+00    5.3058240167e+01   -1.1667916160e+01    4.3902534156e+00    2.6382772055e+00   -1.4306193365e+01    3.2000000000e+01    1.9606289998e-03    6.3671875000e-01
       430   -7.5481306303e+00    5.7085085008e+01   -1.4614541091e+01    7.0664104607e+00    2.3614599262e+00   -1.6976001017e+01    3.2000000000e+01    1.9545149999e-03    6.2109375000e-01
       431   -7.4358586680e+00    5.5382241989e+01   -1.0885409597e+01    3.4495509295e+00    2.5655528042e+00   -1.3450962402e+01    3.2000000000e+01    2.0868389993e-03    6.6796875000e-01
       432   -7.5409285211e+00    5.7017844601e+01   -1.5544548865e+01    8.0036203437e+00    2.4332441791e+00   -1.7977793044e+01    3.2000000000e+01    4.0913809999e-03    6.8750000000e-01
       433   -7.6377034319e+00    5.8737978669e+01   -1.1830204142e+01    4.1925007096e+00    2.6819835991e+00   -1.4512187741e+01    3.2000000000e+01    2.7780160008e-03    7.0507812500e-01
       434   -7.5081079193e+00    5.6462078617e+01   -1.2258800503e+01    4.7506925834e+00    2.7001102243e+00   -1.4958910727e+01    3.2000000000e+01    1.9110310004e-03    6.2500000000e-01
       435   -7.3629099059e+00    5.4403122978e+01   -1.2514177301e+01    5.1512673949e+00    1.8085216343e+00   -1.4322698935e+01    3.2000000000e+01    1.9424400007e-03    6.4257812500e-01
       436   -7.4183641801e+00    5.5234347947e+01   -1.3452454766e+01    6.0340905863e+00    2.7200255956e+00   -1.6172480362e+01    3.2000000000e+01    1.9732219998e-03    6.5625000000e-01
       437   -7.4613061716e+00    5.5828008132e+01   -1.1351051240e+01    3.8897450680e+00    2.7591456968e+00   -1.4110196936e+01    3.2000000000e+01    2.1289329998e-03    6.5429687500e-01
       438   -7.2458154374e+00    5.2626284287e+01   -1.3691444327e+01    6.4456288893e+00    2.8885723326e+00   -1.6580016659e+01    3.2000000000e+01    2.0358410002e-03    6.2500000000e-01
       439   -7.4279859723e+00    5.5367883019e+01   -2.0458088099e+01    1.3030102126e+01    2.7417484408e+00   -2.3199836539e+01    3.2000000000e+01    2.0230640002e-03    6.2890625000e-01
       440   -7.1897182515e+00    5.1797462254e+01   -1.2068608204e+01    4.8788899521e+00    2.6874351770e+00   -1.4756043381e+01    3.2000000000e+01    2.3020810004e-03    6.3281250000e-01
       441   -7.3558199393e+00    5.4229068701e+01   -1.2959594025e+01    5.6037740861e+00    2.0636280819e+00   -1.5023222107e+01    3.2000000000e+01    1.9932710002e-03    6.6796875000e-01
       442   -7.2974938923e+00    5.3365892309e+01   -1.4062540850e+01    6.7650469575e+00    2.9092264099e+00   -1.6971767260e+01    3.2000000000e+01    1.9329090001e-03    6.0742187500e-01
       443   -7.5274035366e+00    5.6822640113e+01   -1.5325923294e+01    7.7985197574e+00    2.7579984965e+00   -1.8083921791e+01    3.2000000000e+01    1.9701309993e-03    6.5429687500e-01
       444   -7.2204189974e+00    5.2273724792e+01   -1.4379482215e+01    7.1590632179e+00    2.1646773177e+00   -1.6544159533e+01    3.2000000000e+01    1.9051380004e-03    6.2695312500e-01
       445   -7.2378627106e+00    5.2456967268e+01   -1.2741673154e+01    5.5038104436e+00    2.7841924403e+00   -1.5525865595e+01    3.2000000000e+01    1.9505660002e-03    6.3476562500e-01
       446   -7.4678141271e+00    5.5869297959e+01   -9.7627739921e+00    2.2949598650e+00    2.2601243442e+00   -1.2022898336e+01    3.2000000000e+01    2.0426239998e-03    7.1093750000e-01
       447   -7.4131470737e+00    5.5067054234e+01   -1.0757581432e+01    3.3444343581e+00    2.0338315589e+00   -1.2791412991e+01    3.2000000000e+01    1.9551949999e-03    6.6992187500e-01
       448   -7.3326229027e+00    5.3852323260e+01   -9.1988411519e+00    1.8662182493e+00    2.3759406573e+00   -1.1574781809e+01    3.2000000000e+01    2.0110200003e-03    6.8359375000e-01
       449   -7.3104784930e+00    5.3576011210e+01   -1.2100520315e+01    4.7900418224e+00    2.7664477726e+00   -1.4866968088e+01    3.2000000000e+01    2.0029150000e-03    6.1132812500e-01
       450   -7.8671636330e+00    6.2239240382e+01   -1.3803164066e+01    5.9360004329e+00    3.1609620031e+00   -1.6964126069e+01    3.2000000000e+01    1.9716880006e-03    6.4062500000e-01
       451   -7.6535554118e+00    5.9152617161e+01   -2.0753172069e+01    1.3099616657e+01    4.2300728626e+00   -2.4983244932e+01    3.2000000000e+01    1.9629369999e-03    6.3085937500e-01
       452   -7.4935773079e+00    5.6244471998e+01   -1.3224595409e+01    5.7310181009e+00    2.4014145814e+00   -1.5626009990e+01    3.2000000000e+01    2.0066299994e-03    6.9140625000e-01
       453   -7.5597967985e+00    5.7244892744e+01   -2.2476002178e+01    1.4916205380e+01    3.6294788055e+00   -2.6105480984e+01    3.2000000000e+01    2.1126809997e-03    5.8007812500e-01
       454   -7.8080435091e+00    6.1572625016e+01   -1.7622378254e+01    9.8143347445e+00    3.1481417939e+00   -2.0770520048e+01    3.2000000000e+01    2.0421040008e-03    5.9179687500e-01
       455   -7.6761675627e+00    5.9296149768e+01   -1.4502032177e+01    6.8258646145e+00    2.5541328299e+00   -1.7056165007e+01    3.2000000000e+01    2.0151489998e-03    6.2695312500e-01
       456   -7.8275107725e+00    6.1870453011e+01   -1.7306966416e+01    9.4794556438e+00    3.0617419940e+00   -2.0368708410e+01    3.2000000000e+01    2.0087430003e-03    6.5429687500e-01
       457   -7.7761088344e+00    6.0812206985e+01   -2.0117015435e+01    1.2340906600e+01    2.8705990535e+00   -2.2987614488e+01    3.2000000000e+01    1.9301789998e-03    5.9570312500e-01
       458   -7.7407781183e+00    6.0242181483e+01   -1.3855693532e+01    6.1149154132e+00    2.3723688752e+00   -1.6228062407e+01    3.2000000000e+01    1.9730950007e-03    6.4062500000e-01
       459   -7.3211750537e+00    5.3654871421e+01   -1.0745928404e+01    3.4247533501e+00    2.4735595818e+00   -1.3219487986e+01    3.2000000000e+01    1.9630440001e-03    6.4453125000e-01
       460   -7.3391284055e+00    5.4026604947e+01   -1.3734864450e+01    6.3957360443e+00    2.8906926649e+00   -1.6625557115e+01    3.2000000000e+01    1.9530910004e-03    6.0937500000e-01
       461   -7.1295566384e+00    5.0923879049e+01   -1.3164381388e+01    6.0348247493e+00    2.4882968641e+00   -1.5652678252e+01    3.2000000000e+01    1.9604310000e-03    6.4648437500e-01
       462   -7.5833627860e+00    5.7653181764e+01   -1.7915892291e+01    1.0332529505e+01    2.6029275143e+00   -2.0518819806e+01    3.2000000000e+01    1.9490349996e-03    6.3476562500e-01
       463   -7.6484954063e+00    5.8855428690e+01   -1.2617932516e+01    4.9694371094e+00    2.0878059292e+00   -1.4705738445e+01    3.2000000000e+01    1.9961520002e-03    6.7187500000e-01
       464   -7.3292101842e+00    5.3896154340e+01   -1.3308500860e+01    5.9792906761e+00    3.2592402354e+00   -1.6567741096e+01    3.2000000000e+01    1.9807670005e-03    6.6015625000e-01
       465   -7.6034696599e+00    5.7953390455e+01   -2.9427744870e+01    2.1824275210e+01    3.1796392443e+00   -3.2607384114e+01    3.2000000000e+01    1.9361970008e-03    5.9375000000e-01
       466   -7.5561578577e+00    5.7287382402e+01   -2.2339684928e+01    1.4783527070e+01    2.9206768410e+00   -2.5260361769e+01    3.2000000000e+01    1.9608389994e-03    6.2695312500e-01
       467   -7.2224954598e+00    5.2418049110e+01   -3.0185542412e+01    2.2963046952e+01    2.9831982368e+00   -3.3168740649e+01    3.2000000000e+01    2.1348110004e-03    5.7617187500e-01
       468   -7.5367676757e+00    5.7088888989e+01   -1.8127121872e+01    1.0590354196e+01    2.5268788991e+00   -2.0654000771e+01    3.2000000000e+01    1.9750349993e-03    6.3281250000e-01
       469   -7.5229481912e+00    5.6931372834e+01   -1.2048045018e+01    4.5250968266e+00    2.6438212667e+00   -1.4691866285e+01    3.2000000000e+01    2.1150879993e-03    6.7382812500e-01
       470   -7.3427333102e+00    5.4069536091e+01   -1.5160864248e+01    7.8181309376e+00    2.6258631717e+00   -1.7786727419e+01    3.2000000000e+01    2.0740889995e-03    6.7382812500e-01
       471   -7.4164466917e+00    5.5254441287e+01   -1.3668088624e+01    6.2516419323e+00    2.5730697186e+00   -1.6241158343e+01    3.2000000000e+01    2.6047010006e-03    6.4257812500e-01
       472   -7.2383509047e+00    5.2571524321e+01   -1.5493730336e+01    8.2553794317e+00    2.8169195877e+00   -1.8310649924e+01    3.2000000000e+01    4.0257230003e-03    6.5820312500e-01
       473   -7.4044355642e+00    5.4898233850e+01   -9.2775497661e+00    1.8731142020e+00    2.1458589685e+00   -1.1423408735e+01    3.2000000000e+01    2.7181690002e-03    6.8554687500e-01
       474   -7.6482794407e+00    5.8887096825e+01   -1.6356403819e+01    8.7081243784e+00    4.3397393081e+00   -2.0696143127e+01    3.2000000000e+01    1.9368029998e-03    5.9960937500e-01
       475   -7.5152331731e+00    5.6694761995e+01   -1.0252570011e+01    2.7373368381e+00    2.2067829555e+00   -1.2459352967e+01    3.2000000000e+01    2.0139579992e-03    7.1289062500e-01
       476   -7.6712805293e+00    5.9229683661e+01   -1.4769844098e+01    7.0985635691e+00    2.4224619554e+00   -1.7192306054e+01    3.2000000000e+01    1.9617879998e-03    6.5625000000e-01
       477   -7.3364941420e+00    5.4114304404e+01   -1.6507484374e+01    9.1709902324e+00    3.7792509660e+00   -2.0286735340e+01    3.2000000000e+01    1.9108880006e-03    5.8789062500e-01
       478   -7.4957722659e+00    5.6278077876e+01   -1.0635607129e+01    3.1398348635e+00    2.4956130246e+00   -1.3131220154e+01    3.2000000000e+01    2.1618009996e-03    6.5234375000e-01
       479   -7.9790618528e+00    6.4310829944e+01   -1.5229530072e+01    7.2504682197e+00    2.3416747362e+00   -1.7571204809e+01    3.2000000000e+01    1.9629899998e-03    6.3671875000e-01
       480   -7.5010725341e+00    5.6511227705e+01   -2.4030115084e+01    1.6529042550e+01    3.3359766486e+00   -2.7366091732e+01    3.2000000000e+01    1.9427039997e-03    6.1328125000e-01
       481   -7.2276627179e+00    5.2388082690e+01   -1.5024595225e+01    7.7969325074e+00    3.0790880832e+00   -1.8103683308e+01    3.2000000000e+01    1.9509090007e-03    6.1132812500e-01
       482   -7.3554054419e+00    5.4160966857e+01   -1.0864652201e+01    3.5092467592e+00    2.8949474904e+00   -1.3759599691e+01    3.2000000000e+01    1.9717690002e-03    6.5234375000e-01
       483   -7.6828578957e+00    5.9434443917e+01   -1.6906036752e+01    9.2231788566e+00    3.3502211019e+00   -2.0256257854e+01    3.2000000000e+01    1.9682310003e-03    6.4062500000e-01
       484   -7.5475769461e+00    5.7113132647e+01   -1.2349823279e+01    4.8022463326e+00    2.4637620458e+00   -1.4813585325e+01    3.2000000000e+01    1.9566009996e-03    6.2695312500e-01
       485   -7.6081962131e+00    5.8159558223e+01   -1.3899688624e+01    6.2914924111e+00    3.2512926116e+00   -1.7150981236e+01    3.2000000000e+01    2.4434430006e-03    6.6406250000e-01
       486   -7.3199871521e+00    5.3646262126e+01   -1.0672713795e+01    3.3527266430e+00    3.1220328225e+00   -1.3794746618e+01    3.2000000000e+01    2.0948639994e-03    6.5625000000e-01
       487   -7.6672998035e+00    5.9034622461e+01   -1.9452927839e+01    1.1785628036e+01    2.6637088100e+00   -2.2116636649e+01    3.2000000000e+01    2.2260529995e-03    5.9960937500e-01
       488   -7.6699483162e+00    5.9121040975e+01   -1.2886819963e+01    5.2168716465e+00    2.3696689938e+00   -1.5256488957e+01    3.2000000000e+01    3.7767640006e-03    6.7968750000e-01
       489   -7.2822670091e+00    5.3203394654e+01   -9.5149380281e+00    2.2326710190e+00    2.1065061849e+00   -1.1621444213e+01    3.2000000000e+01    1.9872999992e-03    6.8750000000e-01
       490   -7.6622306350e+00    5.8850948363e+01   -1.3305273627e+01    5.6430429918e+00    2.6174580171e+00   -1.5922731644e+01    3.2000000000e+01    1.9663849998e-03    6.2695312500e-01
       491   -7.5298247382e+00    5.6860031029e+01   -1.2978115096e+01    5.4482903576e+00    2.2284241877e+00   -1.5206539283e+01    3.2000000000e+01    1.9766300002e-03    6.5234375000e-01
       492   -7.3811817958e+00    5.4541008053e+01   -1.2287658694e+01    4.9064768981e+00    2.2953738304e+00   -1.4583032524e+01    3.2000000000e+01    1.9326620004e-03    6.6210937500e-01
       493   -7.2383599288e+00    5.2488726322e+01   -1.0680058434e+01    3.4416985057e+00    2.2823723868e+00   -1.2962430821e+01    3.2000000000e+01    3.4193620004e-03    6.1328125000e-01
       494   -7.5186466686e+00    5.6688327267e+01   -1.1429055307e+01    3.9104086387e+00    2.1022328792e+00   -1.3531288186e+01    3.2000000000e+01    3.8865600000e-03    6.9335937500e-01
       495   -7.6162477428e+00    5.8161402408e+01   -2.0813815320e+01    1.3197567578e+01    2.4034747002e+00   -2.3217290021e+01    3.2000000000e+01    1.9767750000e-03    6.3281250000e-01
       496   -7.4944602907e+00    5.6370434895e+01   -1.3770864870e+01    6.2764045794e+00    2.4756797222e+00   -1.6246544592e+01    3.2000000000e+01    2.1151139999e-03    6.4648437500e-01
       497   -7.4354295770e+00    5.5500072428e+01   -1.3069866896e+01    5.6344373187e+00    2.7022582953e+00   -1.5772125191e+01    3.2000000000e+01    1.9704320002e-03    6.5234375000e-01
       498   -7.3546544424e+00    5.4234768648e+01   -1.3359293330e+01    6.0046388872e+00    2.6980533497e+00   -1.6057346679e+01    3.2000000000e+01    2.1150439998e-03    6.3476562500e-01
       499   -7.3129576793e+00    5.3603079936e+01   -1.0324717009e+01    3.0117593299e+00    2.3991282483e+00   -1.2723845258e+01    3.2000000000e+01    2.0908179995e-03    6.8750000000e-01
